242.907000 34.116400 -4.611 4.301 0.241 0.265 -0.085002 20000 1.000000
243.571000 34.594300 -6.848 -2.721 0.174 0.216 0.005175 20000 1.000000
241.305000 34.824500 -7.402 -2.505 0.174 0.218 0.036087 20000 1.000000
245.068000 36.319100 -4.816 -4.247 0.192 0.24 0.090198 20000 1.000000
242.103000 34.126000 -11.907 1.978 0.241 0.279 -0.040730 20000 1.000000
242.795000 40.412800 -5.436 -5.292 0.168 0.222 0.017215 20000 1.000000
240.970000 33.480500 -13.807 5.58 0.19 0.223 -0.018527 20000 1.000000
243.116000 34.264300 -6.815 0.322 0.188 0.238 0.048425 20000 1.000000
240.594000 34.920500 -11.529 0.629 0.177 0.217 0.013139 20000 1.000000
243.379000 37.039900 -5.093 -5.222 0.171 0.218 0.040576 20000 1.000000
244.002000 34.000500 -5.308 -3.434 0.17 0.208 0.016085 20000 1.000000
242.935000 33.578200 -11.674 2.988 0.172 0.208 0.006864 20000 1.000000
243.920000 35.287000 -4.756 -4.133 0.27 0.311 -0.030596 20000 1.000000
245.285000 33.610400 -3.814 -4.753 0.171 0.209 0.042334 20000 1.000000
243.947000 34.251400 -4.863 -3.941 0.176 0.215 -0.002073 20000 1.000000
243.015000 33.962700 -5.873 1.081 0.18 0.217 0.051291 20000 1.000000
241.723000 34.184900 -12.116 2.508 0.209 0.251 0.014235 20000 1.000000
242.988000 34.918600 -6.574 -1.835 0.173 0.215 0.026659 20000 1.000000
241.812000 34.292800 -11.953 2.083 0.256 0.265 -0.306665 20000 1.000000
243.128000 36.917600 -5.257 -3.933 0.19 0.232 0.065885 20000 1.000000
242.156000 42.779500 -6.891 -6.706 0.17 0.236 0.026228 20000 1.000000
240.653000 35.157300 -8.473 -0.772 0.172 0.216 0.021978 20000 1.000000
235.437000 42.836100 -3.755 -2.28 0.171 0.234 -0.029870 20000 1.000000
244.010000 33.655100 -6.946 -1.915 0.179 0.217 0.053366 20000 1.000000
239.566000 35.939400 -7.894 1.081 0.243 0.287 -0.075333 20000 1.000000
239.569000 35.888400 -12.012 5.168 0.187 0.225 0.000382 20000 1.000000
241.666000 33.311600 -13.39 4.744 0.168 0.206 0.016217 20000 1.000000
241.517000 33.445800 -14 4.35 0.212 0.261 -0.019952 20000 1.000000
241.370000 34.138600 -12.675 4.017 0.194 0.233 0.091124 20000 1.000000
242.329000 35.565300 -6.593 -2.134 0.176 0.219 0.012725 20000 1.000000
241.789000 33.876300 -10.475 4.391 0.185 0.227 0.087580 20000 1.000000
240.987000 34.806400 -10.851 0.231 0.274 0.353 -0.113418 20000 1.000000
243.664000 34.829500 -5.662 -4.549 0.185 0.219 0.013066 20000 1.000000
242.035000 34.244000 -14.177 -1.001 0.201 0.256 -0.115344 20000 1.000000
237.881000 37.724100 -11.752 2.186 0.191 0.239 -0.023790 20000 1.000000
241.974000 34.333400 -11.406 0.9 0.205 0.248 0.045054 20000 1.000000
243.234000 36.746500 -6.177 -5.714 0.19 0.233 0.084114 20000 1.000000
242.172000 34.640500 -1.151 -4.61 0.205 0.243 -0.080190 20000 1.000000
241.063000 34.109600 -13.826 3.839 0.183 0.237 0.037229 20000 1.000000
242.521000 34.313800 -9.259 0.363 0.199 0.238 0.149867 20000 1.000000
242.291000 34.109900 -12.385 1.613 0.189 0.229 0.011430 20000 1.000000
245.126000 40.558400 -6.039 -5.925 0.184 0.229 0.070893 20000 1.000000
240.120000 34.414900 -14.806 3.804 0.173 0.214 -0.020514 20000 1.000000
242.427000 35.071700 -6.218 -1.303 0.175 0.216 0.050284 20000 1.000000
243.431000 36.807700 -4.85 -4.623 0.23 0.27 0.085755 20000 1.000000
239.249000 35.791600 -13.415 4.804 0.176 0.22 -0.045879 20000 1.000000
242.900000 34.039100 -9.203 -0.597 0.173 0.211 0.069849 20000 1.000000
244.265000 33.069800 -7.847 1.534 0.177 0.214 0.028199 20000 1.000000
240.961000 34.168400 -13.891 4.169 0.169 0.208 0.009926 20000 1.000000
241.743000 33.861500 -13.278 3.527 0.172 0.214 0.035204 20000 1.000000
241.476000 34.253600 -12.708 3.06 0.18 0.225 0.079328 20000 1.000000
240.629000 34.408100 -13.747 3.295 0.192 0.239 -0.023332 20000 1.000000
241.387000 34.516500 -11.667 1.713 0.175 0.213 -0.014403 20000 1.000000
243.630000 34.124100 -5.94 -1.686 0.189 0.229 -0.008716 20000 1.000000
242.098000 34.082000 -13.484 1.499 0.193 0.234 -0.034583 20000 1.000000
241.603000 34.334800 3.029 0.206 0.357 0.357 -0.185910 20000 1.000000
241.603000 34.334000 -18.035 -1.194 0.314 0.295 -0.072272 20000 1.000000
244.212000 33.389800 -6.904 -2.021 0.194 0.233 0.045345 20000 1.000000
242.140000 34.413400 -9.909 0.604 0.18 0.232 0.041096 20000 1.000000
241.874000 33.938000 -13.145 3.629 0.29 0.36 -0.065585 20000 1.000000
242.588000 33.647700 -11.534 3.119 0.168 0.207 0.018423 20000 1.000000
241.170000 34.946200 -8.145 -0.707 0.178 0.221 -0.000420 20000 1.000000
245.061000 39.345200 -5.587 -6.293 0.175 0.228 0.033966 20000 1.000000
244.183000 40.914700 -5.215 -5.96 0.168 0.224 0.035386 20000 1.000000
242.474000 34.104200 -10.627 3.501 0.185 0.231 0.007736 20000 1.000000
239.991000 34.733000 -14.991 3.788 0.172 0.21 0.035903 20000 1.000000
241.116000 34.356300 -13.253 3.259 0.169 0.208 0.009867 20000 1.000000
246.195000 39.369400 -5.279 -5.634 0.174 0.224 0.034687 20000 1.000000
241.641000 34.080600 -13.005 2.136 0.208 0.252 -0.035240 20000 1.000000
241.107000 34.800200 -9.487 1.237 0.18 0.219 0.074983 20000 1.000000
240.644000 40.416500 -6.528 -4.829 0.183 0.242 -0.018026 20000 1.000000
240.136000 35.189400 -12.437 0.945 0.176 0.224 0.026371 20000 1.000000
244.479000 33.274800 -5.785 -3.562 0.179 0.214 0.023521 20000 1.000000
245.173000 33.051100 -3.638 -2.585 0.249 0.273 -0.087946 20000 1.000000
244.340000 34.784000 -4.831 -3.868 0.193 0.243 0.004282 20000 1.000000
245.810000 34.308600 -5.013 -5.507 0.187 0.224 0.039741 20000 1.000000
243.111000 35.425200 -5.838 -5.526 0.176 0.221 0.040956 20000 1.000000
245.820000 40.640200 -5.059 -6.376 0.172 0.227 0.042412 20000 1.000000
239.584000 36.399000 -6.357 -1.912 0.199 0.238 -0.036637 20000 1.000000
241.887000 34.047400 -11.856 2.365 0.174 0.215 0.055347 20000 1.000000
239.318000 34.469400 -10.7 15.143 0.167 0.205 0.043504 20000 1.000000
241.714000 33.783600 -12.825 4.548 0.182 0.221 0.022575 20000 1.000000
243.570000 34.754800 -5.831 -3.801 0.171 0.212 0.029526 20000 1.000000
238.530000 40.815900 -5.434 -3.175 0.167 0.224 0.000641 20000 1.000000
244.365000 33.705000 -5.126 -4.201 0.186 0.232 0.003039 20000 1.000000
239.520000 35.866700 -12.163 4.492 0.186 0.231 0.020056 20000 1.000000
242.155000 34.458200 -9.467 1.189 0.196 0.241 0.027948 20000 1.000000
239.598000 35.880800 -8.68 -0.168 0.178 0.222 0.082434 20000 1.000000
240.812000 34.441200 -13.624 1.834 0.177 0.22 0.015076 20000 1.000000
244.089000 34.727300 -4.39 -5.257 0.173 0.216 0.034137 20000 1.000000
244.855000 34.157600 -4.004 -3.757 0.174 0.215 0.057987 20000 1.000000
241.526000 35.662300 -8.193 -0.899 0.185 0.233 -0.043237 20000 1.000000
243.901000 36.458800 -4.286 -4.947 0.194 0.243 0.129661 20000 1.000000
240.992000 34.398500 -13.051 2.793 0.177 0.219 0.007418 20000 1.000000
243.827000 33.925400 -5.834 -1.801 0.185 0.224 0.057527 20000 1.000000
241.694000 33.927900 -11.429 3.877 0.186 0.225 0.023291 20000 1.000000
243.692000 36.745900 -5.175 -4.769 0.195 0.238 0.053097 20000 1.000000
242.165000 34.485500 -9.365 0.224 0.175 0.216 0.030545 20000 1.000000
243.060000 35.090200 -8.16 -4.013 0.172 0.212 0.017565 20000 1.000000
242.246000 34.133300 -11.438 1.236 0.172 0.211 0.040980 20000 1.000000
239.406000 35.828700 -12.804 3.964 0.17 0.214 0.014089 20000 1.000000
240.896000 34.733600 -11.742 1.962 0.178 0.226 0.011938 20000 1.000000
239.557000 35.832600 -12.128 4.019 0.168 0.211 0.005355 20000 1.000000
242.563000 33.856800 -11.059 2.681 0.171 0.208 0.008282 20000 1.000000
238.778000 42.418300 -5.769 -2.994 0.219 0.305 -0.008481 20000 1.000000
239.241000 36.186900 -8.848 -5.514 0.173 0.216 0.056208 20000 1.000000
239.233000 36.180500 -14.302 3.238 0.205 0.267 0.017687 20000 1.000000
244.021000 36.632500 -5.077 -4.707 0.182 0.231 0.093616 20000 1.000000
239.649000 34.038300 -13.495 6.379 0.172 0.213 -0.034115 20000 1.000000
243.904000 40.148400 -6.058 -4.959 0.175 0.231 -0.035889 20000 1.000000
242.682000 33.918400 -11.324 2.294 0.175 0.212 0.016764 20000 1.000000
239.566000 35.969500 -6.6 0.333 0.198 0.237 -0.047122 20000 1.000000
244.588000 40.710700 -6.106 -5.272 0.175 0.24 0.029126 20000 1.000000
241.122000 34.295500 -13.543 4.402 0.187 0.223 -0.047631 20000 1.000000
242.790000 34.230800 -7.954 0.938 0.203 0.237 0.147944 20000 1.000000
243.852000 34.508600 -4.35 -4.502 0.183 0.222 0.008479 20000 1.000000
245.381000 34.767700 -4.593 -5.539 0.179 0.22 0.021626 20000 1.000000
242.491000 39.685600 -5.555 -5.463 0.173 0.226 0.008633 20000 1.000000
240.859000 34.498700 -13.281 2.44 0.168 0.208 0.002601 20000 1.000000
243.932000 34.141000 -4.923 -3.586 0.173 0.213 0.042674 20000 1.000000
244.082000 34.369900 -4.272 -3.956 0.177 0.218 0.005407 20000 1.000000
243.695000 34.427700 -5.883 -2.808 0.176 0.218 -0.023430 20000 1.000000
243.708000 34.533000 -5.662 -3.766 0.177 0.215 0.017496 20000 1.000000
243.185000 34.674900 -7.004 -2.203 0.169 0.21 0.018705 20000 1.000000
241.793000 34.128800 -12.312 2.136 0.173 0.214 0.028493 20000 1.000000
240.647000 34.683400 -12.974 2.051 0.192 0.231 -0.016258 20000 1.000000
242.814000 39.521100 -5.48 -5.558 0.171 0.223 0.019013 20000 1.000000
245.995000 32.722500 -4.598 -4.332 0.176 0.212 0.058478 20000 1.000000
244.721000 39.910200 -5.672 -5.987 0.19 0.233 0.033540 20000 1.000000
245.543000 36.154200 -4.186 -5.014 0.174 0.216 0.029020 20000 1.000000
245.180000 41.724200 -5.629 -6.085 0.17 0.228 0.014360 20000 1.000000
242.670000 41.428700 -5.383 -5.026 0.169 0.228 0.033334 20000 1.000000
242.935000 42.981700 -6.155 -6.09 0.186 0.256 0.022186 20000 1.000000
235.925000 40.876300 -6.142 -0.061 0.22 0.269 0.022510 20000 1.000000
236.274000 38.928300 -14.334 4.327 0.166 0.216 -0.015214 20000 1.000000
237.585000 40.997600 -7.651 -3.075 0.196 0.268 -0.102349 20000 1.000000
235.986000 42.967400 -5.142 -3.63 0.172 0.24 0.011943 20000 1.000000
243.830000 32.616500 -12.623 3.601 0.173 0.208 0.005441 20000 1.000000
238.997000 35.551800 -13.619 6.321 0.169 0.212 0.011479 20000 1.000000
242.015000 39.305600 -5.039 -5.478 0.173 0.23 -0.007298 20000 1.000000
242.395000 39.287900 -4.278 -5.377 0.172 0.222 0.019223 20000 1.000000
243.576000 39.500500 -5.687 -5.346 0.168 0.226 0.047829 20000 1.000000
243.950000 39.546400 -5.139 -6.021 0.172 0.223 0.050023 20000 1.000000
244.111000 39.374200 -5.303 -5.85 0.169 0.221 0.040284 20000 1.000000
244.487000 39.536100 -5.67 -5.363 0.169 0.224 0.031366 20000 1.000000
244.568000 39.388600 -8.161 -5.999 0.182 0.24 0.033862 20000 1.000000
242.120000 40.433400 -5.779 -5.768 0.171 0.226 0.047010 20000 1.000000
245.308000 39.255200 -5.895 -5.483 0.175 0.224 0.077482 20000 1.000000
245.723000 39.119400 -4.637 -5.335 0.172 0.228 0.036965 20000 1.000000
246.129000 39.067300 -5.699 -5.696 0.17 0.222 0.026203 20000 1.000000
246.495000 39.268900 -5.461 -6.086 0.168 0.223 0.043642 20000 1.000000
242.532000 40.320600 -4.691 -6.651 0.176 0.229 -0.032429 20000 1.000000
246.946000 40.494000 -5.805 -5.828 0.17 0.226 0.054598 20000 1.000000
243.264000 40.495500 -5.947 -5.384 0.177 0.231 -0.009083 20000 1.000000
243.721000 40.363200 -6.183 -5.069 0.168 0.223 0.043331 20000 1.000000
240.200000 39.572800 -2.459 -3.85 0.17 0.224 0.012903 20000 1.000000
242.469000 36.614300 -4.887 -4.429 0.168 0.212 0.020103 20000 1.000000
242.593000 36.804200 -5.169 -3.479 0.165 0.211 0.022816 20000 1.000000
242.006000 36.606000 -6.572 -3.504 0.176 0.22 0.097142 20000 1.000000
242.296000 37.200800 -6.771 -4.497 0.17 0.218 0.035966 20000 1.000000
240.463000 39.698400 -4.747 -3.668 0.175 0.231 0.016927 20000 1.000000
240.694000 39.795600 -6.148 -4.079 0.177 0.233 0.069673 20000 1.000000
241.126000 39.838800 -5.687 -4.096 0.177 0.229 -0.013505 20000 1.000000
241.316000 39.888900 -6.28 -5.296 0.172 0.226 0.009759 20000 1.000000
241.841000 39.212300 -5.687 -5.306 0.165 0.217 0.026892 20000 1.000000
246.706000 41.856800 -5.358 -5.411 0.177 0.24 0.070099 20000 1.000000
246.988000 41.817300 -7.238 -5.755 0.17 0.228 0.034974 20000 1.000000
246.722000 40.671300 -6.336 -5.562 0.172 0.229 0.023165 20000 1.000000
240.400000 39.499200 -5.112 -3.399 0.186 0.231 0.060360 20000 1.000000
240.931000 39.486100 -5.459 -4.329 0.172 0.225 0.012504 20000 1.000000
241.550000 39.133900 -5.33 -4.449 0.168 0.221 0.034670 20000 1.000000
241.062000 39.268000 -5.083 -4.403 0.17 0.223 0.006009 20000 1.000000
241.649000 39.454700 -6.198 -4.666 0.17 0.224 0.067913 20000 1.000000
241.995000 38.728800 -5.497 -4.911 0.17 0.22 0.026604 20000 1.000000
241.540000 38.724600 -5.155 -3.886 0.17 0.221 0.016638 20000 1.000000
241.070000 38.980900 -5.64 -3.982 0.165 0.221 0.020681 20000 1.000000
240.985000 38.704600 -4.823 -1.898 0.395 0.494 -0.022972 20000 1.000000
240.541000 38.761400 -6.125 -3.403 0.177 0.226 -0.052345 20000 1.000000
240.523000 40.779800 -5.415 -4.172 0.184 0.235 0.084130 20000 1.000000
240.990000 40.242200 -4.852 -4.463 0.19 0.234 -0.044222 20000 1.000000
240.278000 39.908200 -4.914 -3.433 0.171 0.226 0.053499 20000 1.000000
239.307000 38.829200 -8.499 -4.49 0.194 0.227 0.099175 20000 1.000000
239.614000 39.046600 -7.851 -4.07 0.19 0.243 -0.065459 20000 1.000000
239.107000 39.466700 -7.698 -4.014 0.181 0.231 0.095899 20000 1.000000
240.376000 41.357700 -5.771 -5.159 0.193 0.264 0.006192 20000 1.000000
239.716000 39.937400 -6.505 -4.426 0.163 0.218 0.008931 20000 1.000000
239.194000 40.418600 -5.618 -3.605 0.175 0.225 -0.005000 20000 1.000000
235.692000 40.247500 -12.334 4.003 0.166 0.221 -0.002501 20000 1.000000
235.867000 40.551300 -7.374 0.428 0.167 0.222 -0.015287 20000 1.000000
235.787000 40.637400 -6.731 0.943 0.187 0.24 -0.027285 20000 1.000000
235.943000 40.219600 -10.678 1.193 0.171 0.227 0.018465 20000 1.000000
236.307000 40.119300 -10.283 -1.298 0.175 0.24 0.036963 20000 1.000000
238.207000 36.485500 -13.85 6.327 0.165 0.21 0.000448 20000 1.000000
238.949000 36.302100 -14.231 4.021 0.168 0.214 0.005063 20000 1.000000
238.865000 36.425900 -14.45 4.898 0.171 0.216 0.022900 20000 1.000000
237.668000 37.534500 -12.913 3.064 0.188 0.224 -0.060233 20000 1.000000
237.623000 37.914500 -11.133 2.713 0.174 0.224 0.006410 20000 1.000000
236.819000 38.495000 -12.705 4.14 0.17 0.224 -0.063179 20000 1.000000
236.291000 39.117200 -13.44 3.723 0.174 0.229 -0.006481 20000 1.000000
236.652000 38.987400 -12.383 1.63 0.175 0.227 0.065520 20000 1.000000
236.796000 39.242000 -12.142 -0.433 0.168 0.221 0.006752 20000 1.000000
236.368000 42.275400 -5.873 -2.904 0.178 0.241 0.005887 20000 1.000000
236.895000 39.319700 -10.713 -1.447 0.175 0.227 0.017901 20000 1.000000
237.041000 38.664700 -10.944 2.894 0.179 0.255 -0.006470 20000 1.000000
237.233000 38.428600 -13.715 0.033 0.169 0.219 0.000602 20000 1.000000
237.548000 38.239800 -11.351 0.928 0.171 0.221 -0.003752 20000 1.000000
237.083000 38.866100 -9.401 -1.734 0.165 0.216 -0.007461 20000 1.000000
237.037000 39.398100 -11.838 2.083 0.189 0.24 -0.023325 20000 1.000000
237.424000 38.777800 -9.366 -1.379 0.18 0.24 -0.011187 20000 1.000000
237.696000 39.109300 -7.925 -3.471 0.174 0.227 -0.003425 20000 1.000000
237.873000 37.069200 -13.436 3.974 0.191 0.244 0.134108 20000 1.000000
238.137000 36.962000 -14.076 4.727 0.191 0.23 -0.041013 20000 1.000000
238.009000 37.201700 -11.797 3.413 0.195 0.242 -0.069840 20000 1.000000
238.203000 37.001000 -14.263 5.84 0.463 0.548 0.019071 20000 1.000000
238.274000 37.002400 -13.545 3.161 0.179 0.237 0.023874 20000 1.000000
238.349000 37.104500 -11.877 0.963 0.19 0.235 -0.063749 20000 1.000000
238.286000 37.203500 -13.247 0.579 0.173 0.219 0.044545 20000 1.000000
237.786000 37.329900 -13.802 4.657 0.167 0.215 0.012910 20000 1.000000
237.901000 37.336900 -12.292 2.634 0.17 0.226 -0.000087 20000 1.000000
237.900000 37.722000 -10.843 -0.213 0.168 0.215 -0.003328 20000 1.000000
237.781000 37.863900 -11.544 -1.175 0.168 0.218 -0.037959 20000 1.000000
237.942000 37.713900 -11.348 -0.56 0.177 0.224 -0.025880 20000 1.000000
238.174000 37.336800 -15.766 0.854 0.173 0.223 0.015545 20000 1.000000
238.210000 37.533000 -9.462 -2.87 0.168 0.216 0.011550 20000 1.000000
238.313000 37.601800 -8.521 -2.491 0.416 0.498 0.025171 20000 1.000000
238.022000 37.749400 -9.559 -0.917 0.167 0.216 -0.002470 20000 1.000000
238.214000 37.819000 -8.872 -2.743 0.172 0.22 0.001636 20000 1.000000
238.095000 36.621700 -15.462 8.592 0.172 0.218 -0.003085 20000 1.000000
238.421000 36.724000 -14.602 5.161 0.169 0.215 -0.008358 20000 1.000000
238.580000 36.800400 -10.981 1.269 0.167 0.213 -0.003012 20000 1.000000
238.409000 36.858500 -14.625 4.038 0.17 0.217 -0.013261 20000 1.000000
238.459000 36.814300 -15.184 5.229 0.171 0.215 0.012001 20000 1.000000
238.445000 36.903500 -12.475 1.499 0.171 0.215 -0.014758 20000 1.000000
238.613000 36.637000 -14.685 5.095 0.179 0.225 -0.045867 20000 1.000000
238.458000 37.007800 -10.118 2.568 0.167 0.213 0.004195 20000 1.000000
238.426000 37.213000 -7.656 -1.695 0.168 0.214 0.001972 20000 1.000000
238.665000 36.918200 -9.393 -2.698 0.166 0.212 0.005071 20000 1.000000
238.645000 37.010800 -10.108 -2.916 0.176 0.225 -0.027091 20000 1.000000
240.294000 37.713100 -9.112 -5.223 0.236 0.294 -0.050573 20000 1.000000
238.812000 36.559500 -11.999 7.8 0.166 0.212 -0.000572 20000 1.000000
238.131000 37.975600 -8.321 -2.982 0.169 0.218 0.010006 20000 1.000000
238.936000 36.611600 -5.16 0.082 0.165 0.21 0.003635 20000 1.000000
238.732000 36.950000 -9.214 -3.272 0.172 0.218 0.025727 20000 1.000000
238.652000 36.811400 -9.301 -1.49 0.169 0.215 0.001217 20000 1.000000
238.942000 37.169600 -7.039 -2.686 0.174 0.221 0.015681 20000 1.000000
238.347000 37.478400 -9.389 -2.069 0.179 0.231 -0.013003 20000 1.000000
238.531000 37.489600 -8.089 -2.979 0.166 0.214 -0.002446 20000 1.000000
238.675000 37.581900 -7.772 -2.35 0.169 0.219 -0.000615 20000 1.000000
238.395000 37.932000 -9.494 -4.111 0.169 0.218 0.008249 20000 1.000000
238.536000 37.755300 -7.601 -4.066 0.171 0.22 -0.008630 20000 1.000000
238.717000 37.385400 -8.395 -1.888 0.2 0.252 -0.036094 20000 1.000000
237.782000 38.153000 -9.893 1.122 0.167 0.217 -0.018112 20000 1.000000
237.904000 38.025100 -11.586 -2.633 0.17 0.222 -0.041277 20000 1.000000
237.805000 38.444200 -9.316 -3.114 0.177 0.239 0.013757 20000 1.000000
238.905000 38.645300 -8.243 -4.181 0.166 0.217 0.006065 20000 1.000000
239.652000 35.544100 -12.944 4.651 0.171 0.214 0.010306 20000 1.000000
239.611000 35.841100 -10.068 3.806 0.172 0.215 -0.006852 20000 1.000000
239.655000 35.837800 -8.944 0.448 0.173 0.218 0.003835 20000 1.000000
239.715000 35.806700 -8.887 1.043 0.175 0.219 -0.005370 20000 1.000000
239.093000 35.933300 -13.257 4.272 0.167 0.211 0.001416 20000 1.000000
239.019000 36.417200 -8.339 -1.782 0.167 0.213 0.012439 20000 1.000000
239.147000 36.515900 -7.058 -2.01 0.171 0.22 0.012789 20000 1.000000
239.302000 36.024800 -14.62 3.657 0.169 0.218 0.009362 20000 1.000000
239.121000 36.140200 -15.044 4.908 0.168 0.211 0.005208 20000 1.000000
239.251000 36.106800 -13.718 4.888 0.166 0.21 0.006818 20000 1.000000
239.272000 36.178900 -7.649 -2.427 0.166 0.21 0.005150 20000 1.000000
239.355000 35.922800 -12.436 4.748 0.167 0.211 -0.000182 20000 1.000000
239.525000 36.007500 -6.259 -0.09 0.182 0.222 0.034149 20000 1.000000
239.457000 36.089400 -7.767 -0.347 0.167 0.211 0.009052 20000 1.000000
239.560000 36.123200 -7.016 -2.172 0.166 0.211 0.007323 20000 1.000000
239.158000 35.697100 -13.446 4.836 0.172 0.213 0.044711 20000 1.000000
239.637000 36.051700 -6.653 0.171 0.254 0.303 0.028019 20000 1.000000
239.448000 35.974100 -13.054 5.001 0.184 0.221 -0.041380 20000 1.000000
239.706000 36.015800 -7.111 -1.347 0.168 0.212 0.001123 20000 1.000000
239.723000 36.304400 -4.022 0.275 0.176 0.22 -0.011366 20000 1.000000
239.257000 36.806300 -5.939 -3.306 0.169 0.216 0.008453 20000 1.000000
239.803000 37.352200 -8.28 -3.195 0.175 0.225 0.010797 20000 1.000000
239.356000 37.795200 -9.042 -3.509 0.172 0.219 0.005385 20000 1.000000
240.160000 37.901100 -6.832 -1.934 0.218 0.266 -0.083392 20000 1.000000
239.049000 38.090000 -8.092 -3.504 0.172 0.222 0.004410 20000 1.000000
239.666000 38.735600 -7.138 -3.767 0.174 0.219 0.022282 20000 1.000000
236.283000 39.863600 -13.595 0.721 0.206 0.262 -0.070346 20000 1.000000
236.448000 39.905700 -12.529 -2.118 0.185 0.254 -0.000228 20000 1.000000
236.628000 39.452400 -11.91 -1.695 0.167 0.22 -0.009597 20000 1.000000
236.705000 39.707100 -10.898 -3.709 0.177 0.232 -0.061331 20000 1.000000
236.344000 40.256800 -9.379 -2.07 0.169 0.227 0.010753 20000 1.000000
236.117000 41.151700 -6.897 -2.867 0.168 0.225 0.010677 20000 1.000000
236.301000 40.575300 -7.468 -2.883 0.175 0.231 0.058020 20000 1.000000
236.548000 40.082200 -10.274 -2.135 0.165 0.22 0.002606 20000 1.000000
236.864000 40.324100 -7.819 -4.581 0.166 0.222 -0.004415 20000 1.000000
236.676000 40.732900 -7.927 -5.247 0.166 0.223 -0.034739 20000 1.000000
236.826000 40.546700 -7.678 -5.411 0.171 0.228 -0.020359 20000 1.000000
237.024000 39.621400 -9.138 -2.469 0.325 0.403 -0.026512 20000 1.000000
237.264000 39.493600 -9.496 -6.361 0.165 0.217 -0.009769 20000 1.000000
237.077000 40.747600 -7.487 -4.9 0.174 0.232 -0.022128 20000 1.000000
237.332000 40.034100 -7.92 -2.636 0.169 0.224 -0.013467 20000 1.000000
237.393000 40.650700 -7.573 -3.865 0.176 0.239 -0.042662 20000 1.000000
236.666000 40.887100 -7.261 -5.162 0.165 0.222 -0.000009 20000 1.000000
237.729000 40.271200 -8.585 -2.952 0.493 0.523 -0.059583 20000 1.000000
239.052000 41.183300 -6.642 -4.403 0.17 0.231 0.002965 20000 1.000000
237.681000 40.731100 -6.213 -5.23 0.202 0.245 0.018542 20000 1.000000
235.774000 42.209100 -7.649 -1.922 0.17 0.226 -0.017867 20000 1.000000
235.946000 42.860100 -4.748 -3.413 0.191 0.254 0.062363 20000 1.000000
236.617000 42.503500 -5.224 -2.678 0.169 0.233 0.004455 20000 1.000000
237.344000 42.191000 -5.383 -3.461 0.172 0.235 -0.025570 20000 1.000000
238.220000 42.259700 -3.809 -4.23 0.169 0.227 -0.003599 20000 1.000000
239.622000 42.468800 -4.632 -4.941 0.17 0.234 -0.014561 20000 1.000000
243.371000 36.071300 -4.179 -4.078 0.178 0.229 0.079507 20000 1.000000
242.835000 36.022500 -6.322 -4.674 0.18 0.217 0.007302 20000 1.000000
242.590000 36.159000 -5.653 -3.783 0.182 0.225 0.068607 20000 1.000000
241.868000 36.466800 -3.597 -3.756 0.192 0.244 -0.181417 20000 1.000000
242.211000 36.531200 -5.187 -3.864 0.17 0.217 0.011083 20000 1.000000
241.909000 36.570200 -5.873 -3.083 0.187 0.226 -0.030342 20000 1.000000
241.882000 36.975700 -5.335 -3.687 0.166 0.212 0.019385 20000 1.000000
242.064000 37.231400 -5.263 -3.521 0.173 0.219 0.068654 20000 1.000000
242.606000 34.462400 -7.972 -0.332 0.179 0.216 0.007997 20000 1.000000
242.459000 33.562100 -12.186 3.769 0.17 0.208 0.039018 20000 1.000000
242.895000 32.889200 -13.042 3.508 0.171 0.206 0.006324 20000 1.000000
243.050000 32.733800 -13.402 3.526 0.168 0.204 0.015163 20000 1.000000
242.756000 32.666400 -13.307 4.451 0.18 0.213 0.087855 20000 1.000000
242.810000 33.439600 -12.802 3.247 0.169 0.207 0.019060 20000 1.000000
242.928000 33.235700 -13.379 4.188 0.178 0.211 0.057026 20000 1.000000
243.217000 33.493300 -11.019 2.301 0.169 0.207 0.018453 20000 1.000000
243.651000 32.976000 -11.89 2.404 0.174 0.211 0.027110 20000 1.000000
243.989000 32.822200 -12.605 2.959 0.174 0.209 -0.014875 20000 1.000000
243.329000 33.240200 -12.869 3.052 0.177 0.213 0.019284 20000 1.000000
243.431000 33.059200 -13.351 2.938 0.169 0.205 0.011760 20000 1.000000
243.379000 33.375600 -12.414 2.03 0.174 0.211 0.054235 20000 1.000000
243.591000 33.210200 -11.893 3.892 0.187 0.224 0.041065 20000 1.000000
243.817000 33.213500 -10.403 1.51 0.172 0.208 0.021774 20000 1.000000
243.921000 33.201000 -9.935 0.682 0.172 0.208 0.024706 20000 1.000000
243.888000 33.296200 -7.908 0.258 0.176 0.214 -0.033164 20000 1.000000
243.574000 33.523500 -8.606 0.977 0.178 0.211 0.085560 20000 1.000000
243.773000 33.574700 -8.81 0.067 0.179 0.222 0.053099 20000 1.000000
244.031000 32.887000 -10.117 3.556 0.176 0.212 0.018131 20000 1.000000
244.175000 32.954700 -10.641 2.278 0.172 0.207 0.021216 20000 1.000000
244.268000 32.759700 -10.031 3.539 0.183 0.218 0.039265 20000 1.000000
244.404000 32.750600 -11.502 3.775 0.178 0.211 0.027094 20000 1.000000
244.423000 32.834700 -8.59 2.61 0.179 0.214 0.022332 20000 1.000000
244.430000 32.898400 -8.219 1.275 0.18 0.214 0.038821 20000 1.000000
244.700000 32.690000 -4.591 -0.933 0.173 0.209 0.025275 20000 1.000000
244.602000 32.875800 -5.032 -1.744 0.179 0.215 0.038883 20000 1.000000
244.578000 32.982500 -4.485 -3.821 0.18 0.219 0.053595 20000 1.000000
244.280000 32.948900 -9.087 1.769 0.178 0.212 0.014873 20000 1.000000
244.234000 33.516400 -6.51 -3.299 0.179 0.217 0.078559 20000 1.000000
244.313000 33.423900 -5.203 -3.283 0.179 0.217 0.061460 20000 1.000000
244.571000 33.247800 -5.118 -4.108 0.178 0.214 0.015258 20000 1.000000
244.657000 33.143600 -5.553 -3.397 0.178 0.216 -0.030476 20000 1.000000
244.704000 33.886900 -4.524 -5.009 0.182 0.215 0.028144 20000 1.000000
239.350000 34.907300 -14.839 5.35 0.166 0.207 0.004590 20000 1.000000
239.590000 35.010700 -14.411 4.283 0.169 0.21 0.010654 20000 1.000000
239.760000 34.870600 -14.063 4.691 0.169 0.21 0.018932 20000 1.000000
239.617000 35.106200 -12.142 6.846 0.288 0.343 0.057227 20000 1.000000
239.925000 35.020000 -12.05 4.724 0.294 0.37 0.008307 20000 1.000000
240.208000 34.507800 -13.906 4.274 0.173 0.209 0.004006 20000 1.000000
239.409000 35.166100 -13.652 5.627 0.168 0.209 0.008285 20000 1.000000
239.192000 35.425800 -15.231 5.342 0.168 0.21 -0.008470 20000 1.000000
239.455000 35.327800 -13.74 4.844 0.174 0.217 0.056286 20000 1.000000
239.646000 35.440500 -12.811 4.077 0.169 0.211 0.002900 20000 1.000000
239.520000 35.624800 -11.374 6.177 0.168 0.212 0.014250 20000 1.000000
239.463000 35.792700 -12.747 4.462 0.17 0.214 0.020912 20000 1.000000
239.733000 35.633800 -11.345 3.363 0.172 0.213 0.031064 20000 1.000000
239.629000 35.747900 -11.652 3.023 0.169 0.212 0.008868 20000 1.000000
237.762000 37.061200 -14.859 5.435 0.169 0.216 0.014934 20000 1.000000
239.899000 35.235100 -13.013 4.1 0.19 0.225 0.051090 20000 1.000000
239.975000 35.279800 -12.275 3.03 0.173 0.217 -0.013418 20000 1.000000
240.065000 35.316800 -11.624 2.342 0.173 0.216 0.014198 20000 1.000000
239.887000 35.534200 -11.334 2.205 0.173 0.216 0.000560 20000 1.000000
239.869000 35.801300 -8.618 -0.202 0.177 0.216 0.012438 20000 1.000000
239.999000 35.686700 -8.666 -1.01 0.172 0.213 -0.020622 20000 1.000000
239.707000 35.688900 -11.614 3.149 0.167 0.21 0.002570 20000 1.000000
240.287000 35.319000 -9.437 0.758 0.178 0.225 0.011087 20000 1.000000
240.091000 35.934700 -7.179 -1.564 0.185 0.229 -0.002060 20000 1.000000
240.674000 34.599600 -13.728 0.917 0.176 0.223 0.096112 20000 1.000000
240.885000 34.660100 -11.84 0.047 0.175 0.215 0.056298 20000 1.000000
240.845000 34.856200 -11.404 3.053 0.23 0.352 -0.049918 20000 1.000000
239.755000 35.686700 -11.158 2.407 0.169 0.211 0.002975 20000 1.000000
241.121000 34.835100 -9.845 -0.527 0.17 0.21 0.025666 20000 1.000000
241.152000 34.792300 -11.414 1.045 0.174 0.22 0.016294 20000 1.000000
241.331000 34.695000 -11.374 -1.538 0.234 0.292 0.075432 20000 1.000000
241.454000 34.771100 -8.569 0.498 0.171 0.212 0.006802 20000 1.000000
241.344000 34.944400 -8.294 0.086 0.174 0.218 -0.024026 20000 1.000000
241.388000 35.138600 -7.696 -1.43 0.169 0.211 -0.006298 20000 1.000000
241.459000 34.821800 -7.476 -0.589 0.181 0.229 0.024660 20000 1.000000
241.811000 34.982100 -6.663 -0.03 0.168 0.21 0.010948 20000 1.000000
241.876000 35.378000 -8.441 -1.947 0.17 0.211 0.006341 20000 1.000000
241.740000 35.667300 -6.363 -1.839 0.177 0.216 0.022380 20000 1.000000
241.233000 36.231400 -6.788 -3.624 0.174 0.216 0.070917 20000 1.000000
241.045000 36.585500 -7.869 -2.626 0.168 0.214 0.016168 20000 1.000000
241.994000 35.038800 -7.296 -0.886 0.171 0.212 0.015376 20000 1.000000
242.271000 34.509700 -8.605 0.031 0.17 0.21 0.006947 20000 1.000000
242.451000 34.634300 -7.822 -0.553 0.17 0.21 0.015588 20000 1.000000
242.457000 34.987000 -6.432 -1.707 0.171 0.213 0.046758 20000 1.000000
243.048000 33.892600 -9.192 1.079 0.17 0.209 0.010909 20000 1.000000
243.454000 34.019300 -7.177 0.609 0.17 0.209 0.012592 20000 1.000000
242.719000 34.534800 -7.876 -0.757 0.195 0.22 -0.069707 20000 1.000000
241.969000 34.332200 -11.88 1.316 0.17 0.211 0.040819 20000 1.000000
242.635000 35.116800 -6.09 -1.853 0.171 0.212 0.013830 20000 1.000000
241.983000 35.152400 -7.389 -0.949 0.171 0.213 0.018480 20000 1.000000
242.697000 35.238500 -6.037 -1.726 0.172 0.212 0.023202 20000 1.000000
242.795000 35.387900 -5.938 -3.01 0.166 0.209 0.024504 20000 1.000000
242.610000 35.896700 -5.297 -3.545 0.184 0.23 0.010188 20000 1.000000
242.597000 35.697600 -5.492 -3.376 0.168 0.211 0.018576 20000 1.000000
243.111000 35.998200 -5.654 -4.079 0.179 0.218 0.015250 20000 1.000000
243.112000 35.710600 -5.597 -3.891 0.168 0.213 0.025596 20000 1.000000
243.290000 34.192500 -6.625 -0.847 0.175 0.211 -0.001366 20000 1.000000
243.463000 34.217200 -6.709 -1.052 0.173 0.211 0.025790 20000 1.000000
243.788000 33.865800 -7.064 -2.281 0.169 0.208 0.034173 20000 1.000000
243.920000 33.959300 -5.522 -3.163 0.172 0.209 0.019375 20000 1.000000
239.772000 35.729200 -9.407 0.516 0.197 0.237 -0.029496 20000 1.000000
243.971000 34.716900 -4.718 -5.105 0.175 0.213 0.012277 20000 1.000000
242.063000 34.341100 -10.543 1.315 0.246 0.306 -0.014221 20000 1.000000
243.120000 34.462100 -7.106 -0.68 0.17 0.21 0.019719 20000 1.000000
244.179000 33.741000 -5.977 -4.029 0.177 0.215 0.009821 20000 1.000000
243.107000 34.062700 -8.877 -0.234 0.219 0.25 -0.024196 20000 1.000000
244.236000 34.425700 -4.474 -3.684 0.214 0.231 0.052841 20000 1.000000
244.350000 35.204800 -4.901 -5.208 0.174 0.215 -0.000460 20000 1.000000
242.685000 34.187400 -9.409 2.076 0.172 0.213 0.062663 20000 1.000000
242.950000 34.196200 -8.958 -2.758 0.207 0.218 0.084685 20000 1.000000
244.750000 34.731800 -4.529 -4.318 0.202 0.253 0.084455 20000 1.000000
243.237000 35.204600 -5.878 -3.146 0.169 0.211 0.027696 20000 1.000000
242.107000 35.424600 -6.073 -2.033 0.17 0.213 0.011623 20000 1.000000
243.428000 35.320600 -6.449 -4.055 0.169 0.214 0.010882 20000 1.000000
243.896000 35.141900 -5.615 -5.066 0.182 0.217 -0.000419 20000 1.000000
243.855000 35.785400 -6.206 -4.322 0.17 0.214 0.013222 20000 1.000000
244.456000 35.472800 -5.42 -5.919 0.171 0.217 0.034104 20000 1.000000
244.634000 35.163000 -4.6 -5.55 0.175 0.216 -0.010525 20000 1.000000
245.401000 34.188900 -4.951 -4.483 0.175 0.215 0.029702 20000 1.000000
245.035000 34.844400 -4.248 -5.005 0.177 0.216 0.024583 20000 1.000000
244.762000 35.291100 -4.66 -5.023 0.171 0.214 0.024622 20000 1.000000
241.621000 37.973100 -3.825 -2.986 0.168 0.219 -0.005542 20000 1.000000
241.000000 37.613000 -5.656 3.101 0.175 0.22 -0.026457 20000 1.000000
241.084000 37.605300 -4.908 0.31 0.179 0.236 -0.004363 20000 1.000000
240.914000 37.785700 -5.838 -2.003 0.204 0.243 -0.083197 20000 1.000000
240.974000 37.696600 -6.803 -0.83 0.191 0.235 0.108841 20000 1.000000
240.862000 37.839300 -4.973 -3.567 0.184 0.226 0.034232 20000 1.000000
240.853000 37.962800 -4.938 -2.682 0.168 0.215 0.013043 20000 1.000000
241.131000 37.654600 -4.488 -2.171 0.17 0.219 0.011538 20000 1.000000
241.040000 37.891700 -7.057 -1.794 0.181 0.223 0.016443 20000 1.000000
241.183000 37.591400 -2.226 1.273 0.173 0.231 0.079976 20000 1.000000
241.302000 37.561600 -6.02 -2.685 0.175 0.243 -0.011797 20000 1.000000
241.316000 37.495400 -3.027 -1.828 0.165 0.213 0.019201 20000 1.000000
241.180000 37.677000 -3.934 -2.164 0.169 0.218 0.018849 20000 1.000000
240.981000 37.800000 -6.71 -0.528 0.17 0.218 0.038491 20000 1.000000
241.264000 37.903500 -4.769 -2.038 0.172 0.221 0.007423 20000 1.000000
241.445000 37.891300 -4.909 -3.243 0.174 0.222 0.061576 20000 1.000000
241.762000 37.589200 -6.452 -4.167 0.167 0.215 0.023225 20000 1.000000
241.528000 37.737500 -4.75 -3.507 0.176 0.222 0.048028 20000 1.000000
240.850000 38.057900 -5.451 -2.288 0.21 0.265 0.019876 20000 1.000000
237.706000 41.381200 -6.923 -3.235 0.176 0.229 0.051721 20000 1.000000
237.809000 41.479200 -6.992 -3.688 0.168 0.236 -0.024280 20000 1.000000
237.687000 41.463600 -6.692 -3.921 0.173 0.24 -0.039541 20000 1.000000
237.847000 41.531900 -7.465 -3.47 0.206 0.249 0.048749 20000 1.000000
238.493000 41.711600 -5.472 -3.188 0.166 0.226 0.005293 20000 1.000000
246.132000 42.878900 -5.501 -5.793 0.177 0.242 0.038822 20000 1.000000
241.275000 37.380400 -0.556 -0.266 0.234 0.275 0.140560 20000 1.000000
240.254000 37.088900 -7.673 -2.697 0.173 0.218 0.061971 20000 1.000000
241.853000 37.280500 -5.374 -3.991 0.169 0.218 0.030822 20000 1.000000
239.172000 41.359200 -6.583 -4.468 0.173 0.233 -0.055887 20000 1.000000
239.527000 41.332500 -5.172 -3.994 0.171 0.23 0.014313 20000 1.000000
235.707000 42.076600 -4.264 -2.131 0.174 0.23 0.014490 20000 1.000000
243.397000 33.495500 -11.404 4.05 0.327 0.349 -0.086611 20000 1.000000
244.492000 32.829400 -10.029 3.185 0.175 0.209 0.023758 20000 1.000000
239.784000 35.693800 -9.811 1.136 0.235 0.294 0.006166 20000 1.000000
242.077000 34.508200 -9.877 0.522 0.174 0.214 0.025010 20000 1.000000
243.314000 36.901800 -5.253 -5.654 0.182 0.224 0.059747 20000 1.000000
242.305000 34.925400 -7.239 -0.941 0.176 0.218 0.017153 20000 1.000000
243.880000 36.579600 -5.893 -5.184 0.193 0.239 0.045933 20000 1.000000
239.522000 35.919900 -14.767 3.17 0.188 0.237 0.029803 20000 1.000000
242.818000 33.835700 -11.621 2.735 0.215 0.248 -0.014755 20000 1.000000
243.506000 33.819200 -7.574 0.11 0.187 0.224 0.039469 20000 1.000000
242.193000 34.091800 -11.784 1.409 0.176 0.222 0.007808 20000 1.000000
241.596000 33.743300 -12.234 3.533 0.172 0.211 0.042835 20000 1.000000
241.628000 33.779500 -12.793 5.565 0.225 0.282 0.027567 20000 1.000000
238.863000 36.161100 -14.345 4.905 0.171 0.215 0.018454 20000 1.000000
239.056000 39.974600 -5.66 -2.087 0.177 0.233 -0.008776 20000 1.000000
242.317000 35.338700 -6.229 -1.735 0.169 0.211 0.020354 20000 1.000000
240.280000 34.500000 -14.2 2.924 0.171 0.212 -0.013860 20000 1.000000
243.375000 34.643900 -7.721 -2.411 0.172 0.211 -0.001269 20000 1.000000
243.446000 36.715400 -4.634 -5.003 0.184 0.23 0.107533 20000 1.000000
241.974000 34.019100 -11.595 3.565 0.197 0.235 -0.054129 20000 1.000000
239.475000 35.900000 -20.447 6.146 0.176 0.221 -0.022787 20000 1.000000
241.807000 34.875100 -7.154 -0.296 0.237 0.273 -0.016792 20000 1.000000
240.816000 34.541500 -12.828 1.242 0.192 0.233 0.083404 20000 1.000000
244.877000 40.617200 -5.457 -6.177 0.17 0.232 0.028033 20000 1.000000
243.350000 36.316300 -4.59 -3.993 0.171 0.216 0.029912 20000 1.000000
238.442000 37.666500 -9.336 -2.829 0.19 0.245 0.026752 20000 1.000000
241.245000 34.459800 -12.13 2.029 0.186 0.239 0.010632 20000 1.000000
242.138000 34.205600 -11.631 1.525 0.303 0.312 -0.045939 20000 1.000000
241.890000 34.090000 -11.229 2.281 0.219 0.235 0.109249 20000 1.000000
239.775000 40.591700 -6.122 -3.617 0.172 0.234 0.003935 20000 1.000000
240.984000 41.868400 -5.717 -4.855 0.175 0.238 0.074006 20000 1.000000
243.701000 35.971300 -5.725 -5.015 0.179 0.218 -0.003456 20000 1.000000
243.789000 36.730500 -5.299 -5.578 0.188 0.234 0.088657 20000 1.000000
241.521000 34.438600 -13.335 3.284 0.187 0.226 -0.042796 20000 1.000000
240.116000 39.314300 -4.845 -2.934 0.181 0.239 -0.034656 20000 1.000000
244.022000 33.292200 -7.391 -0.386 0.176 0.211 0.024069 20000 1.000000
244.412000 36.319600 -4.674 -4.534 0.188 0.229 0.037491 20000 1.000000
240.476000 33.247900 -14.747 6.917 0.174 0.213 0.038665 20000 1.000000
240.936000 34.319900 -13.293 3.854 0.169 0.208 0.011353 20000 1.000000
241.354000 34.059300 -13.148 2.581 0.172 0.21 0.006359 20000 1.000000
242.151000 33.992700 -12.409 2.518 0.186 0.223 -0.016546 20000 1.000000
239.935000 34.004300 -14.943 5.811 0.177 0.213 -0.007291 20000 1.000000
243.662000 36.644600 -4.88 -4.734 0.183 0.227 0.064047 20000 1.000000
243.426000 36.931600 -4.975 -4.586 0.185 0.231 0.083010 20000 1.000000
239.640000 35.917400 -10.667 -2.066 0.188 0.233 0.002110 20000 1.000000
241.585000 35.158200 -6.817 -1.899 0.167 0.209 0.015260 20000 1.000000
243.770000 36.934800 -4.821 -4.468 0.178 0.223 0.099668 20000 1.000000
239.867000 34.483500 -14.367 3.38 0.176 0.219 -0.030291 20000 1.000000
243.839000 33.641200 -8.968 2.019 0.212 0.252 0.034676 20000 1.000000
242.951000 39.542200 -5.477 -4.934 0.176 0.226 0.103322 20000 1.000000
242.816000 38.097200 -5.719 -4.929 0.168 0.217 0.014219 20000 1.000000
241.669000 33.797800 -13.215 4.027 0.178 0.216 0.042116 20000 1.000000
241.163000 34.248000 -12.604 5.241 0.172 0.211 0.040940 20000 1.000000
235.849000 41.053900 -5.74 -1.279 0.169 0.226 -0.041522 20000 1.000000
243.470000 34.840000 -6.249 -3.297 0.182 0.234 0.047294 20000 1.000000
241.558000 34.069100 -12.783 2.554 0.188 0.223 0.047831 20000 1.000000
240.156000 34.413300 -17.591 2.781 0.249 0.277 -0.050502 20000 1.000000
241.198000 39.627100 -5.637 -5.136 0.17 0.225 0.029866 20000 1.000000
241.715000 34.024000 -12.106 4.492 0.234 0.289 0.116800 20000 1.000000
243.915000 33.030100 -12.187 3.085 0.172 0.207 0.012455 20000 1.000000
240.516000 34.851500 -11.613 2.72 0.272 0.331 0.019796 20000 1.000000
241.780000 34.178600 -12.166 2.352 0.221 0.239 0.071503 20000 1.000000
241.486000 34.126400 -12.204 2.574 0.17 0.208 0.013507 20000 1.000000
241.516000 34.293200 -11.478 1.904 0.176 0.213 0.019841 20000 1.000000
239.384000 34.556300 -16.159 5.037 0.234 0.268 -0.038930 20000 1.000000
241.879000 34.501500 -10.775 1.901 0.189 0.223 0.006993 20000 1.000000
241.706000 33.712600 -12.717 5.27 0.173 0.213 0.028285 20000 1.000000
242.010000 34.030000 -9.442 3.548 0.191 0.239 0.025198 20000 1.000000
241.346000 37.664300 -5.259 -2.385 0.172 0.221 0.040039 20000 1.000000
241.016000 35.010800 -9.561 1.009 0.192 0.229 -0.043824 20000 1.000000
243.608000 33.934800 -6.065 -0.214 0.193 0.23 0.016546 20000 1.000000
241.258000 34.568500 -11.041 1.624 0.182 0.226 0.129361 20000 1.000000
241.586000 34.259400 -12.561 3.117 0.184 0.228 0.018548 20000 1.000000
243.068000 34.669000 -7.585 -1.594 0.187 0.225 -0.094468 20000 1.000000
241.572000 33.958200 -13.377 3.887 0.25 0.266 -0.309473 20000 1.000000
243.346000 33.955300 -6.774 0.248 0.183 0.218 0.022710 20000 1.000000
243.111000 35.425200 -5.95 -5.489 0.185 0.227 0.019453 20000 1.000000
243.532000 36.840400 -5.699 -4.94 0.179 0.227 0.099386 20000 1.000000
