242.907000 34.116400 -9.132 6.888 0.24 0.263 -0.046395 20000 1.000000
243.571000 34.594300 -7.494 -1.422 0.169 0.205 0.043678 20000 1.000000
241.305000 34.824500 -10.175 0.586 0.177 0.213 0.059810 20000 1.000000
242.103000 34.126000 -13.907 5.079 0.257 0.286 0.042283 20000 1.000000
242.795000 40.412800 -5.982 -1.954 0.167 0.217 0.031834 20000 1.000000
240.970000 33.480500 -16.245 8.318 0.193 0.221 0.006491 20000 1.000000
243.116000 34.264300 -8.481 1.673 0.196 0.235 0.104517 20000 1.000000
240.594000 34.920500 -12.612 3.919 0.175 0.21 0.045975 20000 1.000000
244.002000 34.000500 -6.292 -1.853 0.171 0.203 0.044413 20000 1.000000
242.935000 33.578200 -13.891 5.739 0.173 0.203 0.050721 20000 1.000000
243.920000 35.287000 -6.032 -2.579 0.175 0.213 0.042874 20000 1.000000
245.285000 33.610400 -5.797 -3.27 0.171 0.202 0.053382 20000 1.000000
243.947000 34.251400 -6.104 -2.718 0.173 0.206 0.049606 20000 1.000000
241.723000 34.184900 -14.519 4.587 0.221 0.252 0.039925 20000 1.000000
242.988000 34.918600 -7.185 -0.008 0.173 0.21 0.058464 20000 1.000000
241.812000 34.292800 -13.013 5.752 0.249 0.259 -0.276053 20000 1.000000
243.128000 36.917600 -6.033 -2.014 0.207 0.248 0.068786 20000 1.000000
242.156000 42.779500 -6.862 -3.318 0.168 0.227 0.050379 20000 1.000000
240.653000 35.157300 -11.24 1.899 0.174 0.213 0.068421 20000 1.000000
235.437000 42.836100 -4.944 1.52 0.172 0.231 0.035572 20000 1.000000
244.010000 33.655100 -8.096 -1.847 0.178 0.21 0.069822 20000 1.000000
239.566000 35.939400 -9.796 3.323 0.257 0.301 -0.011510 20000 1.000000
239.569000 35.888400 -14.726 7.532 0.194 0.231 0.038127 20000 1.000000
241.666000 33.311600 -15.831 8.041 0.168 0.201 0.056925 20000 1.000000
241.517000 33.445800 -16.012 6.939 0.172 0.207 0.029326 20000 1.000000
241.370000 34.138600 -15.051 6.436 0.199 0.23 0.156458 20000 1.000000
242.329000 35.565300 -7.549 0.272 0.176 0.214 0.046838 20000 1.000000
241.789000 33.876300 -13.664 6.772 0.186 0.22 0.112849 20000 1.000000
240.987000 34.806400 -12.126 2.517 0.186 0.242 -0.060805 20000 1.000000
243.664000 34.829500 -7.159 -3.004 0.184 0.214 0.032084 20000 1.000000
242.035000 34.244000 -13.897 1.927 0.202 0.255 -0.088396 20000 1.000000
237.881000 37.724100 -12.25 2.049 0.195 0.242 0.062310 20000 1.000000
242.172000 34.640500 -3.923 -1.124 0.258 0.274 -0.222666 20000 1.000000
241.063000 34.109600 -15.823 6.897 0.187 0.23 0.077818 20000 1.000000
241.873000 34.136700 -13.227 4.293 0.169 0.2 0.070240 20000 1.000000
242.521000 34.313800 -10.517 2.541 0.2 0.23 0.175984 20000 1.000000
242.291000 34.109900 -12.862 4.206 0.191 0.222 0.025330 20000 1.000000
245.126000 40.558400 -6.92 -2.198 0.182 0.221 0.095446 20000 1.000000
240.120000 34.414900 -16.424 6.746 0.174 0.211 0.010982 20000 1.000000
242.427000 35.071700 -7.675 1.186 0.176 0.211 0.094326 20000 1.000000
239.249000 35.791600 -14.277 7.666 0.178 0.216 0.028094 20000 1.000000
242.900000 34.039100 -10.375 1.345 0.175 0.205 0.085373 20000 1.000000
244.265000 33.069800 -7.946 -3.251 0.182 0.213 0.049288 20000 1.000000
240.961000 34.168400 -16.546 7.492 0.169 0.204 0.059310 20000 1.000000
241.743000 33.861500 -15.263 6.337 0.176 0.21 0.059135 20000 1.000000
241.476000 34.253600 -14.677 6.321 0.178 0.212 0.101008 20000 1.000000
240.629000 34.408100 -15.732 6.211 0.192 0.233 0.020873 20000 1.000000
241.387000 34.516500 -13.33 4.375 0.176 0.208 0.037928 20000 1.000000
243.630000 34.124100 -7.364 -0.277 0.184 0.217 0.019819 20000 1.000000
242.098000 34.082000 -12.503 4.705 0.186 0.224 -0.000430 20000 1.000000
244.212000 33.389800 -7.546 -2.617 0.189 0.221 0.060956 20000 1.000000
242.140000 34.413400 -11.207 3.328 0.178 0.227 0.050530 20000 1.000000
241.874000 33.938000 -16.389 8.453 0.197 0.261 0.074663 20000 1.000000
242.588000 33.647700 -14.223 5.714 0.17 0.203 0.046935 20000 1.000000
241.170000 34.946200 -10.71 0.284 0.177 0.218 0.048100 20000 1.000000
245.061000 39.345200 -6.291 -2.405 0.177 0.223 0.036842 20000 1.000000
244.183000 40.914700 -6.136 -2.246 0.166 0.216 0.050023 20000 1.000000
241.574000 34.703100 -9.805 0.682 0.172 0.206 0.068555 20000 1.000000
242.474000 34.104200 -13.318 4.813 0.192 0.231 0.058836 20000 1.000000
239.991000 34.733000 -16.838 6.536 0.172 0.206 0.077999 20000 1.000000
241.116000 34.356300 -14.973 5.939 0.17 0.203 0.049124 20000 1.000000
246.195000 39.369400 -6.568 -2.365 0.174 0.218 0.041949 20000 1.000000
241.641000 34.080600 -15.699 4.303 0.231 0.279 0.016684 20000 1.000000
241.107000 34.800200 -11.149 3.75 0.189 0.224 0.087153 20000 1.000000
240.644000 40.416500 -7.427 -1.665 0.17 0.223 0.016789 20000 1.000000
240.136000 35.189400 -13.972 3.394 0.178 0.222 0.043129 20000 1.000000
244.479000 33.274800 -5.911 -5.043 0.181 0.209 0.040447 20000 1.000000
245.173000 33.051100 -3.914 -2.912 0.2 0.225 -0.035083 20000 1.000000
244.340000 34.784000 -6.285 -2.702 0.197 0.236 0.023735 20000 1.000000
245.810000 34.308600 -4.743 -3.531 0.226 0.262 0.057927 20000 1.000000
243.111000 35.425200 -7.027 -4.159 0.176 0.211 0.059747 20000 1.000000
245.820000 40.640200 -6.342 -2.731 0.169 0.218 0.049632 20000 1.000000
239.584000 36.399000 -9.307 -0.498 0.204 0.243 0.032458 20000 1.000000
241.887000 34.047400 -14.395 4.876 0.176 0.21 0.077765 20000 1.000000
239.318000 34.469400 -15.458 10.554 0.168 0.201 0.069741 20000 1.000000
241.714000 33.783600 -14.991 6.863 0.196 0.233 0.011304 20000 1.000000
243.570000 34.754800 -6.802 -1.92 0.172 0.206 0.066652 20000 1.000000
238.530000 40.815900 -5.065 -0.385 0.17 0.222 0.047179 20000 1.000000
244.365000 33.705000 -6.256 -4.497 0.192 0.228 0.025444 20000 1.000000
239.520000 35.866700 -14.009 7.015 0.183 0.223 0.070875 20000 1.000000
242.155000 34.458200 -10.322 3.924 0.177 0.212 0.049571 20000 1.000000
239.598000 35.880800 -10.355 2.407 0.181 0.219 0.137590 20000 1.000000
240.812000 34.441200 -14.763 4.088 0.179 0.218 0.052169 20000 1.000000
244.089000 34.727300 -6.197 -3.126 0.176 0.211 0.065236 20000 1.000000
243.779000 33.796800 -10.06 -0.384 0.187 0.222 0.090947 20000 1.000000
241.526000 35.662300 -9.149 0.833 0.19 0.231 0.006126 20000 1.000000
243.901000 36.458800 -5.826 -2.712 0.197 0.237 0.155940 20000 1.000000
240.992000 34.398500 -14.746 4.348 0.181 0.217 0.052970 20000 1.000000
243.827000 33.925400 -7.194 -1.079 0.179 0.209 0.069271 20000 1.000000
242.165000 34.485500 -10.792 2.616 0.175 0.21 0.050239 20000 1.000000
243.060000 35.090200 -6.761 -0.182 0.173 0.207 0.049699 20000 1.000000
242.246000 34.133300 -13.656 3.796 0.175 0.207 0.081493 20000 1.000000
239.406000 35.828700 -14.594 7.374 0.172 0.211 0.065370 20000 1.000000
242.454000 34.314900 -9.032 3.083 0.196 0.231 0.137913 20000 1.000000
240.896000 34.733600 -12.644 3.792 0.177 0.22 0.045090 20000 1.000000
239.557000 35.832600 -13.341 6.294 0.168 0.206 0.052493 20000 1.000000
242.563000 33.856800 -13.142 4.898 0.171 0.204 0.037664 20000 1.000000
238.778000 42.418300 -6.798 -1.101 0.227 0.301 -0.002106 20000 1.000000
239.241000 36.186900 -10.06 -2.996 0.174 0.212 0.106562 20000 1.000000
244.021000 36.632500 -5.83 -2.827 0.186 0.226 0.119667 20000 1.000000
239.649000 34.038300 -16.12 8.862 0.174 0.209 -0.002959 20000 1.000000
243.904000 40.148400 -6.52 -1.469 0.175 0.224 -0.022286 20000 1.000000
242.682000 33.918400 -13.625 5.04 0.174 0.205 0.060227 20000 1.000000
239.566000 35.969500 -7.626 2.529 0.177 0.209 0.009745 20000 1.000000
244.588000 40.710700 -7.053 -1.78 0.173 0.233 0.042893 20000 1.000000
241.122000 34.295500 -15.313 6.321 0.19 0.223 0.013795 20000 1.000000
242.118000 34.175200 -13.347 3.168 0.233 0.258 -0.242310 20000 1.000000
243.352000 34.038500 -9.253 1.17 0.192 0.228 0.182291 20000 1.000000
242.790000 34.230800 -9.687 2.586 0.224 0.238 0.210520 20000 1.000000
241.755000 34.055200 -15.144 5.05 0.36 0.384 0.126157 20000 1.000000
245.381000 34.767700 -6.185 -2.966 0.184 0.219 0.046913 20000 1.000000
242.491000 39.685600 -6.62 -2.408 0.174 0.223 0.027564 20000 1.000000
240.859000 34.498700 -14.262 5.914 0.168 0.204 0.041210 20000 1.000000
243.932000 34.141000 -5.979 -2.976 0.173 0.206 0.069319 20000 1.000000
244.082000 34.369900 -5.58 -3.084 0.174 0.209 0.012172 20000 1.000000
243.695000 34.427700 -7.157 -1.77 0.176 0.213 0.001217 20000 1.000000
243.708000 34.533000 -6.466 -2.08 0.178 0.211 0.036288 20000 1.000000
243.185000 34.674900 -8.72 0.781 0.171 0.205 0.057445 20000 1.000000
241.793000 34.128800 -14.188 5.051 0.18 0.214 0.045746 20000 1.000000
240.647000 34.683400 -14.245 4.618 0.191 0.235 0.019360 20000 1.000000
242.814000 39.521100 -6.374 -2.224 0.17 0.216 0.048219 20000 1.000000
245.995000 32.722500 -2.702 -1.753 0.18 0.207 0.090048 20000 1.000000
244.721000 39.910200 -6.847 -2.68 0.188 0.228 0.043486 20000 1.000000
245.543000 36.154200 -6.129 -2.435 0.177 0.211 0.055786 20000 1.000000
245.180000 41.724200 -6.628 -2.651 0.168 0.218 0.026773 20000 1.000000
242.670000 41.428700 -6.297 -1.685 0.167 0.219 0.060451 20000 1.000000
242.935000 42.981700 -6.268 -2.716 0.165 0.222 0.034964 20000 1.000000
235.925000 40.876300 -7.077 1.774 0.214 0.265 0.068874 20000 1.000000
236.274000 38.928300 -15.845 7.154 0.163 0.209 0.048935 20000 1.000000
237.585000 40.997600 -6.913 -0.869 0.192 0.26 -0.055499 20000 1.000000
235.986000 42.967400 -5.683 0.856 0.17 0.234 0.067960 20000 1.000000
243.830000 32.616500 -25.12 4.706 0.173 0.202 0.053234 20000 1.000000
238.997000 35.551800 -14.998 9.003 0.168 0.206 0.052209 20000 1.000000
242.015000 39.305600 -6.397 -2.322 0.173 0.223 0.004842 20000 1.000000
242.395000 39.287900 -5.867 -2.362 0.172 0.217 0.037163 20000 1.000000
243.576000 39.500500 -6.947 -2.279 0.167 0.219 0.068781 20000 1.000000
243.950000 39.546400 -6.765 -2.081 0.171 0.214 0.074405 20000 1.000000
244.111000 39.374200 -6.494 -2.819 0.168 0.212 0.060996 20000 1.000000
244.487000 39.536100 -7.074 -2.307 0.198 0.25 0.065656 20000 1.000000
244.568000 39.388600 -8.129 -2.982 0.164 0.21 0.051945 20000 1.000000
242.120000 40.433400 -6.677 -2.755 0.169 0.218 0.074873 20000 1.000000
245.308000 39.255200 -7.111 -2.339 0.175 0.216 0.100334 20000 1.000000
245.723000 39.119400 -6.111 -2.164 0.173 0.22 0.055540 20000 1.000000
246.129000 39.067300 -5.532 -1.957 0.17 0.215 0.037678 20000 1.000000
246.495000 39.268900 -5.944 -2.089 0.168 0.216 0.059159 20000 1.000000
242.532000 40.320600 -6.238 -2.833 0.174 0.223 -0.001529 20000 1.000000
246.946000 40.494000 -6.755 -2.179 0.168 0.216 0.069010 20000 1.000000
243.264000 40.495500 -6.933 -1.975 0.175 0.223 0.013878 20000 1.000000
243.721000 40.363200 -6.507 -2.227 0.167 0.218 0.054781 20000 1.000000
240.200000 39.572800 -6.535 -0.458 0.167 0.215 0.059511 20000 1.000000
242.469000 36.614300 -5.928 -1.578 0.168 0.206 0.053649 20000 1.000000
242.593000 36.804200 -6.759 -0.325 0.165 0.205 0.052909 20000 1.000000
242.006000 36.606000 -7.621 -0.771 0.179 0.214 0.140932 20000 1.000000
242.296000 37.200800 -6.896 -1.601 0.169 0.21 0.060929 20000 1.000000
240.463000 39.698400 -6.399 -0.831 0.174 0.223 0.062365 20000 1.000000
240.694000 39.795600 -6.97 -1.019 0.177 0.228 0.110563 20000 1.000000
241.126000 39.838800 -6.644 -1.039 0.177 0.223 0.005456 20000 1.000000
241.316000 39.888900 -6.623 -1.626 0.171 0.22 0.044172 20000 1.000000
241.841000 39.212300 -7.066 -1.921 0.165 0.213 0.043628 20000 1.000000
246.706000 41.856800 -5.732 -2.189 0.176 0.23 0.088432 20000 1.000000
246.958000 39.345100 -7.049 -2.122 0.171 0.215 0.055405 20000 1.000000
246.988000 41.817300 -7.455 -2.046 0.169 0.219 0.047093 20000 1.000000
246.722000 40.671300 -7.236 -2.219 0.172 0.221 0.036574 20000 1.000000
240.400000 39.499200 -6.543 -0.81 0.183 0.225 0.099379 20000 1.000000
240.931000 39.486100 -6.661 -1.528 0.17 0.217 0.045867 20000 1.000000
241.550000 39.133900 -6.18 -1.279 0.168 0.216 0.051561 20000 1.000000
241.062000 39.268000 -6.629 -1.294 0.177 0.225 0.018102 20000 1.000000
241.649000 39.454700 -7.041 -1.291 0.171 0.22 0.088361 20000 1.000000
241.995000 38.728800 -6.326 -1.932 0.17 0.215 0.047280 20000 1.000000
241.540000 38.724600 -6.66 -0.914 0.169 0.217 0.036771 20000 1.000000
241.070000 38.980900 -6.541 -1.232 0.165 0.217 0.043547 20000 1.000000
240.985000 38.704600 -6.428 -0.388 0.17 0.218 0.020173 20000 1.000000
240.541000 38.761400 -7.012 -1.053 0.177 0.221 -0.028962 20000 1.000000
240.523000 40.779800 -6.4 -1.815 0.181 0.227 0.132510 20000 1.000000
240.990000 40.242200 -6.625 -0.827 0.189 0.225 -0.009107 20000 1.000000
240.278000 39.908200 -6.649 -0.413 0.171 0.219 0.093549 20000 1.000000
239.307000 38.829200 -9.186 -1.363 0.19 0.22 0.155702 20000 1.000000
239.614000 39.046600 -8.126 -0.52 0.198 0.244 -0.018436 20000 1.000000
240.189000 39.123500 -6.015 1.385 0.174 0.221 -0.008507 20000 1.000000
239.107000 39.466700 -9.135 -0.801 0.183 0.226 0.145709 20000 1.000000
240.376000 41.357700 -6.419 -1.594 0.168 0.222 0.039827 20000 1.000000
239.716000 39.937400 -7.098 -0.952 0.163 0.211 0.049091 20000 1.000000
239.194000 40.418600 -6.698 -0.66 0.173 0.218 0.032068 20000 1.000000
239.923000 40.288900 -6.566 -1.267 0.17 0.219 0.070042 20000 1.000000
235.692000 40.247500 -13.285 7.355 0.164 0.215 0.050516 20000 1.000000
235.867000 40.551300 -8.786 4.063 0.165 0.216 0.034887 20000 1.000000
235.787000 40.637400 -7.176 3.821 0.183 0.238 0.008639 20000 1.000000
235.943000 40.219600 -11.961 4.142 0.17 0.222 0.061525 20000 1.000000
236.307000 40.119300 -10.487 2.383 0.178 0.236 0.096132 20000 1.000000
238.207000 36.485500 -15.128 8.838 0.165 0.205 0.047702 20000 1.000000
238.710000 35.945700 -13.337 6.557 0.171 0.211 0.085122 20000 1.000000
238.949000 36.302100 -16.008 7.062 0.169 0.209 0.049432 20000 1.000000
238.865000 36.425900 -15.367 7.332 0.17 0.21 0.066095 20000 1.000000
237.668000 37.534500 -14.474 6.026 0.193 0.221 -0.032939 20000 1.000000
237.623000 37.914500 -12.709 5.084 0.173 0.218 0.061041 20000 1.000000
236.819000 38.495000 -14.179 6.891 0.17 0.217 -0.015820 20000 1.000000
236.291000 39.117200 -15.307 6.268 0.186 0.234 0.039351 20000 1.000000
236.652000 38.987400 -13.527 4.55 0.176 0.221 0.126629 20000 1.000000
236.796000 39.242000 -13.141 2.714 0.167 0.217 0.037185 20000 1.000000
236.368000 42.275400 -6.098 0.553 0.174 0.23 0.048767 20000 1.000000
236.895000 39.319700 -11.532 1.232 0.175 0.223 0.062186 20000 1.000000
237.041000 38.664700 -12.204 4.711 0.185 0.252 0.070412 20000 1.000000
237.233000 38.428600 -12.942 4.272 0.169 0.216 0.066169 20000 1.000000
237.548000 38.239800 -12.34 3.507 0.171 0.215 0.046014 20000 1.000000
237.083000 38.866100 -11.868 2.18 0.164 0.21 0.042979 20000 1.000000
237.037000 39.398100 -10.651 6.276 0.192 0.237 0.004746 20000 1.000000
237.424000 38.777800 -10.191 0.888 0.178 0.236 0.022059 20000 1.000000
237.281000 39.260000 -7.131 -4.196 0.167 0.214 0.075800 20000 1.000000
237.696000 39.109300 -9.554 -0.951 0.173 0.22 0.045509 20000 1.000000
237.873000 37.069200 -15.18 5.828 0.195 0.24 0.197031 20000 1.000000
238.137000 36.962000 -15.209 7.392 0.19 0.226 0.002043 20000 1.000000
238.009000 37.201700 -13.47 5.919 0.195 0.238 -0.006883 20000 1.000000
238.203000 37.001000 -14.701 6.734 0.26 0.281 0.165839 20000 1.000000
238.274000 37.002400 -14.217 6.791 0.179 0.231 0.071730 20000 1.000000
238.349000 37.104500 -13.588 3.505 0.197 0.231 -0.018899 20000 1.000000
238.286000 37.203500 -13.245 4.077 0.173 0.215 0.083124 20000 1.000000
237.786000 37.329900 -15.022 7.037 0.167 0.209 0.059416 20000 1.000000
237.901000 37.336900 -13.607 6.291 0.17 0.224 0.029433 20000 1.000000
237.900000 37.722000 -10.99 3.179 0.25 0.292 -0.043469 20000 1.000000
237.781000 37.863900 -11.773 1.709 0.167 0.211 0.010658 20000 1.000000
237.942000 37.713900 -11.95 2.325 0.177 0.22 0.007967 20000 1.000000
238.210000 37.533000 -10.679 0.898 0.167 0.211 0.039441 20000 1.000000
238.313000 37.601800 -9.814 0.481 0.173 0.216 0.080723 20000 1.000000
238.022000 37.749400 -10.646 1.455 0.168 0.212 0.035553 20000 1.000000
238.214000 37.819000 -10.2 -0.585 0.173 0.216 0.040983 20000 1.000000
238.095000 36.621700 -15.528 10.126 0.17 0.212 0.043132 20000 1.000000
238.421000 36.724000 -15.593 7.845 0.168 0.208 0.039478 20000 1.000000
238.580000 36.800400 -10.277 4.799 0.167 0.208 0.045183 20000 1.000000
238.409000 36.858500 -15.523 7.637 0.168 0.21 0.035587 20000 1.000000
238.459000 36.814300 -15.379 7.308 0.17 0.209 0.056784 20000 1.000000
238.445000 36.903500 -13.626 4.212 0.169 0.209 0.033754 20000 1.000000
238.613000 36.637000 -15.975 7.68 0.177 0.22 0.005913 20000 1.000000
238.458000 37.007800 -12.779 4.054 0.168 0.21 0.055306 20000 1.000000
238.426000 37.213000 -9.869 0.93 0.167 0.209 0.052937 20000 1.000000
238.665000 36.918200 -10.484 -0.264 0.166 0.207 0.049051 20000 1.000000
238.645000 37.010800 -10.747 -0.84 0.177 0.22 0.022148 20000 1.000000
240.294000 37.713100 -8.549 -2.498 0.177 0.221 0.030091 20000 1.000000
238.812000 36.559500 -14.199 9.22 0.166 0.206 0.045986 20000 1.000000
238.131000 37.975600 -9.081 0.36 0.168 0.211 0.059847 20000 1.000000
238.936000 36.611600 -7.56 3.478 0.165 0.205 0.045924 20000 1.000000
238.732000 36.950000 -10.475 -0.307 0.172 0.214 0.066453 20000 1.000000
238.652000 36.811400 -10.522 1.18 0.169 0.21 0.045975 20000 1.000000
238.942000 37.169600 -8.673 -0.333 0.173 0.216 0.058990 20000 1.000000
238.347000 37.478400 -10.655 0.964 0.18 0.226 0.020664 20000 1.000000
238.531000 37.489600 -9.524 -0.238 0.167 0.21 0.030239 20000 1.000000
238.675000 37.581900 -9.78 0.375 0.17 0.215 0.040147 20000 1.000000
238.395000 37.932000 -10.686 -0.853 0.168 0.212 0.050316 20000 1.000000
238.536000 37.755300 -9.013 -0.869 0.172 0.215 0.050324 20000 1.000000
238.717000 37.385400 -10.027 -0.027 0.174 0.221 0.059790 20000 1.000000
237.782000 38.153000 -11.219 2.537 0.166 0.21 0.031875 20000 1.000000
237.904000 38.025100 -11.201 1.526 0.171 0.216 0.001950 20000 1.000000
237.805000 38.444200 -9.698 -0.013 0.177 0.234 0.059317 20000 1.000000
237.645000 38.999500 -9.37 -0.308 0.204 0.229 0.138554 20000 1.000000
238.905000 38.645300 -9.587 -1.05 0.166 0.211 0.050794 20000 1.000000
239.652000 35.544100 -12.45 6.191 0.171 0.208 0.043415 20000 1.000000
239.611000 35.841100 -11.058 6.274 0.171 0.209 0.034755 20000 1.000000
239.655000 35.837800 -10.728 3.033 0.172 0.212 0.053990 20000 1.000000
239.715000 35.806700 -10.588 4.073 0.175 0.213 0.048835 20000 1.000000
239.093000 35.933300 -15.453 6.759 0.167 0.206 0.045628 20000 1.000000
239.019000 36.417200 -9.53 0.488 0.168 0.209 0.055571 20000 1.000000
239.147000 36.515900 -8.521 0.19 0.171 0.214 0.047571 20000 1.000000
239.302000 36.024800 -15.268 6.908 0.169 0.212 0.045263 20000 1.000000
239.121000 36.140200 -16.181 8.717 0.168 0.206 0.046755 20000 1.000000
239.251000 36.106800 -14.593 8.002 0.166 0.204 0.049133 20000 1.000000
239.272000 36.178900 -8.479 0.611 0.166 0.204 0.048056 20000 1.000000
239.355000 35.922800 -13.742 7.477 0.168 0.208 0.029933 20000 1.000000
239.525000 36.007500 -3.046 3.354 0.182 0.217 0.063709 20000 1.000000
239.457000 36.089400 -9.807 2.234 0.172 0.212 0.048270 20000 1.000000
239.560000 36.123200 -8.421 0.772 0.167 0.206 0.048320 20000 1.000000
239.158000 35.697100 -15.286 7.933 0.181 0.216 0.088883 20000 1.000000
239.637000 36.051700 -8.285 1.07 0.169 0.206 0.048257 20000 1.000000
239.448000 35.974100 -13.603 6.614 0.184 0.217 -0.000604 20000 1.000000
239.706000 36.015800 -8.569 1.255 0.169 0.209 0.028512 20000 1.000000
239.723000 36.304400 -9.29 0.439 0.17 0.21 0.050105 20000 1.000000
239.257000 36.806300 -7.906 -1.025 0.169 0.213 0.037033 20000 1.000000
239.803000 37.352200 -9.783 -0.722 0.174 0.218 0.058540 20000 1.000000
239.356000 37.795200 -9.675 -1.03 0.175 0.214 0.068708 20000 1.000000
240.160000 37.901100 -6.614 0.301 0.189 0.223 -0.043315 20000 1.000000
239.049000 38.090000 -9.591 -0.728 0.171 0.215 0.039370 20000 1.000000
239.666000 38.735600 -8.572 -0.462 0.176 0.215 0.068088 20000 1.000000
241.480000 37.177600 -4.498 2.262 0.167 0.209 0.044969 20000 1.000000
236.283000 39.863600 -14.495 1.924 0.208 0.263 -0.018923 20000 1.000000
236.448000 39.905700 -14.163 1.253 0.186 0.248 0.031386 20000 1.000000
236.628000 39.452400 -13.318 1.38 0.167 0.215 0.044914 20000 1.000000
236.705000 39.707100 -12.416 -0.857 0.176 0.226 -0.023746 20000 1.000000
236.813000 39.492800 -12.078 1.577 0.182 0.254 0.060980 20000 1.000000
236.817000 39.962100 -8.252 -0.008 0.166 0.217 0.003966 20000 1.000000
236.344000 40.256800 -10.702 1.568 0.167 0.22 0.058064 20000 1.000000
236.117000 41.151700 -6.811 0.946 0.168 0.221 0.066779 20000 1.000000
236.301000 40.575300 -7.467 1.671 0.177 0.227 0.102290 20000 1.000000
236.427000 40.478900 -8.522 0.267 0.21 0.27 0.245728 20000 1.000000
236.548000 40.082200 -11.129 1.938 0.164 0.214 0.054184 20000 1.000000
236.864000 40.324100 -7.755 0.11 0.164 0.215 0.046259 20000 1.000000
236.676000 40.732900 -6.797 -0.028 0.164 0.216 0.020663 20000 1.000000
236.826000 40.546700 -8.428 -0.243 0.265 0.325 -0.063072 20000 1.000000
237.024000 39.621400 -9.446 -0.411 0.174 0.218 0.084430 20000 1.000000
237.264000 39.493600 -10.249 -3.51 0.164 0.211 0.040896 20000 1.000000
237.077000 40.747600 -8.011 -1.615 0.172 0.223 0.033979 20000 1.000000
237.332000 40.034100 -8.484 -0.051 0.169 0.217 0.034857 20000 1.000000
237.393000 40.650700 -7.901 -0.465 0.175 0.231 0.001082 20000 1.000000
237.729000 40.271200 -8.69 -0.739 0.176 0.227 -0.010482 20000 1.000000
239.132000 39.794700 -8.088 -0.425 0.185 0.243 0.018671 20000 1.000000
239.052000 41.183300 -6.994 -0.701 0.168 0.224 0.036820 20000 1.000000
237.681000 40.731100 -6.704 -1.909 0.197 0.239 0.053046 20000 1.000000
235.774000 42.209100 -8.91 1.899 0.168 0.219 0.036445 20000 1.000000
235.946000 42.860100 -4.643 0.781 0.187 0.244 0.123063 20000 1.000000
236.617000 42.503500 -5.582 0.372 0.17 0.227 0.056099 20000 1.000000
237.344000 42.191000 -4.865 -0.266 0.168 0.226 0.021971 20000 1.000000
238.220000 42.259700 -4.175 -0.941 0.166 0.219 0.044722 20000 1.000000
239.622000 42.468800 -5.515 -1.674 0.169 0.228 0.013005 20000 1.000000
241.588000 42.254600 -6.822 -1.627 0.164 0.219 0.040986 20000 1.000000
243.371000 36.071300 -5.916 -1.676 0.181 0.222 0.115454 20000 1.000000
242.835000 36.022500 -6.933 -1.991 0.178 0.211 0.044168 20000 1.000000
242.590000 36.159000 -6.181 -1.221 0.181 0.221 0.084254 20000 1.000000
241.868000 36.466800 -4.033 -1.165 0.19 0.238 -0.148944 20000 1.000000
242.211000 36.531200 -6.905 -1.174 0.201 0.243 0.009443 20000 1.000000
241.909000 36.570200 -4.597 -0.234 0.192 0.219 -0.007256 20000 1.000000
241.882000 36.975700 -6.444 -0.369 0.166 0.206 0.051872 20000 1.000000
242.064000 37.231400 -5.907 -1.112 0.171 0.21 0.087924 20000 1.000000
242.606000 34.462400 -9.581 2.44 0.181 0.212 0.041627 20000 1.000000
242.459000 33.562100 -14.067 6.327 0.171 0.202 0.082192 20000 1.000000
242.895000 32.889200 -16.876 6.755 0.172 0.201 0.039376 20000 1.000000
243.050000 32.733800 -17.825 6.902 0.168 0.198 0.052224 20000 1.000000
242.756000 32.666400 -17.28 6.983 0.191 0.215 0.133384 20000 1.000000
242.810000 33.439600 -13.664 6.139 0.17 0.201 0.060762 20000 1.000000
242.928000 33.235700 -16.164 6.537 0.179 0.205 0.105504 20000 1.000000
243.217000 33.493300 -14.103 4.722 0.171 0.202 0.052609 20000 1.000000
243.651000 32.976000 -15.377 3.778 0.175 0.205 0.061051 20000 1.000000
243.989000 32.822200 -13.433 -7.691 0.176 0.206 0.005853 20000 1.000000
243.329000 33.240200 -14.434 5.665 0.178 0.208 0.052255 20000 1.000000
243.431000 33.059200 -17.23 5.275 0.197 0.231 0.056358 20000 1.000000
243.379000 33.375600 -15.116 3.918 0.175 0.205 0.094892 20000 1.000000
243.591000 33.210200 -13.728 5.879 0.188 0.221 0.052084 20000 1.000000
243.817000 33.213500 -11.603 1.726 0.174 0.205 0.044949 20000 1.000000
243.921000 33.201000 -10.831 -0.548 0.173 0.205 0.047740 20000 1.000000
243.888000 33.296200 -9.387 -0.636 0.178 0.21 -0.014554 20000 1.000000
243.574000 33.523500 -10.187 0.571 0.182 0.208 0.121644 20000 1.000000
243.773000 33.574700 -9.083 -0.078 0.179 0.218 0.068080 20000 1.000000
244.031000 32.887000 -11.187 -6.628 0.176 0.207 0.038733 20000 1.000000
244.175000 32.954700 -10.506 -3.369 0.173 0.202 0.052002 20000 1.000000
244.268000 32.759700 7.461 1.154 0.182 0.214 0.061016 20000 1.000000
244.404000 32.750600 -1.614 -3.503 0.181 0.208 0.030139 20000 1.000000
244.423000 32.834700 -4.232 -3.747 0.179 0.21 0.045712 20000 1.000000
244.430000 32.898400 -5.049 -3.044 0.184 0.212 0.078586 20000 1.000000
244.700000 32.690000 -0.282 -6.183 0.173 0.202 0.055267 20000 1.000000
244.602000 32.875800 -2.359 -5.754 0.182 0.212 0.074269 20000 1.000000
244.578000 32.982500 -4.05 -7.13 0.18 0.213 0.086145 20000 1.000000
244.280000 32.948900 -7.7 -3.333 0.177 0.208 0.042188 20000 1.000000
244.234000 33.516400 -7.629 -3.435 0.181 0.212 0.111379 20000 1.000000
244.313000 33.423900 -6.07 -4.111 0.191 0.222 0.078070 20000 1.000000
244.571000 33.247800 -5.77 -5.561 0.179 0.208 0.044651 20000 1.000000
244.657000 33.143600 -5.934 -4.478 0.18 0.21 -0.006412 20000 1.000000
244.704000 33.886900 -6.004 -4.223 0.181 0.208 0.065947 20000 1.000000
240.305000 37.562600 -6.928 2.357 0.186 0.218 0.156363 20000 1.000000
239.350000 34.907300 -16.494 8.252 0.166 0.202 0.046956 20000 1.000000
239.590000 35.010700 -14.992 7.523 0.171 0.207 0.050013 20000 1.000000
239.760000 34.870600 -16.348 7.132 0.168 0.203 0.058936 20000 1.000000
239.617000 35.106200 -15.433 7.446 0.179 0.214 0.132764 20000 1.000000
241.822000 34.376400 -11.572 4.268 0.17 0.205 0.053320 20000 1.000000
239.925000 35.020000 -11.433 7.683 0.167 0.203 0.045220 20000 1.000000
240.208000 34.507800 -15.183 8.004 0.175 0.205 0.048024 20000 1.000000
240.384000 34.630500 -15.684 6.608 0.168 0.204 0.038536 20000 1.000000
240.185000 34.888600 -13.035 5.183 0.166 0.202 0.055170 20000 1.000000
240.464000 35.086600 -12.224 3.207 0.167 0.204 0.054251 20000 1.000000
239.192000 35.425800 -15.258 8.715 0.168 0.205 0.036003 20000 1.000000
239.455000 35.327800 -14.979 7.625 0.172 0.211 0.088888 20000 1.000000
239.646000 35.440500 -14.17 7.73 0.169 0.206 0.043303 20000 1.000000
239.520000 35.624800 -12.713 9.687 0.167 0.205 0.049866 20000 1.000000
239.463000 35.792700 -14.103 7.304 0.169 0.208 0.061213 20000 1.000000
239.733000 35.633800 -13.03 5.781 0.17 0.206 0.069728 20000 1.000000
239.629000 35.747900 -13.023 5.613 0.169 0.207 0.052844 20000 1.000000
237.762000 37.061200 -15.847 8.023 0.168 0.21 0.076385 20000 1.000000
239.899000 35.235100 -13.64 7.033 0.19 0.222 0.098833 20000 1.000000
239.975000 35.279800 -13.763 5.464 0.172 0.212 0.020410 20000 1.000000
240.065000 35.316800 -12.75 5.489 0.172 0.211 0.056156 20000 1.000000
239.887000 35.534200 -13.197 4.345 0.179 0.219 0.050159 20000 1.000000
239.818000 35.702700 -11.534 2.991 0.169 0.207 0.040362 20000 1.000000
239.869000 35.801300 -9.879 1.946 0.177 0.21 0.061229 20000 1.000000
239.999000 35.686700 -10.039 2.082 0.172 0.208 0.011540 20000 1.000000
239.707000 35.688900 -13.285 5.537 0.167 0.205 0.045701 20000 1.000000
240.287000 35.319000 -11.862 3.837 0.182 0.221 0.041638 20000 1.000000
240.091000 35.934700 -8.737 0.712 0.168 0.207 0.053227 20000 1.000000
240.496000 34.466800 -14.224 4.586 0.167 0.201 0.052104 20000 1.000000
240.674000 34.599600 -15.419 3.353 0.178 0.218 0.135219 20000 1.000000
240.885000 34.660100 -13.581 3.912 0.175 0.21 0.110537 20000 1.000000
240.845000 34.856200 -13.018 3.679 0.25 0.35 -0.042917 20000 1.000000
239.755000 35.686700 -12.659 5.347 0.168 0.205 0.043876 20000 1.000000
241.121000 34.835100 -11.227 2.515 0.169 0.204 0.065492 20000 1.000000
241.152000 34.792300 -12.837 5.118 0.175 0.215 0.062110 20000 1.000000
241.331000 34.695000 -10.167 2.309 0.178 0.214 0.121379 20000 1.000000
241.454000 34.771100 -10.001 3.062 0.17 0.206 0.047790 20000 1.000000
241.344000 34.944400 -10.027 2.495 0.177 0.212 0.013271 20000 1.000000
241.388000 35.138600 -8.966 1.334 0.169 0.204 0.032120 20000 1.000000
241.382000 34.838900 -11.031 2.77 0.176 0.212 0.052805 20000 1.000000
241.459000 34.821800 -10.63 3.178 0.179 0.214 0.066751 20000 1.000000
241.811000 34.982100 -8.348 2.334 0.17 0.206 0.040906 20000 1.000000
241.876000 35.378000 -8.347 1.135 0.17 0.205 0.043470 20000 1.000000
241.740000 35.667300 -6.494 -0.282 0.176 0.21 0.057949 20000 1.000000
241.233000 36.231400 -7.871 -1.452 0.176 0.212 0.100813 20000 1.000000
241.045000 36.585500 -8.929 -0.204 0.17 0.211 0.038717 20000 1.000000
241.740000 36.093100 -6.908 -0.123 0.171 0.208 0.037379 20000 1.000000
241.994000 35.038800 -8.305 1.963 0.17 0.206 0.058940 20000 1.000000
242.271000 34.509700 -10.304 2.264 0.17 0.204 0.048863 20000 1.000000
242.451000 34.634300 -9.643 1.352 0.17 0.204 0.053914 20000 1.000000
242.457000 34.987000 -7.91 1.313 0.173 0.207 0.080936 20000 1.000000
243.048000 33.892600 -10.883 3.05 0.169 0.202 0.054985 20000 1.000000
243.454000 34.019300 -9.068 2.039 0.17 0.202 0.047183 20000 1.000000
242.719000 34.534800 -9.422 1.33 0.2 0.214 -0.049869 20000 1.000000
241.969000 34.332200 -11.795 3.449 0.172 0.206 0.077435 20000 1.000000
242.635000 35.116800 -7.103 0.279 0.171 0.208 0.037337 20000 1.000000
241.983000 35.152400 -9.049 1.947 0.171 0.208 0.049920 20000 1.000000
242.697000 35.238500 -7.359 0.307 0.171 0.207 0.045878 20000 1.000000
242.795000 35.387900 -7.539 -0.386 0.167 0.203 0.059081 20000 1.000000
242.610000 35.896700 -6.272 -0.82 0.185 0.224 0.044552 20000 1.000000
242.597000 35.697600 -7.08 -0.759 0.17 0.206 0.052849 20000 1.000000
243.111000 35.998200 -5.83 -1.422 0.179 0.21 0.046618 20000 1.000000
243.112000 35.710600 -7.008 -0.869 0.169 0.207 0.061626 20000 1.000000
243.290000 34.192500 -8.159 1.459 0.174 0.205 0.045574 20000 1.000000
243.463000 34.217200 -8.032 0.148 0.173 0.204 0.063037 20000 1.000000
243.788000 33.865800 -8.226 -1.369 0.17 0.202 0.063437 20000 1.000000
243.920000 33.959300 -6.598 -2.019 0.172 0.202 0.052698 20000 1.000000
239.772000 35.729200 -7.672 3.697 0.17 0.206 0.062099 20000 1.000000
243.971000 34.716900 -6.128 -2.837 0.175 0.207 0.037281 20000 1.000000
243.329000 34.936800 -4.595 -0.25 0.171 0.206 0.062495 20000 1.000000
242.063000 34.341100 -12.47 3.173 0.18 0.219 0.031443 20000 1.000000
243.120000 34.462100 -8.371 1.363 0.17 0.204 0.055037 20000 1.000000
244.179000 33.741000 -6.644 -3.06 0.175 0.209 0.033292 20000 1.000000
243.107000 34.062700 -10.659 1.304 0.32 0.388 -0.005691 20000 1.000000
244.236000 34.425700 -6.357 -3.374 0.211 0.226 0.088228 20000 1.000000
244.350000 35.204800 -6.3 -3.585 0.176 0.208 0.027053 20000 1.000000
242.685000 34.187400 -11.092 4.743 0.175 0.209 0.101149 20000 1.000000
242.950000 34.196200 -12.12 -2.24 0.206 0.214 0.130161 20000 1.000000
244.750000 34.731800 -6.845 -3.611 0.211 0.254 0.091553 20000 1.000000
243.237000 35.204600 -6.523 -1.641 0.17 0.205 0.059901 20000 1.000000
242.107000 35.424600 -8.693 0.437 0.188 0.222 0.044819 20000 1.000000
243.428000 35.320600 -7.09 -1.85 0.17 0.207 0.043084 20000 1.000000
243.896000 35.141900 -6.533 -2.827 0.182 0.209 0.028888 20000 1.000000
243.878000 35.526000 -5.866 -2.714 0.173 0.211 0.029697 20000 1.000000
243.855000 35.785400 -6.508 -2.489 0.17 0.207 0.043873 20000 1.000000
244.456000 35.472800 -6.425 -3.121 0.171 0.209 0.066674 20000 1.000000
244.634000 35.163000 -6.085 -3.478 0.178 0.214 0.028659 20000 1.000000
245.401000 34.188900 -6.058 -3.173 0.176 0.208 0.059175 20000 1.000000
245.035000 34.844400 -5.605 -2.986 0.178 0.212 0.040884 20000 1.000000
244.762000 35.291100 -6.368 -3.009 0.171 0.207 0.052434 20000 1.000000
241.621000 37.973100 -5.152 1.094 0.169 0.214 0.009281 20000 1.000000
241.000000 37.613000 -7.281 6.627 0.171 0.212 0.017813 20000 1.000000
241.084000 37.605300 -3.528 7.16 0.175 0.23 0.026384 20000 1.000000
240.914000 37.785700 -5.478 1.493 0.208 0.239 -0.057332 20000 1.000000
240.967000 37.913500 -7.541 0.299 0.165 0.208 0.052452 20000 1.000000
240.974000 37.696600 -6.535 0.631 0.195 0.233 0.152500 20000 1.000000
240.862000 37.839300 -4.297 0.848 0.182 0.221 0.054108 20000 1.000000
240.853000 37.962800 -5.399 0.565 0.167 0.208 0.050738 20000 1.000000
240.916000 37.914100 -7.334 0.671 0.171 0.212 0.055622 20000 1.000000
241.056000 37.734300 -7.212 0.212 0.167 0.211 0.055095 20000 1.000000
241.131000 37.654600 -6.075 1.384 0.168 0.212 0.046047 20000 1.000000
241.040000 37.891700 -6.602 1.19 0.177 0.216 0.045139 20000 1.000000
241.148000 37.878200 -6.541 0.94 0.168 0.211 0.031141 20000 1.000000
241.183000 37.591400 -2.298 6.762 0.171 0.225 0.102604 20000 1.000000
241.302000 37.561600 -5.868 1.325 0.172 0.236 0.024909 20000 1.000000
241.316000 37.495400 -2.313 1.819 0.167 0.209 0.053693 20000 1.000000
241.406000 37.541300 -5.541 0.567 0.168 0.211 0.048848 20000 1.000000
241.180000 37.677000 -5.647 1.739 0.167 0.21 0.054199 20000 1.000000
241.232000 37.754400 -7.284 -0.305 0.177 0.228 0.104865 20000 1.000000
240.981000 37.800000 -6.664 1.984 0.17 0.212 0.075937 20000 1.000000
241.264000 37.903500 -5.544 0.473 0.171 0.216 0.029214 20000 1.000000
241.445000 37.891300 -6.759 -0.63 0.176 0.218 0.090289 20000 1.000000
241.762000 37.589200 -7.067 -0.284 0.168 0.21 0.057359 20000 1.000000
241.528000 37.737500 -5.771 -0.184 0.174 0.215 0.076773 20000 1.000000
240.850000 38.057900 -3.431 0.277 0.175 0.215 0.050764 20000 1.000000
237.706000 41.381200 -6.824 0.123 0.174 0.222 0.102768 20000 1.000000
237.809000 41.479200 -7.49 -0.037 0.166 0.23 0.007704 20000 1.000000
237.687000 41.463600 -5.902 0.329 0.169 0.233 0.004696 20000 1.000000
237.847000 41.531900 -7.405 0.486 0.218 0.257 0.082660 20000 1.000000
238.493000 41.711600 -5.841 -0.399 0.165 0.219 0.049640 20000 1.000000
246.132000 42.878900 -6.34 -2.297 0.167 0.225 0.033749 20000 1.000000
241.275000 37.380400 -0.332 1.168 0.228 0.265 0.180893 20000 1.000000
241.439000 37.439500 -5.679 -0.307 0.179 0.219 0.042786 20000 1.000000
240.254000 37.088900 -9.028 -0.279 0.172 0.213 0.104286 20000 1.000000
241.853000 37.280500 -5.944 -0.963 0.169 0.212 0.047537 20000 1.000000
239.172000 41.359200 -6.253 -0.734 0.173 0.226 -0.020054 20000 1.000000
239.527000 41.332500 -6.322 -1.325 0.171 0.224 0.045602 20000 1.000000
235.587000 42.442000 -6.022 0.696 0.168 0.226 -0.007002 20000 1.000000
235.707000 42.076600 -6.316 0.737 0.175 0.225 0.071120 20000 1.000000
238.120000 42.579800 -5.148 -0.861 0.17 0.223 0.037669 20000 1.000000
237.390000 42.727100 -1.209 0.151 0.187 0.235 0.154913 20000 1.000000
240.341000 42.546100 -6.569 -0.255 0.167 0.224 0.040707 20000 1.000000
242.275000 42.020200 -8.297 -1.463 0.17 0.223 0.044453 20000 1.000000
243.404000 33.598200 -11.034 0.848 0.246 0.297 -0.111558 20000 1.000000
243.397000 33.495500 -15.324 5.796 0.174 0.208 0.062234 20000 1.000000
244.492000 32.829400 -3.13 -4.073 0.174 0.205 0.044567 20000 1.000000
238.928000 37.699000 -8.683 -0.453 0.171 0.214 0.039690 20000 1.000000
239.784000 35.693800 -10.932 3.917 0.178 0.215 0.070205 20000 1.000000
237.579000 41.830800 -2.606 -0.469 0.18 0.241 0.096815 20000 1.000000
236.019000 41.845500 -4.814 -0.846 0.201 0.3 -0.024805 20000 1.000000
238.521000 36.744300 -11.416 6.076 0.207 0.254 0.060232 20000 1.000000
239.528000 35.946600 -11.474 2.98 0.189 0.223 0.106997 20000 1.000000
239.485000 35.929100 -10.057 8.984 0.468 0.605 0.070904 20000 1.000000
236.427000 40.478800 -9.497 -0.017 0.203 0.264 0.254065 20000 1.000000
237.036000 39.845700 -6.29 1.827 0.167 0.218 0.017299 20000 1.000000
243.852000 34.508100 -6.181 -2.387 0.17 0.205 0.043702 20000 1.000000
245.241000 32.497900 -0.542 -2.428 0.206 0.238 0.050458 20000 1.000000
242.077000 34.508200 -10.851 3.477 0.175 0.209 0.060325 20000 1.000000
242.305000 34.925400 -8.552 1.698 0.177 0.214 0.034062 20000 1.000000
243.880000 36.579600 -6.395 -2.539 0.196 0.233 0.056106 20000 1.000000
239.522000 35.919900 -15.085 5.794 0.191 0.233 0.088554 20000 1.000000
242.818000 33.835700 -13.418 4.89 0.193 0.218 0.050686 20000 1.000000
243.506000 33.819200 -8.583 -0.358 0.182 0.211 0.065462 20000 1.000000
242.193000 34.091800 -12.93 4.629 0.176 0.218 0.043717 20000 1.000000
241.596000 33.743300 -15.181 6.863 0.172 0.203 0.074768 20000 1.000000
241.628000 33.779500 -15.503 6.777 0.233 0.279 0.041203 20000 1.000000
238.863000 36.161100 -15.702 7.676 0.172 0.212 0.049056 20000 1.000000
241.755000 34.628700 -10.087 3.604 0.197 0.235 0.025844 20000 1.000000
239.056000 39.974600 -7.622 -0.102 0.176 0.226 0.017177 20000 1.000000
242.317000 35.338700 -10.43 2.87 0.22 0.256 0.034438 20000 1.000000
240.280000 34.500000 -15.331 6.11 0.172 0.208 0.013272 20000 1.000000
243.375000 34.643900 -9.147 -0.181 0.176 0.207 0.031901 20000 1.000000
241.974000 34.019100 -14.279 4.071 0.189 0.227 -0.005006 20000 1.000000
239.475000 35.900000 -19.14 6.736 0.176 0.219 0.019777 20000 1.000000
241.807000 34.875100 -9.381 2.505 0.177 0.212 0.060703 20000 1.000000
240.816000 34.541500 -14.192 4.068 0.193 0.229 0.130405 20000 1.000000
244.877000 40.617200 -6.237 -2.96 0.171 0.226 0.036477 20000 1.000000
238.442000 37.666500 -9.698 -0.173 0.169 0.211 0.033553 20000 1.000000
241.245000 34.459800 -11.752 4.055 0.192 0.234 0.050088 20000 1.000000
242.138000 34.205600 -14.401 5.372 0.219 0.223 -0.018782 20000 1.000000
239.775000 40.591700 -6.97 -0.141 0.173 0.226 0.041473 20000 1.000000
240.984000 41.868400 -7.012 -1.927 0.176 0.231 0.118581 20000 1.000000
243.701000 35.971300 -6.359 -2.72 0.179 0.213 0.015774 20000 1.000000
243.789000 36.730500 -6.143 -2.972 0.19 0.228 0.107944 20000 1.000000
241.521000 34.438600 -13.142 2.742 0.195 0.229 0.011865 20000 1.000000
240.116000 39.314300 -3.987 0.253 0.169 0.222 0.024139 20000 1.000000
244.022000 33.292200 -8.385 -0.313 0.178 0.206 0.055307 20000 1.000000
244.412000 36.319600 -5.275 -1.788 0.19 0.224 0.052022 20000 1.000000
240.936000 34.319900 -14.653 6.38 0.168 0.202 0.053662 20000 1.000000
241.354000 34.059300 -14.968 5.762 0.175 0.207 0.025763 20000 1.000000
242.151000 33.992700 -14.393 5.401 0.184 0.216 0.060951 20000 1.000000
239.935000 34.004300 -16.334 8.28 0.176 0.209 0.033794 20000 1.000000
243.662000 36.644600 -5.927 -1.665 0.184 0.222 0.086513 20000 1.000000
243.426000 36.931600 -5.851 -1.907 0.313 0.367 0.096594 20000 1.000000
239.640000 35.917400 -11.746 -0.282 0.19 0.234 0.051212 20000 1.000000
241.585000 35.158200 -8.065 1.071 0.168 0.205 0.042791 20000 1.000000
243.923000 33.650600 -8.33 -0.718 0.176 0.209 0.101569 20000 1.000000
239.867000 34.483500 -16.216 5.01 0.179 0.217 0.022456 20000 1.000000
243.839000 33.641200 -8.879 0.886 0.187 0.218 0.065716 20000 1.000000
242.951000 39.542200 -7.054 -2.246 0.178 0.219 0.137892 20000 1.000000
242.816000 38.097200 -6.58 -2.1 0.169 0.213 0.026599 20000 1.000000
241.669000 33.797800 -14.977 6.862 0.183 0.215 0.065018 20000 1.000000
241.163000 34.248000 -14.451 7.907 0.174 0.207 0.091024 20000 1.000000
235.849000 41.053900 -5.329 4.048 0.168 0.221 0.013418 20000 1.000000
241.558000 34.069100 -14.809 6.232 0.19 0.217 0.087627 20000 1.000000
240.156000 34.413300 -17.456 5.497 0.207 0.222 -0.041011 20000 1.000000
241.198000 39.627100 -6.97 -1.952 0.167 0.215 0.066971 20000 1.000000
241.715000 34.024000 -14.857 3.672 0.25 0.284 0.143181 20000 1.000000
243.915000 33.030100 -13.012 1.125 0.172 0.203 0.035569 20000 1.000000
240.516000 34.851500 -13.098 4.949 0.183 0.219 0.066838 20000 1.000000
241.780000 34.178600 -14.151 4.713 0.222 0.236 0.130765 20000 1.000000
241.486000 34.126400 -14.082 5.748 0.17 0.204 0.054135 20000 1.000000
241.516000 34.293200 -13.806 4.269 0.176 0.209 0.055529 20000 1.000000
239.384000 34.556300 -17.969 7.726 0.23 0.265 0.010043 20000 1.000000
241.879000 34.501500 -11.858 3.787 0.194 0.221 0.045655 20000 1.000000
241.706000 33.712600 -14.812 7.764 0.176 0.21 0.042931 20000 1.000000
242.010000 34.030000 -14.195 4.379 0.199 0.235 0.025348 20000 1.000000
241.346000 37.664300 -5.055 0.506 0.24 0.299 0.066348 20000 1.000000
241.016000 35.010800 -11.003 3.255 0.191 0.228 0.031476 20000 1.000000
243.608000 33.934800 -8.706 -1.047 0.196 0.228 0.045562 20000 1.000000
241.258000 34.568500 -13.11 4.903 0.187 0.222 0.183084 20000 1.000000
241.586000 34.259400 -14.157 5.368 0.198 0.237 0.035988 20000 1.000000
243.068000 34.669000 -8.775 0.681 0.186 0.22 -0.063149 20000 1.000000
241.572000 33.958200 -14.67 6.572 0.251 0.266 -0.283421 20000 1.000000
243.346000 33.955300 -9.11 2.231 0.183 0.212 0.033438 20000 1.000000
243.111000 35.425200 -6.959 -4.239 0.181 0.217 0.035898 20000 1.000000
243.920000 35.287000 -6.032 -2.579 0.175 0.213 0.042874 20000 1.000000
