242.907000 34.116400 -7.731 3.148 0.197 0.251 0.010019 20000 1.000000
243.571000 34.594300 -5.075 0.761 0.167 0.206 0.029445 20000 1.000000
241.305000 34.824500 -8.368 4.211 0.173 0.211 0.043159 20000 1.000000
242.103000 34.126000 -10.852 6.588 0.257 0.287 0.093079 20000 1.000000
242.795000 40.412800 -5.158 -1.315 0.163 0.212 0.042342 20000 1.000000
240.970000 33.480500 -13.193 9.702 0.191 0.225 0.002435 20000 1.000000
243.116000 34.264300 -6.827 3.688 0.189 0.235 0.120039 20000 1.000000
240.594000 34.920500 -9.777 6.102 0.167 0.204 0.020730 20000 1.000000
244.002000 34.000500 -4.569 -0.002 0.168 0.204 0.034429 20000 1.000000
242.935000 33.578200 -11.106 6.832 0.17 0.203 0.039433 20000 1.000000
243.920000 35.287000 -4.613 -3.259 0.17 0.209 0.051410 20000 1.000000
245.285000 33.610400 -3.695 -2.599 0.17 0.207 0.027262 20000 1.000000
243.947000 34.251400 -3.955 -0.445 0.17 0.205 0.046912 20000 1.000000
241.723000 34.184900 -11.54 7.366 0.197 0.236 0.076299 20000 1.000000
242.988000 34.918600 -5.766 1.665 0.17 0.208 0.060831 20000 1.000000
241.812000 34.292800 -9.733 4.878 0.246 0.26 -0.264834 20000 1.000000
242.156000 42.779500 -3.985 -0.953 0.165 0.225 0.042065 20000 1.000000
240.653000 35.157300 -9.651 2.916 0.17 0.212 0.063736 20000 1.000000
235.437000 42.836100 -0.175 2.196 0.173 0.232 0.028854 20000 1.000000
244.010000 33.655100 -5.763 0.194 0.204 0.241 0.057617 20000 1.000000
239.566000 35.939400 -6.591 4.932 0.166 0.207 0.018660 20000 1.000000
239.569000 35.888400 -8.598 8.921 0.191 0.228 0.040607 20000 1.000000
241.666000 33.311600 -12.68 9.716 0.165 0.199 0.048403 20000 1.000000
241.517000 33.445800 -12.387 9.847 0.171 0.207 0.021202 20000 1.000000
241.370000 34.138600 -11.838 7.908 0.203 0.23 0.131065 20000 1.000000
242.329000 35.565300 -5.766 1.774 0.171 0.212 0.043973 20000 1.000000
241.789000 33.876300 -10.715 6.818 0.177 0.215 0.100169 20000 1.000000
240.987000 34.806400 -10.594 5.933 0.185 0.246 -0.088159 20000 1.000000
243.664000 34.829500 -5.124 -0.601 0.183 0.216 0.034605 20000 1.000000
242.035000 34.244000 -12.695 3.256 0.197 0.253 -0.075510 20000 1.000000
237.881000 37.724100 -7.971 4.653 0.2 0.251 0.033404 20000 1.000000
241.974000 34.333400 -10.642 7.234 0.202 0.235 0.099806 20000 1.000000
242.172000 34.640500 -7.522 4.045 0.175 0.217 0.054435 20000 1.000000
241.063000 34.109600 -12.161 8.784 0.183 0.229 0.089567 20000 1.000000
241.873000 34.136700 -11.939 6.661 0.168 0.205 0.032903 20000 1.000000
242.521000 34.313800 -7.978 5.327 0.197 0.236 0.166468 20000 1.000000
242.291000 34.109900 -9.867 6.952 0.19 0.228 0.013982 20000 1.000000
245.126000 40.558400 -4.521 -1.276 0.178 0.218 0.094110 20000 1.000000
240.120000 34.414900 -12.312 8.927 0.173 0.211 0.003489 20000 1.000000
242.427000 35.071700 -5.674 3.11 0.173 0.21 0.098027 20000 1.000000
239.249000 35.791600 -11.389 9.381 0.173 0.212 0.031509 20000 1.000000
244.265000 33.069800 -7.383 3.013 0.176 0.213 0.038406 20000 1.000000
240.961000 34.168400 -12.501 8.841 0.181 0.222 0.059014 20000 1.000000
241.743000 33.861500 -10.949 7.023 0.273 0.336 0.040610 20000 1.000000
241.476000 34.253600 -11.351 7.652 0.178 0.22 0.067435 20000 1.000000
240.629000 34.408100 -12.279 7.609 0.191 0.235 0.024356 20000 1.000000
241.387000 34.516500 -10.959 5.53 0.173 0.209 0.031126 20000 1.000000
243.630000 34.124100 -5.001 2.017 0.182 0.217 0.010731 20000 1.000000
242.098000 34.082000 -10.346 6.406 0.176 0.214 -0.009517 20000 1.000000
244.212000 33.389800 -6.417 0.867 0.198 0.238 0.052146 20000 1.000000
242.140000 34.413400 -9.036 5.551 0.169 0.218 0.040800 20000 1.000000
242.588000 33.647700 -12.004 7.498 0.165 0.2 0.047636 20000 1.000000
241.170000 34.946200 -8.527 6 0.176 0.218 0.047450 20000 1.000000
245.061000 39.345200 -3.803 -1.246 0.174 0.22 0.043421 20000 1.000000
244.183000 40.914700 -5.039 -0.94 0.162 0.213 0.049655 20000 1.000000
241.574000 34.703100 -7.65 6.537 0.174 0.215 0.041398 20000 1.000000
242.474000 34.104200 -10.406 5.336 0.189 0.234 0.067997 20000 1.000000
239.991000 34.733000 -12.287 9.451 0.17 0.206 0.072993 20000 1.000000
243.064000 34.093600 -5.25 4.38 0.198 0.296 0.121964 20000 1.000000
241.116000 34.356300 -11.956 8.249 0.169 0.203 0.043932 20000 1.000000
246.195000 39.369400 -4.561 -0.418 0.169 0.214 0.041465 20000 1.000000
241.107000 34.800200 -10.202 4.777 0.189 0.231 0.039287 20000 1.000000
240.644000 40.416500 -4.041 -0.088 0.167 0.22 0.004759 20000 1.000000
240.136000 35.189400 -9.693 9.107 0.176 0.22 0.031563 20000 1.000000
244.479000 33.274800 -4.488 -1.978 0.176 0.209 0.053993 20000 1.000000
245.173000 33.051100 -3.227 -1.421 0.213 0.239 -0.039129 20000 1.000000
244.340000 34.784000 -3.429 -1.424 0.191 0.237 0.039920 20000 1.000000
245.810000 34.308600 -3.459 -0.829 0.173 0.208 0.062293 20000 1.000000
243.111000 35.425200 -4.365 4.869 0.246 0.298 0.037434 20000 1.000000
245.820000 40.640200 -5.542 -0.668 0.164 0.213 0.054169 20000 1.000000
239.584000 36.399000 -6.343 1.342 0.207 0.251 0.029986 20000 1.000000
241.887000 34.047400 -12.821 5.191 0.174 0.21 0.068572 20000 1.000000
243.570000 34.754800 -5.377 0.379 0.169 0.206 0.065493 20000 1.000000
238.530000 40.815900 -6.23 -0.269 0.166 0.219 0.033114 20000 1.000000
244.365000 33.705000 -4.647 -0.923 0.186 0.232 0.035084 20000 1.000000
239.520000 35.866700 -10.729 7.785 0.193 0.249 0.062189 20000 1.000000
242.155000 34.458200 -8.595 4.408 0.172 0.211 0.032349 20000 1.000000
239.598000 35.880800 -7.475 4.88 0.178 0.22 0.134175 20000 1.000000
240.812000 34.441200 -12.104 6.267 0.177 0.219 0.030662 20000 1.000000
244.089000 34.727300 -4.045 -0.863 0.172 0.21 0.060356 20000 1.000000
243.779000 33.796800 -5.317 2.059 0.177 0.218 0.078095 20000 1.000000
244.855000 34.157600 -4.239 -1.592 0.171 0.208 0.087180 20000 1.000000
241.526000 35.662300 -5.696 1.306 0.184 0.231 0.013195 20000 1.000000
240.992000 34.398500 -13.21 7.799 0.18 0.219 0.059036 20000 1.000000
243.827000 33.925400 -5.367 1.824 0.183 0.219 0.052100 20000 1.000000
242.165000 34.485500 -8.581 4.876 0.171 0.21 0.036844 20000 1.000000
243.060000 35.090200 -5.579 0.82 0.17 0.207 0.050443 20000 1.000000
242.246000 34.133300 -10.734 5.9 0.172 0.208 0.069909 20000 1.000000
239.406000 35.828700 -10.352 8.986 0.173 0.215 0.073558 20000 1.000000
240.896000 34.733600 -10.904 6.048 0.171 0.214 0.033590 20000 1.000000
239.557000 35.832600 -10.668 7.789 0.168 0.209 0.046147 20000 1.000000
242.563000 33.856800 -10.488 6.68 0.169 0.205 0.024717 20000 1.000000
238.778000 42.418300 -3.796 -0.268 0.231 0.312 0.021886 20000 1.000000
239.241000 36.186900 -7.555 3.233 0.172 0.209 0.099431 20000 1.000000
239.233000 36.180500 -12.347 9.746 0.17 0.209 0.053442 20000 1.000000
239.649000 34.038300 -13.537 10.401 0.172 0.211 -0.012103 20000 1.000000
243.904000 40.148400 -4.646 -1.531 0.17 0.222 -0.017980 20000 1.000000
242.682000 33.918400 -9.761 6.654 0.171 0.204 0.057166 20000 1.000000
239.566000 35.969500 -7.272 3.78 0.174 0.207 -0.003295 20000 1.000000
244.588000 40.710700 -4.595 -1.529 0.168 0.229 0.035834 20000 1.000000
241.122000 34.295500 -12.036 7.793 0.189 0.224 0.031586 20000 1.000000
242.118000 34.175200 -9.601 7.656 0.237 0.265 -0.258690 20000 1.000000
242.790000 34.230800 -7.72 4.852 0.232 0.248 0.233030 20000 1.000000
245.381000 34.767700 -3.611 -1.006 0.183 0.223 0.058475 20000 1.000000
242.491000 39.685600 -4.8 -0.925 0.173 0.221 0.043446 20000 1.000000
240.859000 34.498700 -11.792 6.444 0.167 0.205 0.028250 20000 1.000000
243.932000 34.141000 -3.906 0.219 0.17 0.205 0.075502 20000 1.000000
244.082000 34.369900 -4.369 -1.356 0.171 0.208 0.008986 20000 1.000000
243.695000 34.427700 -3.95 0.562 0.173 0.214 -0.008082 20000 1.000000
243.708000 34.533000 -4.354 0.535 0.174 0.21 0.028245 20000 1.000000
243.185000 34.674900 -5.718 1.869 0.168 0.205 0.065683 20000 1.000000
241.793000 34.128800 -12.003 6.366 0.166 0.203 0.039240 20000 1.000000
240.647000 34.683400 -11.917 6.52 0.192 0.237 -0.002119 20000 1.000000
242.814000 39.521100 -4.281 -1.349 0.168 0.215 0.052560 20000 1.000000
245.995000 32.722500 -4.044 -0.383 0.175 0.206 0.093642 20000 1.000000
244.721000 39.910200 -4.59 -0.557 0.184 0.227 0.029008 20000 1.000000
245.543000 36.154200 -4.835 -1.407 0.169 0.206 0.049673 20000 1.000000
245.180000 41.724200 -4.235 -0.081 0.165 0.217 0.019708 20000 1.000000
242.670000 41.428700 -4.733 -0.942 0.164 0.218 0.061926 20000 1.000000
242.935000 42.981700 -4.228 -0.201 0.162 0.221 0.024151 20000 1.000000
235.925000 40.876300 -2.62 2.956 0.216 0.269 0.078995 20000 1.000000
236.274000 38.928300 -10.685 10.433 0.164 0.211 0.005635 20000 1.000000
235.986000 42.967400 -0.351 0.966 0.169 0.233 0.069422 20000 1.000000
243.830000 32.616500 -13.36 7.864 0.168 0.2 0.037611 20000 1.000000
238.997000 35.551800 -11.928 10.435 0.167 0.207 0.051366 20000 1.000000
242.015000 39.305600 -4.922 -1.017 0.17 0.222 0.029115 20000 1.000000
242.395000 39.287900 -5.678 -0.942 0.168 0.214 0.040797 20000 1.000000
243.576000 39.500500 -4.276 -1.467 0.163 0.217 0.062347 20000 1.000000
243.950000 39.546400 -4.923 -1.39 0.168 0.213 0.074488 20000 1.000000
244.111000 39.374200 -4.929 -0.73 0.164 0.211 0.063167 20000 1.000000
244.487000 39.536100 -4.185 -1.306 0.164 0.214 0.050218 20000 1.000000
244.568000 39.388600 -2.661 -0.342 0.16 0.208 0.047265 20000 1.000000
242.120000 40.433400 -4.913 -0.83 0.167 0.218 0.085111 20000 1.000000
245.308000 39.255200 -4.489 -1.29 0.169 0.213 0.097084 20000 1.000000
245.723000 39.119400 -4.859 -0.155 0.177 0.23 0.059853 20000 1.000000
246.129000 39.067300 -4.798 -0.991 0.164 0.212 0.036027 20000 1.000000
246.495000 39.268900 -4.435 -0.438 0.163 0.215 0.061486 20000 1.000000
242.532000 40.320600 -5.714 -0.05 0.171 0.219 0.008743 20000 1.000000
246.946000 40.494000 -4.455 0.213 0.163 0.214 0.066737 20000 1.000000
243.264000 40.495500 -4.895 -1.248 0.172 0.222 0.009125 20000 1.000000
243.721000 40.363200 -4.641 -1.693 0.162 0.213 0.062832 20000 1.000000
240.200000 39.572800 -5.95 0.753 0.165 0.214 0.037901 20000 1.000000
242.469000 36.614300 -5.322 -0.247 0.164 0.204 0.041360 20000 1.000000
242.593000 36.804200 -4.665 -1.518 0.161 0.202 0.046547 20000 1.000000
242.006000 36.606000 -4.527 0.581 0.177 0.215 0.143238 20000 1.000000
242.296000 37.200800 -3.298 -0.421 0.166 0.209 0.049888 20000 1.000000
240.463000 39.698400 -5.322 -0.441 0.173 0.224 0.054180 20000 1.000000
240.694000 39.795600 -4.569 -1.088 0.176 0.233 0.111929 20000 1.000000
241.126000 39.838800 -5.215 -1.019 0.172 0.22 0.019375 20000 1.000000
241.316000 39.888900 -4.649 -0.154 0.168 0.219 0.030939 20000 1.000000
241.841000 39.212300 -4.44 -0.653 0.165 0.213 0.054929 20000 1.000000
246.706000 41.856800 -5.607 -0.524 0.172 0.228 0.089125 20000 1.000000
246.958000 39.345100 -4.259 -0.688 0.167 0.213 0.052811 20000 1.000000
246.988000 41.817300 -3.208 -0.716 0.164 0.217 0.044882 20000 1.000000
246.722000 40.671300 -4.542 -0.915 0.167 0.219 0.049781 20000 1.000000
240.400000 39.499200 -5.459 0.217 0.182 0.223 0.094987 20000 1.000000
240.931000 39.486100 -5.327 -0.188 0.168 0.217 0.048327 20000 1.000000
241.550000 39.133900 -5.295 -0.623 0.167 0.218 0.042440 20000 1.000000
241.062000 39.268000 -5.244 -0.12 0.18 0.232 0.033226 20000 1.000000
241.649000 39.454700 -4.746 -0.353 0.168 0.22 0.080009 20000 1.000000
241.995000 38.728800 -4.16 -0.881 0.169 0.215 0.064252 20000 1.000000
241.540000 38.724600 -5.124 -0.707 0.167 0.215 0.048516 20000 1.000000
241.070000 38.980900 -5.447 0.017 0.162 0.212 0.048354 20000 1.000000
240.985000 38.704600 -5.335 0.463 0.172 0.222 -0.029214 20000 1.000000
240.541000 38.761400 -5.549 1.293 0.172 0.216 -0.023180 20000 1.000000
240.523000 40.779800 -5.793 -0.667 0.181 0.227 0.129097 20000 1.000000
240.990000 40.242200 -5.4 -1.065 0.183 0.222 -0.015068 20000 1.000000
240.278000 39.908200 -5.865 0.339 0.168 0.219 0.100982 20000 1.000000
239.307000 38.829200 -6.234 1.642 0.19 0.221 0.154612 20000 1.000000
239.614000 39.046600 -6.308 0.99 0.187 0.233 -0.032097 20000 1.000000
240.189000 39.123500 -8.786 1.279 0.168 0.218 -0.013423 20000 1.000000
239.107000 39.466700 -6.414 0.949 0.182 0.224 0.140329 20000 1.000000
240.376000 41.357700 -5.085 -0.113 0.165 0.221 0.024510 20000 1.000000
239.716000 39.937400 -5.432 2.02 0.159 0.208 0.038481 20000 1.000000
239.194000 40.418600 -5.463 -0.43 0.171 0.215 0.023314 20000 1.000000
239.923000 40.288900 -5.624 0.845 0.166 0.217 0.061657 20000 1.000000
235.692000 40.247500 -9.222 8.467 0.23 0.31 0.011446 20000 1.000000
235.867000 40.551300 -3.609 5.079 0.165 0.215 0.023975 20000 1.000000
235.787000 40.637400 -1.2 5.3 0.185 0.239 0.025192 20000 1.000000
235.943000 40.219600 -8.021 5.652 0.168 0.22 0.044154 20000 1.000000
236.307000 40.119300 -8.022 3.095 0.177 0.235 0.097172 20000 1.000000
238.207000 36.485500 -12.033 9.329 0.162 0.203 0.037900 20000 1.000000
238.710000 35.945700 -12.277 9.726 0.17 0.212 0.094912 20000 1.000000
238.949000 36.302100 -11.637 9.649 0.165 0.207 0.044533 20000 1.000000
238.865000 36.425900 -11.71 10.113 0.168 0.21 0.071950 20000 1.000000
237.668000 37.534500 -10.395 7.523 0.191 0.222 -0.052460 20000 1.000000
237.623000 37.914500 -9.17 5.465 0.171 0.218 0.053061 20000 1.000000
236.819000 38.495000 -9.631 9.425 0.166 0.216 -0.025825 20000 1.000000
236.291000 39.117200 -9.887 8.901 0.189 0.243 0.016955 20000 1.000000
236.652000 38.987400 -9.248 6.516 0.175 0.22 0.121151 20000 1.000000
236.796000 39.242000 -8.745 4.249 0.166 0.215 0.056916 20000 1.000000
236.368000 42.275400 -3.092 1.184 0.172 0.229 0.033951 20000 1.000000
236.895000 39.319700 -8.086 3.403 0.171 0.219 0.066742 20000 1.000000
237.041000 38.664700 -8.878 7.09 0.184 0.254 0.072460 20000 1.000000
237.233000 38.428600 -6.702 8.034 0.168 0.215 0.060192 20000 1.000000
237.548000 38.239800 -6.783 4.692 0.168 0.215 0.037854 20000 1.000000
237.083000 38.866100 -8.186 2.995 0.161 0.207 0.030593 20000 1.000000
237.037000 39.398100 -8.649 -0.361 0.192 0.241 -0.009643 20000 1.000000
237.424000 38.777800 -7.3 2.778 0.174 0.233 0.030267 20000 1.000000
237.281000 39.260000 -5.607 0.639 0.164 0.212 0.072476 20000 1.000000
237.696000 39.109300 -6.876 0.606 0.17 0.218 0.033700 20000 1.000000
237.873000 37.069200 -10.622 9.935 0.192 0.239 0.197582 20000 1.000000
238.137000 36.962000 -11.155 8.585 0.189 0.222 0.009830 20000 1.000000
238.009000 37.201700 -10.685 8.016 0.194 0.236 -0.022434 20000 1.000000
238.203000 37.001000 -10.648 8.01 0.252 0.28 0.154305 20000 1.000000
238.274000 37.002400 -9.65 8.137 0.178 0.231 0.061041 20000 1.000000
238.349000 37.104500 -9.374 5.7 0.195 0.234 -0.043213 20000 1.000000
238.286000 37.203500 -8.393 7.022 0.174 0.213 0.099508 20000 1.000000
237.786000 37.329900 -10.944 6.817 0.164 0.207 0.052411 20000 1.000000
237.901000 37.336900 -10.712 7.608 0.224 0.302 0.026883 20000 1.000000
237.900000 37.722000 -7.948 4.682 0.164 0.206 0.033232 20000 1.000000
237.781000 37.863900 -7.911 4.981 0.168 0.214 -0.013916 20000 1.000000
237.942000 37.713900 -7.978 3.602 0.176 0.222 -0.002795 20000 1.000000
238.174000 37.336800 -6.403 7.422 0.169 0.216 0.050582 20000 1.000000
238.210000 37.533000 -7.009 2.315 0.165 0.21 0.034339 20000 1.000000
238.313000 37.601800 -6.703 -5.616 0.175 0.217 0.101984 20000 1.000000
238.022000 37.749400 -7.847 2.989 0.166 0.208 0.036376 20000 1.000000
238.214000 37.819000 -6.707 1.926 0.17 0.214 0.021857 20000 1.000000
238.095000 36.621700 -11.762 7.284 0.166 0.209 0.033118 20000 1.000000
238.421000 36.724000 -10.977 9.956 0.166 0.208 0.026843 20000 1.000000
238.580000 36.800400 -9.021 6.854 0.165 0.206 0.021850 20000 1.000000
238.409000 36.858500 -11.304 8.914 0.166 0.209 0.022943 20000 1.000000
238.459000 36.814300 -11.617 8.782 0.171 0.21 0.053339 20000 1.000000
238.445000 36.903500 -10.108 7.456 0.169 0.209 0.015317 20000 1.000000
238.613000 36.637000 -10.966 9.899 0.173 0.218 -0.000840 20000 1.000000
238.458000 37.007800 -9.54 4.97 0.164 0.208 0.042746 20000 1.000000
238.426000 37.213000 -7.419 2.426 0.166 0.207 0.039194 20000 1.000000
238.665000 36.918200 -6.662 2.105 0.164 0.205 0.043555 20000 1.000000
238.645000 37.010800 -6.993 1.536 0.178 0.223 0.003512 20000 1.000000
240.294000 37.713100 -5.288 4.121 0.172 0.219 0.024560 20000 1.000000
238.812000 36.559500 -12.233 9.562 0.163 0.204 0.030085 20000 1.000000
238.131000 37.975600 -7.258 1.903 0.166 0.211 0.058436 20000 1.000000
238.936000 36.611600 -4.964 1.908 0.161 0.202 0.035855 20000 1.000000
238.732000 36.950000 -6.377 1.827 0.173 0.216 0.069618 20000 1.000000
238.652000 36.811400 -6.537 2.806 0.168 0.21 0.033483 20000 1.000000
238.942000 37.169600 -7.264 1.385 0.171 0.215 0.056560 20000 1.000000
238.347000 37.478400 -6.377 1.367 0.178 0.225 0.038377 20000 1.000000
238.531000 37.489600 -7.008 1.977 0.163 0.207 0.024087 20000 1.000000
238.675000 37.581900 -7.008 0.435 0.167 0.213 0.025825 20000 1.000000
238.395000 37.932000 -5.977 1.333 0.165 0.211 0.034820 20000 1.000000
238.536000 37.755300 -8.98 5.159 0.177 0.218 0.049043 20000 1.000000
238.717000 37.385400 -6.728 1.064 0.173 0.224 0.054080 20000 1.000000
237.782000 38.153000 -7.549 3.315 0.163 0.209 0.019977 20000 1.000000
237.904000 38.025100 -7.453 3.258 0.167 0.215 -0.011082 20000 1.000000
237.805000 38.444200 -6.855 1.988 0.174 0.233 0.063527 20000 1.000000
237.645000 38.999500 -6.562 0.341 0.202 0.227 0.138902 20000 1.000000
238.905000 38.645300 -6.679 0.114 0.169 0.216 0.044615 20000 1.000000
239.652000 35.544100 -11.402 7.896 0.17 0.209 0.040302 20000 1.000000
239.611000 35.841100 -11.065 7.692 0.172 0.212 0.018482 20000 1.000000
239.655000 35.837800 -7.744 4.851 0.17 0.213 0.027198 20000 1.000000
239.715000 35.806700 -8.313 4.068 0.178 0.22 0.039805 20000 1.000000
239.093000 35.933300 -12.005 9.165 0.164 0.205 0.037332 20000 1.000000
239.019000 36.417200 -6.979 3.023 0.166 0.21 0.051402 20000 1.000000
239.147000 36.515900 -5.918 1.862 0.17 0.216 0.021809 20000 1.000000
239.302000 36.024800 -10.938 9.332 0.165 0.21 0.034637 20000 1.000000
239.121000 36.140200 -11.592 8.934 0.166 0.206 0.037991 20000 1.000000
239.251000 36.106800 -12.064 9.388 0.162 0.202 0.040424 20000 1.000000
239.272000 36.178900 -5.717 2.789 0.162 0.202 0.038435 20000 1.000000
239.355000 35.922800 -11.384 8.858 0.164 0.205 0.025709 20000 1.000000
239.525000 36.007500 -7.822 5.31 0.178 0.215 0.048128 20000 1.000000
239.457000 36.089400 -2.07 2.484 0.163 0.203 0.037128 20000 1.000000
239.560000 36.123200 -6.387 3.506 0.163 0.203 0.036774 20000 1.000000
239.158000 35.697100 -11.683 9.236 0.17 0.205 0.083916 20000 1.000000
239.637000 36.051700 -6.513 2.309 0.166 0.204 0.036681 20000 1.000000
239.448000 35.974100 -10.037 8.363 0.182 0.216 -0.004668 20000 1.000000
239.706000 36.015800 -6.679 2.625 0.165 0.205 0.029753 20000 1.000000
239.723000 36.304400 -7.831 1.118 0.167 0.209 0.039364 20000 1.000000
239.257000 36.806300 -7.402 1.697 0.165 0.208 0.036127 20000 1.000000
239.803000 37.352200 -6.531 1.085 0.175 0.224 0.041404 20000 1.000000
239.356000 37.795200 -5.827 0.31 0.178 0.218 0.049033 20000 1.000000
240.160000 37.901100 -7.639 -0.421 0.182 0.221 -0.039974 20000 1.000000
239.049000 38.090000 -7.497 0.632 0.169 0.215 0.031983 20000 1.000000
239.666000 38.735600 -6.292 1.122 0.178 0.214 0.066685 20000 1.000000
241.480000 37.177600 -7.353 -0.685 0.163 0.208 0.028437 20000 1.000000
236.283000 39.863600 -9.359 5.918 0.202 0.26 -0.029409 20000 1.000000
236.448000 39.905700 -9.61 3.016 0.186 0.252 -0.001232 20000 1.000000
236.628000 39.452400 -8.733 3.417 0.165 0.214 0.038330 20000 1.000000
236.705000 39.707100 -9.5 1.851 0.174 0.224 -0.044639 20000 1.000000
236.813000 39.492800 -8.6 2.716 0.182 0.256 0.045482 20000 1.000000
236.817000 39.962100 -5.714 1.557 0.163 0.214 -0.008874 20000 1.000000
236.344000 40.256800 -6.813 2.139 0.164 0.218 0.051868 20000 1.000000
236.117000 41.151700 -4.602 1.077 0.166 0.219 0.052091 20000 1.000000
236.301000 40.575300 -5.607 0.318 0.174 0.226 0.085539 20000 1.000000
236.427000 40.478900 -6.122 0.407 0.202 0.263 0.245843 20000 1.000000
236.548000 40.082200 -7.219 2.408 0.162 0.212 0.041709 20000 1.000000
236.864000 40.324100 -4.572 -0.706 0.161 0.212 0.027616 20000 1.000000
236.676000 40.732900 -6.217 -0.965 0.162 0.214 0.007514 20000 1.000000
236.826000 40.546700 -5.026 -0.187 0.166 0.221 0.014997 20000 1.000000
237.024000 39.621400 -5.525 1.439 0.174 0.216 0.089404 20000 1.000000
237.126000 39.726200 -4.991 0.929 0.166 0.218 0.090284 20000 1.000000
237.077000 40.747600 -6.274 0.283 0.169 0.221 0.021809 20000 1.000000
237.332000 40.034100 -6.727 0.279 0.166 0.214 0.023265 20000 1.000000
237.393000 40.650700 -6.438 0.01 0.17 0.228 -0.004459 20000 1.000000
236.666000 40.887100 -6.409 -1.834 0.16 0.211 0.028629 20000 1.000000
237.729000 40.271200 -5.437 0.027 0.173 0.225 -0.027261 20000 1.000000
239.132000 39.794700 -4.727 0.97 0.163 0.217 0.006297 20000 1.000000
239.052000 41.183300 -5.438 -0.057 0.164 0.22 0.021806 20000 1.000000
237.681000 40.731100 -6.265 0.455 0.197 0.239 0.059244 20000 1.000000
235.774000 42.209100 1.508 1.463 0.168 0.216 0.019467 20000 1.000000
235.946000 42.860100 -1.323 1.156 0.187 0.247 0.107924 20000 1.000000
236.617000 42.503500 -3.511 0.255 0.165 0.221 0.037846 20000 1.000000
237.344000 42.191000 -5.12 -0.794 0.169 0.226 -0.003719 20000 1.000000
238.220000 42.259700 -5.619 -0.413 0.165 0.216 0.032129 20000 1.000000
239.622000 42.468800 -6.338 -1.033 0.169 0.23 -0.020032 20000 1.000000
241.588000 42.254600 -3.303 -0.036 0.16 0.216 0.032448 20000 1.000000
243.371000 36.071300 -4.334 -0.784 0.175 0.222 0.116346 20000 1.000000
242.835000 36.022500 -4.181 0.517 0.174 0.209 0.028726 20000 1.000000
242.590000 36.159000 -4.835 0.019 0.176 0.221 0.079879 20000 1.000000
241.868000 36.466800 -7.906 2.603 0.184 0.235 -0.149510 20000 1.000000
242.211000 36.531200 -4.998 0.227 0.162 0.205 0.041662 20000 1.000000
241.909000 36.570200 -5.719 0.786 0.186 0.217 -0.012501 20000 1.000000
241.882000 36.975700 -5.334 -0.04 0.162 0.204 0.044474 20000 1.000000
242.064000 37.231400 -5.063 -0.44 0.168 0.209 0.084687 20000 1.000000
242.606000 34.462400 -7.276 3.312 0.177 0.21 0.037720 20000 1.000000
242.459000 33.562100 -11.751 7.77 0.168 0.203 0.075621 20000 1.000000
242.895000 32.889200 -12.1 8.165 0.17 0.202 0.037504 20000 1.000000
243.050000 32.733800 -12.35 8.171 0.165 0.197 0.041972 20000 1.000000
242.756000 32.666400 -12.415 8.499 0.181 0.209 0.138410 20000 1.000000
242.810000 33.439600 -12.538 7.197 0.166 0.201 0.049113 20000 1.000000
242.928000 33.235700 -11.33 7.351 0.177 0.206 0.096674 20000 1.000000
243.217000 33.493300 -10.54 6.49 0.167 0.201 0.045431 20000 1.000000
243.651000 32.976000 -11.707 7.555 0.17 0.203 0.057863 20000 1.000000
243.989000 32.822200 -11.81 5.746 0.171 0.205 -0.004140 20000 1.000000
243.329000 33.240200 -11.091 7.167 0.176 0.209 0.048926 20000 1.000000
243.431000 33.059200 -11.16 7.579 0.166 0.198 0.039034 20000 1.000000
243.379000 33.375600 -10.798 6.709 0.176 0.211 0.090873 20000 1.000000
243.591000 33.210200 -10.436 6.115 0.18 0.219 0.043033 20000 1.000000
243.817000 33.213500 -9.643 4.808 0.168 0.201 0.052088 20000 1.000000
243.921000 33.201000 -9.268 4.071 0.169 0.204 0.040423 20000 1.000000
243.888000 33.296200 -8.601 3.056 0.173 0.209 -0.015598 20000 1.000000
243.574000 33.523500 -9.419 3.321 0.179 0.209 0.115112 20000 1.000000
243.773000 33.574700 -6.948 2.722 0.174 0.217 0.071695 20000 1.000000
244.031000 32.887000 -11.433 5.744 0.172 0.207 0.026439 20000 1.000000
244.175000 32.954700 -9.629 4.724 0.168 0.2 0.046472 20000 1.000000
244.268000 32.759700 -16.912 3.368 0.177 0.214 0.066832 20000 1.000000
244.404000 32.750600 -8.274 2.693 0.177 0.206 0.043813 20000 1.000000
244.423000 32.834700 -7.109 3.593 0.175 0.21 0.036952 20000 1.000000
244.430000 32.898400 -6.786 3.501 0.179 0.211 0.076593 20000 1.000000
244.700000 32.690000 -3.102 -0.565 0.168 0.201 0.044515 20000 1.000000
244.602000 32.875800 -2.842 -2.307 0.175 0.209 0.068075 20000 1.000000
244.578000 32.982500 -3.256 -1.476 0.176 0.214 0.091415 20000 1.000000
244.280000 32.948900 -8.077 4.129 0.173 0.208 0.026010 20000 1.000000
244.234000 33.516400 -5.313 0.519 0.178 0.212 0.117135 20000 1.000000
244.313000 33.423900 -4.86 -0.206 0.176 0.21 0.096149 20000 1.000000
244.571000 33.247800 -4.024 -1.162 0.173 0.207 0.042735 20000 1.000000
244.657000 33.143600 -2.916 -2.024 0.174 0.209 0.002685 20000 1.000000
244.704000 33.886900 -3.973 -1.552 0.177 0.207 0.057642 20000 1.000000
240.305000 37.562600 -7.45 -0.245 0.184 0.216 0.156085 20000 1.000000
239.350000 34.907300 -12.659 9.402 0.163 0.201 0.042290 20000 1.000000
239.590000 35.010700 -11.64 11.246 0.171 0.208 0.041721 20000 1.000000
239.760000 34.870600 -12.562 9.598 0.167 0.204 0.060237 20000 1.000000
239.617000 35.106200 -12.51 9.164 0.175 0.213 0.123583 20000 1.000000
241.822000 34.376400 -10.449 5.533 0.167 0.205 0.056020 20000 1.000000
239.925000 35.020000 -11.91 8.547 0.165 0.201 0.038183 20000 1.000000
240.208000 34.507800 -12.396 9.04 0.171 0.202 0.036159 20000 1.000000
240.384000 34.630500 -13.155 8.122 0.164 0.202 0.026453 20000 1.000000
240.185000 34.888600 -11.108 8.627 0.165 0.204 0.028141 20000 1.000000
240.464000 35.086600 -8.923 5.339 0.168 0.209 0.033367 20000 1.000000
239.192000 35.425800 -10.553 11.338 0.165 0.204 0.024839 20000 1.000000
239.455000 35.327800 -11.69 9.536 0.17 0.211 0.093000 20000 1.000000
239.646000 35.440500 -11.666 8.459 0.167 0.205 0.035295 20000 1.000000
239.520000 35.624800 -11.541 7.685 0.165 0.205 0.050532 20000 1.000000
239.463000 35.792700 -10.867 8.715 0.167 0.21 0.066686 20000 1.000000
239.733000 35.633800 -9.656 7.237 0.173 0.208 0.086410 20000 1.000000
239.629000 35.747900 -11.329 7.481 0.169 0.208 0.049791 20000 1.000000
237.762000 37.061200 -11.737 9.661 0.166 0.21 0.058070 20000 1.000000
239.899000 35.235100 -11.336 8.157 0.189 0.221 0.091966 20000 1.000000
239.975000 35.279800 -10.595 7.179 0.173 0.216 0.008862 20000 1.000000
240.065000 35.316800 -10.176 6.253 0.169 0.211 0.057522 20000 1.000000
239.887000 35.534200 -9.928 6.152 0.191 0.232 0.047189 20000 1.000000
239.818000 35.702700 -8.645 5.076 0.166 0.205 0.039965 20000 1.000000
239.869000 35.801300 -6.591 3.493 0.173 0.208 0.050676 20000 1.000000
239.999000 35.686700 -7.034 4.106 0.17 0.207 -0.005874 20000 1.000000
239.707000 35.688900 -10.036 7.063 0.165 0.204 0.034156 20000 1.000000
240.287000 35.319000 -8.292 3.702 0.181 0.223 0.038503 20000 1.000000
240.091000 35.934700 -6.19 2.34 0.166 0.205 0.046467 20000 1.000000
240.496000 34.466800 -12.625 7.529 0.163 0.199 0.040512 20000 1.000000
240.674000 34.599600 -11.631 7.509 0.174 0.216 0.133320 20000 1.000000
240.885000 34.660100 -11.18 6.517 0.174 0.21 0.115960 20000 1.000000
240.845000 34.856200 -10.189 4.949 0.235 0.347 -0.028563 20000 1.000000
239.755000 35.686700 -8.965 5.784 0.167 0.204 0.028924 20000 1.000000
241.121000 34.835100 -9.606 4.894 0.166 0.203 0.052658 20000 1.000000
241.152000 34.792300 -10.35 3.419 0.171 0.215 0.051250 20000 1.000000
241.331000 34.695000 -8.555 6.543 0.174 0.214 0.122417 20000 1.000000
241.454000 34.771100 -8.466 5.025 0.166 0.204 0.043716 20000 1.000000
241.344000 34.944400 -8.838 3.266 0.172 0.212 0.014205 20000 1.000000
241.388000 35.138600 -7.542 3.124 0.166 0.203 0.025635 20000 1.000000
241.382000 34.838900 -7.159 3.417 0.172 0.211 0.054516 20000 1.000000
241.459000 34.821800 -7.938 3.846 0.177 0.213 0.075593 20000 1.000000
241.811000 34.982100 -7.206 2.986 0.166 0.205 0.025257 20000 1.000000
241.876000 35.378000 -5.843 2.462 0.166 0.203 0.034199 20000 1.000000
241.740000 35.667300 -5.774 2.157 0.173 0.208 0.048766 20000 1.000000
241.233000 36.231400 -6.289 2.651 0.173 0.212 0.095939 20000 1.000000
241.045000 36.585500 -5.942 1.166 0.164 0.205 0.042508 20000 1.000000
241.740000 36.093100 -6.792 1.553 0.169 0.208 0.028650 20000 1.000000
241.994000 35.038800 -5.979 3.252 0.165 0.203 0.050110 20000 1.000000
242.271000 34.509700 -8.003 4.427 0.167 0.203 0.041633 20000 1.000000
242.451000 34.634300 -6.978 3.327 0.169 0.206 0.045939 20000 1.000000
242.457000 34.987000 -5.954 3.364 0.19 0.231 0.093253 20000 1.000000
243.048000 33.892600 -8.296 5.019 0.165 0.2 0.048187 20000 1.000000
243.454000 34.019300 -5.675 3.209 0.166 0.201 0.041850 20000 1.000000
242.719000 34.534800 -6.99 3.21 0.19 0.213 -0.042223 20000 1.000000
241.969000 34.332200 -9.93 6.45 0.168 0.205 0.070088 20000 1.000000
242.635000 35.116800 -5.556 2.375 0.168 0.205 0.040886 20000 1.000000
241.983000 35.152400 -5.639 3.054 0.167 0.205 0.048697 20000 1.000000
242.697000 35.238500 -5.148 1.834 0.169 0.208 0.040103 20000 1.000000
242.795000 35.387900 -4.992 1.972 0.163 0.201 0.051317 20000 1.000000
242.610000 35.896700 -5.964 1.109 0.18 0.225 0.037984 20000 1.000000
242.597000 35.697600 -5.784 1.387 0.166 0.204 0.043544 20000 1.000000
243.111000 35.998200 -4.802 -0.793 0.173 0.207 0.046353 20000 1.000000
243.112000 35.710600 -4.539 0.314 0.164 0.204 0.049619 20000 1.000000
243.290000 34.192500 -6.499 3.043 0.171 0.205 0.029496 20000 1.000000
243.463000 34.217200 -5.494 2.699 0.172 0.208 0.058193 20000 1.000000
243.788000 33.865800 -5.429 2.19 0.167 0.202 0.061811 20000 1.000000
243.920000 33.959300 -4.948 0.305 0.168 0.202 0.046236 20000 1.000000
239.772000 35.729200 -8.19 4.951 0.168 0.206 0.058692 20000 1.000000
243.971000 34.716900 -3.989 -1.505 0.172 0.207 0.019427 20000 1.000000
243.329000 34.936800 -4.913 0.491 0.167 0.205 0.055626 20000 1.000000
242.063000 34.341100 -9.766 5.535 0.179 0.22 0.023818 20000 1.000000
243.120000 34.462100 -6.412 2.469 0.167 0.203 0.047164 20000 1.000000
244.179000 33.741000 -4.08 -0.759 0.173 0.21 0.035443 20000 1.000000
243.107000 34.062700 -6.021 3.631 0.231 0.286 -0.000148 20000 1.000000
244.236000 34.425700 -3.79 -0.77 0.211 0.226 0.089466 20000 1.000000
244.350000 35.204800 -3.943 -0.801 0.172 0.208 0.021514 20000 1.000000
242.685000 34.187400 -8.265 5.878 0.17 0.207 0.094926 20000 1.000000
242.950000 34.196200 -5.428 7.143 0.202 0.213 0.127685 20000 1.000000
244.750000 34.731800 -3.786 -1.239 0.204 0.258 0.128296 20000 1.000000
243.237000 35.204600 -4.927 0.784 0.166 0.203 0.055570 20000 1.000000
242.107000 35.424600 -5.683 2.073 0.166 0.203 0.046132 20000 1.000000
243.428000 35.320600 -4.345 -0.144 0.167 0.207 0.038576 20000 1.000000
243.896000 35.141900 -4.183 -0.848 0.176 0.207 0.022790 20000 1.000000
243.878000 35.526000 -4.955 -1.665 0.168 0.209 0.029396 20000 1.000000
243.855000 35.785400 -3.379 -0.837 0.166 0.205 0.037162 20000 1.000000
244.456000 35.472800 -3.871 -0.75 0.167 0.208 0.059432 20000 1.000000
244.634000 35.163000 -4.299 -0.819 0.173 0.213 0.038239 20000 1.000000
245.401000 34.188900 -4.165 -1.422 0.171 0.208 0.062578 20000 1.000000
245.035000 34.844400 -3.461 -1.376 0.171 0.207 0.046246 20000 1.000000
244.762000 35.291100 -3.396 -1.028 0.167 0.206 0.049264 20000 1.000000
241.621000 37.973100 -5.205 -0.394 0.165 0.213 -0.004193 20000 1.000000
241.000000 37.613000 -7.062 -6.209 0.168 0.21 0.005876 20000 1.000000
241.084000 37.605300 -9.396 -7.045 0.173 0.229 0.008187 20000 1.000000
240.914000 37.785700 -9.792 0.462 0.204 0.241 -0.053162 20000 1.000000
240.967000 37.913500 -6.145 1.398 0.162 0.205 0.042543 20000 1.000000
240.974000 37.696600 -8.625 0.345 0.194 0.228 0.169747 20000 1.000000
240.862000 37.839300 -9.506 1.31 0.179 0.221 0.041796 20000 1.000000
240.853000 37.962800 -1.544 5.78 0.178 0.221 0.033253 20000 1.000000
240.916000 37.914100 -6.695 0.797 0.197 0.24 0.054205 20000 1.000000
241.056000 37.734300 -7.215 2.204 0.164 0.209 0.047941 20000 1.000000
241.131000 37.654600 -5.472 -1.243 0.165 0.211 0.042651 20000 1.000000
241.040000 37.891700 -6.297 1.875 0.174 0.213 0.032909 20000 1.000000
241.148000 37.878200 -5.2 1.817 0.163 0.207 0.033721 20000 1.000000
241.183000 37.591400 -7.641 -5.19 0.167 0.221 0.091565 20000 1.000000
241.302000 37.561600 -5.471 -0.521 0.169 0.23 0.014013 20000 1.000000
241.316000 37.495400 -7.28 -0.574 0.161 0.204 0.044986 20000 1.000000
241.406000 37.541300 -5.984 0.101 0.164 0.208 0.044932 20000 1.000000
241.180000 37.677000 -4.081 -0.242 0.163 0.207 0.046037 20000 1.000000
241.232000 37.754400 -4.278 2.382 0.177 0.234 0.107247 20000 1.000000
240.981000 37.800000 -6.999 0.837 0.166 0.21 0.078284 20000 1.000000
241.264000 37.903500 -4.788 2.272 0.171 0.216 0.034015 20000 1.000000
241.445000 37.891300 -4.724 0.626 0.175 0.217 0.090773 20000 1.000000
241.762000 37.589200 -3.857 0.13 0.163 0.207 0.048476 20000 1.000000
241.528000 37.737500 -5.386 0.137 0.17 0.212 0.064989 20000 1.000000
240.850000 38.057900 -8.641 1.369 0.171 0.213 0.046032 20000 1.000000
237.706000 41.381200 -7.056 -0.594 0.172 0.219 0.091481 20000 1.000000
237.809000 41.479200 -6.291 0.831 0.163 0.226 -0.001810 20000 1.000000
237.687000 41.463600 -7.437 0.813 0.166 0.229 -0.011013 20000 1.000000
237.847000 41.531900 -5.796 -0.777 0.202 0.24 0.089745 20000 1.000000
238.493000 41.711600 -6.06 -0.607 0.163 0.217 0.043260 20000 1.000000
246.132000 42.878900 -4.937 -1.066 0.161 0.218 0.039315 20000 1.000000
241.275000 37.380400 -10.587 -0.769 0.229 0.265 0.191797 20000 1.000000
241.439000 37.439500 -6.455 0.338 0.178 0.221 0.040517 20000 1.000000
240.254000 37.088900 -6.36 1.308 0.17 0.212 0.101936 20000 1.000000
241.853000 37.280500 -5.78 -0.038 0.167 0.213 0.039041 20000 1.000000
239.172000 41.359200 -4.89 -0.561 0.182 0.238 -0.027099 20000 1.000000
239.527000 41.332500 -5.393 -0.401 0.167 0.219 0.045410 20000 1.000000
235.587000 42.442000 -1.52 1.964 0.166 0.224 -0.020272 20000 1.000000
235.707000 42.076600 -1.627 2.24 0.189 0.242 0.055831 20000 1.000000
238.120000 42.579800 -3.455 -0.192 0.168 0.221 0.029524 20000 1.000000
237.390000 42.727100 -5.924 -0.276 0.238 0.29 0.195557 20000 1.000000
240.341000 42.546100 -5.257 -1.172 0.163 0.221 0.030339 20000 1.000000
242.275000 42.020200 -3.74 -1.087 0.166 0.22 0.041173 20000 1.000000
243.404000 33.598200 -7.529 5.485 0.243 0.297 -0.083803 20000 1.000000
243.397000 33.495500 -9.285 5.401 0.172 0.208 0.060558 20000 1.000000
244.492000 32.829400 -4.164 9.355 0.172 0.207 0.021262 20000 1.000000
238.928000 37.699000 -7.214 0.121 0.169 0.214 0.025616 20000 1.000000
239.784000 35.693800 -8.504 7.834 0.187 0.225 0.081726 20000 1.000000
237.579000 41.830800 -6.317 -0.633 0.177 0.241 0.094470 20000 1.000000
236.019000 41.845500 -3.952 2.215 0.182 0.268 -0.057009 20000 1.000000
238.521000 36.744300 -13.37 10.728 0.361 0.383 0.065883 20000 1.000000
239.528000 35.946600 -6.583 3.157 0.182 0.221 0.103411 20000 1.000000
239.485000 35.929100 -9.448 9.881 0.235 0.307 0.041951 20000 1.000000
236.427000 40.478800 -6.197 0.006 0.199 0.262 0.235021 20000 1.000000
243.852000 34.508100 -4.027 -0.535 0.167 0.206 0.028568 20000 1.000000
245.241000 32.497900 -2.071 0.264 0.171 0.202 0.046595 20000 1.000000
243.407000 33.537300 -8.869 5.496 0.178 0.216 0.097738 20000 1.000000
241.651000 34.021700 -11.214 7.074 0.174 0.215 0.068765 20000 1.000000
243.936000 31.559100 -12.477 9.903 0.176 0.205 0.104476 20000 1.000000
238.728000 35.709000 -11.941 10.338 0.191 0.235 0.009031 20000 1.000000
242.077000 34.508200 -8.216 4.552 0.173 0.208 0.058248 20000 1.000000
242.305000 34.925400 -6.165 2.997 0.175 0.215 0.014871 20000 1.000000
244.116000 32.417000 -14.107 8.05 0.167 0.201 0.034132 20000 1.000000
239.522000 35.919900 -10.112 7.585 0.191 0.237 0.104910 20000 1.000000
242.818000 33.835700 -9.723 5.942 0.189 0.217 0.049620 20000 1.000000
243.506000 33.819200 -7.576 2.695 0.176 0.212 0.035099 20000 1.000000
242.193000 34.091800 -11.123 6.681 0.174 0.223 0.008807 20000 1.000000
244.165000 31.313100 -13.227 9.345 0.168 0.2 0.020226 20000 1.000000
244.543000 32.377900 -9.981 7.516 0.166 0.197 0.044568 20000 1.000000
241.596000 33.743300 -12.912 9.451 0.164 0.199 0.047616 20000 1.000000
241.628000 33.779500 -11.872 8.559 0.206 0.255 0.056747 20000 1.000000
238.863000 36.161100 -12.084 9.544 0.173 0.211 0.074964 20000 1.000000
241.755000 34.628700 -9.717 4.629 0.247 0.306 0.012758 20000 1.000000
239.056000 39.974600 -7.338 -0.059 0.172 0.224 0.002358 20000 1.000000
242.317000 35.338700 -5.751 2.184 0.166 0.204 0.050463 20000 1.000000
240.280000 34.500000 -12.859 8.067 0.171 0.21 0.013836 20000 1.000000
243.375000 34.643900 -5.312 1.153 0.168 0.202 0.036313 20000 1.000000
241.974000 34.019100 -11.208 5.833 0.189 0.227 -0.000492 20000 1.000000
239.475000 35.900000 -2.01 7.256 0.176 0.222 -0.003066 20000 1.000000
241.807000 34.875100 -6.636 3.528 0.176 0.214 0.054616 20000 1.000000
240.816000 34.541500 -11.374 6.643 0.19 0.227 0.125468 20000 1.000000
244.877000 40.617200 -4.042 -0.521 0.166 0.222 0.056975 20000 1.000000
238.442000 37.666500 -6.627 0.977 0.165 0.209 0.027606 20000 1.000000
241.245000 34.459800 -11.335 7.627 0.186 0.233 0.061303 20000 1.000000
242.138000 34.205600 -12.131 7.859 0.214 0.229 -0.050933 20000 1.000000
239.775000 40.591700 -4.969 -0.476 0.17 0.227 0.024160 20000 1.000000
240.984000 41.868400 -4.752 -0.909 0.172 0.228 0.106184 20000 1.000000
243.701000 35.971300 -3.634 -1.064 0.174 0.209 0.013200 20000 1.000000
241.521000 34.438600 -9.399 5.043 0.193 0.235 0.025477 20000 1.000000
240.116000 39.314300 -8.032 -0.522 0.164 0.215 0.015211 20000 1.000000
244.022000 33.292200 -6.037 3.216 0.173 0.206 0.059697 20000 1.000000
240.476000 33.247900 -11.209 8.845 0.184 0.231 0.005190 20000 1.000000
240.936000 34.319900 -11.855 8.353 0.165 0.201 0.045315 20000 1.000000
241.354000 34.059300 -12.401 9.051 0.169 0.203 0.013284 20000 1.000000
242.151000 33.992700 -10.8 6.309 0.186 0.22 0.066545 20000 1.000000
239.935000 34.004300 -12.726 10.166 0.175 0.211 0.023064 20000 1.000000
239.640000 35.917400 -4.499 6.661 0.194 0.242 0.096507 20000 1.000000
241.585000 35.158200 -7 3.008 0.165 0.204 0.033611 20000 1.000000
239.867000 34.483500 -12.505 9.455 0.175 0.216 0.021912 20000 1.000000
243.839000 33.641200 -6.619 1.247 0.174 0.209 0.048809 20000 1.000000
242.951000 39.542200 -3.994 -0.774 0.173 0.217 0.133997 20000 1.000000
242.816000 38.097200 -4.217 -1.643 0.164 0.208 0.035498 20000 1.000000
241.669000 33.797800 -12.112 7.834 0.173 0.209 0.019776 20000 1.000000
241.163000 34.248000 -12.674 9.279 0.172 0.207 0.099346 20000 1.000000
235.849000 41.053900 -3.436 2.698 0.167 0.219 -0.004681 20000 1.000000
241.558000 34.069100 -11.338 8.211 0.2 0.233 0.073534 20000 1.000000
240.156000 34.413300 -11.775 8.264 0.198 0.221 -0.053958 20000 1.000000
241.198000 39.627100 -5.135 0.112 0.165 0.214 0.056711 20000 1.000000
241.715000 34.024000 -10.269 7.623 0.239 0.286 0.179544 20000 1.000000
243.915000 33.030100 -10.429 5.725 0.17 0.207 0.033874 20000 1.000000
240.516000 34.851500 -12.061 5.803 0.183 0.223 0.031940 20000 1.000000
241.780000 34.178600 -11.221 6.551 0.222 0.236 0.152408 20000 1.000000
241.486000 34.126400 -12.021 7.518 0.166 0.202 0.067395 20000 1.000000
241.516000 34.293200 -11.985 7.13 0.173 0.207 0.049557 20000 1.000000
239.384000 34.556300 -12.56 10.27 0.226 0.26 0.036580 20000 1.000000
241.879000 34.501500 -8.867 3.833 0.179 0.215 0.038678 20000 1.000000
241.706000 33.712600 -12.901 8.308 0.172 0.211 0.026033 20000 1.000000
241.346000 37.664300 -6.88 0.383 0.165 0.21 0.046421 20000 1.000000
241.016000 35.010800 -7.927 2.681 0.189 0.229 0.035349 20000 1.000000
243.608000 33.934800 -5.876 2.386 0.207 0.247 -0.003237 20000 1.000000
241.258000 34.568500 -11.85 5.983 0.184 0.222 0.185137 20000 1.000000
241.586000 34.259400 -11.064 7.016 0.195 0.241 0.010810 20000 1.000000
243.068000 34.669000 -6.097 2.261 0.185 0.221 -0.059733 20000 1.000000
241.572000 33.958200 -9.424 6.938 0.245 0.26 -0.281643 20000 1.000000
243.346000 33.955300 -7.579 4.536 0.17 0.205 0.029653 20000 1.000000
243.111000 35.425200 -4.665 4.228 0.243 0.297 0.034535 20000 1.000000
243.920000 35.287000 -4.614 -3.259 0.17 0.209 0.051410 20000 1.000000
