242.907000 34.116400 -8.009 1.15 0.187 0.229 -0.042890 20000 1.000000
242.555000 33.274300 -12.123 6.226 0.174 0.199 -0.015404 20000 1.000000
242.555000 33.274300 -12.05 6.56 0.23 0.275 -0.030064 20000 1.000000
243.571000 34.594300 -5.339 -1.092 0.167 0.195 -0.018305 20000 1.000000
241.305000 34.824500 -8.764 2.242 0.18 0.209 -0.023711 20000 1.000000
242.675000 33.341900 -11.848 5.716 0.167 0.193 -0.004560 20000 1.000000
242.524000 33.381100 -11.972 6.065 0.17 0.192 -0.022794 20000 1.000000
242.103000 34.126000 -10.611 4.474 0.233 0.248 -0.061426 20000 1.000000
242.795000 40.412800 -5.457 -3.402 0.165 0.208 -0.030954 20000 1.000000
240.970000 33.480500 -12.959 7.743 0.186 0.206 -0.055604 20000 1.000000
245.125000 42.605800 -6.059 -3.19 0.188 0.245 -0.020567 20000 1.000000
243.116000 34.264300 -7.141 1.664 0.191 0.222 0.033397 20000 1.000000
240.594000 34.920500 -10.394 3.62 0.208 0.243 -0.023907 20000 1.000000
243.379000 37.039900 -5.287 -2.476 0.174 0.21 0.006952 20000 1.000000
244.002000 34.000500 -5.147 -1.712 0.17 0.196 -0.036980 20000 1.000000
242.935000 33.578200 -10.894 4.924 0.18 0.204 -0.030413 20000 1.000000
243.920000 35.287000 -4.875 -3.645 0.172 0.202 -0.024182 20000 1.000000
245.108000 42.616100 -43.014 14.109 0.335 0.405 0.109927 20000 1.000000
245.285000 33.610400 -4.234 -2.807 0.17 0.196 -0.040995 20000 1.000000
243.947000 34.251400 -4.351 -2.198 0.171 0.197 -0.030272 20000 1.000000
241.723000 34.184900 -11.737 5.067 0.194 0.221 0.005466 20000 1.000000
242.988000 34.918600 -5.692 0.302 0.169 0.199 -0.010184 20000 1.000000
241.812000 34.292800 -9.665 2.427 0.266 0.268 -0.329753 20000 1.000000
242.156000 42.779500 -4.893 -2.668 0.167 0.219 -0.016558 20000 1.000000
240.653000 35.157300 -9.95 1.704 0.173 0.206 0.001576 20000 1.000000
235.437000 42.836100 -0.304 1.188 0.25 0.335 -0.053797 20000 1.000000
244.010000 33.655100 -6.377 0.178 0.176 0.205 0.008569 20000 1.000000
239.566000 35.939400 -6.698 3.523 0.165 0.198 -0.031041 20000 1.000000
239.569000 35.888400 -9.312 7.189 0.192 0.221 -0.008729 20000 1.000000
241.666000 33.311600 -12.956 7.33 0.165 0.191 -0.011782 20000 1.000000
241.517000 33.445800 -13.006 7.932 0.192 0.227 -0.037441 20000 1.000000
241.370000 34.138600 -12.098 5.97 0.207 0.22 0.079145 20000 1.000000
242.329000 35.565300 -6.18 0.408 0.176 0.211 -0.017712 20000 1.000000
243.664000 34.829500 -5.492 -2.095 0.184 0.206 -0.035564 20000 1.000000
242.035000 34.244000 -12.576 1.425 0.199 0.241 -0.124805 20000 1.000000
241.974000 34.333400 -11.401 6.043 0.186 0.207 0.017734 20000 1.000000
242.172000 34.640500 -7.581 2.025 0.176 0.21 0.023292 20000 1.000000
241.063000 34.109600 -12.767 6.671 0.182 0.216 -0.009356 20000 1.000000
241.873000 34.136700 -19.812 -1.664 0.207 0.227 -0.008541 20000 1.000000
242.576000 34.271200 8.689 -2.842 0.17 0.194 -0.026971 20000 1.000000
242.521000 34.313800 -8.005 3.749 0.189 0.212 0.075973 20000 1.000000
241.856000 34.530300 -11.105 1.337 0.191 0.211 -0.160840 20000 1.000000
242.291000 34.109900 -11.77 6.338 0.179 0.205 -0.056021 20000 1.000000
245.126000 40.558400 -5.732 -2.752 0.179 0.21 0.015458 20000 1.000000
244.877000 32.863500 -3.303 -2.373 0.173 0.195 -0.024949 20000 1.000000
244.272000 32.850500 -10.68 2.982 0.176 0.198 -0.042794 20000 1.000000
240.120000 34.414900 -13.013 5.429 0.17 0.197 -0.042415 20000 1.000000
242.427000 35.071700 -6.063 0.941 0.179 0.207 0.021043 20000 1.000000
239.249000 35.791600 -11.788 7.668 0.176 0.206 -0.038822 20000 1.000000
242.900000 34.039100 -8.48 4.068 0.168 0.195 -0.012655 20000 1.000000
240.275000 35.242100 -9.97 2.459 0.164 0.193 -0.011274 20000 1.000000
244.265000 33.069800 -7.885 2.559 0.179 0.203 -0.017167 20000 1.000000
240.961000 34.168400 -13.816 6.909 0.169 0.197 -0.001450 20000 1.000000
241.743000 33.861500 -12.184 6.417 0.172 0.201 -0.033752 20000 1.000000
241.476000 34.253600 -12.243 5.469 0.174 0.204 0.024978 20000 1.000000
240.629000 34.408100 -12.68 6.006 0.194 0.226 -0.038343 20000 1.000000
241.387000 34.516500 -11.183 3.403 0.179 0.204 -0.042055 20000 1.000000
243.630000 34.124100 -5.781 0.336 0.191 0.22 -0.086714 20000 1.000000
242.098000 34.082000 -10.792 4.607 0.182 0.211 -0.082707 20000 1.000000
241.603000 34.334800 -17.547 1.25 0.336 0.319 -0.139243 20000 1.000000
241.603000 34.334000 -10.961 3.568 0.267 0.254 -0.188341 20000 1.000000
244.212000 33.389800 -6.609 -0.192 0.176 0.201 -0.024270 20000 1.000000
242.154000 35.267500 -6.261 0.967 0.191 0.226 -0.028552 20000 1.000000
242.140000 34.413400 -9.683 3.982 0.169 0.212 -0.015076 20000 1.000000
241.873000 33.938300 -13.952 6.346 0.178 0.205 -0.022629 20000 1.000000
242.588000 33.647700 -11.832 5.716 0.166 0.191 -0.019356 20000 1.000000
241.170000 34.946200 -7.05 5.454 0.175 0.211 -0.021111 20000 1.000000
245.061000 39.345200 -5.367 -2.429 0.168 0.207 -0.028620 20000 1.000000
244.183000 40.914700 -5.094 -2.621 0.163 0.209 -0.021717 20000 1.000000
241.871000 33.583500 -11.55 5.518 0.206 0.227 0.006281 20000 1.000000
242.574000 33.649100 -12.649 5.888 0.173 0.2 -0.064987 20000 1.000000
241.574000 34.703100 -8.104 3.091 0.169 0.198 -0.012616 20000 1.000000
242.474000 34.104200 -9.897 4.004 0.198 0.228 -0.028424 20000 1.000000
241.558000 34.066600 -14.637 5.134 1.404 0.644 -0.123058 20000 1.000000
239.991000 34.733000 -13.248 7.464 0.171 0.197 0.009507 20000 1.000000
243.064000 34.093600 -5.913 2.843 0.191 0.269 0.053330 20000 1.000000
241.116000 34.356300 -12.377 5.743 0.171 0.196 -0.016776 20000 1.000000
246.195000 39.369400 -5.135 -2.566 0.171 0.209 -0.038195 20000 1.000000
241.760000 34.733900 -8.05 2.598 0.17 0.199 -0.025811 20000 1.000000
244.200000 32.945000 -9.652 3.634 0.193 0.207 -0.016495 20000 1.000000
241.107000 34.800200 -10.114 2.776 0.176 0.205 -0.005404 20000 1.000000
240.644000 40.416500 -4.272 -1.308 0.167 0.214 -0.054426 20000 1.000000
244.479000 33.274800 -4.635 -3.083 0.175 0.198 -0.031352 20000 1.000000
243.617000 34.291400 -5.503 -0.236 0.172 0.201 -0.056470 20000 1.000000
245.173000 33.051100 -3.965 -3.554 0.318 0.378 -0.122579 20000 1.000000
244.340000 34.784000 -3.73 -3.635 0.197 0.229 -0.073463 20000 1.000000
245.810000 34.308600 -4.18 -2.697 0.174 0.201 -0.027914 20000 1.000000
243.111000 35.425200 -5.35 2.133 0.171 0.2 -0.041164 20000 1.000000
245.820000 40.640200 -5.927 -2.023 0.165 0.207 -0.015396 20000 1.000000
239.584000 36.399000 -7.164 -0.602 0.205 0.237 -0.061917 20000 1.000000
241.887000 34.047400 -12.477 5.127 0.169 0.198 0.005536 20000 1.000000
241.714000 33.783600 -10.901 6.09 0.192 0.221 -0.116966 20000 1.000000
243.570000 34.754800 -5.973 -1.77 0.17 0.198 -0.011245 20000 1.000000
242.999000 33.708100 -10.387 4.453 0.172 0.199 -0.005515 20000 1.000000
244.365000 33.705000 -4.737 -2.665 0.19 0.226 -0.049916 20000 1.000000
239.520000 35.866700 -10.433 5.997 0.194 0.241 -0.015210 20000 1.000000
242.155000 34.458200 -8.979 2.651 0.175 0.207 -0.033663 20000 1.000000
239.598000 35.880800 -8.221 2.989 0.177 0.208 0.055626 20000 1.000000
240.812000 34.441200 -12.421 4.029 0.181 0.213 -0.017463 20000 1.000000
244.089000 34.727300 -4.585 -3.092 0.174 0.203 -0.020979 20000 1.000000
243.779000 33.796800 -7.47 0.299 0.173 0.2 0.008942 20000 1.000000
244.855000 34.157600 -4.844 -3.214 0.169 0.197 0.000638 20000 1.000000
241.526000 35.662300 -6.584 -0.896 0.176 0.207 -0.087218 20000 1.000000
242.045000 34.449100 -10.035 2.904 0.167 0.202 -0.032597 20000 1.000000
240.992000 34.398500 -14.108 4.583 0.173 0.202 -0.025830 20000 1.000000
243.827000 33.925400 -5.653 -1.303 0.178 0.2 -0.014885 20000 1.000000
243.241000 33.236000 -8.469 4.569 0.179 0.208 -0.028157 20000 1.000000
242.165000 34.485500 -9.057 2.896 0.167 0.195 -0.020955 20000 1.000000
242.609000 33.744200 -10.907 5.304 0.202 0.221 0.047838 20000 1.000000
242.555000 33.817400 -11.05 5.178 0.174 0.199 -0.009890 20000 1.000000
243.060000 35.090200 -6.026 -1.105 0.175 0.202 -0.022641 20000 1.000000
239.553000 34.691000 -13.446 9.133 0.17 0.197 -0.023363 20000 1.000000
242.246000 34.133300 -10.977 4.129 0.174 0.2 0.004656 20000 1.000000
239.406000 35.828700 -11.295 7.212 0.174 0.207 -0.004017 20000 1.000000
242.454000 34.314900 -8.371 1.374 0.334 0.381 0.039710 20000 1.000000
241.970000 34.527100 -9.351 2.445 0.176 0.211 -0.062267 20000 1.000000
240.896000 34.733600 -11.11 3.743 0.171 0.204 -0.005319 20000 1.000000
239.557000 35.832600 -11.124 5.536 0.169 0.2 -0.017115 20000 1.000000
242.563000 33.856800 -10.631 4.715 0.171 0.194 -0.035027 20000 1.000000
238.778000 42.418300 -3.801 -2.747 0.239 0.327 -0.014545 20000 1.000000
244.021000 36.632500 -4.41 -3.1 0.167 0.202 0.005262 20000 1.000000
239.649000 34.038300 -13.979 8.087 0.174 0.202 -0.055001 20000 1.000000
241.874000 34.136800 -12.573 5.482 0.169 0.196 0.001698 20000 1.000000
243.904000 40.148400 -5.263 -3.67 0.174 0.219 -0.097156 20000 1.000000
242.682000 33.918400 -10.094 4.39 0.17 0.195 -0.018766 20000 1.000000
239.566000 35.969500 -6.127 3.083 0.176 0.199 -0.062813 20000 1.000000
244.588000 40.710700 -5.014 -3.646 0.169 0.223 -0.035466 20000 1.000000
241.122000 34.295500 -12.634 5.976 0.19 0.214 -0.010152 20000 1.000000
242.118000 34.175200 -10.384 5.556 0.23 0.251 -0.299568 20000 1.000000
243.352000 34.038500 -7.228 1.455 0.199 0.232 0.083474 20000 1.000000
242.790000 34.230800 -5.339 3.995 0.274 0.278 0.217782 20000 1.000000
241.755000 34.055200 -11.569 4.655 0.251 0.241 0.208199 20000 1.000000
245.381000 34.767700 -4.12 -2.939 0.183 0.213 -0.032050 20000 1.000000
242.491000 39.685600 -5.215 -2.668 0.171 0.211 -0.020157 20000 1.000000
240.859000 34.498700 -11.488 4.817 0.169 0.197 -0.026135 20000 1.000000
245.104000 42.614500 -59.618 -26.954 0.248 0.328 -0.018239 20000 1.000000
243.932000 34.141000 -4.888 -1.857 0.177 0.203 -0.008652 20000 1.000000
242.653000 33.240700 -11.443 5.859 0.19 0.205 -0.147983 20000 1.000000
244.082000 34.369900 -4.485 -2.575 0.173 0.204 -0.056532 20000 1.000000
243.695000 34.427700 -4.759 -1.75 0.175 0.207 -0.044043 20000 1.000000
243.708000 34.533000 -5.062 -1.257 0.182 0.205 -0.037614 20000 1.000000
243.185000 34.674900 -6.433 -0.189 0.181 0.21 0.062893 20000 1.000000
241.793000 34.128800 -12.113 4.793 0.168 0.194 -0.024980 20000 1.000000
240.647000 34.683400 -12.456 4.106 0.179 0.21 -0.033650 20000 1.000000
242.814000 39.521100 -5.559 -3.027 0.17 0.208 -0.026250 20000 1.000000
245.995000 32.722500 -5.123 -2.1 0.181 0.202 0.015533 20000 1.000000
244.721000 39.910200 -5.094 -2.327 0.183 0.215 -0.014976 20000 1.000000
245.543000 36.154200 -5.168 -2.535 0.169 0.199 -0.033398 20000 1.000000
245.180000 41.724200 -4.353 -2.456 0.168 0.212 -0.066208 20000 1.000000
242.670000 41.428700 -4.954 -3.513 0.168 0.215 -0.005200 20000 1.000000
242.935000 42.981700 -4.946 -2.373 0.161 0.211 -0.027054 20000 1.000000
235.925000 40.876300 -2.611 1.934 0.214 0.265 0.026971 20000 1.000000
236.274000 38.928300 -11.456 8.467 0.164 0.203 -0.022316 20000 1.000000
237.585000 40.997600 -5.864 -1.684 0.194 0.254 -0.103136 20000 1.000000
243.830000 32.616500 -11.978 5.716 0.169 0.192 -0.033032 20000 1.000000
238.997000 35.551800 -12.26 8.875 0.168 0.2 -0.014104 20000 1.000000
242.015000 39.305600 -5.453 -2.635 0.172 0.215 -0.055644 20000 1.000000
242.395000 39.287900 -5.704 -2.858 0.169 0.206 -0.033923 20000 1.000000
243.576000 39.500500 -5.08 -2.988 0.163 0.21 -0.001731 20000 1.000000
243.950000 39.546400 -5.4 -3.268 0.169 0.206 0.000385 20000 1.000000
244.111000 39.374200 -5.459 -3.082 0.165 0.205 -0.004731 20000 1.000000
244.487000 39.536100 -4.923 -3.249 0.211 0.276 -0.033518 20000 1.000000
244.568000 39.388600 -3.331 -2.598 0.16 0.201 -0.022014 20000 1.000000
242.120000 40.433400 -5.392 -2.512 0.167 0.209 0.010901 20000 1.000000
245.723000 39.119400 -5.071 -3.297 0.194 0.248 -0.012892 20000 1.000000
246.129000 39.067300 -5.054 -2.865 0.168 0.208 -0.038656 20000 1.000000
246.495000 39.268900 -5.529 -2.206 0.164 0.208 -0.012881 20000 1.000000
242.532000 40.320600 -6.051 -2.262 0.172 0.212 -0.069153 20000 1.000000
246.946000 40.494000 -5.473 -2.613 0.164 0.209 -0.010952 20000 1.000000
243.264000 40.495500 -5.26 -3.158 0.181 0.223 -0.067279 20000 1.000000
243.721000 40.363200 -5.217 -3.799 0.167 0.212 -0.002966 20000 1.000000
240.200000 39.572800 -7.298 -1.189 0.166 0.206 -0.033639 20000 1.000000
242.469000 36.614300 -6.191 -1.832 0.167 0.199 -0.027631 20000 1.000000
242.593000 36.804200 -5.102 -3.66 0.161 0.194 -0.021985 20000 1.000000
242.006000 36.606000 -4.334 -0.728 0.174 0.203 0.064432 20000 1.000000
242.296000 37.200800 -4.413 -1.804 0.166 0.201 -0.022091 20000 1.000000
240.463000 39.698400 -6.262 -1.745 0.177 0.218 -0.030017 20000 1.000000
240.694000 39.795600 -5.681 -1.993 0.175 0.225 0.022804 20000 1.000000
241.126000 39.838800 -6.063 -3.006 0.174 0.213 -0.041993 20000 1.000000
241.316000 39.888900 -5.896 -2.126 0.171 0.214 -0.035866 20000 1.000000
241.841000 39.212300 -5.361 -1.976 0.161 0.201 -0.016256 20000 1.000000
246.706000 41.856800 -6.175 -2.438 0.176 0.225 0.002140 20000 1.000000
246.958000 39.345100 -4.908 -3.002 0.167 0.206 -0.026272 20000 1.000000
246.988000 41.817300 -4.077 -2.487 0.165 0.211 -0.033300 20000 1.000000
246.722000 40.671300 -5.291 -2.943 0.169 0.212 -0.032572 20000 1.000000
240.400000 39.499200 -6.384 -1.559 0.181 0.215 0.027838 20000 1.000000
240.931000 39.486100 -5.868 -1.529 0.171 0.212 -0.022294 20000 1.000000
241.062000 39.268000 -5.757 -2.202 0.404 0.423 -0.028206 20000 1.000000
241.649000 39.454700 -5.922 -2.161 0.168 0.207 0.028355 20000 1.000000
241.995000 38.728800 -5.19 -2.376 0.168 0.205 -0.014901 20000 1.000000
241.540000 38.724600 -5.408 -2.299 0.176 0.219 -0.015043 20000 1.000000
241.070000 38.980900 -4.804 -2.043 0.163 0.207 -0.008972 20000 1.000000
240.523000 40.779800 -5.715 -2.1 0.184 0.222 0.054892 20000 1.000000
240.990000 40.242200 -6.179 -2.868 0.2 0.232 -0.102102 20000 1.000000
240.278000 39.908200 -7.349 -1.888 0.167 0.209 0.015710 20000 1.000000
239.307000 38.829200 -6.368 -0.566 0.186 0.21 0.077286 20000 1.000000
239.614000 39.046600 -7.037 -0.576 0.182 0.221 -0.056810 20000 1.000000
240.189000 39.123500 -8.107 -0.767 0.171 0.211 -0.082992 20000 1.000000
239.107000 39.466700 -6.798 -0.229 0.181 0.215 0.070494 20000 1.000000
240.376000 41.357700 -5.528 -2.207 0.168 0.215 -0.015825 20000 1.000000
239.716000 39.937400 -7.294 -1.07 0.16 0.201 -0.022787 20000 1.000000
239.194000 40.418600 -5.398 -2.752 0.271 0.328 0.006333 20000 1.000000
239.923000 40.288900 -6.306 -1.774 0.168 0.211 -0.011284 20000 1.000000
235.692000 40.247500 -9.488 6.867 0.162 0.206 -0.017906 20000 1.000000
235.867000 40.551300 -3.972 3.19 0.166 0.209 -0.025260 20000 1.000000
235.787000 40.637400 -3.01 3.919 0.19 0.24 -0.000458 20000 1.000000
235.943000 40.219600 -8.377 4.523 0.167 0.21 -0.001537 20000 1.000000
236.307000 40.119300 -9.664 1.346 0.178 0.226 0.019064 20000 1.000000
238.207000 36.485500 -13.07 8.338 0.166 0.197 -0.021819 20000 1.000000
238.710000 35.945700 -12.932 8.217 0.172 0.204 0.031255 20000 1.000000
238.949000 36.302100 -12.762 9.645 0.166 0.2 -0.000789 20000 1.000000
238.865000 36.425900 -14.845 9.096 0.184 0.217 0.025680 20000 1.000000
237.668000 37.534500 -10.676 6.09 0.206 0.217 -0.107483 20000 1.000000
237.623000 37.914500 -9.938 4.228 0.172 0.208 -0.010326 20000 1.000000
236.819000 38.495000 -10.551 7.493 0.167 0.208 -0.077217 20000 1.000000
236.291000 39.117200 -10.691 7.319 0.181 0.227 -0.013559 20000 1.000000
236.652000 38.987400 -9.76 5.012 0.175 0.21 0.057573 20000 1.000000
236.796000 39.242000 -9.561 2.555 0.166 0.206 -0.013524 20000 1.000000
236.368000 42.275400 -4.055 -1.092 0.173 0.221 -0.012336 20000 1.000000
236.895000 39.319700 -8.634 1.528 0.168 0.207 0.012865 20000 1.000000
237.041000 38.664700 -10.656 4.863 0.205 0.259 0.090113 20000 1.000000
237.233000 38.428600 -8.398 6.184 0.167 0.208 -0.007545 20000 1.000000
237.548000 38.239800 -8.364 3.415 0.169 0.208 -0.017357 20000 1.000000
237.083000 38.866100 -8.679 0.505 0.161 0.2 -0.023342 20000 1.000000
237.037000 39.398100 -8.489 -3.333 0.417 0.534 -0.086684 20000 1.000000
237.424000 38.777800 -7.686 0.961 0.17 0.22 -0.055840 20000 1.000000
237.281000 39.260000 -7.145 -0.634 0.167 0.205 0.023093 20000 1.000000
237.696000 39.109300 -7.447 -1.074 0.174 0.212 -0.027487 20000 1.000000
237.873000 37.069200 -11.743 7.068 0.2 0.234 0.179543 20000 1.000000
238.137000 36.962000 -11.898 7.186 0.194 0.22 -0.045808 20000 1.000000
238.009000 37.201700 -11.256 5.68 0.195 0.227 -0.087829 20000 1.000000
238.203000 37.001000 -11.229 5.649 0.255 0.275 0.069076 20000 1.000000
238.274000 37.002400 -11.253 5.902 0.179 0.22 0.011567 20000 1.000000
238.349000 37.104500 -10.657 4.435 0.207 0.224 -0.130705 20000 1.000000
238.286000 37.203500 -9.167 5.163 0.172 0.204 0.031251 20000 1.000000
237.786000 37.329900 -12.363 3.242 0.166 0.201 -0.004917 20000 1.000000
237.901000 37.336900 -10.244 5.633 0.172 0.216 -0.034551 20000 1.000000
237.900000 37.722000 -8.516 2.882 0.164 0.198 -0.024371 20000 1.000000
237.781000 37.863900 -7.743 3.659 0.173 0.213 -0.017604 20000 1.000000
237.942000 37.713900 -8.135 1.833 0.186 0.222 -0.085312 20000 1.000000
238.174000 37.336800 -8.682 3.909 0.168 0.207 -0.015698 20000 1.000000
238.210000 37.533000 -7.74 0.702 0.165 0.2 -0.009799 20000 1.000000
238.313000 37.601800 -6.922 0.821 0.173 0.205 0.030663 20000 1.000000
238.022000 37.749400 -8.056 1.943 0.169 0.203 -0.025641 20000 1.000000
238.214000 37.819000 -6.702 0.41 0.183 0.221 -0.015140 20000 1.000000
238.095000 36.621700 -13.14 8.297 0.166 0.2 -0.036074 20000 1.000000
238.421000 36.724000 -11.92 8.537 0.166 0.198 -0.017957 20000 1.000000
238.580000 36.800400 -9.744 4.431 0.165 0.198 -0.028209 20000 1.000000
238.409000 36.858500 -12.052 7.087 0.167 0.201 -0.035189 20000 1.000000
238.459000 36.814300 -12.156 7.195 0.173 0.205 -0.014871 20000 1.000000
238.445000 36.903500 -11.011 4.919 0.17 0.201 -0.034434 20000 1.000000
238.613000 36.637000 -13.48 8.151 0.177 0.209 -0.085327 20000 1.000000
238.458000 37.007800 -10.577 2.779 0.171 0.214 -0.000497 20000 1.000000
238.426000 37.213000 -8.035 1.341 0.166 0.199 -0.016108 20000 1.000000
238.665000 36.918200 -7.695 -0.203 0.163 0.197 -0.017653 20000 1.000000
238.645000 37.010800 -7.896 -0.095 0.175 0.214 -0.052923 20000 1.000000
240.294000 37.713100 -5.816 2.475 0.171 0.209 -0.037069 20000 1.000000
238.812000 36.559500 -13.43 9.401 0.163 0.195 -0.023680 20000 1.000000
238.131000 37.975600 -7.583 0.437 0.166 0.202 -0.003896 20000 1.000000
238.936000 36.611600 -5.019 -2.278 0.162 0.194 -0.020937 20000 1.000000
238.732000 36.950000 -8.504 -0.415 0.166 0.2 0.001769 20000 1.000000
238.652000 36.811400 -7.601 0.398 0.167 0.202 -0.030793 20000 1.000000
238.942000 37.169600 -7.582 -0.292 0.176 0.211 -0.008808 20000 1.000000
238.347000 37.478400 -7.032 0.765 0.186 0.223 -0.013544 20000 1.000000
238.531000 37.489600 -8.489 1.326 0.163 0.198 -0.027014 20000 1.000000
238.675000 37.581900 -7.893 -0.846 0.172 0.211 -0.031399 20000 1.000000
238.395000 37.932000 -6.962 -0.718 0.166 0.202 -0.019419 20000 1.000000
238.536000 37.755300 -7.77 0.107 0.168 0.204 -0.018114 20000 1.000000
238.717000 37.385400 -7.732 -0.443 0.167 0.205 -0.030874 20000 1.000000
237.782000 38.153000 -7.947 1.312 0.164 0.201 -0.042696 20000 1.000000
237.904000 38.025100 -7.979 1.473 0.171 0.209 -0.079743 20000 1.000000
237.805000 38.444200 -7.698 0.509 0.176 0.226 -0.003849 20000 1.000000
237.645000 38.999500 -7.791 -1.179 0.201 0.22 0.053243 20000 1.000000
238.905000 38.645300 -7.052 -0.931 0.165 0.202 -0.015399 20000 1.000000
239.652000 35.544100 -11.89 5.98 0.173 0.204 -0.024512 20000 1.000000
239.611000 35.841100 -9.688 5.763 0.173 0.202 -0.049113 20000 1.000000
239.655000 35.837800 -8.588 3.099 0.172 0.207 -0.021216 20000 1.000000
239.715000 35.806700 -8.174 2.673 0.177 0.209 -0.028129 20000 1.000000
239.093000 35.933300 -12.656 7.111 0.164 0.197 -0.019758 20000 1.000000
239.019000 36.417200 -5.69 0.756 0.219 0.269 -0.031786 20000 1.000000
239.147000 36.515900 -5.544 -0.029 0.172 0.207 -0.039662 20000 1.000000
239.302000 36.024800 -12.056 7.706 0.165 0.203 -0.016317 20000 1.000000
239.121000 36.140200 -12.661 8.724 0.166 0.198 -0.021736 20000 1.000000
239.251000 36.106800 -12.815 8.105 0.165 0.196 -0.017683 20000 1.000000
239.272000 36.178900 -5.767 0.622 0.163 0.194 -0.019585 20000 1.000000
239.355000 35.922800 -12.171 8.146 0.165 0.196 -0.028907 20000 1.000000
239.525000 36.007500 -4.051 5.057 0.195 0.214 -0.038398 20000 1.000000
239.457000 36.089400 -5.03 5.002 0.166 0.198 -0.018060 20000 1.000000
239.560000 36.123200 -6.739 0.95 0.166 0.198 -0.021426 20000 1.000000
239.158000 35.697100 -12.114 7.476 0.17 0.196 0.021756 20000 1.000000
239.637000 36.051700 -6.832 0.54 0.168 0.196 -0.020400 20000 1.000000
239.448000 35.974100 -11.072 6.505 0.181 0.206 -0.063042 20000 1.000000
239.706000 36.015800 -7.033 0.625 0.166 0.197 -0.029314 20000 1.000000
239.723000 36.304400 -8.469 -0.727 0.168 0.202 -0.025015 20000 1.000000
239.257000 36.806300 -7.543 -0.571 0.168 0.204 -0.020725 20000 1.000000
239.803000 37.352200 -7.33 -0.992 0.177 0.216 -0.022677 20000 1.000000
239.356000 37.795200 -6.872 -0.795 0.287 0.354 -0.046527 20000 1.000000
240.160000 37.901100 -8.35 -2.515 0.186 0.211 -0.118401 20000 1.000000
239.049000 38.090000 -6.279 -1.03 0.17 0.208 -0.028598 20000 1.000000
239.666000 38.735600 -7.035 -0.871 0.188 0.213 0.026278 20000 1.000000
241.480000 37.177600 -8.269 -2.725 0.163 0.197 -0.016231 20000 1.000000
236.283000 39.863600 -10.199 2.618 0.213 0.258 -0.111383 20000 1.000000
236.448000 39.905700 -10.227 0.368 0.197 0.252 -0.065543 20000 1.000000
236.628000 39.452400 -9.304 1.324 0.166 0.209 -0.002554 20000 1.000000
236.705000 39.707100 -9.588 0.707 0.176 0.218 -0.068220 20000 1.000000
236.813000 39.492800 -9.129 0.918 0.197 0.265 0.026162 20000 1.000000
236.817000 39.962100 -7.934 -1.596 0.188 0.234 -0.068913 20000 1.000000
236.344000 40.256800 -8.999 0.51 0.166 0.211 0.004419 20000 1.000000
236.117000 41.151700 -2.94 0.129 0.168 0.212 0.003192 20000 1.000000
236.301000 40.575300 -6.249 -0.079 0.173 0.217 0.056085 20000 1.000000
236.427000 40.478900 -7.389 0.204 0.211 0.262 0.178260 20000 1.000000
236.548000 40.082200 -9.896 -0.426 0.161 0.204 -0.012490 20000 1.000000
236.864000 40.324100 -8.34 -0.962 0.163 0.206 -0.026136 20000 1.000000
236.676000 40.732900 -5.601 1.019 0.163 0.207 -0.040680 20000 1.000000
236.826000 40.546700 -7.023 -0.125 0.166 0.212 -0.037611 20000 1.000000
237.024000 39.621400 -7.22 -0.936 0.179 0.21 0.036568 20000 1.000000
237.264000 39.493600 -6.528 0.488 0.163 0.202 -0.028982 20000 1.000000
237.126000 39.726200 -6.299 -1.321 0.165 0.209 0.016755 20000 1.000000
237.077000 40.747600 -6.544 -0.529 0.171 0.214 -0.036914 20000 1.000000
237.332000 40.034100 -8.656 -1.733 0.17 0.211 -0.027879 20000 1.000000
237.393000 40.650700 -7.462 -2.048 0.174 0.222 -0.063142 20000 1.000000
236.666000 40.887100 -4.454 -0.196 0.161 0.205 -0.018604 20000 1.000000
237.729000 40.271200 -7.891 -1.783 0.177 0.218 -0.082724 20000 1.000000
239.132000 39.794700 -6.38 -0.695 0.164 0.209 -0.053235 20000 1.000000
239.052000 41.183300 -5.965 -1.889 0.164 0.212 -0.044622 20000 1.000000
237.681000 40.731100 -6.615 -2.491 0.197 0.225 0.030897 20000 1.000000
235.774000 42.209100 -1.665 -0.981 0.193 0.242 -0.011949 20000 1.000000
236.617000 42.503500 -3.562 -1.255 0.166 0.214 -0.010247 20000 1.000000
237.344000 42.191000 -3.959 -0.745 0.172 0.223 -0.056667 20000 1.000000
238.220000 42.259700 -5.504 -2.32 0.164 0.209 -0.029435 20000 1.000000
239.622000 42.468800 -4.788 -2.201 0.186 0.242 -0.056845 20000 1.000000
241.588000 42.254600 -4.071 -2.401 0.16 0.209 -0.026908 20000 1.000000
243.371000 36.071300 -4.892 -2.141 0.176 0.211 0.032040 20000 1.000000
242.835000 36.022500 -4.61 -1.086 0.174 0.2 -0.028393 20000 1.000000
242.590000 36.159000 -5.36 -1.835 0.177 0.209 0.027863 20000 1.000000
241.868000 36.466800 -8.257 0.514 0.189 0.232 -0.215634 20000 1.000000
242.211000 36.531200 -5.571 -1.605 0.19 0.235 -0.034689 20000 1.000000
241.909000 36.570200 -6.363 -0.759 0.188 0.21 -0.088257 20000 1.000000
241.882000 36.975700 -5.59 -1.416 0.164 0.199 -0.013924 20000 1.000000
242.064000 37.231400 -5.483 -2.403 0.171 0.202 0.026676 20000 1.000000
242.606000 34.462400 -7.269 1.621 0.178 0.203 -0.019596 20000 1.000000
242.459000 33.562100 -11.919 6.156 0.167 0.192 -0.002625 20000 1.000000
242.895000 32.889200 -11.844 6.359 0.171 0.194 -0.037306 20000 1.000000
243.050000 32.733800 -12.806 6.046 0.165 0.188 -0.026720 20000 1.000000
242.756000 32.666400 -12.416 6.524 0.182 0.2 0.049465 20000 1.000000
242.810000 33.439600 -10.603 5.798 0.166 0.192 -0.017706 20000 1.000000
242.928000 33.235700 -11.496 5.71 0.18 0.196 0.023477 20000 1.000000
243.217000 33.493300 -10.51 3.897 0.168 0.192 -0.021164 20000 1.000000
243.651000 32.976000 -11.212 5.009 0.171 0.195 -0.019950 20000 1.000000
243.989000 32.822200 -11.414 5.027 0.174 0.195 -0.061393 20000 1.000000
243.329000 33.240200 -11.43 4.43 0.176 0.199 -0.024925 20000 1.000000
243.431000 33.059200 -12.125 5.679 0.167 0.19 -0.031716 20000 1.000000
243.379000 33.375600 -11.455 4.59 0.172 0.197 0.007543 20000 1.000000
243.591000 33.210200 -11.744 4.23 0.182 0.209 -0.013033 20000 1.000000
243.817000 33.213500 -9.904 3.123 0.168 0.192 -0.026511 20000 1.000000
243.921000 33.201000 -9.561 3.06 0.169 0.193 -0.017924 20000 1.000000
243.888000 33.296200 -7.406 2.632 0.172 0.196 -0.076716 20000 1.000000
243.574000 33.523500 -9.067 1.791 0.179 0.2 0.036640 20000 1.000000
243.773000 33.574700 -7.701 1.991 0.177 0.21 -0.005707 20000 1.000000
244.031000 32.887000 -10.955 4.598 0.171 0.194 -0.024883 20000 1.000000
244.175000 32.954700 -9.527 4.426 0.287 0.343 -0.062548 20000 1.000000
244.268000 32.759700 -10.371 3.719 0.176 0.202 -0.017282 20000 1.000000
244.404000 32.750600 -8.438 4.893 0.182 0.201 -0.029792 20000 1.000000
244.423000 32.834700 -7.647 2.609 0.176 0.198 -0.025310 20000 1.000000
244.430000 32.898400 -7.212 2.561 0.176 0.197 -0.012127 20000 1.000000
244.700000 32.690000 -4.629 -1.21 0.172 0.195 -0.028756 20000 1.000000
244.602000 32.875800 -4.799 -2.325 0.178 0.203 -0.008063 20000 1.000000
244.578000 32.982500 -4.293 -2.347 0.178 0.205 -0.004338 20000 1.000000
244.280000 32.948900 -4.885 0.66 0.176 0.198 -0.020307 20000 1.000000
244.234000 33.516400 -5.848 -0.889 0.178 0.202 0.028091 20000 1.000000
244.313000 33.423900 -4.803 -1.927 0.176 0.2 0.015211 20000 1.000000
244.571000 33.247800 -4.159 -2.382 0.256 0.307 -0.051388 20000 1.000000
244.657000 33.143600 -3.192 -3.874 0.181 0.203 -0.084571 20000 1.000000
244.704000 33.886900 -4.292 -2.859 0.179 0.199 -0.020991 20000 1.000000
240.305000 37.562600 -7.912 -1.82 0.184 0.206 0.079645 20000 1.000000
239.350000 34.907300 -12.25 7.982 0.295 0.355 -0.064227 20000 1.000000
239.590000 35.010700 -12.254 8.007 0.224 0.267 -0.030991 20000 1.000000
239.760000 34.870600 -12.925 7.435 0.17 0.197 0.003671 20000 1.000000
239.617000 35.106200 -13.047 7.365 0.174 0.202 0.054683 20000 1.000000
241.822000 34.376400 -10.961 3.428 0.169 0.196 -0.021078 20000 1.000000
239.925000 35.020000 -11.442 6.364 0.164 0.192 -0.020921 20000 1.000000
240.208000 34.507800 -12.852 7.178 0.169 0.191 -0.010192 20000 1.000000
240.384000 34.630500 -13.505 6.656 0.163 0.191 -0.017601 20000 1.000000
240.185000 34.888600 -11.657 6.462 0.163 0.191 -0.015662 20000 1.000000
240.464000 35.086600 -8.4 2.971 0.241 0.292 -0.041785 20000 1.000000
239.192000 35.425800 -11.521 8.744 0.166 0.196 -0.036790 20000 1.000000
239.455000 35.327800 -12.486 7.695 0.169 0.201 0.033072 20000 1.000000
239.646000 35.440500 -11.706 6.583 0.167 0.198 -0.030932 20000 1.000000
239.520000 35.624800 -11.796 5.905 0.166 0.198 -0.008629 20000 1.000000
239.463000 35.792700 -11.288 6.997 0.166 0.199 -0.005449 20000 1.000000
239.733000 35.633800 -10.162 5.023 0.172 0.197 0.014894 20000 1.000000
239.629000 35.747900 -11.666 5.741 0.17 0.201 -0.006379 20000 1.000000
237.762000 37.061200 -11.464 9.069 0.28 0.349 -0.041899 20000 1.000000
239.899000 35.235100 -11.518 6.32 0.188 0.211 0.025211 20000 1.000000
239.975000 35.279800 -11.242 5.461 0.172 0.206 -0.052257 20000 1.000000
240.065000 35.316800 -9.157 5.432 0.261 0.319 -0.041665 20000 1.000000
239.887000 35.534200 -9.486 5.004 0.276 0.334 -0.056896 20000 1.000000
239.818000 35.702700 -8.971 3.008 0.168 0.198 -0.015537 20000 1.000000
239.869000 35.801300 -6.973 1.542 0.174 0.201 -0.008571 20000 1.000000
239.999000 35.686700 -7.534 2.348 0.174 0.201 -0.066733 20000 1.000000
239.707000 35.688900 -10.902 4.91 0.173 0.205 -0.031281 20000 1.000000
240.287000 35.319000 -8.732 2.836 0.177 0.208 -0.043006 20000 1.000000
240.091000 35.934700 -6.655 0.788 0.168 0.198 -0.013425 20000 1.000000
240.496000 34.466800 -12.729 4.829 0.164 0.19 -0.019880 20000 1.000000
240.674000 34.599600 -12.686 5.316 0.171 0.205 0.045046 20000 1.000000
240.885000 34.660100 -11.399 4.52 0.171 0.198 0.037322 20000 1.000000
240.845000 34.856200 -10.161 1.926 0.253 0.329 -0.126216 20000 1.000000
239.755000 35.686700 -9.639 3.88 0.168 0.196 -0.024154 20000 1.000000
241.121000 34.835100 -9.07 3.017 0.167 0.194 -0.010619 20000 1.000000
241.152000 34.792300 -10.434 1.649 0.175 0.207 -0.021208 20000 1.000000
241.331000 34.695000 -10.29 5.669 0.173 0.203 0.038730 20000 1.000000
241.454000 34.771100 -8.316 2.7 0.168 0.198 -0.010256 20000 1.000000
241.344000 34.944400 -8.254 1.288 0.173 0.203 -0.069435 20000 1.000000
241.388000 35.138600 -7.378 1.564 0.17 0.201 -0.039328 20000 1.000000
241.459000 34.821800 -7.828 1.357 0.176 0.2 -0.030776 20000 1.000000
241.811000 34.982100 -9.347 0.391 0.189 0.22 -0.024284 20000 1.000000
241.876000 35.378000 -6.073 0.702 0.17 0.198 -0.031968 20000 1.000000
241.740000 35.667300 -5.934 0.198 0.173 0.2 -0.010513 20000 1.000000
241.233000 36.231400 -6.498 0.457 0.171 0.199 0.040334 20000 1.000000
241.045000 36.585500 -6.277 -0.379 0.164 0.196 -0.013835 20000 1.000000
241.740000 36.093100 -6.298 -0.321 0.168 0.196 -0.021914 20000 1.000000
241.994000 35.038800 -6.94 1.343 0.171 0.198 -0.012619 20000 1.000000
242.271000 34.509700 -8.252 1.985 0.171 0.198 -0.026583 20000 1.000000
242.451000 34.634300 -6.678 1.916 0.166 0.195 -0.032639 20000 1.000000
242.457000 34.987000 -6.096 0.874 0.179 0.211 0.013802 20000 1.000000
243.048000 33.892600 -8.486 3.476 0.166 0.192 -0.022262 20000 1.000000
243.454000 34.019300 -6.888 1.441 0.167 0.193 -0.032144 20000 1.000000
242.719000 34.534800 -6.892 2.42 0.194 0.205 -0.128480 20000 1.000000
241.969000 34.332200 -10.971 5.072 0.173 0.2 -0.005711 20000 1.000000
242.635000 35.116800 -6.957 -2.083 0.202 0.233 -0.060401 20000 1.000000
241.983000 35.152400 -5.658 0.628 0.167 0.196 -0.022465 20000 1.000000
242.697000 35.238500 -5.623 0.481 0.171 0.198 -0.014431 20000 1.000000
242.795000 35.387900 -5.828 -0.036 0.164 0.194 -0.012117 20000 1.000000
242.610000 35.896700 -6.171 -0.488 0.185 0.217 -0.055212 20000 1.000000
242.597000 35.697600 -6.627 -0.807 0.169 0.199 -0.024551 20000 1.000000
243.111000 35.998200 -5.179 -2.855 0.194 0.219 -0.032415 20000 1.000000
243.112000 35.710600 -5.787 -1.194 0.165 0.197 -0.016836 20000 1.000000
243.290000 34.192500 -7.616 1.419 0.17 0.195 -0.032285 20000 1.000000
243.463000 34.217200 -6.013 1.232 0.171 0.195 -0.011002 20000 1.000000
243.788000 33.865800 -5.556 1.088 0.167 0.193 -0.012984 20000 1.000000
243.920000 33.959300 -5.63 -1.286 0.172 0.196 -0.020708 20000 1.000000
239.772000 35.729200 -8.862 2.818 0.168 0.197 -0.002507 20000 1.000000
243.971000 34.716900 -4.632 -2.698 0.177 0.203 -0.056525 20000 1.000000
243.329000 34.936800 -5.104 -1.011 0.17 0.201 -0.015258 20000 1.000000
242.063000 34.341100 -10.411 4.251 0.183 0.217 -0.017789 20000 1.000000
243.120000 34.462100 -6.89 0.326 0.167 0.194 -0.023218 20000 1.000000
244.179000 33.741000 -4.602 -1.88 0.183 0.208 -0.022679 20000 1.000000
243.107000 34.062700 -7.541 3.276 0.181 0.212 -0.056645 20000 1.000000
244.236000 34.425700 -4.638 -2.686 0.209 0.221 0.011709 20000 1.000000
244.350000 35.204800 -4.652 -2.479 0.173 0.201 -0.058652 20000 1.000000
242.685000 34.187400 -7.648 5.526 0.171 0.199 0.016136 20000 1.000000
242.950000 34.196200 -8.121 2.836 0.198 0.202 0.050155 20000 1.000000
244.750000 34.731800 -4.073 -3.577 0.215 0.247 -0.028004 20000 1.000000
243.237000 35.204600 -5.094 -1.049 0.166 0.194 -0.013595 20000 1.000000
242.107000 35.424600 -4.95 0.175 0.206 0.25 -0.035512 20000 1.000000
243.428000 35.320600 -4.455 -1.702 0.167 0.199 -0.025161 20000 1.000000
243.896000 35.141900 -4.797 -2.763 0.18 0.2 -0.054838 20000 1.000000
243.878000 35.526000 -4.966 -3.275 0.169 0.2 -0.037642 20000 1.000000
243.855000 35.785400 -4.062 -1.932 0.167 0.198 -0.035123 20000 1.000000
244.456000 35.472800 -5.13 -2.832 0.168 0.201 -0.017751 20000 1.000000
244.634000 35.163000 -4.459 -2.689 0.194 0.223 -0.012868 20000 1.000000
245.401000 34.188900 -3.771 -3.675 0.247 0.297 -0.038842 20000 1.000000
245.035000 34.844400 -4.026 -3.089 0.287 0.349 -0.060242 20000 1.000000
244.762000 35.291100 -4.578 -2.72 0.168 0.199 -0.031993 20000 1.000000
241.621000 37.973100 -5.678 -1.235 0.181 0.222 -0.050296 20000 1.000000
241.000000 37.613000 -8.926 -10.239 0.169 0.204 -0.061407 20000 1.000000
241.084000 37.605300 -9.957 -9.209 0.172 0.22 -0.039308 20000 1.000000
240.914000 37.785700 -8.742 -1.046 0.203 0.228 -0.143610 20000 1.000000
240.967000 37.913500 -6.616 -0.4 0.162 0.199 -0.019991 20000 1.000000
240.974000 37.696600 -8.984 -0.686 0.201 0.224 0.102695 20000 1.000000
240.862000 37.839300 -9.528 -0.423 0.181 0.211 0.000940 20000 1.000000
240.853000 37.962800 -8.016 0.219 0.167 0.202 -0.027884 20000 1.000000
240.916000 37.914100 -6.988 -0.713 0.166 0.2 -0.020688 20000 1.000000
241.056000 37.734300 -5.989 -0.481 0.164 0.2 -0.023845 20000 1.000000
241.131000 37.654600 -5.536 -2.226 0.166 0.204 -0.030899 20000 1.000000
241.040000 37.891700 -6.664 -0.04 0.172 0.205 -0.029718 20000 1.000000
241.148000 37.878200 -6.179 0.494 0.165 0.2 -0.033319 20000 1.000000
241.183000 37.591400 -8.374 -6.446 0.169 0.215 0.042787 20000 1.000000
241.302000 37.561600 -6.598 -1.513 0.171 0.225 -0.032485 20000 1.000000
241.316000 37.495400 -7.064 -0.897 0.161 0.196 -0.024272 20000 1.000000
241.406000 37.541300 -6.647 -1.219 0.169 0.205 -0.017512 20000 1.000000
241.180000 37.677000 -5.071 -1.067 0.167 0.203 -0.020700 20000 1.000000
241.232000 37.754400 -5.271 0.307 0.172 0.215 0.019743 20000 1.000000
240.981000 37.800000 -6.802 0.468 0.167 0.203 0.014207 20000 1.000000
241.264000 37.903500 -5.983 -0.742 0.167 0.203 -0.031702 20000 1.000000
241.445000 37.891300 -5.387 -1.122 0.175 0.205 0.049690 20000 1.000000
241.762000 37.589200 -4.731 -0.714 0.163 0.2 -0.019913 20000 1.000000
241.528000 37.737500 -5.781 -1.111 0.17 0.204 0.001128 20000 1.000000
240.850000 38.057900 -8.217 -0.189 0.183 0.218 -0.016863 20000 1.000000
237.804000 41.344800 -3.996 1.302 0.171 0.221 0.016936 20000 1.000000
237.706000 41.381200 -3.867 -1.561 0.175 0.213 0.037735 20000 1.000000
237.809000 41.479200 -4.149 -1.974 0.166 0.225 -0.062589 20000 1.000000
237.687000 41.463600 -5.116 -0.771 0.166 0.222 -0.057665 20000 1.000000
237.847000 41.531900 -5.439 -1.646 0.248 0.293 0.042217 20000 1.000000
238.493000 41.711600 -5.465 -2.521 0.162 0.208 -0.020839 20000 1.000000
246.132000 42.878900 -5.75 -2.984 0.162 0.214 -0.037635 20000 1.000000
241.275000 37.380400 -10.615 -1.757 0.226 0.247 0.119837 20000 1.000000
241.439000 37.439500 -6.519 -1.35 0.177 0.208 -0.024044 20000 1.000000
240.254000 37.088900 -6.841 -0.226 0.168 0.202 0.022339 20000 1.000000
241.853000 37.280500 -5.41 -2.362 0.169 0.204 -0.013921 20000 1.000000
239.172000 41.359200 -5.449 -2.387 0.208 0.256 -0.084361 20000 1.000000
239.527000 41.332500 -5.873 -1.827 0.167 0.211 -0.015314 20000 1.000000
235.587000 42.442000 -2.192 0.819 0.168 0.22 -0.076982 20000 1.000000
235.707000 42.076600 -2.544 -0.044 0.17 0.212 -0.000360 20000 1.000000
238.120000 42.579800 -4.235 -2.209 0.167 0.214 -0.036143 20000 1.000000
240.341000 42.546100 -5.41 -2.411 0.166 0.217 -0.036364 20000 1.000000
242.275000 42.020200 -4.334 -2.264 0.166 0.213 -0.024116 20000 1.000000
243.404000 33.598200 -6.816 3.179 0.249 0.28 -0.152418 20000 1.000000
243.397000 33.495500 -10.287 4.182 0.174 0.201 -0.010737 20000 1.000000
244.492000 32.829400 -6.841 2.967 0.182 0.202 -0.029006 20000 1.000000
239.784000 35.693800 -8.34 4.396 0.188 0.216 0.022403 20000 1.000000
237.579000 41.830800 -4.38 -1.361 0.233 0.311 -0.001681 20000 1.000000
236.019000 41.845500 -2.238 0.981 0.184 0.262 -0.078965 20000 1.000000
238.521000 36.744300 -12.773 8.072 0.183 0.212 0.045731 20000 1.000000
239.528000 35.946600 -7.702 2.17 0.189 0.215 0.037071 20000 1.000000
239.485000 35.929100 -11.288 6.061 0.223 0.271 -0.009907 20000 1.000000
236.427000 40.478800 -7.528 -0.453 0.197 0.248 0.175013 20000 1.000000
243.852000 34.508100 -4.261 -1.725 0.25 0.304 -0.041730 20000 1.000000
245.241000 32.497900 -3.253 -1.18 0.181 0.198 -0.021024 20000 1.000000
243.407000 33.537300 -8.873 3.792 0.181 0.211 0.038137 20000 1.000000
241.651000 34.021700 -8.584 8.872 0.192 0.237 -0.003588 20000 1.000000
241.379000 34.836000 -7.857 2.143 0.17 0.198 -0.019308 20000 1.000000
241.983000 35.152400 -5.639 0.423 0.17 0.199 -0.022732 20000 1.000000
241.983000 35.152500 -5.899 0.463 0.169 0.199 -0.015573 20000 1.000000
235.946000 42.861900 -0.862 -0.164 0.212 0.261 0.130713 20000 1.000000
242.968000 33.389000 -12.248 5.015 0.176 0.204 0.005045 20000 1.000000
243.936000 31.559100 -13.747 6.199 0.177 0.194 0.043225 20000 1.000000
238.728000 35.709000 -12.874 9.504 0.185 0.218 -0.028022 20000 1.000000
242.077000 34.508200 -8.243 2.491 0.175 0.202 -0.004134 20000 1.000000
239.241000 36.186900 -7.495 -0.671 0.173 0.201 0.033406 20000 1.000000
239.233000 36.180500 -12.455 7.807 0.171 0.2 -0.011301 20000 1.000000
244.450000 32.490100 -10.028 4.891 0.172 0.203 -0.055873 20000 1.000000
242.305000 34.925400 -6.639 1.264 0.172 0.199 -0.050718 20000 1.000000
244.116000 32.417000 -12.196 6.129 0.167 0.19 -0.022520 20000 1.000000
243.076000 33.687100 -9.365 5.492 0.166 0.192 -0.033606 20000 1.000000
239.522000 35.919900 -11.956 5.201 0.173 0.205 0.007123 20000 1.000000
242.818000 33.835700 -10.183 4.273 0.188 0.207 -0.032612 20000 1.000000
242.193000 34.091800 -10.905 4.835 0.176 0.211 -0.010246 20000 1.000000
241.596000 33.743300 -12.341 6.993 0.191 0.222 -0.009541 20000 1.000000
241.628000 33.779500 -12.842 6.751 0.215 0.243 0.043900 20000 1.000000
238.863000 36.161100 -13.243 8.102 0.173 0.202 0.004253 20000 1.000000
241.755000 34.628700 -8.567 3.286 0.195 0.229 -0.050485 20000 1.000000
239.056000 39.974600 -7.347 0.17 0.184 0.228 -0.064969 20000 1.000000
243.849000 34.683200 -5.21 -3.214 0.17 0.2 -0.028182 20000 1.000000
242.317000 35.338700 -6.018 0.937 0.169 0.199 -0.018371 20000 1.000000
240.280000 34.500000 -13.853 5.475 0.17 0.198 -0.022124 20000 1.000000
242.413000 33.444100 -9.865 4.948 0.199 0.22 -0.007956 20000 1.000000
243.375000 34.643900 -5.207 -0.57 0.171 0.196 -0.050091 20000 1.000000
241.974000 34.019100 -11.699 3.904 0.188 0.217 -0.067710 20000 1.000000
242.391000 33.674100 -12.239 4.138 0.176 0.202 0.014076 20000 1.000000
242.445000 33.485800 -12.21 5.81 0.19 0.218 0.006233 20000 1.000000
239.475000 35.900000 2.184 2.735 0.178 0.216 -0.036251 20000 1.000000
241.807000 34.875100 -7.052 1.927 0.176 0.204 -0.011748 20000 1.000000
240.816000 34.541500 -11.672 3.886 0.186 0.218 0.048633 20000 1.000000
244.877000 40.617200 -5.176 -2.349 0.167 0.216 -0.009117 20000 1.000000
243.350000 36.316300 -4.9 -3.8 0.168 0.202 -0.008686 20000 1.000000
238.442000 37.666500 -7.502 -0.486 0.167 0.202 -0.030471 20000 1.000000
241.245000 34.459800 -11.726 4.559 0.191 0.223 -0.038573 20000 1.000000
242.138000 34.205600 -11.324 4.02 0.24 0.237 -0.095450 20000 1.000000
239.775000 40.591700 -5.816 -2.552 0.171 0.218 -0.048117 20000 1.000000
240.984000 41.868400 -5.291 -2.755 0.175 0.223 0.034827 20000 1.000000
243.701000 35.971300 -4.352 -2.584 0.178 0.204 -0.070253 20000 1.000000
241.521000 34.438600 -10.592 3.442 0.205 0.228 -0.064004 20000 1.000000
243.746000 33.192600 -10.56 4.006 0.169 0.194 -0.030435 20000 1.000000
240.116000 39.314300 -13.311 -3.14 0.165 0.21 -0.044535 20000 1.000000
244.022000 33.292200 -7.141 1.848 0.171 0.195 -0.020526 20000 1.000000
240.476000 33.247900 -12.514 7.647 0.168 0.195 -0.032760 20000 1.000000
240.936000 34.319900 -11.663 5.829 0.166 0.193 -0.017612 20000 1.000000
241.354000 34.059300 -12.288 7.655 0.175 0.198 -0.068213 20000 1.000000
242.151000 33.992700 -11.466 4.481 0.187 0.212 -0.012670 20000 1.000000
245.105000 42.612700 -36.145 -40.766 0.255 0.328 0.007024 20000 1.000000
239.930000 34.607300 -14.223 7.752 0.174 0.217 -0.052734 20000 1.000000
239.640000 35.917400 -3.827 5.095 0.195 0.216 0.058725 20000 1.000000
241.585000 35.158200 -7.776 0.995 0.168 0.198 -0.022651 20000 1.000000
243.923000 33.650600 -7.192 -0.329 0.172 0.199 0.009232 20000 1.000000
242.233000 33.549600 -12.508 6.005 0.237 0.254 -0.030366 20000 1.000000
243.770000 36.934800 -5.541 -3.39 0.168 0.202 -0.007319 20000 1.000000
239.867000 34.483500 -13.433 8.08 0.174 0.203 -0.032064 20000 1.000000
243.839000 33.641200 -7.347 0.798 0.182 0.201 -0.009621 20000 1.000000
246.368000 31.335500 -3.06 -2.29 0.171 0.188 -0.040591 20000 1.000000
242.951000 39.542200 -4.994 -3.156 0.172 0.207 0.055899 20000 1.000000
242.816000 38.097200 -5.498 -3.547 0.164 0.201 -0.030559 20000 1.000000
241.669000 33.797800 -12.356 6.591 0.182 0.208 -0.038541 20000 1.000000
241.163000 34.248000 -12.816 6.161 0.173 0.198 0.033716 20000 1.000000
241.771000 34.878900 -6.371 1.817 0.178 0.21 -0.088857 20000 1.000000
235.849000 41.053900 -2.531 2.249 0.168 0.212 -0.027459 20000 1.000000
241.558000 34.069100 -10.531 6.02 0.212 0.234 -0.013468 20000 1.000000
241.198000 39.627100 -5.035 -0.961 0.169 0.21 -0.012847 20000 1.000000
241.723000 34.019500 -8.502 10.435 0.166 0.192 -0.020530 20000 1.000000
243.915000 33.030100 -10.925 3.905 0.168 0.192 -0.027775 20000 1.000000
238.053000 38.394500 -7.35 -0.27 0.194 0.239 -0.030976 20000 1.000000
241.780000 34.178600 -11.944 4.193 0.218 0.229 0.046933 20000 1.000000
241.486000 34.126400 -12.231 5.695 0.166 0.193 -0.009100 20000 1.000000
241.516000 34.293200 -12.075 4.646 0.172 0.196 -0.016161 20000 1.000000
239.384000 34.556300 -12.884 8.213 0.166 0.194 -0.019168 20000 1.000000
241.879000 34.501500 -8.859 1.14 0.2 0.229 -0.007631 20000 1.000000
241.706000 33.712600 -13.226 6.486 0.172 0.199 -0.044163 20000 1.000000
242.807000 33.225000 -12.127 5.669 0.167 0.191 -0.013776 20000 1.000000
241.443000 35.738400 -10.341 2.079 0.353 0.424 0.315568 20000 1.000000
241.346000 37.664300 -5.811 -1.157 0.173 0.21 -0.006319 20000 1.000000
241.016000 35.010800 -8.553 1.212 0.187 0.222 -0.056066 20000 1.000000
241.648000 35.695000 -5.985 -0.317 0.182 0.215 -0.070783 20000 1.000000
243.608000 33.934800 -7.878 2.583 0.182 0.21 -0.023669 20000 1.000000
241.258000 34.568500 -12.211 4.668 0.182 0.209 0.099431 20000 1.000000
241.586000 34.259400 -11.415 5.116 0.214 0.245 -0.061956 20000 1.000000
244.418000 33.038300 -7.15 -1.301 0.173 0.2 -0.010732 20000 1.000000
243.068000 34.669000 -6.282 0.086 0.185 0.215 -0.128813 20000 1.000000
241.758000 35.695600 -6.379 -0.703 0.264 0.302 0.124425 20000 1.000000
241.572000 33.958200 -12.433 6.118 0.237 0.247 -0.324705 20000 1.000000
244.421000 33.278800 -6.27 -3.603 0.172 0.196 -0.035392 20000 1.000000
243.346000 33.955300 -8.784 2.467 0.171 0.196 -0.021662 20000 1.000000
243.111000 35.425200 -5.569 2.103 0.182 0.213 -0.033093 20000 1.000000
243.920000 35.287000 -4.874 -3.644 0.172 0.202 -0.024182 20000 1.000000
