242.907000 34.116400 -6.913 3.919 0.189 0.232 -0.044800 20000 1.000000
242.555000 33.274300 -10.851 8.753 0.175 0.2 -0.009359 20000 1.000000
242.555000 33.274300 -10.951 9.012 0.254 0.299 -0.018322 20000 1.000000
243.571000 34.594300 -4.456 1.172 0.169 0.197 -0.012953 20000 1.000000
241.305000 34.824500 -8.87 6.023 0.183 0.213 -0.021313 20000 1.000000
242.675000 33.341900 -10.399 8.205 0.17 0.196 0.000003 20000 1.000000
242.524000 33.381100 -10.868 8.265 0.172 0.195 -0.020934 20000 1.000000
242.103000 34.126000 -9.563 7.058 0.228 0.241 -0.053408 20000 1.000000
242.795000 40.412800 -4.629 -0.563 0.167 0.209 -0.022824 20000 1.000000
240.970000 33.480500 -12.686 10.597 0.19 0.209 -0.051411 20000 1.000000
245.125000 42.605800 -2.519 -1.346 0.203 0.265 -0.009539 20000 1.000000
243.116000 34.264300 -6.16 4.531 0.193 0.225 0.032681 20000 1.000000
243.379000 37.039900 -4.108 -0.458 0.177 0.213 0.014059 20000 1.000000
244.002000 34.000500 -4.155 0.675 0.173 0.197 -0.035147 20000 1.000000
242.935000 33.578200 -10.072 7.305 0.181 0.206 -0.027181 20000 1.000000
243.920000 35.287000 -3.892 -1.209 0.174 0.203 -0.018830 20000 1.000000
245.108000 42.616100 -47.358 17.375 0.41 0.498 0.125603 20000 1.000000
245.285000 33.610400 -3.38 -0.361 0.171 0.197 -0.034791 20000 1.000000
243.947000 34.251400 -3.073 0.618 0.173 0.199 -0.028542 20000 1.000000
241.723000 34.184900 -10.044 8.191 0.197 0.224 0.010751 20000 1.000000
242.988000 34.918600 -4.625 2.74 0.171 0.201 -0.012322 20000 1.000000
241.812000 34.292800 -9.647 6.336 0.266 0.268 -0.325906 20000 1.000000
242.156000 42.779500 -2.92 -0.012 0.169 0.221 -0.009443 20000 1.000000
240.653000 35.157300 -8.924 4.474 0.173 0.206 0.005057 20000 1.000000
235.437000 42.836100 0.109 3.731 0.253 0.342 -0.015484 20000 1.000000
244.010000 33.655100 -4.821 2.245 0.178 0.206 0.005228 20000 1.000000
239.566000 35.939400 -5.671 5.797 0.168 0.201 -0.026905 20000 1.000000
239.569000 35.888400 -7.343 9.034 0.193 0.222 -0.008091 20000 1.000000
241.666000 33.311600 -11.517 10.21 0.167 0.193 -0.004841 20000 1.000000
241.517000 33.445800 -11.894 10.763 0.208 0.249 -0.025052 20000 1.000000
241.370000 34.138600 -11.059 8.349 0.21 0.223 0.082162 20000 1.000000
242.329000 35.565300 -5.197 2.503 0.175 0.209 -0.009035 20000 1.000000
243.664000 34.829500 -4.191 0.717 0.187 0.208 -0.032991 20000 1.000000
242.035000 34.244000 -11.34 5.411 0.202 0.245 -0.118023 20000 1.000000
241.974000 34.333400 -9.839 7.202 0.187 0.209 0.024323 20000 1.000000
242.172000 34.640500 -6.324 4.724 0.178 0.212 0.028843 20000 1.000000
241.063000 34.109600 -11.13 9.735 0.185 0.219 -0.001275 20000 1.000000
241.873000 34.136700 -10.937 5.373 0.205 0.223 -0.000798 20000 1.000000
242.576000 34.271200 5.888 -0.725 0.171 0.194 -0.017182 20000 1.000000
242.521000 34.313800 -6.774 5.182 0.189 0.211 0.081586 20000 1.000000
241.856000 34.530300 -9.705 5.509 0.191 0.21 -0.151593 20000 1.000000
242.291000 34.109900 -10.874 8.929 0.182 0.209 -0.048782 20000 1.000000
245.126000 40.558400 -3.097 -0.713 0.18 0.211 0.020990 20000 1.000000
244.877000 32.863500 -2.535 -0.05 0.176 0.198 -0.018128 20000 1.000000
244.272000 32.850500 -9.663 5.405 0.177 0.199 -0.032213 20000 1.000000
240.120000 34.414900 -11.51 7.918 0.173 0.2 -0.038848 20000 1.000000
242.427000 35.071700 -4.828 3.604 0.176 0.204 0.030244 20000 1.000000
239.249000 35.791600 -10.934 10.679 0.178 0.207 -0.035343 20000 1.000000
242.900000 34.039100 -7.585 6.81 0.17 0.197 -0.006384 20000 1.000000
240.275000 35.242100 -8.429 5.253 0.166 0.195 -0.004999 20000 1.000000
244.265000 33.069800 -7.167 5.304 0.18 0.204 -0.015160 20000 1.000000
240.961000 34.168400 -11.805 9.457 0.171 0.199 0.007689 20000 1.000000
241.743000 33.861500 -11.031 8.928 0.175 0.203 -0.023565 20000 1.000000
241.476000 34.253600 -10.93 8.662 0.178 0.208 0.038745 20000 1.000000
240.629000 34.408100 -11.523 8.485 0.197 0.229 -0.033125 20000 1.000000
241.387000 34.516500 -10.338 6.692 0.178 0.204 -0.034895 20000 1.000000
243.630000 34.124100 -4.865 2.303 0.19 0.219 -0.081819 20000 1.000000
242.098000 34.082000 -8.381 6.514 0.185 0.216 -0.078340 20000 1.000000
241.603000 34.334800 -25.102 4.921 0.372 0.349 -0.226908 20000 1.000000
241.603000 34.334000 -10.085 7.521 0.271 0.259 -0.179133 20000 1.000000
244.212000 33.389800 -6.397 2.581 0.23 0.258 -0.021535 20000 1.000000
242.154000 35.267500 -5.095 3.307 0.17 0.2 -0.019212 20000 1.000000
242.140000 34.413400 -8.147 6.116 0.174 0.217 -0.008120 20000 1.000000
241.873000 33.938300 -12.388 10.827 0.174 0.201 -0.016983 20000 1.000000
242.588000 33.647700 -11.019 8.257 0.167 0.192 -0.013206 20000 1.000000
241.170000 34.946200 -6.511 6.975 0.178 0.214 -0.013906 20000 1.000000
245.061000 39.345200 -3.546 -0.503 0.17 0.208 -0.027798 20000 1.000000
244.183000 40.914700 -4.136 -0.243 0.165 0.211 -0.016627 20000 1.000000
241.871000 33.583500 -9.758 8.34 0.189 0.214 0.018273 20000 1.000000
242.574000 33.649100 -11.334 8.301 0.174 0.201 -0.058756 20000 1.000000
241.574000 34.703100 -6.951 7.104 0.171 0.199 -0.003952 20000 1.000000
242.474000 34.104200 -9.191 6.743 0.2 0.229 -0.025589 20000 1.000000
241.558000 34.066600 -23.828 7.559 1.357 0.637 -0.177779 20000 1.000000
239.991000 34.733000 -11.372 10.516 0.173 0.199 0.017085 20000 1.000000
243.064000 34.093600 -5.382 5.2 0.192 0.271 0.064163 20000 1.000000
241.116000 34.356300 -11.034 8.511 0.173 0.198 -0.015047 20000 1.000000
246.195000 39.369400 -3.782 -0.2 0.173 0.21 -0.031244 20000 1.000000
241.760000 34.733900 -7.169 5.04 0.174 0.204 -0.009352 20000 1.000000
244.200000 32.945000 -8.194 6.356 0.195 0.209 -0.011022 20000 1.000000
241.107000 34.800200 -9.296 5.544 0.178 0.207 0.007338 20000 1.000000
240.644000 40.416500 -3.762 -0.005 0.169 0.215 -0.043939 20000 1.000000
244.479000 33.274800 -3.881 0.054 0.177 0.199 -0.029299 20000 1.000000
243.617000 34.291400 -4.404 2.233 0.175 0.203 -0.046939 20000 1.000000
245.173000 33.051100 -4.111 -1.606 0.472 0.524 -0.116975 20000 1.000000
244.340000 34.784000 -3.834 -0.291 0.205 0.239 -0.064211 20000 1.000000
245.810000 34.308600 -2.778 0.106 0.181 0.209 -0.018863 20000 1.000000
243.111000 35.425200 -4.146 4.071 0.173 0.202 -0.035940 20000 1.000000
245.820000 40.640200 -3.833 -0.166 0.167 0.208 -0.007790 20000 1.000000
239.584000 36.399000 -5.687 2.367 0.204 0.238 -0.055870 20000 1.000000
241.887000 34.047400 -9.4 6.567 0.267 0.313 0.002933 20000 1.000000
241.714000 33.783600 -10.204 8.304 0.194 0.222 -0.111616 20000 1.000000
243.570000 34.754800 -5.234 0.79 0.172 0.2 -0.004903 20000 1.000000
242.999000 33.708100 -9.076 6.614 0.173 0.2 -0.003289 20000 1.000000
244.365000 33.705000 -3.71 0.214 0.193 0.228 -0.043291 20000 1.000000
239.520000 35.866700 -9.285 9.196 0.197 0.244 0.004632 20000 1.000000
242.155000 34.458200 -8.345 4.826 0.176 0.206 -0.029965 20000 1.000000
239.598000 35.880800 -7.029 5.882 0.179 0.211 0.060676 20000 1.000000
240.812000 34.441200 -11.212 6.989 0.183 0.214 -0.006671 20000 1.000000
244.089000 34.727300 -2.938 0.019 0.176 0.205 -0.017521 20000 1.000000
243.779000 33.796800 -5.808 3.143 0.175 0.202 0.009576 20000 1.000000
244.855000 34.157600 -4.073 -0.893 0.171 0.199 0.003980 20000 1.000000
241.526000 35.662300 -5.7 2.26 0.179 0.209 -0.081950 20000 1.000000
242.045000 34.449100 -8.058 5.546 0.168 0.202 -0.023398 20000 1.000000
240.992000 34.398500 -13.383 7.38 0.175 0.204 -0.024214 20000 1.000000
243.827000 33.925400 -5.129 1.827 0.18 0.202 -0.014243 20000 1.000000
243.241000 33.236000 -8.553 8.728 0.181 0.21 -0.022510 20000 1.000000
242.165000 34.485500 -7.655 5.419 0.168 0.196 -0.012767 20000 1.000000
242.609000 33.744200 -10.02 7.965 0.204 0.224 0.061380 20000 1.000000
242.555000 33.817400 -9.956 7.682 0.178 0.204 -0.005666 20000 1.000000
243.060000 35.090200 -3.989 1.715 0.175 0.202 -0.020234 20000 1.000000
239.553000 34.691000 -12.433 11.506 0.174 0.201 -0.016897 20000 1.000000
242.246000 34.133300 -9.642 6.659 0.175 0.201 0.009699 20000 1.000000
239.406000 35.828700 -9.985 9.868 0.176 0.209 0.002743 20000 1.000000
241.970000 34.527100 -7.632 5.086 0.189 0.226 -0.056388 20000 1.000000
240.896000 34.733600 -9.981 6.489 0.173 0.206 0.001593 20000 1.000000
239.557000 35.832600 -9.846 8.355 0.171 0.202 -0.011253 20000 1.000000
242.563000 33.856800 -9.743 7.798 0.173 0.196 -0.025697 20000 1.000000
238.778000 42.418300 -3.877 0.838 0.242 0.329 -0.012500 20000 1.000000
244.021000 36.632500 -3.282 -0.803 0.169 0.203 0.011602 20000 1.000000
239.649000 34.038300 -12.403 11.334 0.174 0.203 -0.048725 20000 1.000000
241.874000 34.136800 -9.978 6.988 0.265 0.306 0.000028 20000 1.000000
243.904000 40.148400 -3.966 -0.894 0.174 0.22 -0.087116 20000 1.000000
242.682000 33.918400 -8.771 7.372 0.173 0.197 -0.012767 20000 1.000000
239.566000 35.969500 -5.942 5.029 0.179 0.202 -0.058321 20000 1.000000
244.588000 40.710700 -3.572 -1.142 0.168 0.222 -0.025716 20000 1.000000
241.122000 34.295500 -11.096 8.725 0.192 0.216 -0.002377 20000 1.000000
242.118000 34.175200 -8.392 7.879 0.231 0.253 -0.290104 20000 1.000000
243.352000 34.038500 -5.936 4.703 0.187 0.218 0.091522 20000 1.000000
242.790000 34.230800 -4.78 6.306 0.284 0.284 0.229454 20000 1.000000
241.755000 34.055200 -9.167 5.745 0.374 0.359 0.208910 20000 1.000000
245.381000 34.767700 -3.257 -0.499 0.184 0.214 -0.030469 20000 1.000000
242.491000 39.685600 -4.449 -0.506 0.172 0.213 -0.019804 20000 1.000000
240.859000 34.498700 -11.159 6.949 0.169 0.196 -0.020064 20000 1.000000
245.104000 42.614500 -57.643 -23.333 0.233 0.303 -0.011208 20000 1.000000
243.932000 34.141000 -3.755 0.833 0.172 0.198 -0.004138 20000 1.000000
242.653000 33.240700 -11.024 9.112 0.192 0.207 -0.140526 20000 1.000000
244.082000 34.369900 -2.96 0.645 0.173 0.203 -0.053069 20000 1.000000
243.695000 34.427700 -3.456 1.241 0.175 0.206 -0.037787 20000 1.000000
243.708000 34.533000 -3.495 0.78 0.182 0.204 -0.033186 20000 1.000000
243.185000 34.674900 -5.955 2.479 0.181 0.21 0.066147 20000 1.000000
241.793000 34.128800 -10.707 7.62 0.169 0.196 -0.019204 20000 1.000000
240.647000 34.683400 -10.935 7.259 0.181 0.213 -0.021818 20000 1.000000
242.814000 39.521100 -3.897 -0.65 0.171 0.21 -0.017878 20000 1.000000
245.995000 32.722500 -3.94 0.165 0.179 0.201 0.020946 20000 1.000000
244.721000 39.910200 -3.618 -0.482 0.184 0.216 -0.009142 20000 1.000000
245.543000 36.154200 -3.891 0.065 0.171 0.2 -0.028916 20000 1.000000
245.180000 41.724200 -3.963 -0.26 0.168 0.212 -0.048250 20000 1.000000
242.670000 41.428700 -4.027 -0.77 0.167 0.213 0.001212 20000 1.000000
242.935000 42.981700 -3.393 -0.219 0.164 0.214 -0.020130 20000 1.000000
235.925000 40.876300 -1.229 3.823 0.214 0.266 0.032946 20000 1.000000
236.274000 38.928300 -9.735 11.502 0.165 0.203 -0.017139 20000 1.000000
237.585000 40.997600 -5.156 0.611 0.193 0.253 -0.094343 20000 1.000000
243.830000 32.616500 -11.438 8.341 0.171 0.194 -0.029282 20000 1.000000
238.997000 35.551800 -10.564 11.685 0.171 0.203 -0.007831 20000 1.000000
242.015000 39.305600 -4.302 -0.146 0.173 0.216 -0.051530 20000 1.000000
242.395000 39.287900 -4.423 -0.422 0.171 0.208 -0.025458 20000 1.000000
243.576000 39.500500 -3.81 -0.453 0.166 0.213 0.003481 20000 1.000000
243.950000 39.546400 -4.051 -0.877 0.17 0.206 0.004817 20000 1.000000
244.111000 39.374200 -4.134 -0.782 0.167 0.206 -0.000554 20000 1.000000
244.487000 39.536100 -3.43 -1.246 0.201 0.251 -0.020805 20000 1.000000
244.568000 39.388600 -2.215 0.039 0.162 0.202 -0.016568 20000 1.000000
242.120000 40.433400 -4.254 -0.164 0.168 0.21 0.011437 20000 1.000000
245.723000 39.119400 -2.998 -0.2 0.193 0.248 -0.008303 20000 1.000000
246.129000 39.067300 -3.544 -0.233 0.171 0.212 -0.035955 20000 1.000000
246.495000 39.268900 -3.856 -0.368 0.165 0.209 -0.007774 20000 1.000000
242.532000 40.320600 -4.842 0.088 0.173 0.213 -0.060957 20000 1.000000
246.946000 40.494000 -4.153 -0.544 0.213 0.269 -0.002484 20000 1.000000
243.264000 40.495500 -3.718 -0.801 0.185 0.228 -0.073272 20000 1.000000
243.721000 40.363200 -4.037 -0.792 0.164 0.207 0.005065 20000 1.000000
240.200000 39.572800 -5.775 1.049 0.168 0.208 -0.025556 20000 1.000000
242.469000 36.614300 -4.34 0.491 0.169 0.201 -0.020169 20000 1.000000
242.593000 36.804200 -4.084 -0.619 0.163 0.196 -0.013377 20000 1.000000
242.006000 36.606000 -3.646 1.923 0.176 0.204 0.069571 20000 1.000000
242.296000 37.200800 -3.072 0.419 0.168 0.202 -0.011994 20000 1.000000
240.463000 39.698400 -5.875 0.254 0.176 0.217 -0.018388 20000 1.000000
240.694000 39.795600 -4.685 -0.505 0.177 0.226 0.032158 20000 1.000000
241.126000 39.838800 -5.105 -0.126 0.175 0.214 -0.039453 20000 1.000000
241.316000 39.888900 -5.075 -0.511 0.17 0.213 -0.031279 20000 1.000000
241.841000 39.212300 -4.254 0.349 0.162 0.202 -0.010365 20000 1.000000
246.706000 41.856800 -4.351 0.697 0.175 0.224 0.009465 20000 1.000000
246.958000 39.345100 -3.392 0.04 0.169 0.207 -0.020123 20000 1.000000
246.988000 41.817300 -2.444 -0.61 0.166 0.211 -0.027187 20000 1.000000
246.722000 40.671300 -3.672 -0.46 0.17 0.214 -0.024154 20000 1.000000
240.400000 39.499200 -5.121 0.799 0.183 0.216 0.032225 20000 1.000000
240.931000 39.486100 -5.171 0.601 0.171 0.211 -0.011109 20000 1.000000
241.550000 39.133900 -5.127 -0.398 0.175 0.216 -0.003994 20000 1.000000
241.062000 39.268000 -4.998 -0.274 0.256 0.306 -0.024472 20000 1.000000
241.649000 39.454700 -4.338 0.027 0.169 0.208 0.032048 20000 1.000000
241.995000 38.728800 -3.635 -0.151 0.169 0.206 -0.009185 20000 1.000000
241.540000 38.724600 -4.348 -0.565 0.232 0.273 -0.006401 20000 1.000000
241.070000 38.980900 -3.607 0.601 0.164 0.208 -0.002554 20000 1.000000
240.523000 40.779800 -4.823 -0.321 0.183 0.22 0.062574 20000 1.000000
240.990000 40.242200 -5.494 -0.256 0.267 0.313 -0.081944 20000 1.000000
240.278000 39.908200 -6.429 -0.185 0.168 0.21 0.019229 20000 1.000000
239.307000 38.829200 -4.71 2.48 0.188 0.212 0.083156 20000 1.000000
239.614000 39.046600 -6.182 1.57 0.186 0.224 -0.059053 20000 1.000000
240.189000 39.123500 -6.731 2.431 0.172 0.212 -0.078877 20000 1.000000
239.107000 39.466700 -5.075 1.639 0.206 0.248 0.079019 20000 1.000000
240.376000 41.357700 -4.884 -0.318 0.166 0.213 -0.010016 20000 1.000000
239.716000 39.937400 -5.524 1.063 0.161 0.203 -0.016172 20000 1.000000
239.194000 40.418600 -5.319 0.624 0.223 0.271 0.017032 20000 1.000000
239.923000 40.288900 -5.072 0.783 0.168 0.211 -0.002700 20000 1.000000
235.692000 40.247500 -7.981 9.569 0.165 0.208 -0.007906 20000 1.000000
235.867000 40.551300 -2.388 5.487 0.17 0.215 -0.017547 20000 1.000000
235.787000 40.637400 -1.021 6.253 0.195 0.246 0.005702 20000 1.000000
235.943000 40.219600 -6.425 6.077 0.17 0.214 0.003235 20000 1.000000
236.307000 40.119300 -8.079 4.441 0.179 0.228 0.024806 20000 1.000000
238.207000 36.485500 -11.468 11.387 0.17 0.201 -0.015364 20000 1.000000
238.710000 35.945700 -11.901 10.76 0.172 0.204 0.034910 20000 1.000000
238.949000 36.302100 -10.922 12.001 0.169 0.202 0.001500 20000 1.000000
238.865000 36.425900 -12.784 11.429 0.198 0.233 0.023568 20000 1.000000
237.668000 37.534500 -9.534 8.781 0.21 0.22 -0.101261 20000 1.000000
237.623000 37.914500 -8.643 7.252 0.175 0.211 -0.007898 20000 1.000000
236.819000 38.495000 -8.684 10.183 0.169 0.211 -0.071027 20000 1.000000
236.652000 38.987400 -7.719 7.569 0.178 0.213 0.065115 20000 1.000000
236.796000 39.242000 -7.764 4.633 0.168 0.208 -0.008580 20000 1.000000
236.368000 42.275400 -2.795 -0.838 0.174 0.224 -0.004504 20000 1.000000
236.895000 39.319700 -7.332 4.195 0.17 0.21 0.019232 20000 1.000000
237.041000 38.664700 -8.161 7.595 0.208 0.264 0.096377 20000 1.000000
237.233000 38.428600 -5.961 8.389 0.17 0.211 0.001386 20000 1.000000
237.548000 38.239800 -6.962 5.624 0.172 0.21 -0.011454 20000 1.000000
237.083000 38.866100 -6.563 3.25 0.163 0.203 -0.015224 20000 1.000000
237.037000 39.398100 -7.495 -0.57 0.589 0.707 -0.074288 20000 1.000000
237.424000 38.777800 -5.689 3.991 0.172 0.222 -0.046683 20000 1.000000
237.281000 39.260000 -4.922 2.199 0.17 0.209 0.033487 20000 1.000000
237.696000 39.109300 -5.962 1.395 0.173 0.212 -0.019736 20000 1.000000
237.873000 37.069200 -10.531 11.095 0.204 0.237 0.184752 20000 1.000000
238.137000 36.962000 -10.317 9.781 0.196 0.222 -0.039349 20000 1.000000
238.009000 37.201700 -9.744 8.388 0.199 0.23 -0.081500 20000 1.000000
238.203000 37.001000 -10.045 8.245 0.258 0.278 0.073406 20000 1.000000
238.274000 37.002400 -8.927 8.637 0.182 0.223 0.015031 20000 1.000000
238.349000 37.104500 -9.259 7.305 0.21 0.225 -0.123139 20000 1.000000
238.286000 37.203500 -7.406 7.775 0.175 0.206 0.037655 20000 1.000000
237.786000 37.329900 -10.801 9.037 0.166 0.202 0.003992 20000 1.000000
237.901000 37.336900 -8.446 7.27 0.212 0.262 -0.025449 20000 1.000000
237.900000 37.722000 -7.08 5.538 0.167 0.201 -0.017374 20000 1.000000
237.781000 37.863900 -5.28 6.941 0.175 0.216 -0.009490 20000 1.000000
237.942000 37.713900 -7.087 5.055 0.189 0.225 -0.075506 20000 1.000000
238.174000 37.336800 -6.451 6.259 0.17 0.208 -0.006471 20000 1.000000
238.210000 37.533000 -5.694 3.537 0.168 0.203 -0.003524 20000 1.000000
238.313000 37.601800 -5.723 2.897 0.175 0.208 0.036416 20000 1.000000
238.022000 37.749400 -6.728 4.724 0.172 0.206 -0.019321 20000 1.000000
238.214000 37.819000 -4.738 2.958 0.211 0.247 -0.003730 20000 1.000000
238.095000 36.621700 -11.466 11.113 0.169 0.203 -0.027916 20000 1.000000
238.421000 36.724000 -10.532 11.082 0.169 0.201 -0.012746 20000 1.000000
238.580000 36.800400 -8.504 7.018 0.169 0.202 -0.018380 20000 1.000000
238.409000 36.858500 -10.785 9.629 0.17 0.204 -0.030550 20000 1.000000
238.459000 36.814300 -11.463 9.108 0.173 0.205 -0.005465 20000 1.000000
238.445000 36.903500 -9.266 7.887 0.172 0.203 -0.030179 20000 1.000000
238.613000 36.637000 -11.741 10.701 0.18 0.212 -0.074988 20000 1.000000
238.458000 37.007800 -9.11 5.965 0.171 0.214 0.002382 20000 1.000000
238.426000 37.213000 -6.831 3.343 0.169 0.201 -0.010610 20000 1.000000
238.665000 36.918200 -6.033 2.637 0.166 0.2 -0.008970 20000 1.000000
238.645000 37.010800 -6.094 2.471 0.178 0.216 -0.043958 20000 1.000000
240.294000 37.713100 -4.538 4.433 0.173 0.211 -0.029361 20000 1.000000
238.812000 36.559500 -11.608 11.56 0.165 0.198 -0.017496 20000 1.000000
238.131000 37.975600 -6.4 3.086 0.168 0.204 0.000106 20000 1.000000
238.936000 36.611600 -3.857 1.096 0.164 0.197 -0.014122 20000 1.000000
238.732000 36.950000 -6.795 2.17 0.168 0.202 0.008696 20000 1.000000
238.652000 36.811400 -6.218 3.158 0.17 0.204 -0.020817 20000 1.000000
238.942000 37.169600 -6.335 2.056 0.174 0.209 -0.000358 20000 1.000000
238.347000 37.478400 -5.674 3.184 0.184 0.222 -0.005354 20000 1.000000
238.531000 37.489600 -6.28 2.485 0.165 0.201 -0.019893 20000 1.000000
238.675000 37.581900 -6.701 2.015 0.17 0.209 -0.023473 20000 1.000000
238.395000 37.932000 -5.249 2.192 0.168 0.204 -0.014795 20000 1.000000
238.536000 37.755300 -6.556 2.689 0.17 0.206 -0.009874 20000 1.000000
238.717000 37.385400 -5.68 1.963 0.17 0.208 -0.022679 20000 1.000000
237.782000 38.153000 -6.694 3.513 0.166 0.204 -0.034326 20000 1.000000
237.904000 38.025100 -6.428 4.214 0.174 0.212 -0.078027 20000 1.000000
237.805000 38.444200 -6.104 2.572 0.178 0.228 0.003718 20000 1.000000
237.645000 38.999500 -5.571 1.259 0.201 0.22 0.056537 20000 1.000000
238.905000 38.645300 -5.931 1.726 0.166 0.204 -0.009591 20000 1.000000
239.652000 35.544100 -11.098 8.826 0.175 0.205 -0.019828 20000 1.000000
239.611000 35.841100 -8.861 8.742 0.175 0.205 -0.041271 20000 1.000000
239.655000 35.837800 -7.021 5.827 0.172 0.207 -0.016095 20000 1.000000
239.715000 35.806700 -6.811 5.018 0.179 0.211 -0.022537 20000 1.000000
239.093000 35.933300 -11.072 9.862 0.167 0.2 -0.015636 20000 1.000000
239.019000 36.417200 -4.918 3.69 0.224 0.265 -0.014212 20000 1.000000
239.147000 36.515900 -5.501 1.62 0.174 0.209 -0.027527 20000 1.000000
239.302000 36.024800 -10.5 10.278 0.168 0.206 -0.010528 20000 1.000000
239.121000 36.140200 -11.053 10.886 0.169 0.2 -0.017173 20000 1.000000
239.251000 36.106800 -11.47 10.755 0.165 0.196 -0.011317 20000 1.000000
239.272000 36.178900 -4.148 3.149 0.165 0.196 -0.013272 20000 1.000000
239.355000 35.922800 -10.6 10.425 0.167 0.198 -0.021879 20000 1.000000
239.525000 36.007500 -6.305 6.761 0.197 0.216 -0.033718 20000 1.000000
239.457000 36.089400 -2.716 5.972 0.166 0.198 -0.013326 20000 1.000000
239.560000 36.123200 -5.652 4.075 0.166 0.198 -0.016514 20000 1.000000
239.158000 35.697100 -10.846 10.141 0.172 0.199 0.028876 20000 1.000000
239.637000 36.051700 -5.523 3.691 0.17 0.198 -0.016153 20000 1.000000
239.448000 35.974100 -10.025 8.762 0.184 0.209 -0.059918 20000 1.000000
239.706000 36.015800 -5.672 3.763 0.168 0.2 -0.021462 20000 1.000000
239.723000 36.304400 -6.927 2.119 0.17 0.204 -0.018166 20000 1.000000
239.257000 36.806300 -6.454 2.169 0.168 0.204 -0.011869 20000 1.000000
239.803000 37.352200 -5.927 1.68 0.18 0.218 -0.021443 20000 1.000000
239.356000 37.795200 -6.624 2.152 0.265 0.329 -0.014292 20000 1.000000
240.160000 37.901100 -7.307 0.898 0.19 0.213 -0.119216 20000 1.000000
239.049000 38.090000 -4.447 1.389 0.171 0.209 -0.025394 20000 1.000000
239.666000 38.735600 -5.844 1.612 0.19 0.215 0.033134 20000 1.000000
241.480000 37.177600 -6.987 -1.026 0.165 0.199 -0.008321 20000 1.000000
236.283000 39.863600 -8.33 5.435 0.239 0.296 -0.104750 20000 1.000000
236.448000 39.905700 -8.5 3.476 0.197 0.252 -0.059703 20000 1.000000
236.628000 39.452400 -7.535 4.079 0.168 0.211 0.004058 20000 1.000000
236.705000 39.707100 -8.592 1.769 0.179 0.22 -0.061817 20000 1.000000
236.813000 39.492800 -7.391 3.67 0.201 0.274 0.030372 20000 1.000000
236.817000 39.962100 -6.816 0.393 0.18 0.226 -0.060292 20000 1.000000
236.344000 40.256800 -6.736 2.553 0.169 0.213 0.013348 20000 1.000000
236.117000 41.151700 -1.245 2.607 0.17 0.215 0.007181 20000 1.000000
236.301000 40.575300 -5.265 2.007 0.176 0.221 0.061169 20000 1.000000
236.427000 40.478900 -6.058 1.471 0.206 0.257 0.183421 20000 1.000000
236.548000 40.082200 -7.596 2.003 0.163 0.206 -0.005889 20000 1.000000
236.864000 40.324100 -7.193 -0.027 0.163 0.207 -0.020102 20000 1.000000
236.676000 40.732900 -5.8 2.878 0.164 0.208 -0.034014 20000 1.000000
236.826000 40.546700 -6.402 0.582 0.168 0.215 -0.032031 20000 1.000000
237.024000 39.621400 -5.041 2.544 0.178 0.211 0.042436 20000 1.000000
237.264000 39.493600 -3.942 3.393 0.165 0.204 -0.023237 20000 1.000000
237.126000 39.726200 -5.716 0.747 0.169 0.212 0.023408 20000 1.000000
237.077000 40.747600 -4.52 0.353 0.173 0.216 -0.032297 20000 1.000000
237.332000 40.034100 -7.038 0.456 0.169 0.21 -0.019551 20000 1.000000
237.393000 40.650700 -6.806 -0.187 0.173 0.221 -0.057235 20000 1.000000
236.666000 40.887100 -5.041 2.586 0.162 0.207 -0.013049 20000 1.000000
237.729000 40.271200 -6.225 0.593 0.179 0.219 -0.078781 20000 1.000000
239.132000 39.794700 -4.773 1.215 0.166 0.212 -0.047216 20000 1.000000
239.052000 41.183300 -4.829 0.454 0.167 0.216 -0.040986 20000 1.000000
237.681000 40.731100 -6.332 0.297 0.198 0.227 0.037747 20000 1.000000
235.774000 42.209100 0.899 0.793 0.178 0.222 -0.007003 20000 1.000000
236.617000 42.503500 -3.518 0.253 0.168 0.216 -0.007051 20000 1.000000
237.344000 42.191000 -3.813 1.127 0.172 0.223 -0.048167 20000 1.000000
238.220000 42.259700 -5.068 -0.147 0.165 0.21 -0.020834 20000 1.000000
239.622000 42.468800 -4.047 -1.009 0.169 0.221 -0.048705 20000 1.000000
241.588000 42.254600 -2.743 0.109 0.162 0.211 -0.020622 20000 1.000000
243.371000 36.071300 -2.916 -0.377 0.177 0.213 0.038391 20000 1.000000
242.835000 36.022500 -3.837 1.2 0.176 0.201 -0.021513 20000 1.000000
242.590000 36.159000 -4.218 0.575 0.18 0.21 0.028525 20000 1.000000
241.868000 36.466800 -6.647 3.403 0.191 0.234 -0.211828 20000 1.000000
242.211000 36.531200 -4.389 0.807 0.182 0.221 -0.021409 20000 1.000000
241.909000 36.570200 -6.673 1.739 0.191 0.212 -0.078347 20000 1.000000
241.882000 36.975700 -5.488 0.486 0.164 0.199 -0.009638 20000 1.000000
242.064000 37.231400 -4.171 -0.004 0.172 0.203 0.028712 20000 1.000000
242.606000 34.462400 -6.337 4.386 0.181 0.205 -0.011787 20000 1.000000
242.459000 33.562100 -10.849 8.531 0.169 0.193 0.003917 20000 1.000000
242.895000 32.889200 -10.543 8.996 0.173 0.195 -0.028772 20000 1.000000
243.050000 32.733800 -11.247 9.159 0.168 0.19 -0.021579 20000 1.000000
242.756000 32.666400 -11.95 8.891 0.186 0.205 0.052543 20000 1.000000
242.810000 33.439600 -9.762 8.529 0.169 0.194 -0.010422 20000 1.000000
242.928000 33.235700 -10.393 8.12 0.182 0.199 0.027701 20000 1.000000
243.217000 33.493300 -9.336 7.362 0.17 0.194 -0.015646 20000 1.000000
243.651000 32.976000 -10.623 7.504 0.174 0.197 -0.017021 20000 1.000000
243.989000 32.822200 -9.639 7.906 0.174 0.195 -0.057474 20000 1.000000
243.329000 33.240200 -9.758 7.516 0.178 0.201 -0.019603 20000 1.000000
243.431000 33.059200 -10.486 8.497 0.169 0.192 -0.028208 20000 1.000000
243.379000 33.375600 -9.353 7.469 0.174 0.198 0.014029 20000 1.000000
243.591000 33.210200 -9.635 7.299 0.185 0.211 -0.004690 20000 1.000000
243.817000 33.213500 -8.81 5.982 0.174 0.198 -0.018093 20000 1.000000
243.921000 33.201000 -7.855 5.676 0.171 0.195 -0.012418 20000 1.000000
243.888000 33.296200 -6.305 4.169 0.212 0.242 -0.067845 20000 1.000000
243.574000 33.523500 -8.083 4.462 0.182 0.202 0.043688 20000 1.000000
243.773000 33.574700 -6.904 4.169 0.179 0.211 -0.001852 20000 1.000000
244.031000 32.887000 -10.504 6.887 0.173 0.196 -0.021402 20000 1.000000
244.175000 32.954700 -9.366 6.514 0.294 0.341 -0.034429 20000 1.000000
244.268000 32.759700 -9.278 7.322 0.178 0.204 -0.014354 20000 1.000000
244.404000 32.750600 -8.081 7.313 0.185 0.203 -0.019865 20000 1.000000
244.423000 32.834700 -6.828 5.667 0.178 0.2 -0.021126 20000 1.000000
244.430000 32.898400 -6.235 5.208 0.178 0.199 -0.006723 20000 1.000000
244.700000 32.690000 -3.424 1.586 0.171 0.194 -0.027754 20000 1.000000
244.602000 32.875800 -3.499 0.443 0.178 0.202 -0.003034 20000 1.000000
244.578000 32.982500 -3.495 0.842 0.177 0.205 0.004393 20000 1.000000
244.280000 32.948900 -7.358 5.401 0.175 0.197 -0.017655 20000 1.000000
244.234000 33.516400 -4.661 1.114 0.18 0.204 0.032407 20000 1.000000
244.313000 33.423900 -4.436 0.587 0.178 0.201 0.015222 20000 1.000000
244.571000 33.247800 -2.824 0.062 0.249 0.288 -0.028469 20000 1.000000
244.657000 33.143600 -2.491 -0.605 0.179 0.202 -0.070898 20000 1.000000
244.704000 33.886900 -3.137 -0.381 0.181 0.201 -0.015454 20000 1.000000
240.305000 37.562600 -6.972 0.261 0.186 0.208 0.086509 20000 1.000000
239.350000 34.907300 -12.22 11.171 0.234 0.278 -0.014663 20000 1.000000
239.590000 35.010700 -10.374 11 0.189 0.219 -0.006497 20000 1.000000
239.760000 34.870600 -11.446 10.594 0.171 0.197 0.013360 20000 1.000000
239.617000 35.106200 -11.241 10.11 0.178 0.205 0.061882 20000 1.000000
241.822000 34.376400 -9.349 5.726 0.17 0.197 -0.016568 20000 1.000000
239.925000 35.020000 -10.544 8.63 0.166 0.195 -0.012865 20000 1.000000
240.208000 34.507800 -11.563 9.679 0.172 0.194 -0.001897 20000 1.000000
240.384000 34.630500 -12.341 8.667 0.166 0.193 -0.010376 20000 1.000000
240.185000 34.888600 -9.774 9.576 0.165 0.193 -0.010212 20000 1.000000
240.464000 35.086600 -8.365 5.981 0.22 0.262 -0.014505 20000 1.000000
239.192000 35.425800 -9.828 11.817 0.169 0.199 -0.026066 20000 1.000000
239.455000 35.327800 -10.918 10.047 0.171 0.203 0.041492 20000 1.000000
239.646000 35.440500 -10.698 8.929 0.17 0.2 -0.025102 20000 1.000000
239.520000 35.624800 -10.472 7.842 0.168 0.2 -0.004578 20000 1.000000
239.463000 35.792700 -9.722 9.385 0.169 0.201 -0.001801 20000 1.000000
239.733000 35.633800 -9.117 7.573 0.173 0.2 0.017568 20000 1.000000
239.629000 35.747900 -10.164 8.555 0.172 0.203 -0.000293 20000 1.000000
237.762000 37.061200 -11.46 11.32 0.271 0.326 -0.008105 20000 1.000000
239.899000 35.235100 -10.293 8.762 0.191 0.214 0.036681 20000 1.000000
239.975000 35.279800 -9.65 8.115 0.174 0.208 -0.045149 20000 1.000000
240.065000 35.316800 -9.649 7.631 0.257 0.308 -0.009518 20000 1.000000
239.887000 35.534200 -10.311 7.771 0.246 0.3 -0.016833 20000 1.000000
239.818000 35.702700 -7.794 5.64 0.168 0.198 -0.008745 20000 1.000000
239.869000 35.801300 -6.319 4.123 0.177 0.203 -0.002242 20000 1.000000
239.999000 35.686700 -6.621 4.967 0.174 0.202 -0.056349 20000 1.000000
239.707000 35.688900 -8.982 7.731 0.169 0.199 -0.026600 20000 1.000000
240.287000 35.319000 -7.886 5.346 0.179 0.211 -0.038881 20000 1.000000
240.091000 35.934700 -5.236 3.248 0.17 0.2 -0.006462 20000 1.000000
240.496000 34.466800 -11.551 7.223 0.166 0.193 -0.011730 20000 1.000000
240.674000 34.599600 -10.863 8.547 0.173 0.207 0.056945 20000 1.000000
240.885000 34.660100 -10.237 6.638 0.174 0.201 0.042003 20000 1.000000
240.845000 34.856200 -9.261 5.488 0.252 0.329 -0.122867 20000 1.000000
239.755000 35.686700 -8.323 6.389 0.17 0.199 -0.019537 20000 1.000000
241.121000 34.835100 -8.486 6.193 0.17 0.197 -0.000480 20000 1.000000
241.152000 34.792300 -9.081 4.83 0.174 0.207 -0.012800 20000 1.000000
241.331000 34.695000 -7.779 7.58 0.176 0.205 0.046173 20000 1.000000
241.454000 34.771100 -7.067 5.579 0.171 0.2 -0.005038 20000 1.000000
241.344000 34.944400 -7.448 4.211 0.176 0.205 -0.064191 20000 1.000000
241.388000 35.138600 -7.08 4.182 0.181 0.213 -0.032448 20000 1.000000
241.459000 34.821800 -6.706 4.441 0.179 0.203 -0.021853 20000 1.000000
241.811000 34.982100 -7.929 2.314 0.228 0.27 -0.016127 20000 1.000000
241.876000 35.378000 -4.447 3.372 0.17 0.198 -0.023360 20000 1.000000
241.740000 35.667300 -5.086 3.139 0.176 0.201 -0.004205 20000 1.000000
241.233000 36.231400 -5.513 3.088 0.174 0.201 0.046053 20000 1.000000
241.045000 36.585500 -4.855 2.194 0.165 0.198 -0.007219 20000 1.000000
241.740000 36.093100 -5.698 2.794 0.169 0.198 -0.017371 20000 1.000000
241.994000 35.038800 -5.417 4.013 0.169 0.197 -0.004312 20000 1.000000
242.271000 34.509700 -7.017 5.484 0.17 0.197 -0.015471 20000 1.000000
242.451000 34.634300 -5.918 4.426 0.168 0.197 -0.022978 20000 1.000000
242.457000 34.987000 -4.851 3.922 0.18 0.21 0.024818 20000 1.000000
243.048000 33.892600 -7.434 5.559 0.168 0.193 -0.018527 20000 1.000000
243.454000 34.019300 -6.246 3.714 0.169 0.195 -0.027245 20000 1.000000
242.719000 34.534800 -6.155 5.018 0.197 0.207 -0.119470 20000 1.000000
241.969000 34.332200 -9.487 6.577 0.172 0.2 -0.001532 20000 1.000000
242.635000 35.116800 -5.845 1.164 0.253 0.298 -0.032524 20000 1.000000
241.983000 35.152400 -4.316 3.523 0.169 0.198 -0.017411 20000 1.000000
242.697000 35.238500 -4.161 2.576 0.17 0.198 -0.008834 20000 1.000000
242.795000 35.387900 -4.228 2.612 0.166 0.195 -0.005405 20000 1.000000
242.610000 35.896700 -4.427 1.867 0.184 0.216 -0.046215 20000 1.000000
242.597000 35.697600 -4.922 1.893 0.168 0.198 -0.015201 20000 1.000000
243.111000 35.998200 -3.172 0.84 0.191 0.215 -0.023074 20000 1.000000
243.112000 35.710600 -3.737 1.441 0.167 0.198 -0.009186 20000 1.000000
243.290000 34.192500 -5.612 3.776 0.172 0.196 -0.027502 20000 1.000000
243.463000 34.217200 -4.843 3.076 0.172 0.197 -0.004051 20000 1.000000
243.788000 33.865800 -5.317 2.515 0.168 0.194 -0.008921 20000 1.000000
243.920000 33.959300 -4.833 1.25 0.173 0.197 -0.016395 20000 1.000000
239.772000 35.729200 -7.149 5.804 0.17 0.199 -0.000274 20000 1.000000
243.971000 34.716900 -3.444 -0.571 0.18 0.205 -0.053401 20000 1.000000
243.329000 34.936800 -3.846 1.409 0.173 0.203 -0.006411 20000 1.000000
242.063000 34.341100 -9.08 5.289 0.184 0.218 -0.016518 20000 1.000000
243.120000 34.462100 -5.983 3.771 0.17 0.196 -0.018679 20000 1.000000
244.179000 33.741000 -4.018 0.385 0.184 0.208 -0.016339 20000 1.000000
243.107000 34.062700 -6.864 5.071 0.183 0.214 -0.048835 20000 1.000000
244.236000 34.425700 -3.285 -0.559 0.206 0.219 0.015685 20000 1.000000
244.350000 35.204800 -3.147 -0.475 0.175 0.202 -0.053237 20000 1.000000
242.685000 34.187400 -6.885 6.229 0.172 0.2 0.024461 20000 1.000000
242.950000 34.196200 -6.303 5.174 0.2 0.204 0.057271 20000 1.000000
244.750000 34.731800 -3.075 -0.543 0.217 0.248 -0.021648 20000 1.000000
243.237000 35.204600 -3.781 1.414 0.168 0.196 -0.006397 20000 1.000000
242.107000 35.424600 -4.984 2.256 0.246 0.298 -0.015881 20000 1.000000
243.428000 35.320600 -3.13 0.926 0.171 0.202 -0.014802 20000 1.000000
243.896000 35.141900 -3.785 -0.181 0.182 0.202 -0.050310 20000 1.000000
243.878000 35.526000 -3.775 -0.927 0.171 0.201 -0.024916 20000 1.000000
243.855000 35.785400 -2.759 0.367 0.169 0.2 -0.029293 20000 1.000000
244.456000 35.472800 -3.451 -0.164 0.178 0.214 -0.012373 20000 1.000000
244.634000 35.163000 -3.074 0.005 0.197 0.225 -0.007522 20000 1.000000
245.401000 34.188900 -1.376 -1.558 0.249 0.291 -0.027486 20000 1.000000
245.035000 34.844400 -3.757 0.36 0.29 0.337 -0.037398 20000 1.000000
244.762000 35.291100 -2.964 -0.281 0.17 0.2 -0.023814 20000 1.000000
241.621000 37.973100 -4.32 0.272 0.201 0.25 -0.040864 20000 1.000000
241.000000 37.613000 -7.262 -5.519 0.17 0.206 -0.050810 20000 1.000000
241.084000 37.605300 -8.981 -7.38 0.174 0.221 -0.035457 20000 1.000000
240.914000 37.785700 -8.608 1.931 0.205 0.229 -0.137191 20000 1.000000
240.967000 37.913500 -6.424 2.189 0.164 0.2 -0.013088 20000 1.000000
240.974000 37.696600 -7.501 1.468 0.2 0.223 0.113450 20000 1.000000
240.862000 37.839300 -8.39 1.628 0.182 0.214 0.014331 20000 1.000000
240.853000 37.962800 -6.859 3.208 0.203 0.253 -0.003625 20000 1.000000
240.916000 37.914100 -5.749 1.174 0.168 0.202 -0.013321 20000 1.000000
241.056000 37.734300 -5.063 2.409 0.166 0.202 -0.014593 20000 1.000000
241.131000 37.654600 -4.183 -0.075 0.168 0.205 -0.024369 20000 1.000000
241.040000 37.891700 -5.227 2.194 0.175 0.207 -0.022279 20000 1.000000
241.148000 37.878200 -5.246 2.351 0.167 0.201 -0.026907 20000 1.000000
241.183000 37.591400 -7.896 -5.581 0.171 0.217 0.050229 20000 1.000000
241.302000 37.561600 -5.849 0.052 0.172 0.225 -0.027041 20000 1.000000
241.316000 37.495400 -6.808 0.566 0.163 0.198 -0.015272 20000 1.000000
241.406000 37.541300 -5.276 0.994 0.167 0.202 -0.009635 20000 1.000000
241.180000 37.677000 -4.227 0.63 0.166 0.202 -0.015023 20000 1.000000
241.232000 37.754400 -4.387 2.911 0.174 0.217 0.025692 20000 1.000000
240.981000 37.800000 -6.234 2.477 0.169 0.204 0.023131 20000 1.000000
241.264000 37.903500 -4.546 1.978 0.168 0.204 -0.026694 20000 1.000000
241.445000 37.891300 -3.834 1.215 0.177 0.206 0.056194 20000 1.000000
241.762000 37.589200 -3.473 1.448 0.165 0.201 -0.013318 20000 1.000000
241.528000 37.737500 -4.329 1.158 0.172 0.205 0.006705 20000 1.000000
240.850000 38.057900 -7.912 2.069 0.179 0.212 -0.010716 20000 1.000000
237.804000 41.344800 -2.75 1.086 0.175 0.226 0.024951 20000 1.000000
237.706000 41.381200 -4.156 0.784 0.177 0.215 0.044266 20000 1.000000
237.809000 41.479200 -4.015 -3.055 0.169 0.23 -0.056081 20000 1.000000
237.687000 41.463600 -3.559 0.25 0.168 0.224 -0.052504 20000 1.000000
237.847000 41.531900 -4.288 -0.094 0.267 0.32 0.050322 20000 1.000000
238.493000 41.711600 -4.502 -0.159 0.164 0.211 -0.014245 20000 1.000000
246.132000 42.878900 -4.126 -0.581 0.164 0.215 -0.034019 20000 1.000000
241.275000 37.380400 -11.854 -0.444 0.23 0.249 0.124172 20000 1.000000
241.439000 37.439500 -6.042 1.35 0.184 0.216 -0.020838 20000 1.000000
240.254000 37.088900 -5.431 2.471 0.17 0.204 0.027331 20000 1.000000
241.853000 37.280500 -4.51 0.586 0.168 0.203 -0.007473 20000 1.000000
239.172000 41.359200 -5.04 -0.26 0.206 0.252 -0.084532 20000 1.000000
239.527000 41.332500 -4.613 0.55 0.169 0.214 -0.010341 20000 1.000000
235.587000 42.442000 -1.432 2.661 0.174 0.229 -0.070111 20000 1.000000
235.707000 42.076600 -2.236 1.15 0.172 0.214 0.006882 20000 1.000000
238.120000 42.579800 -3.982 0.254 0.177 0.229 -0.026766 20000 1.000000
240.341000 42.546100 -4.627 -0.319 0.167 0.217 -0.029042 20000 1.000000
242.275000 42.020200 -2.657 0.263 0.168 0.214 -0.019861 20000 1.000000
243.404000 33.598200 -7.253 6.2 0.253 0.284 -0.154126 20000 1.000000
243.397000 33.495500 -9.178 6.603 0.176 0.203 -0.007895 20000 1.000000
244.492000 32.829400 -5.596 5.373 0.184 0.203 -0.027506 20000 1.000000
239.784000 35.693800 -7.269 6.828 0.187 0.216 0.026037 20000 1.000000
237.579000 41.830800 -4.048 1.445 0.261 0.344 0.024587 20000 1.000000
236.019000 41.845500 -0.511 2.028 0.186 0.266 -0.070745 20000 1.000000
238.521000 36.744300 -10.808 11.151 0.185 0.214 0.048585 20000 1.000000
239.528000 35.946600 -6.352 4.939 0.19 0.215 0.045233 20000 1.000000
239.485000 35.929100 -9.133 9.219 0.226 0.275 0.000480 20000 1.000000
236.427000 40.478800 -5.925 0.934 0.202 0.255 0.169612 20000 1.000000
243.852000 34.508100 -2.187 0.19 0.274 0.322 -0.028322 20000 1.000000
245.241000 32.497900 -2.234 0.876 0.18 0.197 -0.017917 20000 1.000000
243.407000 33.537300 -9.203 5.645 0.184 0.212 0.040125 20000 1.000000
241.651000 34.021700 -8.629 7.899 0.201 0.245 0.014646 20000 1.000000
241.379000 34.836000 -6.944 4.64 0.172 0.201 -0.013591 20000 1.000000
241.983000 35.152400 -4.118 2.554 0.171 0.201 -0.015385 20000 1.000000
241.983000 35.152500 -4.243 3.633 0.171 0.201 -0.008060 20000 1.000000
235.946000 42.861900 -2.681 1.101 0.193 0.237 0.139024 20000 1.000000
242.968000 33.389000 -10.136 9.259 0.185 0.215 0.033258 20000 1.000000
243.936000 31.559100 -12.284 9.251 0.176 0.194 0.047326 20000 1.000000
238.728000 35.709000 -11.598 11.389 0.189 0.222 -0.026972 20000 1.000000
242.077000 34.508200 -7.47 5.22 0.176 0.202 -0.001218 20000 1.000000
239.241000 36.186900 -4.993 2.938 0.175 0.203 0.039236 20000 1.000000
239.233000 36.180500 -11.576 11.031 0.173 0.202 -0.003256 20000 1.000000
244.450000 32.490100 -9.156 7.747 0.174 0.204 -0.051842 20000 1.000000
242.305000 34.925400 -5.074 3.772 0.177 0.205 -0.045660 20000 1.000000
244.116000 32.417000 -11.161 8.98 0.169 0.191 -0.019497 20000 1.000000
243.076000 33.687100 -9.037 8.026 0.167 0.193 -0.024570 20000 1.000000
239.522000 35.919900 -9.646 8.323 0.172 0.205 0.013952 20000 1.000000
242.818000 33.835700 -9.171 6.968 0.189 0.209 -0.030420 20000 1.000000
242.193000 34.091800 -9.582 7.013 0.179 0.214 -0.001121 20000 1.000000
241.596000 33.743300 -12.152 9.786 0.172 0.197 -0.001505 20000 1.000000
241.628000 33.779500 -12.302 10.666 0.329 0.368 0.062059 20000 1.000000
238.863000 36.161100 -11.931 10.441 0.176 0.204 0.009243 20000 1.000000
241.755000 34.628700 -7.815 5.607 0.203 0.234 -0.046816 20000 1.000000
239.056000 39.974600 -8.811 -0.053 0.228 0.284 -0.050848 20000 1.000000
243.849000 34.683200 -3.737 -0.589 0.171 0.199 -0.017600 20000 1.000000
242.317000 35.338700 -4.287 2.748 0.17 0.198 -0.008475 20000 1.000000
240.280000 34.500000 -12.017 8.62 0.173 0.2 -0.015627 20000 1.000000
242.413000 33.444100 -8.081 7.423 0.198 0.219 0.005885 20000 1.000000
243.375000 34.643900 -4.265 1.87 0.173 0.197 -0.042167 20000 1.000000
241.974000 34.019100 -10.287 6.751 0.191 0.22 -0.063373 20000 1.000000
242.391000 33.674100 -12.189 6.774 0.18 0.206 0.020258 20000 1.000000
242.445000 33.485800 -10.903 8.393 0.193 0.219 0.020847 20000 1.000000
239.475000 35.900000 1.089 7.529 0.178 0.214 -0.035949 20000 1.000000
241.807000 34.875100 -5.952 4.922 0.179 0.206 -0.001572 20000 1.000000
240.816000 34.541500 -11.034 6.557 0.189 0.22 0.056366 20000 1.000000
244.877000 40.617200 -3.488 0.11 0.169 0.218 -0.003175 20000 1.000000
243.350000 36.316300 -3.217 -0.574 0.177 0.211 0.001550 20000 1.000000
238.442000 37.666500 -6.246 2.426 0.169 0.204 -0.023312 20000 1.000000
241.245000 34.459800 -10.688 7.424 0.191 0.223 -0.027338 20000 1.000000
242.138000 34.205600 -9.782 6.404 0.221 0.217 -0.095976 20000 1.000000
239.775000 40.591700 -4.674 -0.348 0.172 0.219 -0.041664 20000 1.000000
240.984000 41.868400 -3.556 -0.248 0.178 0.225 0.049321 20000 1.000000
243.701000 35.971300 -3.614 0.174 0.18 0.206 -0.062859 20000 1.000000
241.521000 34.438600 -9.114 6.031 0.206 0.229 -0.061294 20000 1.000000
243.746000 33.192600 -8.818 6.447 0.171 0.195 -0.024384 20000 1.000000
244.022000 33.292200 -6.351 4.484 0.174 0.197 -0.015987 20000 1.000000
240.476000 33.247900 -11.542 10.641 0.171 0.196 -0.017083 20000 1.000000
240.936000 34.319900 -10.94 8.715 0.168 0.194 -0.012330 20000 1.000000
241.354000 34.059300 -11.392 10.59 0.177 0.201 -0.062040 20000 1.000000
242.151000 33.992700 -10.088 7.179 0.181 0.205 -0.006473 20000 1.000000
245.105000 42.612700 -34.645 -37.245 0.235 0.301 0.010279 20000 1.000000
239.930000 34.607300 -12.704 9.837 0.179 0.223 -0.048267 20000 1.000000
239.640000 35.917400 -3.738 7.098 0.196 0.217 0.062411 20000 1.000000
241.585000 35.158200 -6.224 3.61 0.168 0.198 -0.013809 20000 1.000000
243.923000 33.650600 -5.551 2.539 0.174 0.201 0.012759 20000 1.000000
242.233000 33.549600 -11.416 8.708 0.202 0.216 -0.027519 20000 1.000000
243.770000 36.934800 -3.716 -0.599 0.167 0.2 -0.001622 20000 1.000000
239.867000 34.483500 -12.015 11.46 0.175 0.205 -0.026137 20000 1.000000
243.839000 33.641200 -6.547 2.71 0.181 0.203 -0.003505 20000 1.000000
246.368000 31.335500 -2 0.094 0.173 0.19 -0.033808 20000 1.000000
242.951000 39.542200 -4.584 -0.613 0.174 0.209 0.059861 20000 1.000000
242.816000 38.097200 -4.011 -0.486 0.166 0.202 -0.023796 20000 1.000000
241.669000 33.797800 -10.992 9.08 0.186 0.211 -0.026477 20000 1.000000
241.163000 34.248000 -11.09 8.817 0.175 0.2 0.038286 20000 1.000000
241.771000 34.878900 -5.393 4.247 0.183 0.215 -0.081990 20000 1.000000
235.849000 41.053900 -0.62 4.436 0.171 0.215 -0.023232 20000 1.000000
241.558000 34.069100 -10.159 8.738 0.205 0.227 -0.007947 20000 1.000000
241.198000 39.627100 -3.636 1.177 0.172 0.214 -0.005607 20000 1.000000
241.723000 34.019500 -8.3 13.048 0.198 0.23 -0.010708 20000 1.000000
243.915000 33.030100 -9.761 6.995 0.17 0.194 -0.023931 20000 1.000000
238.053000 38.394500 -6.338 2.132 0.17 0.209 -0.019295 20000 1.000000
241.780000 34.178600 -10.493 7.37 0.218 0.229 0.049708 20000 1.000000
241.486000 34.126400 -10.934 8.263 0.169 0.195 -0.000583 20000 1.000000
241.516000 34.293200 -10.559 7.455 0.175 0.199 -0.007931 20000 1.000000
239.384000 34.556300 -11.541 10.998 0.169 0.198 -0.010058 20000 1.000000
241.879000 34.501500 -8.539 4.944 0.186 0.209 0.000418 20000 1.000000
241.706000 33.712600 -12.405 8.292 0.176 0.202 -0.035054 20000 1.000000
242.807000 33.225000 -10.73 7.909 0.169 0.193 -0.008799 20000 1.000000
241.443000 35.738400 -7.676 3.942 0.366 0.43 0.300581 20000 1.000000
241.346000 37.664300 -5.045 0.879 0.176 0.214 -0.003725 20000 1.000000
241.016000 35.010800 -6.857 3.223 0.188 0.222 -0.047180 20000 1.000000
241.648000 35.695000 -5.297 2.273 0.185 0.218 -0.060819 20000 1.000000
243.608000 33.934800 -4.433 2.041 0.184 0.213 -0.020028 20000 1.000000
241.258000 34.568500 -11.335 6.757 0.185 0.211 0.107105 20000 1.000000
241.586000 34.259400 -10.193 8.475 0.212 0.245 -0.050092 20000 1.000000
244.418000 33.038300 -5.805 1.195 0.175 0.202 -0.006697 20000 1.000000
243.068000 34.669000 -4.759 2.826 0.187 0.217 -0.126742 20000 1.000000
241.758000 35.695600 -5.281 2.891 0.265 0.308 0.120937 20000 1.000000
241.572000 33.958200 -11.822 9.347 0.241 0.251 -0.314147 20000 1.000000
244.421000 33.278800 -5.338 -0.884 0.174 0.197 -0.029658 20000 1.000000
243.346000 33.955300 -7.364 5.05 0.173 0.198 -0.014406 20000 1.000000
243.111000 35.425200 -4.33 4.09 0.183 0.216 -0.026713 20000 1.000000
243.920000 35.287000 -3.892 -1.209 0.174 0.203 -0.018830 20000 1.000000
