242.907000 34.116400 -8.314 2.954 0.182 0.227 -0.000181 20000 1.000000
242.555000 33.274300 -12.228 6.57 0.167 0.198 0.052670 20000 1.000000
243.571000 34.594300 -5.029 0.145 0.163 0.197 0.053588 20000 1.000000
241.305000 34.824500 -8.181 2.643 0.172 0.208 0.042624 20000 1.000000
242.675000 33.341900 -12.278 6.569 0.164 0.197 0.059629 20000 1.000000
242.524000 33.381100 -12.465 6.024 0.165 0.195 0.050926 20000 1.000000
242.103000 34.126000 -10.18 4.137 0.245 0.263 0.168983 20000 1.000000
242.795000 40.412800 -4.522 -1.876 0.161 0.208 0.042342 20000 1.000000
240.970000 33.480500 -12.233 8.18 0.181 0.211 0.007770 20000 1.000000
243.116000 34.264300 -6.863 1.498 0.191 0.229 0.125404 20000 1.000000
240.594000 34.920500 -10.124 4.086 0.166 0.2 0.022096 20000 1.000000
243.379000 37.039900 -4.065 -1.735 0.171 0.212 0.049874 20000 1.000000
244.002000 34.000500 -4.623 -0.602 0.165 0.198 0.035140 20000 1.000000
242.935000 33.578200 -10.741 5.399 0.176 0.208 0.038074 20000 1.000000
243.920000 35.287000 -3.628 -1.168 0.167 0.203 0.052458 20000 1.000000
245.285000 33.610400 -3.525 -0.791 0.166 0.197 0.043688 20000 1.000000
243.947000 34.251400 -4.253 -0.833 0.167 0.199 0.048833 20000 1.000000
241.723000 34.184900 -12.176 5.203 0.19 0.227 0.084887 20000 1.000000
242.988000 34.918600 -5.791 0.622 0.17 0.206 0.019305 20000 1.000000
241.812000 34.292800 -10.62 5.558 0.25 0.265 -0.292810 20000 1.000000
242.156000 42.779500 -3.795 -1.495 0.163 0.22 0.042893 20000 1.000000
240.653000 35.157300 -8.335 2.675 0.167 0.208 0.065270 20000 1.000000
244.010000 33.655100 -4.075 -1.752 0.168 0.201 0.069822 20000 1.000000
239.566000 35.939400 -8.092 2.249 0.162 0.201 0.024854 20000 1.000000
239.569000 35.888400 -11.072 5.115 0.186 0.223 0.054906 20000 1.000000
241.666000 33.311600 -11.89 7.072 0.162 0.194 0.055277 20000 1.000000
241.517000 33.445800 -12.84 7.496 0.166 0.2 0.031223 20000 1.000000
241.370000 34.138600 -11.772 6.439 0.202 0.224 0.149798 20000 1.000000
242.329000 35.565300 -6.11 1.103 0.169 0.208 0.043681 20000 1.000000
240.987000 34.806400 -10.533 3.412 0.179 0.236 -0.073082 20000 1.000000
243.664000 34.829500 -4.594 -1.947 0.177 0.206 0.035722 20000 1.000000
242.035000 34.244000 -10.079 5.204 0.192 0.242 -0.061006 20000 1.000000
241.974000 34.333400 -10.504 3.567 0.182 0.211 0.108148 20000 1.000000
242.172000 34.640500 -7.705 2.521 0.173 0.215 0.098184 20000 1.000000
241.063000 34.109600 -12.239 7.368 0.179 0.223 0.084072 20000 1.000000
241.873000 34.136700 -10.424 5.949 0.173 0.207 0.080489 20000 1.000000
242.576000 34.271200 -9.228 4.541 0.172 0.202 0.035574 20000 1.000000
242.521000 34.313800 -9.321 2.633 0.185 0.218 0.153344 20000 1.000000
241.856000 34.530300 -9.863 7.761 0.185 0.213 -0.108925 20000 1.000000
242.291000 34.109900 -11.187 4.595 0.171 0.205 0.021776 20000 1.000000
245.126000 40.558400 -4.05 -2.236 0.177 0.213 0.094679 20000 1.000000
244.272000 32.850500 -9.332 4.194 0.167 0.196 0.043246 20000 1.000000
240.120000 34.414900 -13.097 7.532 0.169 0.203 0.010758 20000 1.000000
242.427000 35.071700 -5.938 1.826 0.17 0.205 0.097658 20000 1.000000
239.249000 35.791600 -12.169 7.988 0.17 0.208 0.028742 20000 1.000000
242.900000 34.039100 -8.127 2.79 0.181 0.213 0.084113 20000 1.000000
240.275000 35.242100 -8.789 3.559 0.176 0.214 0.048785 20000 1.000000
244.265000 33.069800 -7.377 3.011 0.173 0.204 0.059504 20000 1.000000
240.961000 34.168400 -13.331 7.306 0.167 0.201 0.066523 20000 1.000000
241.743000 33.861500 -12.692 5.591 0.166 0.202 0.035284 20000 1.000000
241.476000 34.253600 -11.717 5.467 0.17 0.207 0.088406 20000 1.000000
240.629000 34.408100 -12.649 5.568 0.189 0.23 0.028868 20000 1.000000
241.387000 34.516500 -10.727 4.298 0.17 0.204 0.030303 20000 1.000000
243.630000 34.124100 -4.901 0.498 0.177 0.211 0.014387 20000 1.000000
242.098000 34.082000 -11.557 5.651 0.177 0.211 -0.030009 20000 1.000000
241.603000 34.334800 -13.269 4.09 0.306 0.304 -0.000102 20000 1.000000
241.603000 34.334000 -9.557 4.848 0.262 0.259 -0.122453 20000 1.000000
244.212000 33.389800 -6.134 0.405 0.176 0.208 0.044938 20000 1.000000
242.140000 34.413400 -9.917 2.442 0.166 0.212 0.034991 20000 1.000000
241.873000 33.938300 -10.47 8.117 0.164 0.196 0.048375 20000 1.000000
242.588000 33.647700 -10.927 6.071 0.161 0.194 0.048484 20000 1.000000
241.170000 34.946200 -9.209 0.526 0.173 0.212 0.054000 20000 1.000000
245.061000 39.345200 -4.815 -1.856 0.169 0.213 0.038856 20000 1.000000
244.183000 40.914700 -4.56 -2.175 0.161 0.21 0.053298 20000 1.000000
241.871000 33.583500 -11.957 6.104 0.18 0.213 0.073545 20000 1.000000
241.574000 34.703100 -11.263 -1.124 0.17 0.206 0.046780 20000 1.000000
242.474000 34.104200 -10.48 4.749 0.189 0.229 0.059740 20000 1.000000
239.991000 34.733000 -13.446 6.928 0.166 0.199 0.070902 20000 1.000000
243.064000 34.093600 -8.623 1.894 0.189 0.278 0.148683 20000 1.000000
241.116000 34.356300 -12.398 6.873 0.168 0.2 0.050835 20000 1.000000
246.195000 39.369400 -4.083 -2.331 0.169 0.21 0.042381 20000 1.000000
244.200000 32.945000 -9.908 4.527 0.188 0.21 0.065711 20000 1.000000
241.107000 34.800200 -10.359 3 0.169 0.206 0.047132 20000 1.000000
240.644000 40.416500 -5.508 -1.201 0.164 0.214 0.007930 20000 1.000000
240.136000 35.189400 -11.404 5.634 0.173 0.213 0.034348 20000 1.000000
244.479000 33.274800 -4.271 -2.502 0.17 0.2 0.047387 20000 1.000000
245.173000 33.051100 -2.396 -1.379 0.207 0.237 -0.021824 20000 1.000000
244.340000 34.784000 -4.438 -1.435 0.186 0.229 0.025972 20000 1.000000
245.810000 34.308600 -4.079 -2.206 0.17 0.202 0.054494 20000 1.000000
243.111000 35.425200 -3.289 1.707 0.169 0.204 0.027920 20000 1.000000
245.820000 40.640200 -4.044 -2.136 0.163 0.209 0.059606 20000 1.000000
239.584000 36.399000 -4.767 2.102 0.199 0.24 0.031005 20000 1.000000
241.887000 34.047400 -11.411 5.18 0.166 0.201 0.089547 20000 1.000000
241.714000 33.783600 -11.38 6.882 0.189 0.23 -0.022892 20000 1.000000
243.570000 34.754800 -5.07 -0.895 0.166 0.201 0.067097 20000 1.000000
238.530000 40.815900 -5.809 -0.609 0.162 0.213 0.032371 20000 1.000000
242.999000 33.708100 -9.928 4.938 0.178 0.214 0.060172 20000 1.000000
244.365000 33.705000 -4.414 -2.456 0.185 0.23 0.022437 20000 1.000000
239.520000 35.866700 -10.557 7.703 0.19 0.248 0.064838 20000 1.000000
242.155000 34.458200 -8.496 2.99 0.165 0.199 0.024434 20000 1.000000
239.598000 35.880800 -7.913 3.313 0.177 0.215 0.134405 20000 1.000000
240.812000 34.441200 -12.23 5.87 0.179 0.217 0.053486 20000 1.000000
244.089000 34.727300 -4.017 -1.805 0.168 0.205 0.070056 20000 1.000000
243.779000 33.796800 -5.644 1.094 0.169 0.205 0.089809 20000 1.000000
244.855000 34.157600 -4.25 -1.151 0.165 0.2 0.083637 20000 1.000000
241.526000 35.662300 -7.226 0.971 0.173 0.216 0.005902 20000 1.000000
242.045000 34.449100 -8.671 4.161 0.161 0.2 0.028722 20000 1.000000
240.992000 34.398500 -10.329 3.954 0.17 0.207 0.045284 20000 1.000000
243.827000 33.925400 -5.74 0.929 0.175 0.207 0.062081 20000 1.000000
242.165000 34.485500 -7.125 4.439 0.163 0.197 0.039321 20000 1.000000
242.609000 33.744200 -10.13 5.592 0.239 0.267 0.129988 20000 1.000000
242.555000 33.817400 -10.64 4.78 0.167 0.2 0.052751 20000 1.000000
243.060000 35.090200 -4.536 0.48 0.168 0.202 0.054390 20000 1.000000
242.246000 34.133300 -10.389 4.365 0.17 0.204 0.071849 20000 1.000000
239.406000 35.828700 -11.943 7.885 0.169 0.21 0.070515 20000 1.000000
242.454000 34.314900 -8.952 2.434 0.205 0.246 0.127916 20000 1.000000
241.970000 34.527100 -9.114 3.021 0.171 0.21 -0.001164 20000 1.000000
240.896000 34.733600 -11.05 3.488 0.181 0.222 0.040014 20000 1.000000
239.557000 35.832600 -10.793 7.009 0.164 0.203 0.046881 20000 1.000000
242.563000 33.856800 -10.602 5.423 0.167 0.197 0.043093 20000 1.000000
238.778000 42.418300 -4.274 0.347 0.239 0.318 0.016242 20000 1.000000
239.241000 36.186900 -6.171 1.454 0.169 0.205 0.100997 20000 1.000000
239.233000 36.180500 -12.385 7.964 0.167 0.204 0.046367 20000 1.000000
244.021000 36.632500 -5.089 -1.735 0.165 0.204 0.090487 20000 1.000000
239.649000 34.038300 -13.933 8.367 0.166 0.202 -0.002254 20000 1.000000
241.874000 34.136800 -12.135 3.42 0.165 0.198 0.070884 20000 1.000000
243.904000 40.148400 -4.395 -1.632 0.169 0.218 -0.023391 20000 1.000000
242.682000 33.918400 -10.317 5.487 0.167 0.199 0.062848 20000 1.000000
239.566000 35.969500 -7.72 2.013 0.17 0.202 -0.003816 20000 1.000000
244.588000 40.710700 -4.138 -2.027 0.165 0.223 0.036012 20000 1.000000
242.118000 34.175200 -9.985 4.509 0.226 0.25 -0.245388 20000 1.000000
243.352000 34.038500 -6.296 2.004 0.181 0.219 0.163847 20000 1.000000
242.790000 34.230800 -8.324 5.085 0.267 0.274 0.270652 20000 1.000000
241.755000 34.055200 -12.39 5.282 0.232 0.231 0.245423 20000 1.000000
245.381000 34.767700 -3.835 -1.925 0.178 0.215 0.056844 20000 1.000000
242.491000 39.685600 -4.473 -1.676 0.167 0.213 0.038862 20000 1.000000
240.859000 34.498700 -11.913 4.813 0.162 0.197 0.041636 20000 1.000000
243.932000 34.141000 -4.887 -0.88 0.166 0.199 0.077442 20000 1.000000
242.653000 33.240700 -12.112 7.062 0.184 0.208 -0.076040 20000 1.000000
244.082000 34.369900 -4.103 -1.443 0.166 0.203 0.019900 20000 1.000000
243.695000 34.427700 -4.493 -0.144 0.169 0.207 0.016411 20000 1.000000
243.708000 34.533000 -4.139 -0.383 0.174 0.205 0.042400 20000 1.000000
243.185000 34.674900 -5.895 0.856 0.171 0.207 0.113919 20000 1.000000
241.793000 34.128800 -11.613 5.514 0.163 0.196 0.037947 20000 1.000000
240.647000 34.683400 -11.772 4.899 0.199 0.245 0.002592 20000 1.000000
242.814000 39.521100 -4.808 -1.93 0.174 0.223 0.046800 20000 1.000000
245.995000 32.722500 -2.381 -2.145 0.173 0.202 0.102069 20000 1.000000
244.721000 39.910200 -4.123 -2.093 0.18 0.217 0.049847 20000 1.000000
245.543000 36.154200 -3.664 -2.214 0.166 0.2 0.048544 20000 1.000000
245.180000 41.724200 -4.376 -2.313 0.163 0.212 0.021438 20000 1.000000
242.670000 41.428700 -4.978 -1.898 0.162 0.213 0.058005 20000 1.000000
242.935000 42.981700 -4.093 -1.984 0.16 0.215 0.022382 20000 1.000000
235.925000 40.876300 -2.505 3.095 0.218 0.272 0.112321 20000 1.000000
236.274000 38.928300 -13.143 7.971 0.159 0.204 0.022420 20000 1.000000
237.585000 40.997600 -5.784 0.086 0.187 0.257 -0.051130 20000 1.000000
235.986000 42.967400 -5.231 1.003 0.166 0.227 0.070816 20000 1.000000
243.830000 32.616500 -12.988 5.872 0.164 0.194 0.036617 20000 1.000000
238.997000 35.551800 -13.032 8.91 0.164 0.204 0.047213 20000 1.000000
242.015000 39.305600 -4.519 -1.959 0.185 0.237 0.021081 20000 1.000000
242.395000 39.287900 -4.345 -2.213 0.177 0.223 0.039974 20000 1.000000
243.576000 39.500500 -4.255 -1.939 0.16 0.211 0.065100 20000 1.000000
243.950000 39.546400 -4.133 -2.259 0.165 0.207 0.070117 20000 1.000000
244.111000 39.374200 -4.447 -2.272 0.164 0.208 0.065498 20000 1.000000
244.487000 39.536100 -4.201 -2.417 0.162 0.209 0.051062 20000 1.000000
244.568000 39.388600 -4.428 -2.354 0.158 0.202 0.051493 20000 1.000000
242.120000 40.433400 -4.683 -1.632 0.164 0.212 0.077787 20000 1.000000
245.308000 39.255200 -4.564 -1.498 0.167 0.208 0.097292 20000 1.000000
245.723000 39.119400 -4.698 -2.761 0.165 0.215 0.057657 20000 1.000000
246.129000 39.067300 -4.163 -1.393 0.163 0.208 0.039095 20000 1.000000
246.495000 39.268900 -4.08 -2.358 0.162 0.21 0.061634 20000 1.000000
242.532000 40.320600 -4.474 -2.067 0.168 0.213 0.000910 20000 1.000000
246.946000 40.494000 -4.314 -2.728 0.162 0.21 0.062268 20000 1.000000
243.264000 40.495500 -4.137 -2.493 0.171 0.218 0.003426 20000 1.000000
243.721000 40.363200 -4.217 -1.407 0.161 0.209 0.067595 20000 1.000000
240.200000 39.572800 -5.621 -0.614 0.163 0.209 0.036015 20000 1.000000
242.469000 36.614300 -4.506 -1.268 0.162 0.199 0.043540 20000 1.000000
242.593000 36.804200 -4.58 -0.731 0.158 0.197 0.048021 20000 1.000000
242.006000 36.606000 -6.061 -0.548 0.172 0.207 0.137590 20000 1.000000
242.296000 37.200800 -5.121 -1.353 0.163 0.204 0.051883 20000 1.000000
240.463000 39.698400 -5.692 -0.986 0.17 0.217 0.044948 20000 1.000000
240.694000 39.795600 -5.534 -1.609 0.191 0.253 0.109317 20000 1.000000
241.126000 39.838800 -5.252 -1.389 0.169 0.214 0.018820 20000 1.000000
241.316000 39.888900 -5.29 -1.569 0.165 0.214 0.025434 20000 1.000000
241.841000 39.212300 -4.387 -1.652 0.158 0.202 0.047850 20000 1.000000
246.706000 41.856800 -4.428 -2.517 0.171 0.225 0.091776 20000 1.000000
246.958000 39.345100 -4.128 -1.716 0.171 0.216 0.052163 20000 1.000000
246.988000 41.817300 -4.418 -2.566 0.163 0.211 0.042170 20000 1.000000
246.722000 40.671300 -3.944 -1.723 0.166 0.215 0.049519 20000 1.000000
240.931000 39.486100 -5.399 -1.223 0.166 0.212 0.048718 20000 1.000000
241.550000 39.133900 -4.786 -1.518 0.162 0.208 0.056763 20000 1.000000
241.062000 39.268000 -5.656 -0.734 0.257 0.334 0.030679 20000 1.000000
241.649000 39.454700 -4.423 -1.745 0.165 0.21 0.096285 20000 1.000000
241.995000 38.728800 -5.042 -1.413 0.164 0.206 0.049652 20000 1.000000
241.540000 38.724600 -4.96 -1.185 0.165 0.211 0.055454 20000 1.000000
241.070000 38.980900 -5.451 -0.464 0.159 0.208 0.052247 20000 1.000000
240.985000 38.704600 -5.334 -0.452 0.189 0.241 -0.011644 20000 1.000000
240.541000 38.761400 -5.761 -0.415 0.173 0.213 -0.031695 20000 1.000000
240.523000 40.779800 -5.137 -1.106 0.18 0.224 0.127815 20000 1.000000
240.990000 40.242200 -5.052 -1.11 0.18 0.218 -0.023101 20000 1.000000
240.278000 39.908200 -5.661 -0.51 0.169 0.22 0.088584 20000 1.000000
239.307000 38.829200 -6.588 -0.193 0.186 0.216 0.152571 20000 1.000000
239.614000 39.046600 -6.54 -0.381 0.185 0.228 -0.033553 20000 1.000000
240.189000 39.123500 -5.297 -0.49 0.166 0.212 -0.011630 20000 1.000000
239.107000 39.466700 -6.408 -0.203 0.181 0.219 0.145973 20000 1.000000
240.376000 41.357700 -5.083 -1.432 0.162 0.214 0.042603 20000 1.000000
239.716000 39.937400 -5.847 -0.647 0.157 0.204 0.037686 20000 1.000000
239.194000 40.418600 -5.024 -0.118 0.204 0.251 0.086433 20000 1.000000
239.923000 40.288900 -5.691 -0.778 0.163 0.212 0.055906 20000 1.000000
235.692000 40.247500 -9.298 6.669 0.193 0.252 0.027356 20000 1.000000
235.867000 40.551300 -4.399 4.186 0.161 0.209 0.027202 20000 1.000000
235.787000 40.637400 -3.681 4.001 0.183 0.237 0.038455 20000 1.000000
235.943000 40.219600 -8.608 6.481 0.164 0.213 0.046804 20000 1.000000
236.307000 40.119300 -8.134 3.059 0.175 0.231 0.088820 20000 1.000000
238.207000 36.485500 -13.285 6.578 0.159 0.198 0.033006 20000 1.000000
238.710000 35.945700 -12.66 8.374 0.166 0.206 0.093785 20000 1.000000
238.949000 36.302100 -12.702 8.166 0.162 0.202 0.046870 20000 1.000000
238.865000 36.425900 -12.845 8.429 0.167 0.206 0.081603 20000 1.000000
237.668000 37.534500 -10.177 6.992 0.213 0.231 -0.048975 20000 1.000000
237.623000 37.914500 -9.923 5.209 0.168 0.214 0.046913 20000 1.000000
236.819000 38.495000 -9.924 6.749 0.164 0.21 -0.027985 20000 1.000000
236.291000 39.117200 -12.229 7.504 0.163 0.21 0.042069 20000 1.000000
236.652000 38.987400 -11.01 6.185 0.173 0.215 0.115617 20000 1.000000
236.796000 39.242000 -9.762 2.876 0.161 0.209 0.042663 20000 1.000000
236.368000 42.275400 -2.848 1.458 0.167 0.221 0.027183 20000 1.000000
236.895000 39.319700 -8.877 2.329 0.168 0.212 0.064480 20000 1.000000
237.041000 38.664700 -8.759 5.715 0.191 0.26 0.112979 20000 1.000000
237.233000 38.428600 -8.093 4.151 0.164 0.211 0.060331 20000 1.000000
237.548000 38.239800 -9.06 3.871 0.164 0.209 0.030861 20000 1.000000
237.083000 38.866100 -8.838 2.474 0.158 0.203 0.029153 20000 1.000000
237.037000 39.398100 -8.239 3.324 0.218 0.272 -0.008555 20000 1.000000
237.424000 38.777800 -5.996 3.7 0.171 0.228 0.034395 20000 1.000000
237.281000 39.260000 -8.253 -2.009 0.163 0.208 0.075817 20000 1.000000
237.696000 39.109300 -6.415 -0.356 0.167 0.213 0.027708 20000 1.000000
237.873000 37.069200 -12.103 7.989 0.192 0.237 0.214245 20000 1.000000
238.137000 36.962000 -12.252 8.086 0.185 0.217 0.004352 20000 1.000000
238.009000 37.201700 -10.049 6.196 0.189 0.23 -0.023572 20000 1.000000
238.203000 37.001000 -12.532 6.718 0.248 0.279 0.134889 20000 1.000000
238.274000 37.002400 -11.074 5.878 0.176 0.226 0.063558 20000 1.000000
238.349000 37.104500 -10.011 3.659 0.197 0.233 -0.069323 20000 1.000000
238.286000 37.203500 -10.659 1.761 0.169 0.208 0.088803 20000 1.000000
237.786000 37.329900 -10.624 7.878 0.161 0.202 0.048730 20000 1.000000
237.901000 37.336900 -11.295 6.881 0.165 0.214 0.020139 20000 1.000000
237.900000 37.722000 -8.586 2.759 0.16 0.201 0.030058 20000 1.000000
237.781000 37.863900 -8.188 3.642 0.164 0.21 0.012087 20000 1.000000
237.942000 37.713900 -8.63 3.698 0.179 0.22 -0.018922 20000 1.000000
238.174000 37.336800 -9.049 5.185 0.165 0.21 0.041290 20000 1.000000
238.210000 37.533000 -6.703 2.223 0.161 0.203 0.045089 20000 1.000000
238.313000 37.601800 -7.167 1.265 0.17 0.209 0.096035 20000 1.000000
238.022000 37.749400 -9.891 0.732 0.162 0.203 0.034978 20000 1.000000
238.214000 37.819000 -8.02 -0.383 0.166 0.208 0.039079 20000 1.000000
238.095000 36.621700 -13.297 8.453 0.163 0.204 0.027659 20000 1.000000
238.421000 36.724000 -13.097 7.983 0.163 0.203 0.023579 20000 1.000000
238.580000 36.800400 -9.585 5.455 0.161 0.2 0.026298 20000 1.000000
238.409000 36.858500 -12.898 7.182 0.162 0.203 0.017733 20000 1.000000
238.459000 36.814300 -12.792 9.332 0.165 0.203 0.049242 20000 1.000000
238.445000 36.903500 -10.796 5.463 0.164 0.202 0.017277 20000 1.000000
238.613000 36.637000 -13.665 8.391 0.171 0.211 -0.013669 20000 1.000000
238.458000 37.007800 -9.962 4.418 0.162 0.207 0.043875 20000 1.000000
238.426000 37.213000 -8.31 1.268 0.163 0.202 0.036005 20000 1.000000
238.665000 36.918200 -7.79 0.457 0.16 0.199 0.036978 20000 1.000000
238.645000 37.010800 -5.48 0.277 0.181 0.22 -0.008278 20000 1.000000
240.294000 37.713100 -6.016 -0.082 0.169 0.212 0.023802 20000 1.000000
238.812000 36.559500 -12.149 9.384 0.16 0.199 0.029850 20000 1.000000
238.131000 37.975600 -6.893 -0.409 0.162 0.205 0.054153 20000 1.000000
238.936000 36.611600 -7.321 1.15 0.159 0.197 0.033508 20000 1.000000
238.732000 36.950000 -6.148 0.891 0.185 0.228 0.072169 20000 1.000000
238.652000 36.811400 -7.729 1.957 0.163 0.204 0.032364 20000 1.000000
238.942000 37.169600 -7.023 -0.04 0.17 0.211 0.060926 20000 1.000000
238.347000 37.478400 -7.518 1.081 0.176 0.221 0.036580 20000 1.000000
238.531000 37.489600 -6.232 -0.172 0.159 0.201 0.027123 20000 1.000000
238.675000 37.581900 -5.455 1.346 0.165 0.209 0.021004 20000 1.000000
238.395000 37.932000 -7.085 0.22 0.161 0.205 0.035765 20000 1.000000
238.536000 37.755300 -6.635 -0.438 0.162 0.204 0.024616 20000 1.000000
238.717000 37.385400 -6.815 -0.084 0.166 0.214 0.046395 20000 1.000000
237.782000 38.153000 -6.006 2.473 0.16 0.203 0.016818 20000 1.000000
237.904000 38.025100 -7.109 2.226 0.168 0.215 -0.021435 20000 1.000000
237.805000 38.444200 -8.232 0.463 0.17 0.226 0.049703 20000 1.000000
237.645000 38.999500 -6.239 0.279 0.2 0.224 0.139505 20000 1.000000
238.905000 38.645300 -6.451 0.046 0.16 0.204 0.038176 20000 1.000000
239.652000 35.544100 -10.561 6.874 0.167 0.205 0.028132 20000 1.000000
239.611000 35.841100 -10.088 6.242 0.169 0.206 0.018169 20000 1.000000
239.655000 35.837800 -8.133 3.693 0.166 0.209 0.033531 20000 1.000000
239.715000 35.806700 -7.976 3.917 0.177 0.22 0.036255 20000 1.000000
239.093000 35.933300 -11.998 7.486 0.161 0.2 0.036334 20000 1.000000
239.019000 36.417200 -7.016 1.734 0.164 0.206 0.053211 20000 1.000000
239.147000 36.515900 -6.75 0.712 0.169 0.212 0.019720 20000 1.000000
239.302000 36.024800 -12.221 8.256 0.162 0.206 0.033098 20000 1.000000
239.121000 36.140200 -12.66 8.327 0.161 0.199 0.032895 20000 1.000000
239.251000 36.106800 -12.429 7.698 0.159 0.197 0.037831 20000 1.000000
239.272000 36.178900 -6.412 1.055 0.159 0.197 0.036754 20000 1.000000
239.355000 35.922800 -12.393 7.89 0.161 0.199 0.027286 20000 1.000000
239.525000 36.007500 -8.955 1.399 0.177 0.211 0.030889 20000 1.000000
239.457000 36.089400 -9.493 0.314 0.16 0.198 0.038610 20000 1.000000
239.560000 36.123200 -6.036 1.423 0.16 0.198 0.036516 20000 1.000000
239.158000 35.697100 -12.616 7.824 0.167 0.2 0.084884 20000 1.000000
239.637000 36.051700 -6.788 2.372 0.163 0.198 0.035718 20000 1.000000
239.448000 35.974100 -11.626 8.169 0.177 0.21 0.002818 20000 1.000000
239.706000 36.015800 -6.585 2.371 0.163 0.2 0.026558 20000 1.000000
239.723000 36.304400 -1.326 1.446 0.164 0.204 0.035553 20000 1.000000
239.257000 36.806300 -5.74 0.691 0.161 0.203 0.036611 20000 1.000000
239.803000 37.352200 -6.837 0.418 0.172 0.217 0.015238 20000 1.000000
239.356000 37.795200 -8.026 1.136 0.176 0.212 0.043186 20000 1.000000
240.160000 37.901100 -5.316 1.235 0.178 0.215 -0.046213 20000 1.000000
239.049000 38.090000 -9.545 0.36 0.165 0.209 0.033925 20000 1.000000
239.666000 38.735600 -6.437 -0.018 0.18 0.212 0.071606 20000 1.000000
241.480000 37.177600 -6.368 -0.244 0.16 0.199 0.049107 20000 1.000000
236.283000 39.863600 -11.445 4.916 0.2 0.255 -0.034942 20000 1.000000
236.448000 39.905700 -10.599 2.026 0.187 0.25 -0.022562 20000 1.000000
236.628000 39.452400 -9.607 2.393 0.162 0.211 0.041342 20000 1.000000
236.705000 39.707100 -10.244 0.815 0.173 0.219 -0.052097 20000 1.000000
236.813000 39.492800 -9.328 2.492 0.176 0.243 0.076146 20000 1.000000
236.817000 39.962100 -7.99 -0.934 0.177 0.232 -0.010789 20000 1.000000
236.344000 40.256800 -7.156 2.303 0.161 0.212 0.046529 20000 1.000000
236.117000 41.151700 -2.996 1.22 0.164 0.213 0.053212 20000 1.000000
236.301000 40.575300 -5.294 0.257 0.172 0.221 0.088066 20000 1.000000
236.427000 40.478900 -6.412 1.382 0.197 0.257 0.248575 20000 1.000000
236.548000 40.082200 -8.327 2.159 0.159 0.206 0.037275 20000 1.000000
236.864000 40.324100 -7.858 -0.607 0.158 0.207 0.028535 20000 1.000000
236.676000 40.732900 -5.715 1.147 0.16 0.209 0.004886 20000 1.000000
236.826000 40.546700 -7.022 0.86 0.162 0.214 0.015456 20000 1.000000
237.024000 39.621400 -7.837 -0.244 0.173 0.212 0.089429 20000 1.000000
237.264000 39.493600 -8.435 -0.885 0.16 0.204 0.022812 20000 1.000000
237.126000 39.726200 -8.725 -0.403 0.164 0.213 0.082090 20000 1.000000
237.077000 40.747600 -5.767 0.804 0.166 0.216 0.018074 20000 1.000000
237.393000 40.650700 -5.866 0.417 0.167 0.222 -0.004601 20000 1.000000
236.666000 40.887100 -5.365 1.417 0.158 0.208 0.028025 20000 1.000000
237.729000 40.271200 -7.368 0.119 0.17 0.219 -0.025951 20000 1.000000
239.132000 39.794700 -6.211 -0.287 0.161 0.213 0.005402 20000 1.000000
239.052000 41.183300 -5.436 -0.997 0.162 0.216 0.017619 20000 1.000000
237.681000 40.731100 -6.998 -0.149 0.195 0.23 0.100591 20000 1.000000
235.774000 42.209100 -4.048 0.209 0.166 0.213 0.025899 20000 1.000000
235.946000 42.860100 -4.776 0.586 0.185 0.24 0.124727 20000 1.000000
236.617000 42.503500 -3.844 1.05 0.162 0.217 0.036164 20000 1.000000
237.344000 42.191000 -3.564 0.778 0.163 0.219 0.005378 20000 1.000000
238.220000 42.259700 -4.624 -0.84 0.162 0.211 0.033043 20000 1.000000
239.622000 42.468800 -4 -1.146 0.163 0.219 0.010833 20000 1.000000
241.588000 42.254600 -4.646 -1.821 0.158 0.211 0.036004 20000 1.000000
243.371000 36.071300 -4.753 -0.522 0.198 0.242 0.121840 20000 1.000000
242.835000 36.022500 -5.47 -0.914 0.171 0.203 0.032876 20000 1.000000
242.590000 36.159000 -4.89 -0.276 0.172 0.212 0.095065 20000 1.000000
241.868000 36.466800 -6.856 1.344 0.183 0.232 -0.152589 20000 1.000000
242.211000 36.531200 -5.343 0.213 0.159 0.2 0.044865 20000 1.000000
241.909000 36.570200 -6.121 0.481 0.18 0.212 -0.008934 20000 1.000000
241.882000 36.975700 -5.734 -0.141 0.159 0.2 0.049671 20000 1.000000
242.064000 37.231400 -5.064 -1.076 0.167 0.205 0.093197 20000 1.000000
242.606000 34.462400 -7.176 2.456 0.175 0.206 0.036343 20000 1.000000
242.459000 33.562100 -11.174 3.606 0.245 0.273 0.073106 20000 1.000000
242.895000 32.889200 -12.72 6.538 0.167 0.197 0.039246 20000 1.000000
243.050000 32.733800 -12.508 6.253 0.161 0.191 0.043962 20000 1.000000
242.756000 32.666400 -13.146 6.666 0.181 0.202 0.146597 20000 1.000000
242.810000 33.439600 -11.701 5.196 0.167 0.2 0.049176 20000 1.000000
242.928000 33.235700 -11.907 5.983 0.173 0.199 0.090717 20000 1.000000
243.217000 33.493300 -11.031 5.144 0.163 0.195 0.048341 20000 1.000000
243.651000 32.976000 -10.626 7.153 0.167 0.198 0.050567 20000 1.000000
243.989000 32.822200 -10.504 5.097 0.166 0.195 0.016077 20000 1.000000
243.329000 33.240200 -11.568 5.446 0.171 0.201 0.051009 20000 1.000000
243.431000 33.059200 -10.587 6.011 0.163 0.192 0.038969 20000 1.000000
243.379000 33.375600 -11.163 4.368 0.168 0.199 0.089620 20000 1.000000
243.591000 33.210200 -11.282 4.727 0.175 0.209 0.049661 20000 1.000000
243.817000 33.213500 -9.937 3.777 0.164 0.194 0.048701 20000 1.000000
243.921000 33.201000 -9.84 3.089 0.164 0.195 0.055770 20000 1.000000
243.888000 33.296200 -9.027 3.111 0.167 0.199 -0.000122 20000 1.000000
243.574000 33.523500 -8.462 3.213 0.177 0.201 0.133644 20000 1.000000
243.773000 33.574700 -7.867 2.572 0.17 0.21 0.068457 20000 1.000000
244.031000 32.887000 -10.748 5.085 0.166 0.197 0.046861 20000 1.000000
244.175000 32.954700 -9.944 4.119 0.166 0.195 0.046967 20000 1.000000
244.268000 32.759700 -9.683 4.855 0.171 0.203 0.054501 20000 1.000000
244.404000 32.750600 -8.757 3.118 0.173 0.201 0.054390 20000 1.000000
244.423000 32.834700 -7.7 3.637 0.171 0.201 0.048923 20000 1.000000
244.430000 32.898400 -7.086 2.587 0.174 0.204 0.070957 20000 1.000000
244.700000 32.690000 -4.495 -0.442 0.164 0.194 0.042894 20000 1.000000
244.602000 32.875800 -3.628 -1.435 0.171 0.202 0.064167 20000 1.000000
244.578000 32.982500 -4.089 -2.191 0.171 0.203 0.060285 20000 1.000000
244.280000 32.948900 -8.948 3.816 0.169 0.198 0.046454 20000 1.000000
244.234000 33.516400 -5.472 -2.013 0.172 0.204 0.111571 20000 1.000000
244.313000 33.423900 -5.822 -1.963 0.172 0.204 0.099372 20000 1.000000
244.571000 33.247800 -4.425 -2.158 0.17 0.201 0.045323 20000 1.000000
244.657000 33.143600 -4.302 -1.616 0.17 0.202 0.002061 20000 1.000000
244.704000 33.886900 -4.207 -2.333 0.173 0.201 0.050988 20000 1.000000
240.305000 37.562600 -6.993 0.832 0.182 0.211 0.152913 20000 1.000000
239.350000 34.907300 -13.487 7.848 0.16 0.195 0.040358 20000 1.000000
239.590000 35.010700 -13.424 7.564 0.168 0.205 0.038610 20000 1.000000
239.760000 34.870600 -13.197 7.468 0.164 0.199 0.065203 20000 1.000000
239.617000 35.106200 -12.805 7.574 0.173 0.208 0.123989 20000 1.000000
241.822000 34.376400 -10.151 4.977 0.164 0.2 0.049415 20000 1.000000
239.925000 35.020000 -13.49 7.405 0.16 0.195 0.034696 20000 1.000000
240.208000 34.507800 -13.11 6.532 0.167 0.197 0.024760 20000 1.000000
240.384000 34.630500 -12.477 6.335 0.159 0.194 0.040297 20000 1.000000
240.185000 34.888600 -13.049 6.745 0.159 0.194 0.042501 20000 1.000000
240.464000 35.086600 -9.652 3.623 0.164 0.2 0.071554 20000 1.000000
239.192000 35.425800 -13.227 7.624 0.162 0.198 0.020938 20000 1.000000
239.455000 35.327800 -12.525 7.833 0.165 0.204 0.087171 20000 1.000000
239.646000 35.440500 -12.272 7.417 0.164 0.201 0.026395 20000 1.000000
239.520000 35.624800 -11.552 9.642 0.163 0.202 0.052966 20000 1.000000
239.463000 35.792700 -11.877 7.426 0.164 0.204 0.068239 20000 1.000000
239.733000 35.633800 -10.77 6.331 0.169 0.202 0.079472 20000 1.000000
239.629000 35.747900 -10.3 6.834 0.166 0.205 0.048517 20000 1.000000
237.762000 37.061200 -12.456 8.03 0.164 0.204 0.061217 20000 1.000000
239.899000 35.235100 -12.091 6.166 0.186 0.215 0.096501 20000 1.000000
239.975000 35.279800 -11.398 6.404 0.171 0.212 0.017763 20000 1.000000
240.065000 35.316800 -10.569 5.267 0.167 0.208 0.045880 20000 1.000000
239.887000 35.534200 -9.749 5.047 0.171 0.211 0.048076 20000 1.000000
239.818000 35.702700 -7.546 4.22 0.161 0.199 0.043377 20000 1.000000
239.869000 35.801300 -6.992 2.754 0.169 0.203 0.047296 20000 1.000000
239.999000 35.686700 -7.577 2.703 0.167 0.202 -0.006053 20000 1.000000
239.707000 35.688900 -9.986 6.571 0.162 0.2 0.027584 20000 1.000000
240.287000 35.319000 -8.11 3.117 0.179 0.222 0.040276 20000 1.000000
240.091000 35.934700 -6.634 2.07 0.163 0.199 0.043737 20000 1.000000
240.496000 34.466800 -12.342 5.763 0.161 0.195 0.042912 20000 1.000000
240.674000 34.599600 -12.218 4.744 0.17 0.209 0.125327 20000 1.000000
240.885000 34.660100 -11.699 3.797 0.171 0.204 0.116700 20000 1.000000
240.845000 34.856200 -10.128 4.772 0.229 0.339 -0.022210 20000 1.000000
239.755000 35.686700 -10.438 5.798 0.164 0.199 0.027280 20000 1.000000
241.121000 34.835100 -9.302 2.996 0.162 0.197 0.052403 20000 1.000000
241.152000 34.792300 -9.656 3.488 0.168 0.208 0.049332 20000 1.000000
241.331000 34.695000 -10.055 1.906 0.171 0.207 0.120490 20000 1.000000
241.454000 34.771100 -9.361 4.368 0.164 0.201 0.043831 20000 1.000000
241.344000 34.944400 -8.404 2.522 0.169 0.207 0.007078 20000 1.000000
241.388000 35.138600 -7.614 1.058 0.163 0.199 0.020775 20000 1.000000
241.459000 34.821800 -7.538 2.84 0.171 0.204 0.042534 20000 1.000000
241.811000 34.982100 -5.802 2.892 0.162 0.196 0.040236 20000 1.000000
241.876000 35.378000 -7.25 0.665 0.163 0.198 0.033149 20000 1.000000
241.740000 35.667300 -6.675 1.146 0.17 0.202 0.050794 20000 1.000000
241.233000 36.231400 -6.085 0.705 0.169 0.203 0.107328 20000 1.000000
241.045000 36.585500 -6.435 0.906 0.16 0.199 0.043487 20000 1.000000
241.740000 36.093100 -6.622 0.439 0.164 0.199 0.044492 20000 1.000000
241.994000 35.038800 -5.988 1.861 0.162 0.197 0.051775 20000 1.000000
242.271000 34.509700 -7.513 2.63 0.163 0.197 0.040527 20000 1.000000
242.451000 34.634300 -7.218 2.513 0.162 0.197 0.046534 20000 1.000000
242.457000 34.987000 -6.121 1.709 0.166 0.201 0.087769 20000 1.000000
243.048000 33.892600 -9.215 3.175 0.161 0.194 0.050021 20000 1.000000
243.454000 34.019300 -6.598 2.679 0.163 0.196 0.038973 20000 1.000000
242.719000 34.534800 -7.096 1.795 0.185 0.207 -0.051090 20000 1.000000
241.969000 34.332200 -10.792 3.9 0.167 0.203 0.055219 20000 1.000000
242.635000 35.116800 -5.547 1.444 0.165 0.2 0.031926 20000 1.000000
241.983000 35.152400 -5.694 2.068 0.163 0.199 0.043342 20000 1.000000
242.697000 35.238500 -5.319 0.915 0.165 0.199 0.058209 20000 1.000000
242.795000 35.387900 -4.498 0.466 0.16 0.196 0.053396 20000 1.000000
242.610000 35.896700 -5.161 -1.178 0.176 0.218 0.029117 20000 1.000000
242.597000 35.697600 -5.19 0.575 0.163 0.199 0.046465 20000 1.000000
243.111000 35.998200 -4.756 -0.151 0.17 0.202 0.039142 20000 1.000000
243.112000 35.710600 -4.34 -1.063 0.161 0.199 0.053016 20000 1.000000
243.290000 34.192500 -5.795 2.236 0.166 0.197 0.032136 20000 1.000000
243.463000 34.217200 -5.697 1.093 0.166 0.197 0.064350 20000 1.000000
243.788000 33.865800 -6.015 0.854 0.163 0.195 0.063933 20000 1.000000
243.920000 33.959300 -4.633 -0.149 0.164 0.195 0.053639 20000 1.000000
239.772000 35.729200 -8.231 3.982 0.165 0.201 0.062826 20000 1.000000
243.971000 34.716900 -4.305 -1.745 0.168 0.2 0.025000 20000 1.000000
243.329000 34.936800 -5.123 -0.818 0.165 0.201 0.058883 20000 1.000000
242.063000 34.341100 -10.142 4.435 0.176 0.218 0.026928 20000 1.000000
243.120000 34.462100 -6.561 1.419 0.163 0.196 0.047504 20000 1.000000
244.179000 33.741000 -5.394 -0.782 0.173 0.206 0.067316 20000 1.000000
243.107000 34.062700 -8.243 2.359 0.178 0.215 0.006004 20000 1.000000
244.236000 34.425700 -3.871 -1.688 0.205 0.217 0.091963 20000 1.000000
244.350000 35.204800 -4.194 -1.92 0.168 0.201 0.025473 20000 1.000000
242.685000 34.187400 -12.05 5.75 0.168 0.203 0.093020 20000 1.000000
242.950000 34.196200 -6.91 3.056 0.197 0.205 0.131912 20000 1.000000
244.750000 34.731800 -4.133 -1.237 0.205 0.253 0.092906 20000 1.000000
243.237000 35.204600 -4.72 -0.073 0.175 0.208 0.056212 20000 1.000000
242.107000 35.424600 -6 1.033 0.163 0.198 0.044254 20000 1.000000
243.428000 35.320600 -4.971 -0.736 0.162 0.2 0.047263 20000 1.000000
243.896000 35.141900 -3.787 -1.743 0.173 0.202 0.022881 20000 1.000000
243.878000 35.526000 -4.132 -0.791 0.175 0.211 0.029688 20000 1.000000
243.855000 35.785400 -4.481 -1.78 0.163 0.2 0.038644 20000 1.000000
244.456000 35.472800 -4.36 -2.883 0.163 0.202 0.058813 20000 1.000000
244.634000 35.163000 -3.905 -2.382 0.172 0.21 0.040963 20000 1.000000
245.401000 34.188900 -3.951 -1.276 0.168 0.203 0.061234 20000 1.000000
245.035000 34.844400 -3.722 -2.203 0.168 0.202 0.039781 20000 1.000000
244.762000 35.291100 -4.149 -2.37 0.164 0.2 0.048957 20000 1.000000
241.621000 37.973100 -4.687 -0.776 0.163 0.208 0.017976 20000 1.000000
241.000000 37.613000 -6.423 -0.211 0.165 0.205 0.006672 20000 1.000000
241.084000 37.605300 -6.797 -2.801 0.169 0.221 0.016317 20000 1.000000
240.914000 37.785700 -6.344 1.247 0.197 0.231 -0.066397 20000 1.000000
240.967000 37.913500 -6.282 1.32 0.159 0.201 0.045645 20000 1.000000
240.974000 37.696600 -6.951 0.311 0.19 0.223 0.162902 20000 1.000000
240.862000 37.839300 -6.11 0.191 0.172 0.21 0.060140 20000 1.000000
240.853000 37.962800 -6.592 1.058 0.161 0.201 0.041929 20000 1.000000
240.916000 37.914100 -6.282 0.847 0.162 0.202 0.043833 20000 1.000000
241.056000 37.734300 -6.761 2.215 0.161 0.204 0.043501 20000 1.000000
241.131000 37.654600 -4.623 -0.359 0.162 0.205 0.041610 20000 1.000000
241.040000 37.891700 -5.889 1.31 0.169 0.207 0.031773 20000 1.000000
241.148000 37.878200 -5.638 0.834 0.162 0.203 0.035480 20000 1.000000
241.183000 37.591400 -6.219 -1.226 0.165 0.216 0.093058 20000 1.000000
241.302000 37.561600 -5.127 -0.8 0.167 0.226 0.018301 20000 1.000000
241.316000 37.495400 -6.367 -0.757 0.159 0.199 0.044490 20000 1.000000
241.180000 37.677000 -4.149 0.245 0.161 0.204 0.045266 20000 1.000000
241.232000 37.754400 -5.028 0.503 0.17 0.22 0.096273 20000 1.000000
240.981000 37.800000 -6.988 0.935 0.164 0.206 0.078809 20000 1.000000
241.264000 37.903500 -4.765 0.778 0.165 0.207 0.031608 20000 1.000000
241.445000 37.891300 -4.234 -0.097 0.17 0.207 0.101173 20000 1.000000
241.762000 37.589200 -4.938 -1.091 0.161 0.203 0.048424 20000 1.000000
241.528000 37.737500 -4.667 -0.544 0.169 0.209 0.070877 20000 1.000000
240.850000 38.057900 -7.336 -0.113 0.17 0.21 0.042117 20000 1.000000
237.804000 41.344800 -10.295 24.216 0.176 0.233 0.096242 20000 1.000000
237.706000 41.381200 -4.545 -0.679 0.171 0.216 0.097281 20000 1.000000
237.809000 41.479200 -4.82 0.526 0.16 0.221 -0.002043 20000 1.000000
237.687000 41.463600 -4.159 -1.081 0.163 0.224 -0.002296 20000 1.000000
237.847000 41.531900 -4.639 -0.896 0.199 0.233 0.090255 20000 1.000000
238.493000 41.711600 -4.565 -0.753 0.16 0.211 0.038255 20000 1.000000
246.132000 42.878900 -3.82 -2.107 0.159 0.213 0.037644 20000 1.000000
241.275000 37.380400 -7.972 -0.073 0.227 0.256 0.213186 20000 1.000000
241.439000 37.439500 -6.332 -0.206 0.175 0.213 0.059000 20000 1.000000
240.254000 37.088900 -6.701 0.571 0.166 0.206 0.096333 20000 1.000000
241.853000 37.280500 -6.046 -0.901 0.203 0.255 0.065524 20000 1.000000
239.172000 41.359200 -5.232 -1.401 0.184 0.238 -0.036610 20000 1.000000
239.527000 41.332500 -5.282 -1.1 0.165 0.215 0.044161 20000 1.000000
235.587000 42.442000 -2.349 0.546 0.164 0.22 -0.028472 20000 1.000000
235.707000 42.076600 -3.16 0.556 0.168 0.216 0.054607 20000 1.000000
238.120000 42.579800 -4.188 -0.418 0.164 0.216 0.026701 20000 1.000000
237.390000 42.727100 -3.589 -0.454 0.182 0.226 0.154699 20000 1.000000
240.341000 42.546100 -4.091 -1.125 0.161 0.217 0.031629 20000 1.000000
242.275000 42.020200 -4.643 -2.635 0.163 0.214 0.042280 20000 1.000000
243.404000 33.598200 -9.716 3.377 0.235 0.288 -0.046235 20000 1.000000
243.397000 33.495500 -9.223 3.745 0.17 0.203 0.059292 20000 1.000000
244.492000 32.829400 -6.549 3.452 0.166 0.195 0.044699 20000 1.000000
239.784000 35.693800 -9.635 3.524 0.184 0.218 0.106795 20000 1.000000
237.579000 41.830800 -2.992 1.208 0.172 0.227 0.075983 20000 1.000000
236.019000 41.845500 -2.778 1.669 0.178 0.263 -0.046825 20000 1.000000
238.521000 36.744300 -11.127 9.063 0.171 0.21 0.069388 20000 1.000000
239.528000 35.946600 -7.024 3.995 0.178 0.214 0.088228 20000 1.000000
239.485000 35.929100 -9.634 6.545 0.258 0.342 0.057505 20000 1.000000
236.427000 40.478800 -5.391 2.331 0.252 0.332 0.250038 20000 1.000000
237.036000 39.845700 -6.759 -0.957 0.249 0.323 0.009962 20000 1.000000
243.852000 34.508100 -4.165 -1.298 0.162 0.195 0.049799 20000 1.000000
245.241000 32.497900 -3.688 -2.627 0.17 0.197 0.049565 20000 1.000000
243.407000 33.537300 -9.229 3.559 0.174 0.21 0.099881 20000 1.000000
241.651000 34.021700 -11.141 6.052 0.171 0.211 0.070236 20000 1.000000
241.379000 34.836000 -8.322 2.85 0.166 0.201 0.040100 20000 1.000000
241.983000 35.152400 -5.843 2.272 0.165 0.202 0.045315 20000 1.000000
241.983000 35.152500 -6.107 2.052 0.165 0.201 0.046509 20000 1.000000
243.936000 31.559100 -12.893 7.593 0.172 0.196 0.119800 20000 1.000000
238.728000 35.709000 -13.601 8.423 0.183 0.225 0.035590 20000 1.000000
242.077000 34.508200 -8.993 3.228 0.169 0.204 0.053155 20000 1.000000
244.450000 32.490100 -9.324 5.626 0.168 0.203 0.010689 20000 1.000000
242.305000 34.925400 -5.36 1.649 0.168 0.203 0.000639 20000 1.000000
244.116000 32.417000 -13.37 6.372 0.163 0.192 0.050714 20000 1.000000
243.076000 33.687100 -10.032 4.136 0.16 0.191 0.042438 20000 1.000000
239.522000 35.919900 -15.138 -2.057 0.169 0.208 0.087054 20000 1.000000
242.818000 33.835700 -10.14 5.384 0.186 0.211 0.053659 20000 1.000000
243.506000 33.819200 -6.983 2.547 0.191 0.224 0.037234 20000 1.000000
242.193000 34.091800 -9.824 5.217 0.168 0.212 0.036462 20000 1.000000
244.165000 31.313100 -13.379 7.121 0.163 0.191 0.037957 20000 1.000000
244.543000 32.377900 -6.89 3.146 0.334 0.369 0.058897 20000 1.000000
241.596000 33.743300 -12.116 5.937 0.164 0.195 0.043423 20000 1.000000
238.863000 36.161100 -12.587 8.729 0.17 0.206 0.073478 20000 1.000000
241.755000 34.628700 -8.063 4.365 0.181 0.22 0.005777 20000 1.000000
239.056000 39.974600 -6.611 -0.066 0.173 0.223 -0.005990 20000 1.000000
242.317000 35.338700 -5.243 1.84 0.163 0.198 0.052483 20000 1.000000
240.280000 34.500000 -12.809 5.901 0.165 0.202 0.040054 20000 1.000000
243.375000 34.643900 -5.691 0.119 0.165 0.197 0.033854 20000 1.000000
241.974000 34.019100 -10.893 5.223 0.186 0.223 -0.007989 20000 1.000000
242.445000 33.485800 -11.948 6.157 0.169 0.201 0.073730 20000 1.000000
239.475000 35.900000 -13.967 9.618 0.171 0.212 0.024155 20000 1.000000
241.807000 34.875100 -6.855 2.524 0.175 0.209 0.070634 20000 1.000000
240.816000 34.541500 -12.333 4.198 0.187 0.221 0.121699 20000 1.000000
244.877000 40.617200 -4.501 -2.339 0.164 0.218 0.058990 20000 1.000000
243.350000 36.316300 -5.31 -0.582 0.29 0.367 0.070902 20000 1.000000
238.442000 37.666500 -6.985 0.524 0.162 0.204 0.026079 20000 1.000000
241.245000 34.459800 -11.597 5.556 0.183 0.228 0.051333 20000 1.000000
242.138000 34.205600 -10.194 4.046 0.21 0.219 -0.036403 20000 1.000000
239.775000 40.591700 -5.523 -0.583 0.167 0.219 0.026242 20000 1.000000
240.984000 41.868400 -4.216 -1.092 0.175 0.229 0.124641 20000 1.000000
243.701000 35.971300 -4.097 -1.451 0.173 0.206 0.002636 20000 1.000000
241.521000 34.438600 -11.298 5.991 0.2 0.238 0.022180 20000 1.000000
243.746000 33.192600 -9.473 4.58 0.164 0.194 0.041550 20000 1.000000
240.116000 39.314300 -5.957 -0.81 0.163 0.212 0.014701 20000 1.000000
244.022000 33.292200 -6.858 2.446 0.17 0.199 0.057309 20000 1.000000
240.476000 33.247900 -11.136 7.331 0.168 0.207 0.020604 20000 1.000000
240.936000 34.319900 -11.019 5.337 0.163 0.196 0.041093 20000 1.000000
241.354000 34.059300 -12.233 5.535 0.167 0.198 0.003811 20000 1.000000
242.151000 33.992700 -11.33 5.311 0.175 0.207 0.073894 20000 1.000000
239.935000 34.004300 -12.476 8.743 0.171 0.203 0.034151 20000 1.000000
239.640000 35.917400 -7.965 1.698 0.191 0.224 0.129144 20000 1.000000
241.585000 35.158200 -5.753 1.328 0.161 0.198 0.043169 20000 1.000000
243.923000 33.650600 -6.123 1.185 0.168 0.201 0.083043 20000 1.000000
242.233000 33.549600 -12.534 6.17 0.185 0.208 0.032168 20000 1.000000
243.770000 36.934800 -3.438 -0.943 0.16 0.199 0.065407 20000 1.000000
239.867000 34.483500 -13.246 8.31 0.17 0.209 0.040376 20000 1.000000
243.839000 33.641200 -8.87 2.669 0.184 0.212 0.065060 20000 1.000000
242.951000 39.542200 -4.396 -1.794 0.17 0.211 0.130682 20000 1.000000
242.816000 38.097200 -4.151 -1.806 0.163 0.205 0.041017 20000 1.000000
241.669000 33.797800 -12.248 6.095 0.169 0.202 0.040242 20000 1.000000
241.163000 34.248000 -12.278 6.492 0.17 0.203 0.105914 20000 1.000000
235.849000 41.053900 -2.42 2.378 0.165 0.214 0.003930 20000 1.000000
241.558000 34.069100 -11.988 5.716 0.182 0.208 0.080435 20000 1.000000
240.156000 34.413300 -13.625 7.386 0.167 0.205 -0.009137 20000 1.000000
241.198000 39.627100 -5.178 -1.441 0.165 0.213 0.057571 20000 1.000000
241.715000 34.024000 -11.939 9.917 0.318 0.317 0.003645 20000 1.000000
243.915000 33.030100 -10.691 4.789 0.165 0.196 0.055411 20000 1.000000
240.516000 34.851500 -10.876 5.244 0.177 0.213 0.053025 20000 1.000000
238.053000 38.394500 -6.814 -0.337 0.163 0.208 0.022800 20000 1.000000
241.780000 34.178600 -11.242 5.435 0.216 0.228 0.152259 20000 1.000000
241.486000 34.126400 -14.374 4.781 0.164 0.198 0.073319 20000 1.000000
241.516000 34.293200 -10.916 5.724 0.168 0.2 0.043452 20000 1.000000
239.384000 34.556300 -13.336 7.918 0.186 0.223 0.055954 20000 1.000000
241.879000 34.501500 -10.671 4.756 0.181 0.214 0.057920 20000 1.000000
241.706000 33.712600 -12.163 6.805 0.166 0.201 0.023404 20000 1.000000
242.807000 33.225000 -12.189 6.342 0.164 0.195 0.062191 20000 1.000000
241.016000 35.010800 -8.381 4.72 0.187 0.223 0.028675 20000 1.000000
243.608000 33.934800 -7.62 1.438 0.176 0.209 0.041263 20000 1.000000
241.258000 34.568500 -10.265 4.174 0.179 0.213 0.176866 20000 1.000000
241.586000 34.259400 -11.21 5.169 0.193 0.237 0.022407 20000 1.000000
244.418000 33.038300 -7.391 0.232 0.165 0.195 0.045244 20000 1.000000
243.068000 34.669000 -5.759 1.784 0.18 0.215 -0.053559 20000 1.000000
241.572000 33.958200 -12.669 6.601 0.232 0.251 -0.277917 20000 1.000000
244.421000 33.278800 -5.299 -2.689 0.167 0.198 0.040552 20000 1.000000
243.111000 35.425200 -3.353 1.643 0.179 0.216 0.033858 20000 1.000000
243.920000 35.287000 -3.628 -1.167 0.167 0.203 0.052458 20000 1.000000
