242.907000 34.116400 -8.389 2.086 0.199 0.242 -0.039570 20000 1.000000
242.555000 33.274300 -12.354 4.253 0.175 0.2 -0.013328 20000 1.000000
242.555000 33.274300 -12.273 4.453 0.173 0.198 -0.012464 20000 1.000000
243.571000 34.594300 -5.496 -2.617 0.171 0.2 -0.004228 20000 1.000000
241.305000 34.824500 -7.916 0.542 0.192 0.221 -0.044998 20000 1.000000
242.675000 33.341900 -12.324 3.815 0.172 0.198 0.001633 20000 1.000000
242.524000 33.381100 -12.04 4.032 0.173 0.197 -0.010981 20000 1.000000
242.103000 34.126000 -11.171 1.917 0.233 0.249 -0.045046 20000 1.000000
242.795000 40.412800 -4.013 -4.044 0.169 0.213 -0.020847 20000 1.000000
240.970000 33.480500 -14.253 6.134 0.193 0.215 -0.047994 20000 1.000000
245.125000 42.605800 -2.979 -4.042 0.292 0.381 -0.010918 20000 1.000000
243.116000 34.264300 -6.396 -0.32 0.197 0.231 0.041908 20000 1.000000
240.594000 34.920500 -11.302 1.582 0.211 0.245 -0.025808 20000 1.000000
243.379000 37.039900 -3.994 -3.987 0.178 0.215 0.017934 20000 1.000000
244.002000 34.000500 -4.727 -3.016 0.175 0.201 -0.031730 20000 1.000000
242.935000 33.578200 -10.832 3.076 0.181 0.206 -0.013082 20000 1.000000
243.920000 35.287000 5.627 -10.844 0.19 0.233 -0.011225 20000 1.000000
245.108000 42.616100 -44.214 14.851 0.563 0.636 0.111038 20000 1.000000
245.285000 33.610400 -3.936 -2.568 0.174 0.2 -0.031020 20000 1.000000
243.947000 34.251400 -4.682 -3.217 0.174 0.202 -0.010055 20000 1.000000
241.723000 34.184900 -11.037 2.577 0.261 0.295 0.005341 20000 1.000000
242.988000 34.918600 -5.752 -1.598 0.173 0.204 -0.003213 20000 1.000000
241.812000 34.292800 -12.324 4.228 0.272 0.274 -0.323198 20000 1.000000
242.156000 42.779500 -3.594 -3.852 0.172 0.226 -0.012377 20000 1.000000
240.653000 35.157300 -9.616 -0.635 0.176 0.21 0.002998 20000 1.000000
235.437000 42.836100 0.887 -1.382 0.175 0.227 -0.021167 20000 1.000000
244.010000 33.655100 -6.922 -2.977 0.179 0.209 0.022575 20000 1.000000
239.566000 35.939400 -8.598 -1.142 0.172 0.205 -0.027082 20000 1.000000
239.569000 35.888400 -12.958 2.375 0.196 0.226 -0.009427 20000 1.000000
241.666000 33.311600 -12.237 4.858 0.17 0.197 -0.002723 20000 1.000000
241.517000 33.445800 -12.438 5.579 0.177 0.207 -0.028924 20000 1.000000
241.370000 34.138600 -12.546 3.836 0.212 0.225 0.079976 20000 1.000000
242.329000 35.565300 -6.216 -1.606 0.177 0.213 -0.012471 20000 1.000000
240.987000 34.806400 -9.637 0.367 0.282 0.366 -0.104205 20000 1.000000
243.664000 34.829500 -4.222 -3.975 0.189 0.212 -0.024716 20000 1.000000
242.035000 34.244000 -10.764 4.857 0.203 0.247 -0.117428 20000 1.000000
241.974000 34.333400 -11.625 1.674 0.196 0.217 0.034612 20000 1.000000
242.172000 34.640500 -7.471 0.194 0.181 0.217 0.029402 20000 1.000000
241.063000 34.109600 -13.033 4.29 0.187 0.223 -0.006263 20000 1.000000
241.873000 34.136700 -11.513 3.666 0.216 0.234 0.003544 20000 1.000000
242.576000 34.271200 -24.94 4.271 0.174 0.199 -0.017298 20000 1.000000
242.521000 34.313800 -8.592 -0.395 0.193 0.216 0.082849 20000 1.000000
241.856000 34.530300 -6.705 4.228 0.193 0.215 -0.148356 20000 1.000000
242.291000 34.109900 -11.043 0.783 0.183 0.209 -0.045570 20000 1.000000
245.126000 40.558400 -5.038 -4.632 0.183 0.217 0.023251 20000 1.000000
244.877000 32.863500 -4.592 -4.338 0.178 0.199 -0.020035 20000 1.000000
244.272000 32.850500 -9.031 3.246 0.178 0.2 -0.028254 20000 1.000000
240.120000 34.414900 -12.768 5.835 0.176 0.205 -0.037171 20000 1.000000
242.427000 35.071700 -5.659 -0.935 0.179 0.207 0.030064 20000 1.000000
239.249000 35.791600 -11.699 5.528 0.178 0.208 -0.021497 20000 1.000000
240.275000 35.242100 -10.4 1.322 0.17 0.2 -0.007637 20000 1.000000
244.265000 33.069800 -7.687 0.806 0.182 0.207 -0.013052 20000 1.000000
240.961000 34.168400 -13.242 5.064 0.174 0.203 0.000378 20000 1.000000
241.743000 33.861500 -13.379 4.022 0.176 0.204 -0.027849 20000 1.000000
241.476000 34.253600 -11.89 3.308 0.179 0.208 0.021059 20000 1.000000
240.629000 34.408100 -12.647 2.3 0.199 0.233 -0.036457 20000 1.000000
241.387000 34.516500 -9.426 2.593 0.179 0.205 -0.025310 20000 1.000000
243.630000 34.124100 -5.587 -1.049 0.193 0.222 -0.082658 20000 1.000000
242.098000 34.082000 -11.202 2.298 0.188 0.215 -0.067238 20000 1.000000
241.603000 34.334800 -2.836 3.582 0.372 0.339 -0.064141 20000 1.000000
241.603000 34.334000 -10.158 2.154 0.267 0.258 -0.177960 20000 1.000000
244.212000 33.389800 -7.816 -2.103 0.214 0.246 -0.023482 20000 1.000000
242.154000 35.267500 -5.932 -0.566 0.202 0.238 -0.027663 20000 1.000000
242.140000 34.413400 -9.583 2.726 0.174 0.217 -0.010743 20000 1.000000
241.873000 33.938300 -10.458 2.67 0.193 0.222 -0.019064 20000 1.000000
242.588000 33.647700 -10.68 2.979 0.17 0.196 -0.010950 20000 1.000000
241.170000 34.946200 -9.712 -2.264 0.18 0.216 -0.018332 20000 1.000000
245.061000 39.345200 -2.487 -2.036 0.175 0.216 -0.027209 20000 1.000000
244.183000 40.914700 -5.172 -4.287 0.168 0.215 -0.013983 20000 1.000000
241.871000 33.583500 -15.045 4.335 0.188 0.213 0.014018 20000 1.000000
242.574000 33.649100 -11.796 2.862 0.177 0.204 -0.052111 20000 1.000000
241.574000 34.703100 -9.019 -4.382 0.174 0.203 -0.003280 20000 1.000000
242.474000 34.104200 -10.336 1.923 0.201 0.233 -0.023504 20000 1.000000
239.991000 34.733000 -13.12 4.272 0.175 0.203 0.013685 20000 1.000000
243.064000 34.093600 -10.286 -0.772 0.194 0.277 0.064387 20000 1.000000
241.116000 34.356300 -12.447 2.859 0.174 0.201 -0.017280 20000 1.000000
246.195000 39.369400 -4.506 -4.073 0.178 0.217 -0.029431 20000 1.000000
241.760000 34.733900 -8.371 0.284 0.175 0.205 -0.013015 20000 1.000000
244.200000 32.945000 -9.307 2.142 0.197 0.212 -0.010734 20000 1.000000
241.107000 34.800200 -8.099 1.495 0.184 0.213 -0.001137 20000 1.000000
240.644000 40.416500 -5.885 -3.682 0.172 0.22 -0.048662 20000 1.000000
240.136000 35.189400 -11.195 4.305 0.176 0.21 -0.012927 20000 1.000000
244.479000 33.274800 -5.45 -4.076 0.179 0.202 -0.026682 20000 1.000000
243.617000 34.291400 -3.571 -0.84 0.175 0.203 -0.044113 20000 1.000000
245.173000 33.051100 -3.62 -3.611 0.322 0.334 -0.095222 20000 1.000000
244.340000 34.784000 -4.508 -4.904 0.196 0.232 -0.071718 20000 1.000000
245.810000 34.308600 -3.861 -3.659 0.177 0.204 -0.021128 20000 1.000000
243.111000 35.425200 -1.577 -4.717 0.176 0.207 -0.030236 20000 1.000000
245.820000 40.640200 -3.772 -5.226 0.192 0.242 -0.004183 20000 1.000000
239.584000 36.399000 -8.988 -2.751 0.211 0.244 -0.053255 20000 1.000000
241.887000 34.047400 -11.247 3.244 0.175 0.202 0.014649 20000 1.000000
242.701000 35.011500 -6.192 -0.888 0.172 0.2 -0.011329 20000 1.000000
241.714000 33.783600 -12.697 4.021 0.198 0.224 -0.105294 20000 1.000000
243.570000 34.754800 -4.961 -3.471 0.174 0.203 -0.000907 20000 1.000000
238.530000 40.815900 -3.014 -1.785 0.172 0.218 -0.015357 20000 1.000000
242.999000 33.708100 -10.625 2.632 0.176 0.205 -0.010298 20000 1.000000
244.365000 33.705000 -5.086 -4.235 0.194 0.233 -0.044609 20000 1.000000
239.520000 35.866700 -11.96 2.875 0.208 0.265 0.011126 20000 1.000000
242.155000 34.458200 -8.478 2.062 0.177 0.205 -0.038630 20000 1.000000
239.598000 35.880800 -8.116 1.167 0.184 0.216 0.060351 20000 1.000000
240.812000 34.441200 -11.785 1.409 0.185 0.217 -0.011527 20000 1.000000
244.089000 34.727300 -4.56 -3.801 0.177 0.208 -0.001306 20000 1.000000
243.779000 33.796800 -7.648 -1.169 0.178 0.206 0.017781 20000 1.000000
244.855000 34.157600 -3.525 -4.426 0.172 0.202 0.009258 20000 1.000000
241.526000 35.662300 -6.073 -0.781 0.183 0.216 -0.082020 20000 1.000000
242.045000 34.449100 -10.358 1.342 0.171 0.207 -0.022891 20000 1.000000
240.992000 34.398500 -11.017 4.647 0.179 0.21 -0.015807 20000 1.000000
243.827000 33.925400 -6.115 -2.275 0.183 0.207 -0.006916 20000 1.000000
243.241000 33.236000 -14.605 3.896 0.189 0.215 0.022459 20000 1.000000
242.165000 34.485500 -7.653 0.878 0.171 0.201 -0.014078 20000 1.000000
242.609000 33.744200 -10.811 3.474 0.192 0.216 0.064187 20000 1.000000
242.555000 33.817400 -10.868 3.059 0.174 0.199 -0.006529 20000 1.000000
243.060000 35.090200 -4.154 -1.599 0.178 0.205 -0.014782 20000 1.000000
239.553000 34.691000 -15.397 14.966 0.177 0.202 -0.021480 20000 1.000000
242.246000 34.133300 -11.001 1.92 0.177 0.203 0.016612 20000 1.000000
239.406000 35.828700 -11.383 5.53 0.178 0.212 0.011440 20000 1.000000
242.454000 34.314900 -6.534 1.646 0.275 0.284 0.031275 20000 1.000000
241.970000 34.527100 -7.642 1.856 0.181 0.216 -0.054764 20000 1.000000
240.896000 34.733600 -11.028 1.072 0.176 0.21 0.002041 20000 1.000000
239.557000 35.832600 -11.543 3.437 0.174 0.207 -0.015458 20000 1.000000
242.563000 33.856800 -10.858 2.989 0.174 0.199 -0.020455 20000 1.000000
238.778000 42.418300 -3.891 -2.325 0.244 0.327 -0.027683 20000 1.000000
244.021000 36.632500 -4.504 -3.894 0.171 0.207 0.013369 20000 1.000000
239.649000 34.038300 -12.944 6.66 0.176 0.206 -0.051224 20000 1.000000
241.874000 34.136800 -11.472 1.255 0.174 0.201 0.008169 20000 1.000000
243.904000 40.148400 -4.563 -3.955 0.175 0.223 -0.084093 20000 1.000000
242.682000 33.918400 -10.467 2.618 0.173 0.199 -0.000099 20000 1.000000
239.566000 35.969500 -7.975 -1.294 0.18 0.205 -0.052365 20000 1.000000
244.588000 40.710700 -4.908 -3.377 0.172 0.228 -0.030269 20000 1.000000
241.122000 34.295500 -12.783 4.064 0.193 0.22 -0.002644 20000 1.000000
242.118000 34.175200 -12.165 0.75 0.233 0.256 -0.284571 20000 1.000000
243.352000 34.038500 -5.618 -0.231 0.191 0.223 0.090043 20000 1.000000
242.790000 34.230800 -8.905 -2.069 0.276 0.279 0.222415 20000 1.000000
245.381000 34.767700 -4.033 -4.615 0.186 0.217 -0.014575 20000 1.000000
242.491000 39.685600 -4.788 -3.509 0.175 0.218 -0.027249 20000 1.000000
240.859000 34.498700 -11.558 2.276 0.171 0.199 -0.020098 20000 1.000000
245.104000 42.614500 -54.732 -34.29 0.413 0.544 -0.005876 20000 1.000000
243.932000 34.141000 -5.179 -2.567 0.173 0.201 0.004686 20000 1.000000
242.653000 33.240700 -10.726 4.227 0.194 0.21 -0.135020 20000 1.000000
244.082000 34.369900 -3.28 -3.769 0.174 0.206 -0.036946 20000 1.000000
243.695000 34.427700 -4.648 -2.766 0.177 0.21 -0.039654 20000 1.000000
243.708000 34.533000 -4.679 -3.268 0.185 0.208 -0.033041 20000 1.000000
243.185000 34.674900 -5.905 -1.897 0.183 0.213 0.066787 20000 1.000000
241.793000 34.128800 -11.54 2.677 0.172 0.198 -0.020471 20000 1.000000
240.647000 34.683400 -12.198 4.01 0.184 0.218 -0.029021 20000 1.000000
242.814000 39.521100 -4.503 -4.023 0.172 0.213 -0.020610 20000 1.000000
245.995000 32.722500 -2.83 -4.197 0.181 0.204 0.024927 20000 1.000000
244.721000 39.910200 -5.532 -3.78 0.188 0.222 -0.008374 20000 1.000000
245.543000 36.154200 -2.921 -4.581 0.173 0.204 -0.016133 20000 1.000000
245.180000 41.724200 -5.364 -4.424 0.178 0.224 -0.059551 20000 1.000000
242.670000 41.428700 -4.793 -3.248 0.197 0.253 -0.010467 20000 1.000000
242.935000 42.981700 -4.273 -3.906 0.166 0.217 -0.020906 20000 1.000000
235.925000 40.876300 -3.808 1.433 0.219 0.272 0.030044 20000 1.000000
236.274000 38.928300 -13.416 5.86 0.168 0.208 -0.020217 20000 1.000000
237.585000 40.997600 -6.705 -2.77 0.197 0.26 -0.099576 20000 1.000000
243.830000 32.616500 -11.593 4.554 0.173 0.197 -0.024248 20000 1.000000
238.997000 35.551800 -12.111 6.358 0.174 0.207 -0.006544 20000 1.000000
242.015000 39.305600 -4.862 -3.747 0.175 0.22 -0.051208 20000 1.000000
242.395000 39.287900 -3.798 -5.102 0.174 0.212 -0.025207 20000 1.000000
243.576000 39.500500 -4.312 -4.128 0.169 0.218 0.000589 20000 1.000000
243.950000 39.546400 -3.663 -3.004 0.173 0.212 -0.000337 20000 1.000000
244.111000 39.374200 -3.859 -3.796 0.169 0.211 0.000080 20000 1.000000
244.568000 39.388600 -5.607 -4.81 0.165 0.207 -0.017432 20000 1.000000
242.120000 40.433400 -5.204 -4.015 0.171 0.215 0.006374 20000 1.000000
245.308000 39.255200 -5.985 -5.582 0.242 0.296 0.026383 20000 1.000000
245.723000 39.119400 -4.051 -3.006 0.171 0.217 -0.011530 20000 1.000000
246.129000 39.067300 -4.099 -3.769 0.172 0.214 -0.030926 20000 1.000000
246.495000 39.268900 -4.292 -4.967 0.169 0.214 -0.004260 20000 1.000000
242.532000 40.320600 -5.285 -4.696 0.176 0.218 -0.057344 20000 1.000000
246.946000 40.494000 -0.877 -4.263 0.211 0.296 -0.002005 20000 1.000000
243.264000 40.495500 -4.433 -3.4 0.182 0.226 -0.055724 20000 1.000000
240.200000 39.572800 -4.193 -3.665 0.172 0.215 -0.028248 20000 1.000000
242.469000 36.614300 -4.446 -2.571 0.172 0.205 -0.017960 20000 1.000000
242.593000 36.804200 -4.31 -3.471 0.166 0.201 -0.015758 20000 1.000000
242.006000 36.606000 -6.338 -2.351 0.18 0.21 0.068179 20000 1.000000
242.296000 37.200800 -5.127 -4.059 0.171 0.207 -0.012516 20000 1.000000
240.463000 39.698400 -3.894 -1.791 0.178 0.221 -0.013684 20000 1.000000
240.694000 39.795600 -5.313 -2.488 0.18 0.229 0.030427 20000 1.000000
241.316000 39.888900 -5.685 -3.952 0.174 0.219 -0.026214 20000 1.000000
241.841000 39.212300 -4.527 -4.193 0.165 0.207 -0.014068 20000 1.000000
246.706000 41.856800 -5.066 -6.999 0.178 0.229 0.006868 20000 1.000000
246.958000 39.345100 -4.445 -3.937 0.174 0.214 -0.015036 20000 1.000000
246.988000 41.817300 -5.783 -4.449 0.169 0.217 -0.027728 20000 1.000000
246.722000 40.671300 -4.614 -4.307 0.173 0.218 -0.023280 20000 1.000000
240.931000 39.486100 -2.621 -3.75 0.186 0.238 -0.012556 20000 1.000000
241.550000 39.133900 -4.736 -3.831 0.169 0.211 -0.006900 20000 1.000000
241.062000 39.268000 -4.588 -2.689 0.295 0.372 -0.010074 20000 1.000000
241.649000 39.454700 -4.665 -3.703 0.173 0.215 0.026673 20000 1.000000
241.995000 38.728800 -5.067 -3.969 0.172 0.21 -0.009252 20000 1.000000
241.070000 38.980900 -5.433 -2.449 0.168 0.214 -0.007687 20000 1.000000
240.985000 38.704600 -30.466 -24.204 0.199 0.23 0.009815 20000 1.000000
240.541000 38.761400 -6.486 -2.082 0.186 0.222 -0.094020 20000 1.000000
240.523000 40.779800 -5.081 -3.043 0.186 0.225 0.062328 20000 1.000000
240.990000 40.242200 -5.326 -3.299 0.195 0.226 -0.090981 20000 1.000000
240.278000 39.908200 -5.11 -2.685 0.172 0.216 0.016799 20000 1.000000
239.307000 38.829200 -7.609 -3.061 0.241 0.27 0.086656 20000 1.000000
239.614000 39.046600 -7.252 -4.09 0.192 0.233 -0.062735 20000 1.000000
240.189000 39.123500 -4.08 -2.559 0.176 0.218 -0.073392 20000 1.000000
239.107000 39.466700 -7.546 -3.23 0.243 0.282 0.081325 20000 1.000000
240.376000 41.357700 -5.069 -3.036 0.17 0.219 -0.011314 20000 1.000000
239.716000 39.937400 -5.055 -2.354 0.165 0.208 -0.016913 20000 1.000000
239.194000 40.418600 -5.81 -0.604 0.219 0.26 0.013615 20000 1.000000
239.923000 40.288900 -5.773 -2.779 0.172 0.217 -0.003806 20000 1.000000
235.692000 40.247500 -9.947 4.538 0.167 0.212 -0.011438 20000 1.000000
235.867000 40.551300 -5.543 3.013 0.173 0.218 -0.020526 20000 1.000000
235.787000 40.637400 -4.049 2.89 0.195 0.245 -0.008516 20000 1.000000
235.943000 40.219600 -7.764 5.578 0.172 0.217 0.001458 20000 1.000000
236.307000 40.119300 -8.422 0.818 0.182 0.233 0.023582 20000 1.000000
238.207000 36.485500 -12.128 9.243 0.168 0.203 -0.013698 20000 1.000000
238.710000 35.945700 -11.685 6.328 0.175 0.208 0.024157 20000 1.000000
238.949000 36.302100 -12.718 5.403 0.172 0.206 -0.007753 20000 1.000000
238.865000 36.425900 -12.449 5.002 0.176 0.21 0.016640 20000 1.000000
237.668000 37.534500 -9.763 3.888 0.214 0.224 -0.107383 20000 1.000000
237.623000 37.914500 -10.124 3.174 0.176 0.216 -0.011546 20000 1.000000
236.819000 38.495000 -12.178 5.437 0.173 0.215 -0.074440 20000 1.000000
236.652000 38.987400 -11.567 3.795 0.182 0.218 0.062888 20000 1.000000
236.796000 39.242000 -9.497 0.473 0.17 0.212 -0.011355 20000 1.000000
236.368000 42.275400 -3.757 -0.133 0.177 0.226 -0.011796 20000 1.000000
236.895000 39.319700 -8.783 -0.028 0.174 0.215 0.019600 20000 1.000000
237.041000 38.664700 -10.14 2.014 0.208 0.268 0.082775 20000 1.000000
237.233000 38.428600 -10.135 3.104 0.172 0.214 -0.004783 20000 1.000000
237.548000 38.239800 -8.712 1.715 0.172 0.213 -0.007724 20000 1.000000
237.083000 38.866100 -9.308 -1.204 0.166 0.208 -0.015672 20000 1.000000
237.037000 39.398100 -7.667 0.44 0.301 0.339 -0.078584 20000 1.000000
237.424000 38.777800 -6.912 0.733 0.176 0.228 -0.052521 20000 1.000000
237.281000 39.260000 -7.455 -6.938 0.172 0.212 0.024866 20000 1.000000
237.696000 39.109300 -8.31 -1.405 0.178 0.219 -0.020171 20000 1.000000
237.873000 37.069200 -12.964 4.307 0.206 0.241 0.175358 20000 1.000000
238.137000 36.962000 -12.917 4.487 0.198 0.221 -0.050305 20000 1.000000
238.009000 37.201700 -10.705 4.775 0.201 0.234 -0.075836 20000 1.000000
238.203000 37.001000 -12.15 5.41 0.259 0.284 0.067149 20000 1.000000
238.274000 37.002400 -11.321 4.325 0.185 0.228 0.017992 20000 1.000000
238.349000 37.104500 -9.739 2.3 0.211 0.231 -0.125397 20000 1.000000
238.286000 37.203500 -13.817 -1.087 0.178 0.211 0.034469 20000 1.000000
237.786000 37.329900 -12.676 3.845 0.169 0.205 -0.004786 20000 1.000000
237.901000 37.336900 -9.657 5.461 0.177 0.222 -0.030652 20000 1.000000
237.900000 37.722000 -9.438 0.23 0.169 0.205 -0.020174 20000 1.000000
237.781000 37.863900 -10.003 -0.102 0.178 0.22 -0.017344 20000 1.000000
237.942000 37.713900 -9.609 1.028 0.192 0.228 -0.075855 20000 1.000000
238.174000 37.336800 -9.917 2.379 0.173 0.213 -0.003198 20000 1.000000
238.210000 37.533000 -7.986 -1.038 0.17 0.207 -0.004986 20000 1.000000
238.313000 37.601800 -7.091 -0.002 0.177 0.212 0.033408 20000 1.000000
238.022000 37.749400 -8.125 -0.605 0.172 0.208 -0.017718 20000 1.000000
238.214000 37.819000 -8.288 -4.857 0.176 0.211 -0.001642 20000 1.000000
238.095000 36.621700 -12.319 4.985 0.172 0.208 -0.029157 20000 1.000000
238.421000 36.724000 -12.13 5.595 0.171 0.205 -0.019246 20000 1.000000
238.580000 36.800400 -9.013 4.532 0.17 0.205 -0.021090 20000 1.000000
238.409000 36.858500 -12.301 5.187 0.171 0.206 -0.026936 20000 1.000000
238.459000 36.814300 -13.005 6.793 0.172 0.205 -0.008833 20000 1.000000
238.445000 36.903500 -10.823 3.675 0.174 0.207 -0.029717 20000 1.000000
238.613000 36.637000 -13.73 6.104 0.181 0.216 -0.070263 20000 1.000000
238.458000 37.007800 -12.15 -0.045 0.236 0.28 0.017628 20000 1.000000
238.426000 37.213000 -9.979 -1.612 0.172 0.207 -0.009540 20000 1.000000
238.665000 36.918200 -7.461 -1.68 0.168 0.203 -0.016438 20000 1.000000
238.645000 37.010800 -7.193 -1.893 0.182 0.222 -0.046913 20000 1.000000
240.294000 37.713100 -7.831 -3.931 0.177 0.216 -0.034817 20000 1.000000
238.812000 36.559500 -11.239 7.212 0.169 0.203 -0.020940 20000 1.000000
238.131000 37.975600 -6.779 -1.727 0.173 0.21 0.000121 20000 1.000000
238.936000 36.611600 -12.673 -0.158 0.168 0.202 -0.017076 20000 1.000000
238.732000 36.950000 -7.028 -2.472 0.171 0.207 0.006923 20000 1.000000
238.652000 36.811400 -7.729 0.25 0.172 0.207 -0.018139 20000 1.000000
238.942000 37.169600 -7.441 -2.508 0.178 0.213 -0.000757 20000 1.000000
238.347000 37.478400 -8.232 -1.442 0.188 0.227 -0.007561 20000 1.000000
238.531000 37.489600 -6.492 -2.058 0.168 0.206 -0.021297 20000 1.000000
238.675000 37.581900 -6.181 -1.825 0.174 0.214 -0.024291 20000 1.000000
238.395000 37.932000 -7.548 -2.042 0.17 0.208 -0.019227 20000 1.000000
238.536000 37.755300 -6.435 -3.222 0.174 0.212 -0.017451 20000 1.000000
238.717000 37.385400 -6.318 -1.09 0.178 0.219 -0.024691 20000 1.000000
237.782000 38.153000 -7.456 0.086 0.17 0.209 -0.033077 20000 1.000000
237.904000 38.025100 -4.712 2.571 0.174 0.215 -0.071726 20000 1.000000
237.805000 38.444200 -7.357 -1.49 0.181 0.234 -0.004809 20000 1.000000
237.645000 38.999500 -7.138 -2.18 0.205 0.226 0.062190 20000 1.000000
238.905000 38.645300 -6.702 -1.852 0.17 0.209 -0.008937 20000 1.000000
239.652000 35.544100 -9.957 4.977 0.177 0.209 -0.021081 20000 1.000000
239.611000 35.841100 -11.323 1.784 0.185 0.214 -0.043040 20000 1.000000
239.655000 35.837800 -7.356 1.427 0.176 0.214 -0.016280 20000 1.000000
239.715000 35.806700 -8.374 1.318 0.183 0.218 -0.019954 20000 1.000000
239.093000 35.933300 -13.354 7.293 0.17 0.204 -0.017106 20000 1.000000
239.019000 36.417200 -7.208 -0.296 0.17 0.205 -0.016068 20000 1.000000
239.147000 36.515900 -5.974 0.363 0.178 0.215 -0.031350 20000 1.000000
239.302000 36.024800 -11.835 5.304 0.171 0.212 -0.020425 20000 1.000000
239.121000 36.140200 -13.033 5.772 0.172 0.204 -0.016879 20000 1.000000
239.251000 36.106800 -12.379 5.848 0.168 0.201 -0.013702 20000 1.000000
239.272000 36.178900 -7.632 -2.644 0.183 0.22 -0.010910 20000 1.000000
239.355000 35.922800 -11.51 5.498 0.17 0.202 -0.025244 20000 1.000000
239.525000 36.007500 -7.275 -3.27 0.199 0.22 -0.019809 20000 1.000000
239.457000 36.089400 -7.289 -4.047 0.17 0.203 -0.014463 20000 1.000000
239.560000 36.123200 -5.721 -1.02 0.17 0.203 -0.018988 20000 1.000000
239.158000 35.697100 -12.41 5.396 0.177 0.204 0.024585 20000 1.000000
239.637000 36.051700 -6.755 1.425 0.174 0.204 -0.017817 20000 1.000000
239.448000 35.974100 -11.767 5.311 0.185 0.213 -0.049255 20000 1.000000
239.706000 36.015800 -6.101 2.09 0.173 0.206 -0.019991 20000 1.000000
239.723000 36.304400 -9.959 -3.368 0.175 0.21 -0.015361 20000 1.000000
239.257000 36.806300 -6.224 -1.523 0.171 0.209 -0.014915 20000 1.000000
239.803000 37.352200 -6.971 -1.873 0.183 0.224 -0.036933 20000 1.000000
239.356000 37.795200 -6.725 -1.763 0.201 0.234 -0.023305 20000 1.000000
240.160000 37.901100 -5.092 -0.315 0.193 0.218 -0.116135 20000 1.000000
239.049000 38.090000 -8.762 -1.939 0.174 0.213 -0.024037 20000 1.000000
239.666000 38.735600 -7.572 -1.606 0.194 0.22 0.032763 20000 1.000000
241.480000 37.177600 -3.897 -0.481 0.168 0.204 -0.009422 20000 1.000000
236.283000 39.863600 -12.183 2.251 0.209 0.258 -0.109616 20000 1.000000
236.448000 39.905700 -10.18 -0.451 0.199 0.257 -0.058492 20000 1.000000
236.628000 39.452400 -10.846 0.013 0.171 0.216 0.001287 20000 1.000000
236.705000 39.707100 -10.411 -1.833 0.183 0.226 -0.064673 20000 1.000000
236.813000 39.492800 -9.792 0.409 0.209 0.284 0.026057 20000 1.000000
236.817000 39.962100 -8.129 -2.876 0.19 0.237 -0.055515 20000 1.000000
236.344000 40.256800 -7.567 1.029 0.171 0.217 0.005228 20000 1.000000
236.117000 41.151700 -3.7 -0.328 0.172 0.218 0.000943 20000 1.000000
236.301000 40.575300 -6.699 -2.36 0.178 0.225 0.061016 20000 1.000000
236.427000 40.478900 -7.951 -1.613 0.207 0.26 0.180276 20000 1.000000
236.548000 40.082200 -9.96 -0.693 0.166 0.21 -0.010149 20000 1.000000
236.864000 40.324100 -8.647 -2.727 0.167 0.213 -0.022593 20000 1.000000
236.676000 40.732900 -7.338 -2.048 0.168 0.214 -0.036223 20000 1.000000
236.826000 40.546700 -8.568 -1.369 0.171 0.22 -0.029405 20000 1.000000
237.024000 39.621400 -10.457 -3.915 0.182 0.216 0.042166 20000 1.000000
237.264000 39.493600 -11.762 -3.333 0.169 0.209 -0.024278 20000 1.000000
237.126000 39.726200 -8.969 -1.071 0.173 0.218 0.026738 20000 1.000000
237.077000 40.747600 -6.455 -1.45 0.202 0.253 -0.026783 20000 1.000000
237.332000 40.034100 -4.83 -1.41 0.174 0.215 -0.024824 20000 1.000000
237.393000 40.650700 -7.029 0.797 0.177 0.227 -0.055073 20000 1.000000
236.666000 40.887100 -7.315 -0.817 0.165 0.211 -0.014867 20000 1.000000
237.729000 40.271200 -7.158 -1.835 0.213 0.26 -0.078887 20000 1.000000
239.132000 39.794700 -10.676 -0.704 0.169 0.217 -0.043791 20000 1.000000
239.052000 41.183300 -4.733 -2.089 0.169 0.219 -0.040701 20000 1.000000
237.681000 40.731100 -7.147 -3.452 0.201 0.232 0.034341 20000 1.000000
235.774000 42.209100 -5.442 -0.941 0.175 0.218 -0.007674 20000 1.000000
235.946000 42.860100 -2.252 -0.152 0.206 0.259 0.059727 20000 1.000000
236.617000 42.503500 -3.555 -0.008 0.17 0.22 -0.009394 20000 1.000000
237.344000 42.191000 -1.599 0.383 0.176 0.23 -0.046935 20000 1.000000
238.220000 42.259700 -2.839 -1.3 0.169 0.216 -0.019826 20000 1.000000
239.622000 42.468800 -2.867 -1.71 0.17 0.224 -0.032536 20000 1.000000
241.588000 42.254600 -5.108 -3.556 0.165 0.215 -0.019501 20000 1.000000
243.371000 36.071300 -4.813 -3.832 0.18 0.217 0.043694 20000 1.000000
242.835000 36.022500 -5.421 -2.793 0.179 0.207 -0.027061 20000 1.000000
242.590000 36.159000 -4.846 -2.028 0.181 0.215 0.033104 20000 1.000000
241.868000 36.466800 -0.997 -5.13 0.195 0.239 -0.213579 20000 1.000000
242.211000 36.531200 -6.084 -2.968 0.167 0.202 -0.020502 20000 1.000000
241.909000 36.570200 -3.21 0.286 0.195 0.217 -0.078724 20000 1.000000
241.882000 36.975700 -5.404 -2.658 0.171 0.207 -0.014006 20000 1.000000
242.064000 37.231400 -4.807 -2.77 0.175 0.208 0.025049 20000 1.000000
242.606000 34.462400 -7.408 -0.257 0.184 0.208 -0.020552 20000 1.000000
242.459000 33.562100 -10.931 2.583 0.177 0.203 0.004768 20000 1.000000
242.895000 32.889200 -13.132 3.279 0.173 0.197 -0.022098 20000 1.000000
243.050000 32.733800 -12.768 4.037 0.169 0.193 -0.014310 20000 1.000000
242.756000 32.666400 -12.839 4.61 0.186 0.203 0.071010 20000 1.000000
242.810000 33.439600 -11.158 2.654 0.171 0.198 -0.001167 20000 1.000000
242.928000 33.235700 -12.524 3.641 0.182 0.201 0.032868 20000 1.000000
243.217000 33.493300 -10.424 2.683 0.172 0.198 -0.008855 20000 1.000000
243.651000 32.976000 -13.033 2.338 0.177 0.202 -0.012030 20000 1.000000
243.989000 32.822200 -11.515 3.934 0.177 0.199 -0.053769 20000 1.000000
243.329000 33.240200 -11.591 3.618 0.18 0.203 -0.015234 20000 1.000000
243.431000 33.059200 -12.358 3.471 0.17 0.194 -0.015846 20000 1.000000
243.379000 33.375600 -11.478 2.66 0.176 0.201 0.021236 20000 1.000000
243.591000 33.210200 -10.151 3.831 0.187 0.216 -0.003759 20000 1.000000
243.817000 33.213500 -10.558 1.861 0.173 0.198 -0.016665 20000 1.000000
243.888000 33.296200 -8.413 0.22 0.177 0.203 -0.068827 20000 1.000000
243.574000 33.523500 -9.703 0.174 0.203 0.221 0.051581 20000 1.000000
243.773000 33.574700 -8.745 -0.036 0.181 0.215 0.009373 20000 1.000000
244.031000 32.887000 -10.991 2.92 0.175 0.2 -0.012110 20000 1.000000
244.175000 32.954700 -9.774 2.195 0.185 0.211 -0.022189 20000 1.000000
244.268000 32.759700 -10.109 2.539 0.18 0.207 -0.012648 20000 1.000000
244.404000 32.750600 -7.483 1.097 0.187 0.205 -0.009906 20000 1.000000
244.423000 32.834700 -8.128 1.432 0.18 0.203 -0.014591 20000 1.000000
244.430000 32.898400 -7.487 0.665 0.215 0.241 -0.000348 20000 1.000000
244.700000 32.690000 -4.7 -2.363 0.173 0.198 -0.019907 20000 1.000000
244.602000 32.875800 -4.151 -3.458 0.18 0.205 -0.000050 20000 1.000000
244.578000 32.982500 -3.881 -3.904 0.18 0.209 0.004183 20000 1.000000
244.280000 32.948900 -9.156 1.521 0.177 0.201 -0.017386 20000 1.000000
244.234000 33.516400 -6.002 -3.592 0.182 0.207 0.034918 20000 1.000000
244.313000 33.423900 -4.392 -4.24 0.18 0.204 0.026861 20000 1.000000
244.571000 33.247800 -4.291 -4.294 0.176 0.202 -0.024724 20000 1.000000
244.657000 33.143600 -4.356 -3.839 0.18 0.205 -0.073336 20000 1.000000
244.704000 33.886900 -3.737 -4.103 0.183 0.205 -0.008511 20000 1.000000
240.305000 37.562600 -5.782 -0.084 0.191 0.214 0.088596 20000 1.000000
239.350000 34.907300 -13.41 5.738 0.214 0.246 -0.021400 20000 1.000000
239.590000 35.010700 -13.258 5.05 0.174 0.202 -0.005218 20000 1.000000
239.760000 34.870600 -12.281 5.133 0.171 0.199 -0.002417 20000 1.000000
239.617000 35.106200 -12.49 5.806 0.181 0.209 0.059941 20000 1.000000
241.822000 34.376400 -11.003 1.666 0.172 0.201 -0.013378 20000 1.000000
239.925000 35.020000 -13.245 5.292 0.169 0.198 -0.016306 20000 1.000000
240.208000 34.507800 -13.787 4.423 0.175 0.198 -0.008941 20000 1.000000
240.384000 34.630500 -10.901 6 0.168 0.197 -0.015601 20000 1.000000
240.185000 34.888600 -13.796 2.838 0.168 0.197 -0.010791 20000 1.000000
240.464000 35.086600 -10.511 1.033 0.17 0.2 -0.011763 20000 1.000000
239.192000 35.425800 -13.368 5.622 0.172 0.202 -0.029954 20000 1.000000
239.455000 35.327800 -12.029 5.452 0.174 0.207 0.030724 20000 1.000000
239.646000 35.440500 -11.077 6.313 0.174 0.204 -0.023123 20000 1.000000
239.520000 35.624800 -11.554 5.25 0.171 0.204 -0.006573 20000 1.000000
239.463000 35.792700 -9.557 3.989 0.183 0.216 0.020143 20000 1.000000
239.733000 35.633800 -10.776 3.554 0.176 0.204 0.011623 20000 1.000000
239.629000 35.747900 -9.898 2.765 0.176 0.208 -0.002753 20000 1.000000
237.762000 37.061200 -12.893 6.196 0.185 0.225 -0.014424 20000 1.000000
239.899000 35.235100 -11.584 4.552 0.195 0.218 0.030406 20000 1.000000
239.975000 35.279800 -11.446 3.865 0.177 0.213 -0.044839 20000 1.000000
240.065000 35.316800 -10.742 2.637 0.173 0.206 -0.016574 20000 1.000000
239.887000 35.534200 -10.518 2.213 0.173 0.207 -0.017206 20000 1.000000
239.818000 35.702700 -8.995 1.651 0.171 0.203 -0.010323 20000 1.000000
239.869000 35.801300 -6.453 0.779 0.18 0.208 0.003802 20000 1.000000
239.999000 35.686700 -8.132 -0.646 0.179 0.207 -0.061660 20000 1.000000
239.707000 35.688900 -10.373 3.079 0.172 0.203 -0.025608 20000 1.000000
240.287000 35.319000 -6.666 2.74 0.184 0.216 -0.032671 20000 1.000000
240.091000 35.934700 -7.084 -1.337 0.173 0.204 -0.006776 20000 1.000000
240.496000 34.466800 -12.704 3.248 0.169 0.196 -0.013374 20000 1.000000
240.674000 34.599600 -12.874 2.913 0.177 0.212 0.053602 20000 1.000000
240.885000 34.660100 -11.81 2.69 0.178 0.205 0.048056 20000 1.000000
240.845000 34.856200 -10.021 3.806 0.255 0.335 -0.120175 20000 1.000000
239.755000 35.686700 -10.718 4.469 0.173 0.203 -0.022021 20000 1.000000
241.121000 34.835100 -8.688 0.095 0.174 0.203 -0.002060 20000 1.000000
241.152000 34.792300 -8.436 4.329 0.177 0.212 -0.012504 20000 1.000000
241.331000 34.695000 -11.035 1.642 0.178 0.209 0.043213 20000 1.000000
241.454000 34.771100 -8.546 1.637 0.174 0.205 -0.010101 20000 1.000000
241.344000 34.944400 -5.904 0.189 0.179 0.21 -0.063817 20000 1.000000
241.388000 35.138600 -7.439 -0.642 0.171 0.201 -0.032539 20000 1.000000
241.459000 34.821800 -8 1.025 0.181 0.208 -0.019511 20000 1.000000
241.811000 34.982100 -6.43 0.014 0.173 0.202 -0.015534 20000 1.000000
241.876000 35.378000 -8.329 -1.334 0.173 0.203 -0.023525 20000 1.000000
241.740000 35.667300 -6.833 -0.846 0.179 0.207 -0.006965 20000 1.000000
241.233000 36.231400 -8.058 -2.771 0.177 0.206 0.042886 20000 1.000000
241.045000 36.585500 -7.119 -1.211 0.169 0.204 -0.013015 20000 1.000000
241.740000 36.093100 -3.516 0.271 0.174 0.203 -0.019210 20000 1.000000
241.994000 35.038800 -6.345 -0.165 0.173 0.201 -0.007794 20000 1.000000
242.271000 34.509700 -8.078 0.258 0.173 0.202 -0.018597 20000 1.000000
242.451000 34.634300 -7.133 -0.298 0.172 0.201 -0.023803 20000 1.000000
242.457000 34.987000 -5.766 -1.387 0.175 0.204 0.015895 20000 1.000000
243.048000 33.892600 -8.767 0.906 0.169 0.196 -0.012868 20000 1.000000
243.454000 34.019300 -7.225 -0.749 0.172 0.199 -0.022177 20000 1.000000
242.719000 34.534800 -6.837 -1.037 0.199 0.211 -0.126897 20000 1.000000
241.969000 34.332200 -11.222 1.704 0.174 0.203 -0.002540 20000 1.000000
242.635000 35.116800 -5.385 -1.412 0.184 0.213 -0.032798 20000 1.000000
241.983000 35.152400 -6.539 -0.031 0.172 0.203 -0.020122 20000 1.000000
242.697000 35.238500 -6.024 -1.071 0.173 0.202 -0.011023 20000 1.000000
242.795000 35.387900 -5.349 -1.959 0.168 0.2 -0.008244 20000 1.000000
242.610000 35.896700 -4.075 -2.923 0.188 0.221 -0.046565 20000 1.000000
242.597000 35.697600 -5.038 -2.234 0.172 0.203 -0.015178 20000 1.000000
243.111000 35.998200 -4.734 -3.307 0.183 0.207 -0.023626 20000 1.000000
243.112000 35.710600 -4.087 -2.41 0.171 0.204 -0.008065 20000 1.000000
243.290000 34.192500 -5.934 -0.423 0.175 0.201 -0.018427 20000 1.000000
243.463000 34.217200 -3.375 2.95 0.191 0.227 0.007772 20000 1.000000
243.788000 33.865800 -6.577 -2.661 0.17 0.198 0.001146 20000 1.000000
243.920000 33.959300 -5.007 -2.311 0.173 0.198 -0.009510 20000 1.000000
239.772000 35.729200 -8.468 2.748 0.172 0.203 -0.004871 20000 1.000000
243.971000 34.716900 -4.753 -3.56 0.181 0.207 -0.046773 20000 1.000000
243.329000 34.936800 -6.539 -2.604 0.175 0.207 -0.002425 20000 1.000000
242.063000 34.341100 -11.028 1.909 0.185 0.221 -0.011438 20000 1.000000
243.120000 34.462100 -6.666 -0.601 0.172 0.2 -0.018550 20000 1.000000
244.179000 33.741000 -5.195 -3.615 0.187 0.211 -0.011686 20000 1.000000
244.236000 34.425700 -3.95 -3.752 0.209 0.222 0.022144 20000 1.000000
244.350000 35.204800 -4.236 -4.231 0.176 0.205 -0.046273 20000 1.000000
242.685000 34.187400 -9.336 1.339 0.175 0.204 0.026441 20000 1.000000
242.950000 34.196200 -12.948 -7.656 0.206 0.208 0.070754 20000 1.000000
244.750000 34.731800 -4.442 -4.355 0.218 0.253 -0.032837 20000 1.000000
243.237000 35.204600 -4.358 -2.963 0.171 0.2 -0.005698 20000 1.000000
242.107000 35.424600 -7.034 -1.373 0.172 0.203 -0.017659 20000 1.000000
243.428000 35.320600 -4.696 -2.711 0.173 0.206 -0.016053 20000 1.000000
243.896000 35.141900 -4.588 -3.85 0.186 0.208 -0.047475 20000 1.000000
243.878000 35.526000 -4.322 -3.93 0.174 0.205 -0.027130 20000 1.000000
243.855000 35.785400 -4.673 -4.237 0.171 0.203 -0.028104 20000 1.000000
244.456000 35.472800 -5.437 -2.091 0.171 0.206 -0.005999 20000 1.000000
244.634000 35.163000 -3.94 -4.656 0.19 0.223 -0.018824 20000 1.000000
245.401000 34.188900 -4.44 -3.204 0.178 0.206 -0.013593 20000 1.000000
245.035000 34.844400 -2.529 -3.951 0.177 0.206 -0.024927 20000 1.000000
244.762000 35.291100 -4.252 -3.838 0.171 0.204 -0.011657 20000 1.000000
241.621000 37.973100 -4.299 -1.787 0.175 0.216 -0.040899 20000 1.000000
241.084000 37.605300 -2.512 3.571 0.179 0.228 -0.033998 20000 1.000000
240.914000 37.785700 0.054 0.335 0.211 0.236 -0.137657 20000 1.000000
240.967000 37.913500 -5.225 -0.722 0.169 0.207 -0.015217 20000 1.000000
240.862000 37.839300 -4.026 -0.625 0.189 0.222 0.010429 20000 1.000000
240.853000 37.962800 -4.279 -1.621 0.183 0.221 -0.020069 20000 1.000000
240.916000 37.914100 -2.339 -0.494 0.173 0.208 -0.014552 20000 1.000000
241.056000 37.734300 -4.037 2.058 0.172 0.209 -0.016956 20000 1.000000
241.131000 37.654600 -2.465 1.133 0.173 0.213 -0.022833 20000 1.000000
241.148000 37.878200 -4.846 0.576 0.173 0.21 -0.028852 20000 1.000000
241.183000 37.591400 -0.311 5.939 0.177 0.226 0.059790 20000 1.000000
241.302000 37.561600 -2.205 1.348 0.177 0.233 -0.026129 20000 1.000000
241.316000 37.495400 -2.083 1.598 0.167 0.203 -0.014483 20000 1.000000
241.406000 37.541300 -3.877 -1.04 0.174 0.211 -0.012944 20000 1.000000
241.232000 37.754400 -4.692 -1.485 0.18 0.224 0.025878 20000 1.000000
241.264000 37.903500 -4.157 -0.328 0.171 0.209 -0.024162 20000 1.000000
241.762000 37.589200 -5.788 -2.111 0.17 0.207 -0.013969 20000 1.000000
241.528000 37.737500 -4.269 -1.912 0.176 0.21 0.004706 20000 1.000000
240.850000 38.057900 -1.266 -0.231 0.179 0.215 0.001237 20000 1.000000
237.804000 41.344800 63.08 126.628 0.392 0.486 0.083499 20000 1.000000
237.706000 41.381200 -4.018 -3.623 0.18 0.221 0.043159 20000 1.000000
237.809000 41.479200 -5.186 -0.399 0.169 0.229 -0.055442 20000 1.000000
237.687000 41.463600 -5.183 -3.397 0.172 0.23 -0.054062 20000 1.000000
237.847000 41.531900 -4.217 -1.74 0.26 0.298 0.043005 20000 1.000000
238.493000 41.711600 -4.334 -1.284 0.168 0.217 -0.015107 20000 1.000000
246.132000 42.878900 -4.355 -3.812 0.167 0.22 -0.029491 20000 1.000000
241.275000 37.380400 6.395 -31.202 0.415 0.456 0.144195 20000 1.000000
241.439000 37.439500 -3.025 -2.172 0.181 0.215 -0.018001 20000 1.000000
240.254000 37.088900 -6.786 -2.513 0.173 0.208 0.025142 20000 1.000000
241.853000 37.280500 -5.808 -3.116 0.172 0.209 -0.004183 20000 1.000000
239.172000 41.359200 -6.108 -2.9 0.2 0.248 -0.078987 20000 1.000000
239.527000 41.332500 -4.739 -3.079 0.172 0.219 -0.013396 20000 1.000000
235.587000 42.442000 -2.689 -0.597 0.171 0.223 -0.066832 20000 1.000000
235.707000 42.076600 -2.319 0.123 0.174 0.218 0.004522 20000 1.000000
238.120000 42.579800 -3.872 -2.284 0.172 0.219 -0.025441 20000 1.000000
237.390000 42.727100 -2.789 -2.994 0.311 0.374 0.101680 20000 1.000000
242.275000 42.020200 -2.832 -3.345 0.171 0.219 -0.018660 20000 1.000000
243.404000 33.598200 -9.317 1.115 0.253 0.288 -0.150490 20000 1.000000
243.397000 33.495500 -9.888 2.581 0.178 0.205 -0.002910 20000 1.000000
244.492000 32.829400 -6.356 1.702 0.18 0.202 -0.017971 20000 1.000000
239.784000 35.693800 -8.667 2.35 0.19 0.219 0.023232 20000 1.000000
237.579000 41.830800 -0.777 -1.324 0.176 0.226 0.005867 20000 1.000000
236.019000 41.845500 -2.979 -0.319 0.189 0.27 -0.085030 20000 1.000000
238.521000 36.744300 -10.763 5.265 0.203 0.24 0.030192 20000 1.000000
239.528000 35.946600 -7.772 0.532 0.259 0.296 0.056624 20000 1.000000
239.485000 35.929100 -11.342 4.186 0.246 0.302 0.009742 20000 1.000000
236.427000 40.478800 -9.063 -1.901 0.25 0.315 0.175281 20000 1.000000
243.852000 34.508100 -3.717 -3.536 0.171 0.2 -0.008710 20000 1.000000
245.241000 32.497900 -3.924 -4.331 0.201 0.218 -0.034668 20000 1.000000
243.407000 33.537300 -9.196 2.151 0.186 0.216 0.045658 20000 1.000000
241.651000 34.021700 -16.839 15.633 0.188 0.228 -0.021587 20000 1.000000
241.379000 34.836000 -8.746 0.185 0.175 0.205 -0.015387 20000 1.000000
241.983000 35.152400 -6.955 -0.001 0.175 0.206 -0.016224 20000 1.000000
241.983000 35.152500 -7.066 -0.153 0.175 0.206 -0.013074 20000 1.000000
242.968000 33.389000 -14.37 1.567 0.18 0.206 0.022020 20000 1.000000
243.936000 31.559100 -14.119 4.285 0.179 0.197 0.048188 20000 1.000000
238.728000 35.709000 -13.388 6.009 0.189 0.223 -0.021760 20000 1.000000
242.077000 34.508200 -9.704 0.745 0.178 0.206 -0.005965 20000 1.000000
239.241000 36.186900 -6.602 -1.32 0.178 0.208 0.035380 20000 1.000000
239.233000 36.180500 -13.005 5.22 0.177 0.207 -0.010771 20000 1.000000
244.450000 32.490100 -8.923 3.674 0.176 0.208 -0.046474 20000 1.000000
242.305000 34.925400 -5.833 -0.44 0.176 0.203 -0.034577 20000 1.000000
244.116000 32.417000 -11.93 4.054 0.347 0.399 -0.011642 20000 1.000000
243.076000 33.687100 -9.374 1.399 0.169 0.195 -0.016975 20000 1.000000
239.522000 35.919900 -12.298 6.382 0.177 0.21 0.015995 20000 1.000000
242.818000 33.835700 -10.902 2.538 0.191 0.211 -0.028969 20000 1.000000
242.193000 34.091800 -11.123 2.406 0.176 0.214 -0.019424 20000 1.000000
244.165000 31.313100 -11.329 5.254 0.276 0.31 -0.024217 20000 1.000000
241.596000 33.743300 -12.331 3.959 0.175 0.201 -0.018717 20000 1.000000
241.628000 33.779500 -13.143 5.077 0.186 0.207 0.047392 20000 1.000000
238.863000 36.161100 -12.205 8.569 0.179 0.211 0.013722 20000 1.000000
241.755000 34.628700 -8.821 1.316 0.2 0.232 -0.037520 20000 1.000000
239.056000 39.974600 -4.431 -0.071 0.187 0.23 -0.061175 20000 1.000000
243.849000 34.683200 -4.018 -5.084 0.17 0.199 -0.009855 20000 1.000000
242.317000 35.338700 -5.283 -1.291 0.173 0.203 -0.011643 20000 1.000000
240.280000 34.500000 -13.164 4.267 0.174 0.203 -0.020174 20000 1.000000
242.413000 33.444100 -14.578 5.097 0.197 0.22 0.010103 20000 1.000000
243.375000 34.643900 -6.32 -2.148 0.176 0.201 -0.040509 20000 1.000000
241.974000 34.019100 -11.452 2.531 0.192 0.222 -0.053418 20000 1.000000
242.391000 33.674100 -9.12 -0.105 0.181 0.207 0.013606 20000 1.000000
242.445000 33.485800 -11.996 4.041 0.182 0.207 0.016347 20000 1.000000
239.475000 35.900000 -25.388 7.878 0.181 0.219 -0.041628 20000 1.000000
241.807000 34.875100 -7.124 -0.036 0.182 0.21 0.000134 20000 1.000000
240.816000 34.541500 -13.087 3.265 0.192 0.223 0.053052 20000 1.000000
244.877000 40.617200 -4.14 -4.429 0.172 0.223 -0.004259 20000 1.000000
243.350000 36.316300 -4.555 -3.454 0.173 0.207 -0.001275 20000 1.000000
238.442000 37.666500 -6.791 -2.804 0.172 0.209 -0.026607 20000 1.000000
241.245000 34.459800 -10.701 1.245 0.193 0.227 -0.029968 20000 1.000000
242.138000 34.205600 -10.348 0.683 0.224 0.221 -0.095964 20000 1.000000
239.775000 40.591700 -5.552 -2.756 0.176 0.224 -0.039159 20000 1.000000
240.984000 41.868400 -4.321 -3.414 0.18 0.229 0.045338 20000 1.000000
243.701000 35.971300 -4.149 -4.448 0.181 0.209 -0.056229 20000 1.000000
241.521000 34.438600 -11.395 2.62 0.21 0.234 -0.077603 20000 1.000000
243.746000 33.192600 -10.987 2.598 0.173 0.199 -0.017456 20000 1.000000
240.116000 39.314300 -7.839 -2.007 0.171 0.218 -0.037384 20000 1.000000
244.022000 33.292200 -8.02 0.163 0.176 0.2 -0.015627 20000 1.000000
240.476000 33.247900 -16.764 9.245 0.177 0.214 -0.052698 20000 1.000000
240.936000 34.319900 -12.024 3.19 0.173 0.2 -0.014898 20000 1.000000
241.354000 34.059300 -12.835 3.173 0.177 0.2 -0.057290 20000 1.000000
242.151000 33.992700 -11.817 2.895 0.182 0.207 -0.002561 20000 1.000000
239.935000 34.004300 -13.192 6.582 0.18 0.204 -0.022613 20000 1.000000
245.105000 42.612700 -32.384 -33.299 0.374 0.489 0.006901 20000 1.000000
239.930000 34.607300 -15.914 -7.179 0.18 0.221 -0.042265 20000 1.000000
239.640000 35.917400 -12.273 -3.584 0.199 0.223 0.064069 20000 1.000000
241.585000 35.158200 -6.353 -0.668 0.17 0.202 -0.014354 20000 1.000000
243.923000 33.650600 -6.644 -1.308 0.175 0.203 0.024512 20000 1.000000
242.233000 33.549600 -12.406 4.324 0.202 0.215 -0.033378 20000 1.000000
243.770000 36.934800 -3.849 -4.216 0.168 0.203 0.000172 20000 1.000000
239.867000 34.483500 -13.779 5.593 0.178 0.21 -0.020837 20000 1.000000
243.839000 33.641200 -7.521 0.232 0.183 0.206 -0.009302 20000 1.000000
246.368000 31.335500 -3.999 -3.77 0.176 0.193 -0.032941 20000 1.000000
242.951000 39.542200 -4.076 -4.134 0.177 0.214 0.060405 20000 1.000000
242.816000 38.097200 -3.893 -3.887 0.169 0.207 -0.021919 20000 1.000000
241.669000 33.797800 -12.342 4.084 0.257 0.296 -0.016127 20000 1.000000
241.163000 34.248000 -11.527 3.781 0.177 0.204 0.036781 20000 1.000000
241.771000 34.878900 -7.584 0.288 0.182 0.214 -0.083361 20000 1.000000
235.849000 41.053900 -2.75 0.819 0.173 0.22 -0.027095 20000 1.000000
241.558000 34.069100 -13.684 2.201 0.236 0.262 -0.002348 20000 1.000000
241.198000 39.627100 -5.168 -3.836 0.184 0.227 -0.004933 20000 1.000000
241.723000 34.019500 -15.385 -0.951 0.182 0.21 -0.016723 20000 1.000000
243.915000 33.030100 -11.665 3.12 0.173 0.198 -0.016927 20000 1.000000
240.516000 34.851500 -10.942 2.241 0.281 0.327 0.002226 20000 1.000000
238.053000 38.394500 -6.181 -2.454 0.176 0.217 -0.022387 20000 1.000000
241.780000 34.178600 -12.098 2.796 0.221 0.232 0.052531 20000 1.000000
241.486000 34.126400 -11.832 4.431 0.171 0.199 -0.000939 20000 1.000000
241.516000 34.293200 -11.36 2.697 0.175 0.201 -0.004523 20000 1.000000
239.384000 34.556300 -13.156 8.283 0.172 0.201 -0.011874 20000 1.000000
241.879000 34.501500 -10.819 2.722 0.194 0.219 0.003703 20000 1.000000
241.706000 33.712600 -12.058 4.692 0.178 0.203 -0.031272 20000 1.000000
242.807000 33.225000 -12.416 4.002 0.171 0.196 -0.001858 20000 1.000000
241.443000 35.738400 -6.521 -4.627 0.36 0.425 0.281031 20000 1.000000
241.346000 37.664300 -4.777 -2.042 0.183 0.223 -0.012578 20000 1.000000
241.016000 35.010800 -8.24 1.091 0.189 0.224 -0.052019 20000 1.000000
241.648000 35.695000 -6.411 -2.437 0.188 0.219 -0.059401 20000 1.000000
243.608000 33.934800 -7.666 -0.165 0.187 0.216 -0.013818 20000 1.000000
241.258000 34.568500 -8.853 1.012 0.187 0.214 0.104003 20000 1.000000
241.586000 34.259400 -12.6 3.915 0.203 0.237 -0.037553 20000 1.000000
244.418000 33.038300 -7.512 -2.87 0.177 0.202 -0.010793 20000 1.000000
243.068000 34.669000 -7.195 -1.166 0.19 0.221 -0.121270 20000 1.000000
241.758000 35.695600 -7.337 -2.116 0.271 0.309 0.131140 20000 1.000000
241.572000 33.958200 -12.699 4.361 0.246 0.255 -0.307318 20000 1.000000
244.421000 33.278800 -5.922 -5.701 0.18 0.202 -0.018073 20000 1.000000
243.346000 33.955300 -4.937 1.129 0.175 0.201 -0.014599 20000 1.000000
243.111000 35.425200 -1.821 -4.882 0.188 0.218 -0.027542 20000 1.000000
243.920000 35.287000 5.627 -10.843 0.19 0.233 -0.011225 20000 1.000000
