242.907000 34.116400 -8.664 0.641 0.183 0.223 -0.031451 20000 1.000000
242.555000 33.274300 -13.071 3.21 0.173 0.197 -0.005849 20000 1.000000
242.555000 33.274300 -13.09 3.321 0.171 0.195 -0.003885 20000 1.000000
243.571000 34.594300 -6.411 -3.971 0.168 0.197 -0.001047 20000 1.000000
241.305000 34.824500 -8.962 -2.516 0.181 0.212 -0.018159 20000 1.000000
242.675000 33.341900 -13.142 3.168 0.169 0.196 0.004875 20000 1.000000
242.524000 33.381100 -12.891 3.084 0.171 0.194 -0.011301 20000 1.000000
242.103000 34.126000 -12.562 0.983 0.24 0.256 0.064930 20000 1.000000
242.795000 40.412800 -5.279 -5.582 0.166 0.209 -0.014931 20000 1.000000
240.970000 33.480500 -14.552 4.887 0.191 0.212 -0.041959 20000 1.000000
243.116000 34.264300 -7.444 -1.256 0.193 0.226 0.046429 20000 1.000000
240.594000 34.920500 -11.621 1.176 0.169 0.198 -0.019145 20000 1.000000
243.379000 37.039900 -5.078 -5.592 0.173 0.209 0.021778 20000 1.000000
244.002000 34.000500 -5.943 -3.986 0.172 0.197 -0.025277 20000 1.000000
242.935000 33.578200 -12.228 2.037 0.183 0.208 -0.016669 20000 1.000000
243.920000 35.287000 -5.562 -5.422 0.174 0.204 -0.004450 20000 1.000000
245.285000 33.610400 -5.16 -4.767 0.193 0.222 -0.022411 20000 1.000000
243.947000 34.251400 -5.648 -4.617 0.172 0.199 -0.007229 20000 1.000000
241.723000 34.184900 -12.306 1.131 0.195 0.224 0.022046 20000 1.000000
242.988000 34.918600 -6.62 -2.882 0.173 0.203 -0.012735 20000 1.000000
241.812000 34.292800 -12.015 0.91 0.263 0.266 -0.325255 20000 1.000000
242.156000 42.779500 -6.009 -6.286 0.17 0.224 -0.002818 20000 1.000000
240.653000 35.157300 -9.531 -1.358 0.173 0.207 0.021799 20000 1.000000
235.437000 42.836100 -4.601 -0.296 0.168 0.22 -0.015542 20000 1.000000
244.010000 33.655100 -7.861 -1.95 0.19 0.221 0.019064 20000 1.000000
239.566000 35.939400 -7.95 0.795 0.167 0.2 -0.018960 20000 1.000000
239.569000 35.888400 -14.885 3.067 0.196 0.227 0.007178 20000 1.000000
241.666000 33.311600 -14.192 4.545 0.167 0.193 0.001414 20000 1.000000
241.517000 33.445800 -14.113 4.217 0.172 0.2 -0.021958 20000 1.000000
241.370000 34.138600 -13.195 3.603 0.209 0.222 0.088709 20000 1.000000
242.329000 35.565300 -6.965 -2.657 0.176 0.21 -0.008599 20000 1.000000
240.987000 34.806400 -10.448 1.552 0.186 0.239 -0.100006 20000 1.000000
243.664000 34.829500 -6.094 -5.364 0.185 0.208 -0.014851 20000 1.000000
242.035000 34.244000 -12.516 -0.309 0.2 0.244 -0.116663 20000 1.000000
241.974000 34.333400 -12.265 1.371 0.187 0.209 0.046161 20000 1.000000
242.172000 34.640500 -8.848 -0.919 0.179 0.215 0.047657 20000 1.000000
241.063000 34.109600 -14.17 2.72 0.185 0.219 0.011090 20000 1.000000
241.873000 34.136700 -9.881 4.688 0.2 0.224 0.006783 20000 1.000000
242.576000 34.271200 -7.038 2.1 0.17 0.194 -0.009277 20000 1.000000
242.521000 34.313800 -10.095 -0.543 0.187 0.213 0.089982 20000 1.000000
241.856000 34.530300 -11.237 0.276 0.191 0.211 -0.146075 20000 1.000000
242.291000 34.109900 -11.97 1.604 0.182 0.21 -0.031754 20000 1.000000
245.126000 40.558400 -6.27 -5.8 0.18 0.212 0.028545 20000 1.000000
244.877000 32.863500 -4.607 -5.21 0.175 0.197 -0.006938 20000 1.000000
244.272000 32.850500 -11.51 1.259 0.177 0.202 -0.027631 20000 1.000000
240.120000 34.414900 -14.726 3.597 0.174 0.201 -0.037413 20000 1.000000
242.427000 35.071700 -6.661 -2.226 0.177 0.204 0.035675 20000 1.000000
239.249000 35.791600 -12.881 3.872 0.175 0.206 -0.016544 20000 1.000000
240.275000 35.242100 -11.112 -0.235 0.166 0.195 -0.002626 20000 1.000000
244.265000 33.069800 -8.042 -0.734 0.181 0.205 -0.006748 20000 1.000000
240.961000 34.168400 -14.347 4.034 0.172 0.199 0.020517 20000 1.000000
241.743000 33.861500 -13.342 2.531 0.175 0.205 -0.008103 20000 1.000000
241.476000 34.253600 -13.238 2.291 0.181 0.21 0.036881 20000 1.000000
240.629000 34.408100 -14.036 1.826 0.196 0.231 -0.014415 20000 1.000000
241.387000 34.516500 -11.842 1.179 0.177 0.203 -0.021969 20000 1.000000
243.630000 34.124100 -6.493 -2.231 0.188 0.218 -0.068846 20000 1.000000
242.098000 34.082000 -13.455 1.533 0.185 0.214 -0.054369 20000 1.000000
241.603000 34.334800 -6.218 -4.501 0.32 0.322 -0.156797 20000 1.000000
241.603000 34.334000 -13.865 0.865 0.265 0.258 -0.180841 20000 1.000000
244.212000 33.389800 -7.773 -3.11 0.179 0.204 -0.014551 20000 1.000000
242.154000 35.267500 -6.553 -2.486 0.313 0.342 -0.168718 20000 1.000000
242.140000 34.413400 -10.753 0.233 0.17 0.213 0.000837 20000 1.000000
241.873000 33.938300 -12.742 1.043 0.179 0.208 -0.005279 20000 1.000000
242.588000 33.647700 -12.215 2.68 0.167 0.193 -0.003349 20000 1.000000
241.170000 34.946200 -9.799 -1.854 0.177 0.213 -0.002886 20000 1.000000
245.061000 39.345200 -5.951 -6.749 0.173 0.213 -0.029450 20000 1.000000
244.183000 40.914700 -5.448 -5.739 0.165 0.211 -0.010579 20000 1.000000
241.871000 33.583500 -16.12 3.491 0.181 0.207 0.024800 20000 1.000000
242.574000 33.649100 -14.962 1.641 0.173 0.201 -0.040850 20000 1.000000
241.574000 34.703100 -8.894 -4.223 0.171 0.199 0.001780 20000 1.000000
242.474000 34.104200 -11.439 0.997 0.197 0.228 -0.019012 20000 1.000000
239.991000 34.733000 -15.658 3.298 0.171 0.198 0.021341 20000 1.000000
243.064000 34.093600 -8.138 -1.045 0.192 0.272 0.067073 20000 1.000000
241.116000 34.356300 -13.838 3.851 0.172 0.197 -0.003329 20000 1.000000
246.195000 39.369400 -5.503 -6.106 0.173 0.211 -0.022111 20000 1.000000
241.760000 34.733900 -8.708 -0.638 0.173 0.202 -0.008079 20000 1.000000
244.200000 32.945000 -10.886 0.706 0.198 0.212 -0.002289 20000 1.000000
241.107000 34.800200 -10.388 -0.104 0.178 0.208 0.004272 20000 1.000000
240.644000 40.416500 -6.062 -4.843 0.168 0.215 -0.042161 20000 1.000000
240.136000 35.189400 -12.112 2.315 0.173 0.207 -0.005946 20000 1.000000
244.479000 33.274800 -5.775 -4.978 0.176 0.199 -0.016809 20000 1.000000
243.617000 34.291400 -5.765 -2.908 0.173 0.202 -0.029562 20000 1.000000
245.173000 33.051100 -4.76 -5.477 0.206 0.231 -0.080661 20000 1.000000
244.340000 34.784000 -5.386 -5.574 0.194 0.227 -0.054855 20000 1.000000
245.810000 34.308600 -4.328 -5.907 0.175 0.201 -0.008608 20000 1.000000
243.111000 35.425200 -5.497 -6.594 0.172 0.202 -0.028039 20000 1.000000
245.820000 40.640200 -5.472 -5.507 0.18 0.227 0.000950 20000 1.000000
239.584000 36.399000 -6.199 -2.18 0.205 0.241 -0.027569 20000 1.000000
241.887000 34.047400 -12.262 2.174 0.176 0.206 0.023780 20000 1.000000
242.701000 35.011500 -5.507 -1.815 0.171 0.2 -0.002437 20000 1.000000
241.714000 33.783600 -14.815 2.991 0.197 0.229 -0.083890 20000 1.000000
243.570000 34.754800 -6.383 -4.254 0.172 0.199 0.014400 20000 1.000000
238.530000 40.815900 -6.289 -3.998 0.167 0.213 -0.012503 20000 1.000000
242.999000 33.708100 -11.272 1.806 0.172 0.2 0.009905 20000 1.000000
244.365000 33.705000 -5.511 -5.004 0.194 0.23 -0.037471 20000 1.000000
239.520000 35.866700 -12.676 2.771 0.23 0.283 0.004645 20000 1.000000
242.155000 34.458200 -9.388 0.245 0.176 0.207 -0.021916 20000 1.000000
239.598000 35.880800 -9.595 0.086 0.18 0.212 0.064766 20000 1.000000
240.812000 34.441200 -13.461 1.019 0.182 0.216 -0.007410 20000 1.000000
244.089000 34.727300 -4.986 -5.561 0.175 0.205 0.005110 20000 1.000000
243.779000 33.796800 -7.596 -1.184 0.175 0.202 0.020131 20000 1.000000
244.855000 34.157600 -4.941 -5.298 0.17 0.199 0.015242 20000 1.000000
241.526000 35.662300 -6.927 -2.534 0.181 0.214 -0.067067 20000 1.000000
242.045000 34.449100 -10.932 1.528 0.167 0.202 -0.016803 20000 1.000000
240.992000 34.398500 -12.626 0.353 0.174 0.204 -0.009910 20000 1.000000
243.827000 33.925400 -7.173 -3.655 0.178 0.202 -0.000927 20000 1.000000
243.241000 33.236000 -5.409 5.052 0.196 0.221 0.087056 20000 1.000000
242.165000 34.485500 -9.734 -0.065 0.269 0.315 -0.010134 20000 1.000000
242.609000 33.744200 -12.212 2.429 0.193 0.215 0.072373 20000 1.000000
242.555000 33.817400 -12.303 2 0.174 0.201 0.007749 20000 1.000000
243.060000 35.090200 -6.393 -3.161 0.175 0.202 -0.007481 20000 1.000000
239.553000 34.691000 -13.859 4.12 0.172 0.198 -0.003451 20000 1.000000
242.246000 34.133300 -11.86 0.591 0.176 0.203 0.011463 20000 1.000000
239.406000 35.828700 -13.281 3.599 0.175 0.209 0.017034 20000 1.000000
242.454000 34.314900 -9.793 2.587 0.197 0.228 0.057961 20000 1.000000
241.970000 34.527100 -9.78 -0.333 0.176 0.211 -0.046022 20000 1.000000
240.896000 34.733600 -12.317 1.692 0.174 0.207 0.005928 20000 1.000000
239.557000 35.832600 -11.864 3.165 0.17 0.201 -0.004686 20000 1.000000
242.563000 33.856800 -11.794 2.135 0.173 0.197 -0.013501 20000 1.000000
238.778000 42.418300 -6.71 -5.062 0.241 0.325 -0.026769 20000 1.000000
239.241000 36.186900 -10.076 -5.863 0.173 0.202 0.042135 20000 1.000000
239.233000 36.180500 -14.154 3.328 0.172 0.202 0.001765 20000 1.000000
244.021000 36.632500 -5.169 -5.603 0.169 0.202 0.019183 20000 1.000000
239.649000 34.038300 -14.438 5.451 0.174 0.203 -0.040313 20000 1.000000
241.874000 34.136800 -11.997 2.161 0.171 0.197 0.014803 20000 1.000000
243.904000 40.148400 -5.629 -5.816 0.173 0.219 -0.083176 20000 1.000000
242.682000 33.918400 -11.767 1.741 0.172 0.197 0.003400 20000 1.000000
239.566000 35.969500 -7.186 0.133 0.178 0.201 -0.054137 20000 1.000000
244.588000 40.710700 -5.849 -5.568 0.169 0.223 -0.017414 20000 1.000000
241.122000 34.295500 -13.711 3.101 0.193 0.217 0.005433 20000 1.000000
242.118000 34.175200 -13.332 0.104 0.247 0.27 -0.285350 20000 1.000000
243.352000 34.038500 -6.487 -1.548 0.187 0.218 0.099627 20000 1.000000
242.790000 34.230800 -9.596 -1.754 0.269 0.272 0.232486 20000 1.000000
245.381000 34.767700 -5.081 -5.779 0.186 0.216 -0.003468 20000 1.000000
240.859000 34.498700 -12.122 1.459 0.168 0.196 -0.009581 20000 1.000000
243.932000 34.141000 -6.141 -4.347 0.17 0.198 0.005132 20000 1.000000
242.653000 33.240700 -13.602 2.263 0.191 0.207 -0.127611 20000 1.000000
244.082000 34.369900 -5.298 -5.201 0.172 0.202 -0.037292 20000 1.000000
243.695000 34.427700 -5.732 -3.92 0.174 0.206 -0.033737 20000 1.000000
243.708000 34.533000 -5.405 -4.187 0.181 0.204 -0.023100 20000 1.000000
243.185000 34.674900 -7.077 -1.97 0.18 0.21 0.067522 20000 1.000000
241.793000 34.128800 -12.818 1.669 0.17 0.197 -0.011582 20000 1.000000
240.647000 34.683400 -11.867 0.841 0.19 0.226 -0.021833 20000 1.000000
242.814000 39.521100 -5.631 -5.933 0.194 0.236 0.001107 20000 1.000000
245.995000 32.722500 -3.86 -5.749 0.179 0.203 0.034535 20000 1.000000
244.721000 39.910200 -5.421 -6.126 0.186 0.217 0.001632 20000 1.000000
245.543000 36.154200 -5.029 -5.388 0.173 0.202 -0.009331 20000 1.000000
245.180000 41.724200 -6.065 -5.933 0.168 0.214 -0.041549 20000 1.000000
242.670000 41.428700 -5.731 -5.647 0.201 0.257 0.010283 20000 1.000000
242.935000 42.981700 -6.167 -5.969 0.163 0.213 -0.011783 20000 1.000000
235.925000 40.876300 -5.709 -1.337 0.214 0.266 0.031723 20000 1.000000
236.274000 38.928300 -12.161 4.103 0.164 0.202 -0.017579 20000 1.000000
237.585000 40.997600 -8.318 -4.693 0.192 0.252 -0.092005 20000 1.000000
243.830000 32.616500 -13.07 3.2 0.17 0.194 -0.015894 20000 1.000000
238.997000 35.551800 -13.745 5.287 0.167 0.198 -0.003182 20000 1.000000
242.015000 39.305600 -5.637 -4.953 0.175 0.219 -0.038162 20000 1.000000
242.395000 39.287900 -5.857 -5.137 0.169 0.207 -0.015937 20000 1.000000
243.576000 39.500500 -5.721 -5.812 0.164 0.212 0.006926 20000 1.000000
243.950000 39.546400 -5.995 -5.632 0.169 0.207 0.008721 20000 1.000000
244.111000 39.374200 -5.425 -5.856 0.165 0.206 0.003285 20000 1.000000
244.487000 39.536100 -5.403 -5.131 0.165 0.206 -0.008658 20000 1.000000
244.568000 39.388600 -8.053 -6.535 0.162 0.203 -0.009339 20000 1.000000
242.120000 40.433400 -6.322 -5.396 0.168 0.211 0.018727 20000 1.000000
245.308000 39.255200 -6.201 -6.052 0.17 0.208 0.040419 20000 1.000000
245.723000 39.119400 -6.9 -6.68 0.169 0.213 -0.005029 20000 1.000000
246.129000 39.067300 -5.588 -5.567 0.167 0.208 -0.023529 20000 1.000000
246.495000 39.268900 -5.629 -5.671 0.166 0.21 -0.003598 20000 1.000000
242.532000 40.320600 -5.746 -5.82 0.172 0.213 -0.048347 20000 1.000000
246.946000 40.494000 -6.423 -5.797 0.166 0.211 0.006049 20000 1.000000
243.264000 40.495500 -6.235 -5.132 0.174 0.217 -0.041194 20000 1.000000
243.721000 40.363200 -5.761 -5.811 0.165 0.209 0.007319 20000 1.000000
240.200000 39.572800 -5.855 -3.323 0.168 0.208 -0.021878 20000 1.000000
242.469000 36.614300 -5.559 -4.617 0.169 0.201 -0.015053 20000 1.000000
242.593000 36.804200 -5.674 -4.121 0.163 0.196 -0.007308 20000 1.000000
242.006000 36.606000 -6.619 -3.657 0.176 0.204 0.075970 20000 1.000000
242.296000 37.200800 -6.497 -4.773 0.17 0.206 -0.006392 20000 1.000000
240.463000 39.698400 -5.569 -4.415 0.174 0.215 -0.013225 20000 1.000000
240.694000 39.795600 -6.102 -4.836 0.209 0.266 0.030121 20000 1.000000
241.126000 39.838800 -6.328 -4.773 0.178 0.217 -0.047765 20000 1.000000
241.316000 39.888900 -6.059 -5.1 0.171 0.214 -0.018368 20000 1.000000
241.841000 39.212300 -5.822 -5.464 0.162 0.202 -0.007065 20000 1.000000
246.706000 41.856800 -5.695 -4.831 0.174 0.224 0.023310 20000 1.000000
246.958000 39.345100 -6.594 -6.371 0.29 0.352 -0.023235 20000 1.000000
246.988000 41.817300 -6.647 -5.292 0.166 0.212 -0.022156 20000 1.000000
246.722000 40.671300 -6.032 -5.682 0.171 0.215 -0.022518 20000 1.000000
240.400000 39.499200 -6.103 -3.681 0.182 0.215 0.037731 20000 1.000000
240.931000 39.486100 -5.583 -4.408 0.17 0.212 -0.003521 20000 1.000000
241.550000 39.133900 -5.475 -4.05 0.166 0.206 0.001580 20000 1.000000
241.062000 39.268000 -5.35 -4.076 0.334 0.408 -0.014693 20000 1.000000
241.649000 39.454700 -6.051 -5.103 0.167 0.208 0.033911 20000 1.000000
241.995000 38.728800 -5.456 -5.408 0.167 0.205 -0.005074 20000 1.000000
241.540000 38.724600 -5.76 -4.429 0.176 0.219 -0.003546 20000 1.000000
241.070000 38.980900 -5.978 -4.224 0.164 0.208 0.001969 20000 1.000000
240.541000 38.761400 -5.552 -3.515 0.178 0.214 -0.087009 20000 1.000000
240.523000 40.779800 -6.315 -4.819 0.183 0.219 0.069417 20000 1.000000
240.990000 40.242200 -6.103 -4.933 0.189 0.219 -0.083995 20000 1.000000
240.278000 39.908200 -5.993 -3.645 0.178 0.226 0.025419 20000 1.000000
239.307000 38.829200 -8.173 -4.518 0.188 0.212 0.086538 20000 1.000000
239.614000 39.046600 -6.455 -4.327 0.185 0.223 -0.058339 20000 1.000000
240.189000 39.123500 -6.75 -3.592 0.172 0.213 -0.069860 20000 1.000000
239.107000 39.466700 -7.428 -3.445 0.194 0.232 0.066386 20000 1.000000
240.376000 41.357700 -6.179 -4.86 0.166 0.213 -0.003970 20000 1.000000
239.716000 39.937400 -6.487 -4.057 0.161 0.203 -0.012059 20000 1.000000
239.194000 40.418600 -7.123 -4.923 0.205 0.248 0.023745 20000 1.000000
239.923000 40.288900 -6.02 -4.296 0.168 0.211 0.001260 20000 1.000000
235.692000 40.247500 -12.065 5.244 0.163 0.207 -0.012833 20000 1.000000
235.867000 40.551300 -7.157 0.593 0.164 0.207 -0.016369 20000 1.000000
235.787000 40.637400 -5.945 0.563 0.192 0.241 0.017499 20000 1.000000
235.943000 40.219600 -10.722 1.49 0.168 0.213 0.009883 20000 1.000000
236.307000 40.119300 -9.506 -2.443 0.178 0.229 0.027566 20000 1.000000
238.207000 36.485500 -13.716 3.14 0.164 0.196 -0.012162 20000 1.000000
238.710000 35.945700 -13.776 4.681 0.171 0.203 0.038486 20000 1.000000
238.949000 36.302100 -13.963 3.822 0.17 0.204 0.006482 20000 1.000000
238.865000 36.425900 -13.78 4.363 0.171 0.205 0.022446 20000 1.000000
237.668000 37.534500 -12.941 2.804 0.203 0.216 -0.099205 20000 1.000000
237.623000 37.914500 -11.538 2.156 0.172 0.211 0.003342 20000 1.000000
236.819000 38.495000 -12.735 3.212 0.169 0.21 -0.069026 20000 1.000000
236.652000 38.987400 -12.3 1.244 0.176 0.212 0.064390 20000 1.000000
236.796000 39.242000 -12.653 -0.004 0.166 0.207 -0.011825 20000 1.000000
236.895000 39.319700 -11.174 -1.536 0.171 0.211 0.016743 20000 1.000000
237.041000 38.664700 -11.222 1.912 0.202 0.259 0.074289 20000 1.000000
237.233000 38.428600 -12.379 1.358 0.17 0.211 0.004144 20000 1.000000
237.548000 38.239800 -11.439 0.98 0.171 0.21 -0.005365 20000 1.000000
237.083000 38.866100 -10.674 -0.549 0.163 0.203 -0.013796 20000 1.000000
237.037000 39.398100 -11.323 3.235 0.239 0.277 -0.086392 20000 1.000000
237.424000 38.777800 -9.313 -1.675 0.171 0.222 -0.040540 20000 1.000000
237.281000 39.260000 -6.568 -6.362 0.167 0.207 0.029147 20000 1.000000
237.696000 39.109300 -7.869 -4.459 0.173 0.213 -0.011352 20000 1.000000
237.873000 37.069200 -12.733 3.709 0.201 0.236 0.173069 20000 1.000000
238.137000 36.962000 -13.142 4.059 0.193 0.217 -0.040652 20000 1.000000
238.009000 37.201700 -12.54 2.566 0.195 0.227 -0.078516 20000 1.000000
238.203000 37.001000 -13.636 2.829 0.256 0.274 0.072268 20000 1.000000
238.274000 37.002400 -12.812 2.893 0.18 0.221 0.010198 20000 1.000000
238.349000 37.104500 -12.205 0.945 0.207 0.227 -0.130723 20000 1.000000
238.286000 37.203500 -11.498 1.346 0.174 0.206 0.046817 20000 1.000000
237.786000 37.329900 -12.256 2.186 0.165 0.2 -0.002200 20000 1.000000
237.901000 37.336900 -12.009 2.173 0.171 0.215 -0.020656 20000 1.000000
237.900000 37.722000 -10.327 -0.632 0.164 0.199 -0.016145 20000 1.000000
237.781000 37.863900 -12.4 -1.284 0.172 0.214 -0.010723 20000 1.000000
237.942000 37.713900 -9.476 -2.781 0.187 0.222 -0.076383 20000 1.000000
238.174000 37.336800 -11.086 1.478 0.17 0.209 0.003049 20000 1.000000
238.210000 37.533000 -9.373 -2.297 0.165 0.2 -0.005433 20000 1.000000
238.313000 37.601800 -9.036 -2.67 0.172 0.206 0.037825 20000 1.000000
238.022000 37.749400 -10.1 -1.037 0.167 0.203 -0.010144 20000 1.000000
238.214000 37.819000 -10.749 -3.745 0.172 0.207 -0.001483 20000 1.000000
238.095000 36.621700 -13.913 4.944 0.17 0.204 -0.019016 20000 1.000000
238.421000 36.724000 -14.458 4.582 0.167 0.201 -0.018854 20000 1.000000
238.580000 36.800400 -10.631 1.962 0.166 0.199 -0.016619 20000 1.000000
238.409000 36.858500 -13.707 4.177 0.167 0.202 -0.023416 20000 1.000000
238.459000 36.814300 -14.206 4.261 0.168 0.2 -0.009383 20000 1.000000
238.445000 36.903500 -12.09 1.576 0.17 0.202 -0.021123 20000 1.000000
238.613000 36.637000 -14.706 4.671 0.177 0.211 -0.064530 20000 1.000000
238.426000 37.213000 -8.842 -1.464 0.167 0.2 -0.002409 20000 1.000000
238.665000 36.918200 -9.214 -3.427 0.165 0.199 -0.008235 20000 1.000000
238.645000 37.010800 -8.882 -4.11 0.175 0.213 -0.032091 20000 1.000000
240.294000 37.713100 -9.003 -5.458 0.174 0.211 -0.025516 20000 1.000000
238.812000 36.559500 -13.191 5.5 0.165 0.198 -0.011681 20000 1.000000
238.131000 37.975600 -8.521 -3.445 0.167 0.205 0.009635 20000 1.000000
238.936000 36.611600 -5.957 0.951 0.164 0.197 -0.013618 20000 1.000000
238.732000 36.950000 -8.188 -3.433 0.167 0.201 0.008438 20000 1.000000
238.652000 36.811400 -9.508 -2.707 0.169 0.204 -0.019798 20000 1.000000
238.942000 37.169600 -7.628 -4.003 0.173 0.209 0.002584 20000 1.000000
238.347000 37.478400 -9.19 -2.185 0.182 0.219 -0.006460 20000 1.000000
238.531000 37.489600 -9.617 -1.319 0.164 0.2 -0.015238 20000 1.000000
238.675000 37.581900 -7.59 -2.64 0.17 0.209 -0.017285 20000 1.000000
238.395000 37.932000 -9.321 -4.186 0.167 0.204 -0.008790 20000 1.000000
238.536000 37.755300 -7.684 -4.257 0.171 0.208 -0.017133 20000 1.000000
238.717000 37.385400 -9.209 -3.374 0.171 0.211 -0.007510 20000 1.000000
237.782000 38.153000 -8.815 -0.342 0.165 0.202 -0.029374 20000 1.000000
237.904000 38.025100 -10.181 -0.906 0.17 0.21 -0.060977 20000 1.000000
237.805000 38.444200 -8.823 -3.818 0.176 0.226 -0.002815 20000 1.000000
237.645000 38.999500 -7.84 -4.589 0.202 0.219 0.069752 20000 1.000000
238.905000 38.645300 -8.135 -4.704 0.165 0.203 -0.010329 20000 1.000000
239.652000 35.544100 -12.321 3.554 0.174 0.205 -0.021139 20000 1.000000
239.611000 35.841100 -9.755 2.265 0.175 0.205 -0.036821 20000 1.000000
239.655000 35.837800 -9.928 -0.115 0.173 0.209 -0.011971 20000 1.000000
239.715000 35.806700 -9.515 0.194 0.182 0.216 -0.018772 20000 1.000000
239.093000 35.933300 -13.096 4.734 0.166 0.2 -0.008870 20000 1.000000
239.019000 36.417200 -8.836 -1.28 0.221 0.258 0.007380 20000 1.000000
239.147000 36.515900 -7.814 -2.8 0.174 0.211 -0.023835 20000 1.000000
239.302000 36.024800 -13.564 3.625 0.167 0.207 -0.007343 20000 1.000000
239.121000 36.140200 -13.851 3.76 0.169 0.2 -0.016531 20000 1.000000
239.251000 36.106800 -13.799 4.26 0.164 0.196 -0.007971 20000 1.000000
239.272000 36.178900 -7.726 -2.16 0.165 0.196 -0.007336 20000 1.000000
239.355000 35.922800 -12.696 3.778 0.167 0.198 -0.019075 20000 1.000000
239.525000 36.007500 -0.513 1.642 0.189 0.213 -0.010512 20000 1.000000
239.457000 36.089400 -8.606 -1.528 0.165 0.198 -0.012006 20000 1.000000
239.560000 36.123200 -7.675 -2.412 0.166 0.198 -0.013665 20000 1.000000
239.158000 35.697100 -14.191 4.545 0.172 0.199 0.031120 20000 1.000000
239.637000 36.051700 -7.73 -1.73 0.17 0.198 -0.012518 20000 1.000000
239.448000 35.974100 -9.487 2.469 0.184 0.212 -0.055606 20000 1.000000
239.706000 36.015800 -7.916 -1.443 0.168 0.199 -0.018533 20000 1.000000
239.723000 36.304400 -0.255 2.509 0.172 0.206 -0.020802 20000 1.000000
239.257000 36.806300 -6.677 -3.536 0.167 0.203 -0.010279 20000 1.000000
239.803000 37.352200 -8.011 -4.33 0.177 0.214 -0.018908 20000 1.000000
239.356000 37.795200 -6.285 -1.828 0.174 0.207 -0.012675 20000 1.000000
240.160000 37.901100 -7.107 -3.555 0.189 0.214 -0.111597 20000 1.000000
239.049000 38.090000 -7.676 -3.935 0.17 0.209 -0.014974 20000 1.000000
239.666000 38.735600 -7.14 -4.215 0.187 0.213 0.034104 20000 1.000000
241.480000 37.177600 -5.658 0.231 0.254 0.305 -0.007454 20000 1.000000
236.283000 39.863600 -12.167 -0.519 0.207 0.257 -0.083803 20000 1.000000
236.448000 39.905700 -12.611 -2.717 0.195 0.25 -0.056850 20000 1.000000
236.628000 39.452400 -12.29 -1.869 0.168 0.211 0.005004 20000 1.000000
236.705000 39.707100 -11.689 -2.824 0.179 0.221 -0.060565 20000 1.000000
236.813000 39.492800 -11.046 -1.654 0.212 0.285 0.033807 20000 1.000000
236.817000 39.962100 -9.861 -3.943 0.206 0.26 -0.067693 20000 1.000000
236.344000 40.256800 -9.122 -1.866 0.166 0.211 0.003397 20000 1.000000
236.117000 41.151700 -8.448 -3.017 0.249 0.312 0.013247 20000 1.000000
236.301000 40.575300 -7.42 -1.955 0.176 0.22 0.068720 20000 1.000000
236.427000 40.478900 -8.952 -3.713 0.202 0.255 0.186615 20000 1.000000
236.548000 40.082200 -10.696 -1.947 0.163 0.206 -0.006028 20000 1.000000
236.864000 40.324100 -8.52 -4.203 0.163 0.207 -0.013897 20000 1.000000
236.676000 40.732900 -9.615 -5.073 0.165 0.209 -0.032307 20000 1.000000
236.826000 40.546700 -9.592 -5.092 0.167 0.214 -0.026054 20000 1.000000
237.024000 39.621400 -8.426 -4.606 0.177 0.21 0.043374 20000 1.000000
237.264000 39.493600 -9.846 -8.362 0.246 0.305 -0.015693 20000 1.000000
237.126000 39.726200 -7.63 -4.494 0.167 0.212 0.026045 20000 1.000000
237.077000 40.747600 -8.814 -4.51 0.171 0.216 -0.022641 20000 1.000000
237.332000 40.034100 -8.072 -4.528 0.169 0.21 -0.017440 20000 1.000000
237.393000 40.650700 -8.541 -4.702 0.173 0.222 -0.051408 20000 1.000000
236.666000 40.887100 -8.372 -4.771 0.162 0.207 -0.008694 20000 1.000000
237.729000 40.271200 -9.706 -4.698 0.236 0.285 -0.070582 20000 1.000000
239.132000 39.794700 -5.2 -2.683 0.165 0.212 -0.043704 20000 1.000000
239.052000 41.183300 -6.159 -3.88 0.166 0.214 -0.035242 20000 1.000000
237.681000 40.731100 -7.752 -5.491 0.196 0.227 0.037018 20000 1.000000
235.774000 42.209100 -8.736 -2.219 0.17 0.213 -0.002620 20000 1.000000
235.946000 42.860100 -7.501 -2.625 0.187 0.237 0.067278 20000 1.000000
236.617000 42.503500 -8.191 -3.57 0.167 0.216 -0.004537 20000 1.000000
237.344000 42.191000 -8.225 -4.905 0.169 0.22 -0.038350 20000 1.000000
238.220000 42.259700 -1.88 -2.303 0.166 0.211 -0.014648 20000 1.000000
239.622000 42.468800 -5.156 -4.705 0.167 0.218 -0.034928 20000 1.000000
243.371000 36.071300 -5.673 -5.977 0.213 0.273 0.047150 20000 1.000000
242.835000 36.022500 -5.998 -4.75 0.176 0.202 -0.018996 20000 1.000000
242.590000 36.159000 -6.66 -4.294 0.188 0.22 0.033447 20000 1.000000
241.868000 36.466800 -4.151 -4.513 0.191 0.233 -0.204638 20000 1.000000
242.211000 36.531200 -5.318 -3.6 0.164 0.199 -0.010406 20000 1.000000
241.909000 36.570200 -4.384 -3.938 0.189 0.212 -0.073081 20000 1.000000
241.882000 36.975700 -5.302 -4.275 0.164 0.199 -0.003751 20000 1.000000
242.064000 37.231400 -6.27 -4.663 0.171 0.203 0.029307 20000 1.000000
242.606000 34.462400 -8.338 -1.042 0.182 0.205 -0.013468 20000 1.000000
242.459000 33.562100 -13.105 3.31 0.184 0.207 0.012726 20000 1.000000
242.895000 32.889200 -13.894 3.321 0.171 0.194 -0.024230 20000 1.000000
243.050000 32.733800 -13.948 3.455 0.167 0.19 -0.012965 20000 1.000000
242.756000 32.666400 -13.956 3.682 0.185 0.2 0.078079 20000 1.000000
242.810000 33.439600 -12.258 2.784 0.168 0.193 -0.002049 20000 1.000000
242.928000 33.235700 -13.655 3.266 0.178 0.197 0.032773 20000 1.000000
243.217000 33.493300 -12.501 1.684 0.169 0.194 -0.002914 20000 1.000000
243.651000 32.976000 -13.107 2.67 0.173 0.198 -0.007608 20000 1.000000
243.989000 32.822200 -12.948 2.496 0.173 0.195 -0.043484 20000 1.000000
243.329000 33.240200 -12.221 1.947 0.261 0.277 -0.051741 20000 1.000000
243.431000 33.059200 -14.139 2.749 0.168 0.191 -0.014194 20000 1.000000
243.379000 33.375600 -12.587 1.678 0.174 0.198 0.025939 20000 1.000000
243.591000 33.210200 -13.777 2.082 0.184 0.212 0.004535 20000 1.000000
243.817000 33.213500 -11.354 1.426 0.17 0.194 -0.010934 20000 1.000000
243.921000 33.201000 -10.869 -0.367 0.17 0.195 -0.004785 20000 1.000000
243.888000 33.296200 -9.571 -0.496 0.174 0.199 -0.063593 20000 1.000000
243.574000 33.523500 -9.356 0.014 0.181 0.2 0.058981 20000 1.000000
243.773000 33.574700 -8.614 -1.304 0.178 0.212 0.012268 20000 1.000000
244.031000 32.887000 -11.917 1.589 0.172 0.196 -0.005017 20000 1.000000
244.175000 32.954700 -11.256 0.827 0.201 0.22 -0.004145 20000 1.000000
244.268000 32.759700 -11.226 1.778 0.177 0.202 -0.002518 20000 1.000000
244.404000 32.750600 -8.788 -0.559 0.183 0.203 0.000935 20000 1.000000
244.423000 32.834700 -9.46 0.902 0.178 0.201 -0.007818 20000 1.000000
244.430000 32.898400 -8.138 -0.444 0.194 0.219 0.004317 20000 1.000000
244.700000 32.690000 -6.171 -3.951 0.17 0.194 -0.015026 20000 1.000000
244.602000 32.875800 -4.162 -4.597 0.179 0.205 0.005746 20000 1.000000
244.578000 32.982500 -5.222 -5.194 0.177 0.205 0.009285 20000 1.000000
244.280000 32.948900 -9.446 -0.037 0.175 0.198 -0.005278 20000 1.000000
244.234000 33.516400 -6.365 -4.021 0.179 0.204 0.044022 20000 1.000000
244.313000 33.423900 -4.776 -4.788 0.178 0.202 0.032934 20000 1.000000
244.657000 33.143600 -4.943 -5.049 0.178 0.203 -0.063508 20000 1.000000
244.704000 33.886900 -5.175 -5.382 0.181 0.202 -0.004225 20000 1.000000
240.305000 37.562600 -5.57 -1.307 0.186 0.208 0.097034 20000 1.000000
239.350000 34.907300 -14.995 4.824 0.171 0.2 0.001886 20000 1.000000
239.590000 35.010700 -11.991 4.055 0.173 0.202 -0.013018 20000 1.000000
239.760000 34.870600 -14.782 3.954 0.168 0.196 0.009980 20000 1.000000
239.617000 35.106200 -13.717 4.514 0.176 0.204 0.063975 20000 1.000000
241.822000 34.376400 -12.178 1.325 0.17 0.198 -0.001584 20000 1.000000
239.925000 35.020000 -11.8 6.509 0.165 0.194 -0.010393 20000 1.000000
240.208000 34.507800 -11.022 2.558 0.173 0.195 -0.011856 20000 1.000000
240.384000 34.630500 -14.526 4.173 0.165 0.193 -0.006448 20000 1.000000
240.185000 34.888600 -12.718 1.874 0.164 0.193 -0.005886 20000 1.000000
240.464000 35.086600 -9.302 -0.122 0.168 0.197 0.008193 20000 1.000000
239.192000 35.425800 -13.476 5.471 0.166 0.196 -0.021352 20000 1.000000
239.455000 35.327800 -13.785 4.9 0.171 0.203 0.043980 20000 1.000000
239.646000 35.440500 -13.262 3.68 0.172 0.202 -0.024031 20000 1.000000
239.520000 35.624800 -11.603 5.681 0.168 0.199 0.001692 20000 1.000000
239.463000 35.792700 -12.95 3.355 0.176 0.211 0.030097 20000 1.000000
239.733000 35.633800 -11.923 2.241 0.173 0.199 0.020519 20000 1.000000
239.629000 35.747900 -11.759 2.588 0.171 0.202 -0.000486 20000 1.000000
237.762000 37.061200 -13.201 4.662 0.171 0.207 0.003962 20000 1.000000
239.899000 35.235100 -13.253 2.843 0.19 0.213 0.045606 20000 1.000000
239.975000 35.279800 -12.513 2.168 0.174 0.209 -0.035430 20000 1.000000
240.065000 35.316800 -9.949 1.818 0.17 0.203 -0.004488 20000 1.000000
239.887000 35.534200 -9.474 0.703 0.18 0.214 -0.006123 20000 1.000000
239.818000 35.702700 -10.537 -0.221 0.168 0.198 -0.004545 20000 1.000000
239.869000 35.801300 -8.986 -1.687 0.176 0.203 0.010018 20000 1.000000
239.999000 35.686700 -9.549 -1.373 0.174 0.201 -0.057761 20000 1.000000
239.707000 35.688900 -11.825 2.04 0.167 0.198 -0.017916 20000 1.000000
240.287000 35.319000 -9.989 -0.723 0.179 0.212 -0.026298 20000 1.000000
240.091000 35.934700 -7.898 -2.026 0.169 0.199 -0.001893 20000 1.000000
240.496000 34.466800 -14.992 1.734 0.166 0.192 -0.004008 20000 1.000000
240.674000 34.599600 -13.665 0.33 0.174 0.207 0.064350 20000 1.000000
240.885000 34.660100 -12.741 0.609 0.174 0.2 0.052260 20000 1.000000
240.845000 34.856200 -11.976 0.9 0.247 0.33 -0.101480 20000 1.000000
239.755000 35.686700 -11.842 1.486 0.169 0.198 -0.013312 20000 1.000000
241.121000 34.835100 -9.924 -0.727 0.168 0.196 0.002292 20000 1.000000
241.152000 34.792300 -11.234 0.431 0.174 0.207 -0.004556 20000 1.000000
241.331000 34.695000 -12.998 1.61 0.175 0.205 0.053239 20000 1.000000
241.454000 34.771100 -9.126 -0.884 0.17 0.2 -0.002183 20000 1.000000
241.344000 34.944400 -8.576 -1.27 0.175 0.206 -0.049852 20000 1.000000
241.388000 35.138600 -7.02 -1.735 0.171 0.2 -0.029535 20000 1.000000
241.459000 34.821800 -9.175 -0.92 0.178 0.204 -0.013563 20000 1.000000
241.811000 34.982100 -7.15 -1.012 0.168 0.196 -0.008813 20000 1.000000
241.876000 35.378000 -7.433 -2.216 0.17 0.198 -0.020457 20000 1.000000
241.740000 35.667300 -7.254 -2.812 0.178 0.204 0.005769 20000 1.000000
241.233000 36.231400 -6.919 -4.153 0.173 0.201 0.051920 20000 1.000000
241.045000 36.585500 -7.312 -3.093 0.165 0.199 -0.007335 20000 1.000000
241.740000 36.093100 -6.254 -3.282 0.17 0.198 -0.010772 20000 1.000000
241.994000 35.038800 -7.003 -1.585 0.168 0.197 0.000084 20000 1.000000
242.271000 34.509700 -8.865 -0.506 0.17 0.198 -0.008028 20000 1.000000
242.451000 34.634300 -7.759 -1.286 0.168 0.197 -0.010489 20000 1.000000
242.457000 34.987000 -7.156 -2.32 0.174 0.203 0.027320 20000 1.000000
243.048000 33.892600 -9.937 0.24 0.167 0.193 -0.007182 20000 1.000000
243.454000 34.019300 -8.236 0.117 0.169 0.195 -0.016173 20000 1.000000
242.719000 34.534800 -8.151 -2.036 0.195 0.208 -0.113832 20000 1.000000
241.969000 34.332200 -12.312 1.066 0.172 0.199 0.006997 20000 1.000000
242.635000 35.116800 -6.293 -2.528 0.18 0.208 -0.023057 20000 1.000000
241.983000 35.152400 -6.746 -1.846 0.169 0.199 -0.014688 20000 1.000000
242.697000 35.238500 -6.317 -2.599 0.172 0.198 0.006330 20000 1.000000
242.795000 35.387900 -6.007 -3.523 0.165 0.195 -0.000538 20000 1.000000
242.610000 35.896700 -6.551 -4.317 0.183 0.216 -0.040838 20000 1.000000
242.597000 35.697600 -6.556 -3.708 0.168 0.198 -0.007496 20000 1.000000
243.111000 35.998200 -6.123 -5.072 0.179 0.202 -0.015071 20000 1.000000
243.112000 35.710600 -5.931 -4.425 0.167 0.199 -0.000635 20000 1.000000
243.290000 34.192500 -8.028 -1.365 0.171 0.196 -0.018113 20000 1.000000
243.463000 34.217200 -7.081 -2.018 0.171 0.197 0.011544 20000 1.000000
243.788000 33.865800 -7.25 -3.003 0.168 0.194 0.005726 20000 1.000000
243.920000 33.959300 -6.517 -3.262 0.17 0.195 -0.005089 20000 1.000000
239.772000 35.729200 -10.456 0.077 0.184 0.211 0.006843 20000 1.000000
243.971000 34.716900 -4.808 -4.93 0.177 0.202 -0.034565 20000 1.000000
243.329000 34.936800 -6.182 -4.098 0.174 0.204 0.004779 20000 1.000000
242.063000 34.341100 -11.115 0.42 0.183 0.217 -0.013876 20000 1.000000
243.120000 34.462100 -7.567 -1.798 0.169 0.196 -0.006269 20000 1.000000
244.179000 33.741000 -6.057 -4.567 0.182 0.209 0.000205 20000 1.000000
243.107000 34.062700 -8.932 -2.27 0.183 0.214 -0.050287 20000 1.000000
244.236000 34.425700 -4.888 -5.286 0.207 0.219 0.030426 20000 1.000000
244.350000 35.204800 -5.027 -6.071 0.174 0.202 -0.031450 20000 1.000000
242.685000 34.187400 -10.071 0.299 0.182 0.211 0.029995 20000 1.000000
242.950000 34.196200 -8.528 -1.541 0.202 0.204 0.071126 20000 1.000000
244.750000 34.731800 -5.428 -6.234 0.212 0.248 0.004617 20000 1.000000
243.237000 35.204600 -6.14 -4.139 0.168 0.196 0.000181 20000 1.000000
242.107000 35.424600 -6.349 -1.918 0.173 0.202 -0.009872 20000 1.000000
243.428000 35.320600 -5.929 -5.102 0.169 0.2 -0.013569 20000 1.000000
243.896000 35.141900 -5.627 -6.126 0.181 0.203 -0.038271 20000 1.000000
243.878000 35.526000 -4.233 -5.32 0.171 0.201 -0.017219 20000 1.000000
243.855000 35.785400 -5.286 -5.463 0.169 0.2 -0.017796 20000 1.000000
244.456000 35.472800 -4.84 -5.904 0.169 0.202 -0.000345 20000 1.000000
244.634000 35.163000 -5.51 -5.802 0.179 0.211 -0.014481 20000 1.000000
245.401000 34.188900 -5.274 -5.732 0.175 0.202 -0.002071 20000 1.000000
245.035000 34.844400 -5.199 -5.314 0.175 0.202 -0.019710 20000 1.000000
244.762000 35.291100 -4.944 -5.613 0.168 0.199 -0.007853 20000 1.000000
241.000000 37.613000 -7.919 0.27 0.17 0.205 -0.046389 20000 1.000000
241.084000 37.605300 -4.223 -0.788 0.174 0.222 -0.026987 20000 1.000000
240.914000 37.785700 -7.121 -2.451 0.205 0.231 -0.131249 20000 1.000000
240.974000 37.696600 -8.015 -2.516 0.197 0.222 0.114297 20000 1.000000
240.862000 37.839300 -6.103 -2.112 0.179 0.211 0.013549 20000 1.000000
240.853000 37.962800 -6.882 -3.268 0.166 0.2 -0.015326 20000 1.000000
240.916000 37.914100 -6.356 -2.58 0.168 0.201 -0.008908 20000 1.000000
241.056000 37.734300 -6.66 -0.774 0.166 0.203 -0.011615 20000 1.000000
241.131000 37.654600 -3.428 -2.911 0.168 0.206 -0.015658 20000 1.000000
241.040000 37.891700 -6.713 -2.073 0.174 0.207 -0.019750 20000 1.000000
241.148000 37.878200 -5.105 -1.878 0.167 0.202 -0.023419 20000 1.000000
241.183000 37.591400 -2.911 -0.281 0.17 0.218 0.051409 20000 1.000000
241.302000 37.561600 -5.912 -1.974 0.173 0.227 -0.015621 20000 1.000000
241.316000 37.495400 -2.962 -2.326 0.163 0.198 -0.009258 20000 1.000000
241.406000 37.541300 -4.987 -2.917 0.167 0.203 -0.011874 20000 1.000000
241.180000 37.677000 -3.495 -2.327 0.166 0.203 -0.010497 20000 1.000000
241.232000 37.754400 -4.156 -2.975 0.174 0.217 0.034054 20000 1.000000
240.981000 37.800000 -7.124 -1.452 0.168 0.204 0.020774 20000 1.000000
241.264000 37.903500 -5.289 -2.533 0.169 0.206 -0.022538 20000 1.000000
241.445000 37.891300 -4.962 -2.942 0.176 0.207 0.055008 20000 1.000000
241.762000 37.589200 -5.739 -4.004 0.166 0.202 -0.013108 20000 1.000000
241.528000 37.737500 -5.001 -3.405 0.255 0.292 -0.014299 20000 1.000000
240.850000 38.057900 -4.646 -2.476 0.174 0.207 -0.003581 20000 1.000000
237.804000 41.344800 -54.222 186.733 0.367 0.457 0.069559 20000 1.000000
237.706000 41.381200 -8.825 -5.205 0.177 0.216 0.049304 20000 1.000000
237.809000 41.479200 -8.224 -3.88 0.165 0.224 -0.049860 20000 1.000000
237.687000 41.463600 -8.365 -3.627 0.167 0.224 -0.049543 20000 1.000000
237.847000 41.531900 -8.31 -4.186 0.201 0.23 0.041878 20000 1.000000
238.493000 41.711600 -7.122 -4.462 0.164 0.21 -0.010407 20000 1.000000
246.132000 42.878900 -5.651 -5.533 0.163 0.214 -0.016618 20000 1.000000
241.275000 37.380400 1.825 -3.039 0.231 0.25 0.130312 20000 1.000000
241.439000 37.439500 -4.789 -3.203 0.178 0.211 -0.007833 20000 1.000000
240.254000 37.088900 -7.641 -3.379 0.17 0.204 0.033910 20000 1.000000
241.853000 37.280500 -5.899 -4.146 0.168 0.203 0.000487 20000 1.000000
239.172000 41.359200 -5.894 -4.619 0.207 0.259 -0.064737 20000 1.000000
239.527000 41.332500 -6.512 -4.214 0.168 0.213 -0.004509 20000 1.000000
235.587000 42.442000 -5.857 -0.24 0.168 0.219 -0.067364 20000 1.000000
235.707000 42.076600 -3.659 -3.161 0.172 0.215 0.012962 20000 1.000000
237.390000 42.727100 -5.04 -4.118 0.184 0.224 0.102750 20000 1.000000
240.341000 42.546100 -6.436 -4.971 0.166 0.217 -0.020688 20000 1.000000
242.275000 42.020200 -6.809 -5.756 0.167 0.214 -0.012448 20000 1.000000
243.404000 33.598200 -11.868 0.187 0.252 0.286 -0.195142 20000 1.000000
243.397000 33.495500 -13.606 1.347 0.175 0.202 -0.004840 20000 1.000000
244.492000 32.829400 -7.238 0.822 0.173 0.195 -0.015337 20000 1.000000
239.784000 35.693800 -11.022 0.921 0.189 0.217 0.051654 20000 1.000000
237.579000 41.830800 -2.181 -3.205 0.173 0.22 0.015637 20000 1.000000
236.019000 41.845500 -8.091 -3.831 0.186 0.266 -0.071790 20000 1.000000
238.521000 36.744300 -12.736 4.1 0.174 0.206 0.012013 20000 1.000000
239.528000 35.946600 -10.44 -0.009 0.187 0.215 0.047442 20000 1.000000
239.485000 35.929100 -12.805 0.336 0.221 0.272 0.010451 20000 1.000000
236.427000 40.478800 -8.765 -3.804 0.199 0.251 0.179989 20000 1.000000
237.036000 39.845700 -8.172 -3.835 0.163 0.207 -0.032570 20000 1.000000
243.852000 34.508100 -5.426 -4.853 0.168 0.195 -0.006570 20000 1.000000
245.241000 32.497900 -4.388 -5.586 0.181 0.199 -0.004204 20000 1.000000
243.407000 33.537300 -11.473 0.261 0.184 0.214 0.048076 20000 1.000000
241.651000 34.021700 -13.29 3.495 0.177 0.213 0.005451 20000 1.000000
241.379000 34.836000 -9.086 -0.887 0.172 0.201 -0.008715 20000 1.000000
241.983000 35.152400 -7.642 -2.051 0.171 0.201 -0.009543 20000 1.000000
241.983000 35.152500 -7.142 -1.968 0.171 0.201 -0.005017 20000 1.000000
242.968000 33.389000 -14.735 1.7 0.177 0.204 0.033999 20000 1.000000
243.936000 31.559100 -15.718 4.111 0.177 0.194 0.057400 20000 1.000000
238.728000 35.709000 -14.154 5.107 0.184 0.219 -0.022632 20000 1.000000
242.077000 34.508200 -9.708 0.301 0.175 0.204 0.000798 20000 1.000000
244.450000 32.490100 -10.25 1.998 0.174 0.205 -0.040175 20000 1.000000
242.305000 34.925400 -7.558 -1.462 0.174 0.204 -0.040366 20000 1.000000
243.076000 33.687100 -9.843 2.872 0.166 0.192 -0.007142 20000 1.000000
239.522000 35.919900 -11.488 2.537 0.173 0.206 0.023580 20000 1.000000
242.818000 33.835700 -11.693 1.733 0.19 0.21 -0.007203 20000 1.000000
243.506000 33.819200 -8.324 -0.742 0.324 0.366 -0.011116 20000 1.000000
242.193000 34.091800 -11.936 1.626 0.173 0.211 -0.004853 20000 1.000000
244.543000 32.377900 -10.882 2.579 0.168 0.19 -0.016136 20000 1.000000
241.596000 33.743300 -12.903 3.473 0.174 0.201 -0.033591 20000 1.000000
241.628000 33.779500 -15.064 2.638 0.223 0.249 0.069856 20000 1.000000
238.863000 36.161100 -13.998 4.13 0.175 0.205 0.019134 20000 1.000000
241.755000 34.628700 -9.888 -0.122 0.192 0.226 -0.051411 20000 1.000000
239.056000 39.974600 -3.859 -1.989 0.181 0.227 -0.048202 20000 1.000000
243.849000 34.683200 -5.384 -4.109 0.167 0.197 -0.003577 20000 1.000000
242.317000 35.338700 -6.69 -2.056 0.169 0.198 -0.005232 20000 1.000000
240.280000 34.500000 -14.756 2.631 0.171 0.2 -0.008809 20000 1.000000
243.375000 34.643900 -6.951 -3.361 0.173 0.197 -0.035403 20000 1.000000
241.974000 34.019100 -12.726 1.446 0.192 0.221 -0.052977 20000 1.000000
242.391000 33.674100 -15.787 0.687 0.178 0.206 0.016914 20000 1.000000
242.445000 33.485800 -12.923 3.124 0.182 0.207 0.034773 20000 1.000000
239.475000 35.900000 -15.979 2.735 0.178 0.217 -0.035241 20000 1.000000
241.807000 34.875100 -7.552 -1.125 0.179 0.208 0.013572 20000 1.000000
240.816000 34.541500 -12.267 0.236 0.188 0.218 0.064163 20000 1.000000
244.877000 40.617200 -5.487 -6.206 0.169 0.219 0.004742 20000 1.000000
238.442000 37.666500 -8.368 -3.226 0.168 0.203 -0.018866 20000 1.000000
241.245000 34.459800 -12.612 1.332 0.19 0.224 -0.023036 20000 1.000000
242.138000 34.205600 -12.765 1.067 0.236 0.234 -0.083897 20000 1.000000
239.775000 40.591700 -6.957 -4.052 0.171 0.218 -0.024753 20000 1.000000
240.984000 41.868400 -6.198 -5.035 0.177 0.226 0.063139 20000 1.000000
243.701000 35.971300 -5.655 -5.625 0.18 0.207 -0.061887 20000 1.000000
241.521000 34.438600 -12.14 0.607 0.206 0.232 -0.050060 20000 1.000000
243.746000 33.192600 -11.439 2.743 0.171 0.196 -0.016163 20000 1.000000
244.022000 33.292200 -8.463 -1.283 0.174 0.197 -0.001687 20000 1.000000
240.476000 33.247900 -17.65 6.91 0.177 0.215 -0.033747 20000 1.000000
240.936000 34.319900 -13.521 2.954 0.169 0.197 0.000566 20000 1.000000
241.354000 34.059300 -13.372 2.423 0.174 0.199 -0.046877 20000 1.000000
242.151000 33.992700 -12.346 2.007 0.179 0.205 0.005375 20000 1.000000
239.935000 34.004300 -14.431 4.624 0.178 0.202 -0.020230 20000 1.000000
239.930000 34.607300 -15.221 5.071 0.177 0.218 -0.037577 20000 1.000000
239.640000 35.917400 -9.842 -0.797 0.196 0.218 0.069937 20000 1.000000
241.585000 35.158200 -7.427 -1.872 0.167 0.197 -0.008904 20000 1.000000
243.923000 33.650600 -7.8 -2.352 0.174 0.201 0.022714 20000 1.000000
242.233000 33.549600 -13.576 3.539 0.194 0.206 -0.018909 20000 1.000000
243.770000 36.934800 -5.144 -5.171 0.167 0.201 0.002388 20000 1.000000
239.867000 34.483500 -14.048 4.352 0.174 0.206 -0.010873 20000 1.000000
243.839000 33.641200 -8.071 -0.08 0.191 0.212 -0.000035 20000 1.000000
246.368000 31.335500 -4.753 -5.937 0.174 0.191 -0.025161 20000 1.000000
242.951000 39.542200 -5.325 -5.169 0.173 0.209 0.066886 20000 1.000000
242.816000 38.097200 -5.757 -5.186 0.166 0.202 -0.015706 20000 1.000000
241.669000 33.797800 -13.212 2.723 0.18 0.207 -0.006922 20000 1.000000
241.163000 34.248000 -13.336 3.347 0.174 0.2 0.044007 20000 1.000000
241.771000 34.878900 -7.786 -0.501 0.179 0.212 -0.073672 20000 1.000000
235.849000 41.053900 -5.358 -0.919 0.174 0.22 -0.030524 20000 1.000000
241.558000 34.069100 -11.83 3.261 0.232 0.259 0.016006 20000 1.000000
241.198000 39.627100 -6.619 -4.826 0.188 0.233 -0.004893 20000 1.000000
241.723000 34.019500 -15.649 -0.465 0.195 0.227 -0.008870 20000 1.000000
243.915000 33.030100 -11.78 2.131 0.169 0.194 -0.009296 20000 1.000000
240.516000 34.851500 -13.001 4.803 0.245 0.282 0.021289 20000 1.000000
238.053000 38.394500 -8.547 -4.794 0.169 0.209 -0.020972 20000 1.000000
241.780000 34.178600 -11.267 1.994 0.216 0.226 0.070508 20000 1.000000
241.486000 34.126400 -13.25 2.802 0.169 0.195 0.018361 20000 1.000000
241.516000 34.293200 -12.947 1.798 0.173 0.198 -0.004550 20000 1.000000
239.384000 34.556300 -14.995 4.932 0.168 0.196 -0.002420 20000 1.000000
241.879000 34.501500 -11.045 0.177 0.185 0.21 0.013402 20000 1.000000
241.706000 33.712600 -13.251 3.708 0.174 0.201 -0.023716 20000 1.000000
242.807000 33.225000 -13.206 3.503 0.168 0.192 0.006310 20000 1.000000
241.443000 35.738400 -5.988 -4.075 0.412 0.486 0.342520 20000 1.000000
241.346000 37.664300 -4.345 -2.765 0.176 0.217 -0.007638 20000 1.000000
241.016000 35.010800 -9.842 -0.178 0.187 0.222 -0.037978 20000 1.000000
241.648000 35.695000 -6.711 -3.145 0.185 0.218 -0.049549 20000 1.000000
243.608000 33.934800 -8.023 -0.105 0.182 0.21 -0.006518 20000 1.000000
241.258000 34.568500 -12.094 0.698 0.185 0.21 0.120276 20000 1.000000
241.586000 34.259400 -12.724 1.311 0.204 0.238 -0.032387 20000 1.000000
244.418000 33.038300 -8.452 -6.214 0.173 0.198 -0.008099 20000 1.000000
243.068000 34.669000 -6.664 -3.112 0.186 0.215 -0.104636 20000 1.000000
241.758000 35.695600 -6.697 -3.895 0.264 0.307 0.154357 20000 1.000000
241.572000 33.958200 -14.105 3.371 0.245 0.261 -0.281589 20000 1.000000
244.421000 33.278800 -6.121 -6.177 0.182 0.206 0.017763 20000 1.000000
243.346000 33.955300 -9.277 -0.795 0.175 0.199 -0.013434 20000 1.000000
243.111000 35.425200 -5.344 -6.774 0.184 0.215 -0.010571 20000 1.000000
243.920000 35.287000 -5.561 -5.421 0.174 0.204 -0.004450 20000 1.000000
