242.907000 34.116400 -7.453 1.266 0.188 0.24 0.000611 20000 1.000000
243.571000 34.594300 -4.188 -0.729 0.167 0.205 0.056517 20000 1.000000
241.305000 34.824500 -7.526 3.568 0.174 0.214 0.040834 20000 1.000000
242.103000 34.126000 -10.608 3.896 0.246 0.274 0.144702 20000 1.000000
242.795000 40.412800 -4.749 -2.197 0.166 0.216 0.045179 20000 1.000000
240.970000 33.480500 -13.86 6.451 0.191 0.225 0.032254 20000 1.000000
243.116000 34.264300 -6.423 2.188 0.191 0.236 0.109035 20000 1.000000
240.594000 34.920500 -8.783 4.71 0.171 0.209 0.019073 20000 1.000000
244.002000 34.000500 -3.781 -1.477 0.17 0.206 0.038929 20000 1.000000
242.935000 33.578200 -9.747 7.738 0.19 0.226 0.046356 20000 1.000000
243.920000 35.287000 -4.114 -2.993 0.171 0.212 0.054440 20000 1.000000
245.285000 33.610400 -2.474 -3.299 0.17 0.205 0.046201 20000 1.000000
243.947000 34.251400 -3.332 -1.866 0.17 0.206 0.048140 20000 1.000000
241.723000 34.184900 -10.223 5.613 0.196 0.238 0.082548 20000 1.000000
242.988000 34.918600 -5.273 0.588 0.17 0.21 0.059519 20000 1.000000
241.812000 34.292800 -9.322 4.388 0.252 0.267 -0.282766 20000 1.000000
242.156000 42.779500 -3.603 -1.321 0.167 0.229 0.040605 20000 1.000000
240.653000 35.157300 -8.361 2.875 0.172 0.215 0.070919 20000 1.000000
235.437000 42.836100 0.295 0.382 0.177 0.238 0.024130 20000 1.000000
244.010000 33.655100 -3.811 -1.426 0.174 0.212 0.063549 20000 1.000000
239.566000 35.939400 -7.131 3.224 0.166 0.209 0.022386 20000 1.000000
239.569000 35.888400 -8.387 5.961 0.191 0.231 0.039288 20000 1.000000
241.666000 33.311600 -12.548 8.347 0.166 0.202 0.053663 20000 1.000000
241.517000 33.445800 -11.209 7.879 0.17 0.208 0.022244 20000 1.000000
241.370000 34.138600 -11.631 5.959 0.205 0.232 0.133811 20000 1.000000
242.329000 35.565300 -5.164 0.413 0.173 0.215 0.050401 20000 1.000000
241.789000 33.876300 -10.697 6.357 0.18 0.221 0.099065 20000 1.000000
240.987000 34.806400 -9.006 2.327 0.184 0.245 -0.067654 20000 1.000000
243.664000 34.829500 -4.508 -1.334 0.182 0.214 0.041486 20000 1.000000
242.035000 34.244000 -9.164 4.712 0.198 0.25 -0.060234 20000 1.000000
241.974000 34.333400 -9.896 4.991 0.186 0.22 0.130727 20000 1.000000
242.172000 34.640500 -6.573 3.082 0.176 0.219 0.088271 20000 1.000000
241.063000 34.109600 -11.004 7.034 0.182 0.231 0.084846 20000 1.000000
241.873000 34.136700 -10.328 4.402 0.168 0.204 0.052575 20000 1.000000
242.521000 34.313800 -7.734 3.72 0.185 0.223 0.163327 20000 1.000000
242.291000 34.109900 -10.638 5.39 0.175 0.211 0.011134 20000 1.000000
245.126000 40.558400 -3.277 -1.848 0.18 0.221 0.094686 20000 1.000000
240.120000 34.414900 -11.55 7.405 0.174 0.212 0.007010 20000 1.000000
242.427000 35.071700 -4.742 1.534 0.174 0.213 0.099619 20000 1.000000
239.249000 35.791600 -11.603 8.53 0.175 0.216 0.029329 20000 1.000000
242.900000 34.039100 -7.844 4.392 0.172 0.207 0.063063 20000 1.000000
244.265000 33.069800 -6.89 1.816 0.18 0.215 0.051429 20000 1.000000
240.961000 34.168400 -11.06 6.878 0.17 0.208 0.065132 20000 1.000000
241.743000 33.861500 -10.952 6.343 0.171 0.209 0.037393 20000 1.000000
241.476000 34.253600 -11.63 5.107 0.177 0.218 0.094072 20000 1.000000
240.629000 34.408100 -11.294 6.871 0.194 0.239 0.033448 20000 1.000000
241.387000 34.516500 -10.291 4.437 0.175 0.213 0.036353 20000 1.000000
243.630000 34.124100 -4.334 0.586 0.181 0.218 0.012906 20000 1.000000
242.098000 34.082000 -9.28 5.459 0.179 0.217 -0.007003 20000 1.000000
241.603000 34.334800 -17.652 3.562 0.322 0.329 -0.076843 20000 1.000000
241.603000 34.334000 -7.408 4.215 0.304 0.301 -0.133400 20000 1.000000
244.212000 33.389800 -5.055 -0.825 0.183 0.22 0.052728 20000 1.000000
242.140000 34.413400 -8.454 3.24 0.17 0.221 0.046517 20000 1.000000
241.873000 33.938300 -10.425 7.584 0.169 0.206 0.043645 20000 1.000000
242.588000 33.647700 -10.796 6.024 0.165 0.202 0.055633 20000 1.000000
241.170000 34.946200 -7.547 4.375 0.177 0.22 0.050257 20000 1.000000
245.061000 39.345200 -3.122 -1.966 0.176 0.224 0.047880 20000 1.000000
244.183000 40.914700 -4.508 -2.503 0.163 0.217 0.053148 20000 1.000000
241.574000 34.703100 -5.749 5.588 0.175 0.215 0.065120 20000 1.000000
242.474000 34.104200 -9.269 3.873 0.191 0.237 0.067920 20000 1.000000
239.991000 34.733000 -11.627 7.9 0.17 0.208 0.070716 20000 1.000000
243.064000 34.093600 -4.415 1.693 0.197 0.295 0.141470 20000 1.000000
241.116000 34.356300 -10.758 6.558 0.171 0.207 0.048631 20000 1.000000
246.195000 39.369400 -3.689 -1.504 0.171 0.217 0.040993 20000 1.000000
244.200000 32.945000 -9.482 3.255 0.191 0.216 0.051977 20000 1.000000
241.107000 34.800200 -8.992 4.226 0.193 0.235 0.053066 20000 1.000000
240.644000 40.416500 -5.152 -1.554 0.168 0.223 0.004019 20000 1.000000
240.136000 35.189400 -9.81 6.032 0.171 0.215 0.033404 20000 1.000000
244.479000 33.274800 -3.845 -3.14 0.176 0.209 0.057049 20000 1.000000
245.173000 33.051100 -2.731 -2.622 0.239 0.269 -0.044355 20000 1.000000
244.340000 34.784000 -2.812 -3.285 0.194 0.24 0.046604 20000 1.000000
245.810000 34.308600 -2.346 -1.963 0.175 0.21 0.064856 20000 1.000000
243.111000 35.425200 -4.376 2.163 0.171 0.211 0.034155 20000 1.000000
245.820000 40.640200 -3.174 -1.654 0.166 0.216 0.063302 20000 1.000000
239.584000 36.399000 -5.873 0.692 0.208 0.256 0.023334 20000 1.000000
241.887000 34.047400 -11.365 5.443 0.171 0.209 0.058508 20000 1.000000
239.318000 34.469400 -10.132 10.286 0.168 0.207 0.046553 20000 1.000000
241.714000 33.783600 -10.089 6.561 0.195 0.243 -0.001830 20000 1.000000
243.570000 34.754800 -5.157 -1.41 0.17 0.208 0.076349 20000 1.000000
238.530000 40.815900 -7.231 -1.666 0.165 0.22 0.034075 20000 1.000000
244.365000 33.705000 -3.662 -1.892 0.189 0.239 0.036165 20000 1.000000
239.520000 35.866700 -10.31 6.637 0.196 0.255 0.055778 20000 1.000000
242.155000 34.458200 -8.002 2.909 0.179 0.22 0.040712 20000 1.000000
239.598000 35.880800 -7.354 3.57 0.18 0.223 0.134157 20000 1.000000
240.812000 34.441200 -11.373 5.806 0.185 0.228 0.055208 20000 1.000000
244.089000 34.727300 -3.043 -2.617 0.172 0.212 0.071692 20000 1.000000
243.779000 33.796800 -5.286 1.28 0.175 0.215 0.100573 20000 1.000000
244.855000 34.157600 -3.382 -2.317 0.171 0.21 0.092009 20000 1.000000
241.526000 35.662300 -5.366 0.202 0.187 0.236 0.017683 20000 1.000000
240.992000 34.398500 -11.494 5.838 0.181 0.221 0.055066 20000 1.000000
243.827000 33.925400 -4.228 -0.408 0.175 0.21 0.054529 20000 1.000000
242.165000 34.485500 -7.661 3.565 0.167 0.205 0.045114 20000 1.000000
243.060000 35.090200 -4.901 -0.043 0.172 0.209 0.054548 20000 1.000000
242.246000 34.133300 -10.07 4.728 0.176 0.213 0.070047 20000 1.000000
239.406000 35.828700 -10.318 7.904 0.175 0.219 0.072576 20000 1.000000
242.454000 34.314900 -9.923 1.045 0.243 0.301 0.135527 20000 1.000000
240.896000 34.733600 -9.05 3.958 0.17 0.212 0.042386 20000 1.000000
239.557000 35.832600 -9.793 6.487 0.171 0.213 0.056233 20000 1.000000
242.563000 33.856800 -9.704 5.249 0.171 0.206 0.053991 20000 1.000000
238.778000 42.418300 -3.932 -3.134 0.234 0.314 -0.012186 20000 1.000000
239.241000 36.186900 -6.428 -0.331 0.171 0.212 0.096378 20000 1.000000
239.233000 36.180500 -11.513 9.205 0.171 0.212 0.047543 20000 1.000000
239.649000 34.038300 -12.285 9.215 0.171 0.21 0.001406 20000 1.000000
243.904000 40.148400 -4.083 -2.127 0.172 0.225 -0.017916 20000 1.000000
242.682000 33.918400 -9.114 5.347 0.171 0.206 0.064335 20000 1.000000
239.566000 35.969500 -7.132 2.228 0.176 0.21 -0.004594 20000 1.000000
244.588000 40.710700 -3.677 -1.972 0.169 0.233 0.032411 20000 1.000000
241.122000 34.295500 -11.389 6.318 0.189 0.226 0.022953 20000 1.000000
242.118000 34.175200 -8.489 5.49 0.232 0.26 -0.252795 20000 1.000000
243.352000 34.038500 -6.399 2.306 0.189 0.231 0.177877 20000 1.000000
242.790000 34.230800 -6.919 2.906 0.229 0.248 0.215811 20000 1.000000
245.381000 34.767700 -2.689 -2.323 0.185 0.225 0.060832 20000 1.000000
242.491000 39.685600 -4.308 -2.423 0.172 0.222 0.042931 20000 1.000000
240.859000 34.498700 -11.448 5.168 0.167 0.205 0.048607 20000 1.000000
243.932000 34.141000 -3.337 -1.348 0.171 0.207 0.081915 20000 1.000000
242.653000 33.240700 -11.009 6.506 0.178 0.209 -0.005279 20000 1.000000
244.082000 34.369900 -2.673 -2.379 0.172 0.211 0.006418 20000 1.000000
243.695000 34.427700 -3.886 -0.845 0.175 0.217 0.020202 20000 1.000000
243.708000 34.533000 -2.342 0.888 0.18 0.213 0.041699 20000 1.000000
243.185000 34.674900 -5.83 0.297 0.169 0.207 0.066637 20000 1.000000
241.793000 34.128800 -9.393 4.589 0.17 0.208 0.055082 20000 1.000000
240.647000 34.683400 -11.364 5.588 0.197 0.245 -0.003730 20000 1.000000
242.814000 39.521100 -3.821 -2.199 0.17 0.219 0.050906 20000 1.000000
245.995000 32.722500 -3.361 -1.82 0.177 0.21 0.108477 20000 1.000000
244.721000 39.910200 -3.69 -1.708 0.189 0.232 0.052794 20000 1.000000
245.543000 36.154200 -3.352 -2.137 0.169 0.208 0.053680 20000 1.000000
245.180000 41.724200 -3.835 -1.744 0.169 0.221 0.013822 20000 1.000000
242.670000 41.428700 -4.651 -1.981 0.167 0.223 0.069709 20000 1.000000
242.935000 42.981700 -3.168 -2.39 0.164 0.224 0.027224 20000 1.000000
235.925000 40.876300 -1.835 1.717 0.217 0.277 0.073622 20000 1.000000
236.274000 38.928300 -9.706 10.131 0.163 0.211 0.026367 20000 1.000000
237.585000 40.997600 -7.259 -1.836 0.193 0.268 -0.055058 20000 1.000000
235.986000 42.967400 -1.296 -1.239 0.169 0.236 0.064850 20000 1.000000
243.830000 32.616500 -11.636 6.456 0.169 0.202 0.038370 20000 1.000000
238.997000 35.551800 -11.393 9.799 0.169 0.212 0.054542 20000 1.000000
242.015000 39.305600 -4.223 -2.219 0.171 0.226 0.025336 20000 1.000000
242.395000 39.287900 -4.395 -2.48 0.171 0.217 0.043541 20000 1.000000
243.576000 39.500500 -3.706 -1.639 0.164 0.219 0.066029 20000 1.000000
243.950000 39.546400 -3.362 -2.31 0.169 0.215 0.073110 20000 1.000000
244.111000 39.374200 -4.029 -2.217 0.166 0.215 0.069276 20000 1.000000
244.487000 39.536100 -3.458 -2.306 0.166 0.218 0.049190 20000 1.000000
244.568000 39.388600 -2.516 -1.217 0.162 0.21 0.053687 20000 1.000000
242.120000 40.433400 -4.226 -1.666 0.168 0.221 0.083360 20000 1.000000
245.308000 39.255200 -3.4 -1.99 0.171 0.216 0.103178 20000 1.000000
245.723000 39.119400 -3.827 -1.896 0.171 0.223 0.064927 20000 1.000000
246.129000 39.067300 -3.366 -2.165 0.168 0.217 0.041023 20000 1.000000
246.495000 39.268900 -3.357 -1.431 0.165 0.217 0.069334 20000 1.000000
242.532000 40.320600 -3.751 -2.192 0.174 0.223 0.006034 20000 1.000000
246.946000 40.494000 -3.426 -1.522 0.165 0.217 0.069779 20000 1.000000
243.264000 40.495500 -3.354 -2.466 0.174 0.227 0.013189 20000 1.000000
243.721000 40.363200 -3.778 -3.814 0.164 0.217 0.068191 20000 1.000000
240.200000 39.572800 -7.581 -1.446 0.166 0.217 0.043695 20000 1.000000
242.469000 36.614300 -4.82 -1.747 0.165 0.206 0.044714 20000 1.000000
242.593000 36.804200 -4.137 -2.813 0.162 0.205 0.051139 20000 1.000000
242.006000 36.606000 -4.745 -0.896 0.192 0.235 0.127262 20000 1.000000
242.296000 37.200800 -3.049 -1.971 0.168 0.212 0.052787 20000 1.000000
240.463000 39.698400 -7.039 -1.187 0.176 0.228 0.053993 20000 1.000000
240.694000 39.795600 -5.854 -1.868 0.187 0.254 0.128836 20000 1.000000
241.126000 39.838800 -3.998 -1.206 0.258 0.313 0.027136 20000 1.000000
241.316000 39.888900 -4.942 -2.097 0.17 0.223 0.032187 20000 1.000000
241.841000 39.212300 -4.825 -2.269 0.2 0.258 0.060759 20000 1.000000
246.706000 41.856800 -3.658 -2.255 0.175 0.233 0.087813 20000 1.000000
246.958000 39.345100 -3.543 -1.992 0.169 0.216 0.060101 20000 1.000000
246.988000 41.817300 -2.803 -2.536 0.167 0.22 0.051025 20000 1.000000
246.722000 40.671300 -3.717 -1.917 0.171 0.223 0.055669 20000 1.000000
240.400000 39.499200 -6.287 -1.805 0.183 0.228 0.089782 20000 1.000000
240.931000 39.486100 -5.709 -1.423 0.17 0.221 0.047410 20000 1.000000
241.550000 39.133900 -5.118 -2.064 0.167 0.217 0.061588 20000 1.000000
241.062000 39.268000 -5.345 -1.424 0.191 0.246 0.036413 20000 1.000000
241.649000 39.454700 -4.957 -1.803 0.169 0.219 0.105009 20000 1.000000
241.995000 38.728800 -4.456 -1.764 0.192 0.243 0.069722 20000 1.000000
241.540000 38.724600 -5.141 -1.258 0.168 0.219 0.051122 20000 1.000000
241.070000 38.980900 -5.695 -1.035 0.176 0.232 0.048809 20000 1.000000
240.985000 38.704600 -6.105 -0.56 0.173 0.222 -0.011133 20000 1.000000
240.541000 38.761400 -7.208 -0.578 0.177 0.221 -0.019961 20000 1.000000
240.523000 40.779800 -5.402 -2.258 0.182 0.231 0.124446 20000 1.000000
240.990000 40.242200 -5.058 -2.376 0.187 0.226 -0.012624 20000 1.000000
240.278000 39.908200 -6.872 -2.321 0.17 0.222 0.100803 20000 1.000000
239.307000 38.829200 -5.657 0.614 0.189 0.223 0.144305 20000 1.000000
239.614000 39.046600 -6.818 -0.655 0.187 0.236 -0.030668 20000 1.000000
240.189000 39.123500 -7.09 -1.203 0.169 0.221 -0.007815 20000 1.000000
239.107000 39.466700 -8.072 -0.374 0.337 0.421 0.139476 20000 1.000000
240.376000 41.357700 -5.294 -1.48 0.166 0.222 0.043297 20000 1.000000
239.716000 39.937400 -7.365 -0.985 0.161 0.211 0.039374 20000 1.000000
239.194000 40.418600 -7.23 -1.522 0.176 0.222 0.041330 20000 1.000000
239.923000 40.288900 -6.217 -1.218 0.168 0.221 0.061290 20000 1.000000
235.692000 40.247500 -7.763 7.691 0.164 0.216 0.043836 20000 1.000000
235.867000 40.551300 -2.322 3.519 0.167 0.22 0.030963 20000 1.000000
235.787000 40.637400 -1.486 3.506 0.186 0.246 0.023753 20000 1.000000
235.943000 40.219600 -6.617 5.242 0.17 0.225 0.047349 20000 1.000000
236.307000 40.119300 -8.352 1.695 0.177 0.238 0.088360 20000 1.000000
238.207000 36.485500 -12.058 8.652 0.163 0.206 0.039424 20000 1.000000
238.710000 35.945700 -11.841 9.296 0.171 0.215 0.099549 20000 1.000000
238.949000 36.302100 -12.415 10.062 0.166 0.209 0.034743 20000 1.000000
238.865000 36.425900 -11.501 9.195 0.191 0.238 0.071091 20000 1.000000
237.668000 37.534500 -9.498 6.821 0.194 0.222 -0.030899 20000 1.000000
237.623000 37.914500 -8.594 5.198 0.174 0.223 0.046241 20000 1.000000
236.819000 38.495000 -8.533 8.545 0.167 0.219 -0.024974 20000 1.000000
236.291000 39.117200 -8.793 7.061 0.188 0.244 0.037568 20000 1.000000
236.652000 38.987400 -8.593 6.692 0.177 0.223 0.117369 20000 1.000000
236.796000 39.242000 -5.986 1.425 0.169 0.221 0.060606 20000 1.000000
236.368000 42.275400 -1.9 -0.634 0.201 0.268 0.046543 20000 1.000000
236.895000 39.319700 -6.544 1.375 0.172 0.222 0.057225 20000 1.000000
237.041000 38.664700 -7.776 5.977 0.187 0.261 0.085215 20000 1.000000
237.233000 38.428600 -5.288 7.098 0.169 0.22 0.063152 20000 1.000000
237.548000 38.239800 -5.95 4.102 0.169 0.217 0.039707 20000 1.000000
237.083000 38.866100 -9.402 2.535 0.162 0.21 0.031693 20000 1.000000
237.037000 39.398100 -5.39 -4.976 0.194 0.245 -0.009241 20000 1.000000
237.424000 38.777800 -5.607 2.971 0.175 0.237 0.032548 20000 1.000000
237.281000 39.260000 -8.134 1.288 0.165 0.215 0.070400 20000 1.000000
237.696000 39.109300 -6.014 -0.062 0.171 0.222 0.033486 20000 1.000000
237.873000 37.069200 -11.762 9.692 0.197 0.245 0.207993 20000 1.000000
238.137000 36.962000 -10.39 8.293 0.188 0.227 0.010715 20000 1.000000
238.009000 37.201700 -10.013 6.114 0.194 0.239 -0.026621 20000 1.000000
238.203000 37.001000 -9.808 6.964 0.248 0.282 0.107589 20000 1.000000
238.274000 37.002400 -9.179 6.614 0.178 0.235 0.065487 20000 1.000000
238.349000 37.104500 -9.343 6.239 0.197 0.239 -0.054831 20000 1.000000
238.286000 37.203500 -8.49 5.812 0.174 0.217 0.090465 20000 1.000000
237.786000 37.329900 -10.109 6.699 0.166 0.21 0.052221 20000 1.000000
237.901000 37.336900 -8.77 6.605 0.169 0.223 0.037145 20000 1.000000
237.900000 37.722000 -7.452 3.196 0.164 0.209 0.035956 20000 1.000000
237.781000 37.863900 -6.976 4.541 0.17 0.219 -0.014020 20000 1.000000
237.942000 37.713900 -6.706 4.246 0.178 0.226 -0.007760 20000 1.000000
238.174000 37.336800 -6.064 7.005 0.17 0.219 0.048279 20000 1.000000
238.210000 37.533000 -5.988 0.985 0.166 0.212 0.053208 20000 1.000000
238.313000 37.601800 -5.449 0.211 0.174 0.217 0.100461 20000 1.000000
238.022000 37.749400 -6.577 3.241 0.168 0.212 0.034939 20000 1.000000
238.214000 37.819000 -4.36 1.023 0.169 0.214 0.042242 20000 1.000000
238.095000 36.621700 -11.236 8.792 0.167 0.212 0.034217 20000 1.000000
238.421000 36.724000 -10.362 8.84 0.168 0.212 0.026018 20000 1.000000
238.580000 36.800400 -7.701 5.691 0.166 0.21 0.026464 20000 1.000000
238.409000 36.858500 -10.878 8.035 0.167 0.212 0.024726 20000 1.000000
238.459000 36.814300 -10.786 8.059 0.173 0.213 0.057536 20000 1.000000
238.613000 36.637000 -10.153 8.468 0.175 0.222 -0.003579 20000 1.000000
238.458000 37.007800 -9.531 4.487 0.167 0.213 0.050548 20000 1.000000
238.426000 37.213000 -7.287 1.004 0.168 0.21 0.040522 20000 1.000000
238.665000 36.918200 -5.965 1.588 0.165 0.209 0.047226 20000 1.000000
238.645000 37.010800 -6.681 1.518 0.182 0.229 0.001376 20000 1.000000
240.294000 37.713100 -5.515 3.146 0.173 0.222 0.023585 20000 1.000000
238.812000 36.559500 -12.643 7.555 0.167 0.209 0.038163 20000 1.000000
238.131000 37.975600 -6.887 2.497 0.166 0.212 0.055471 20000 1.000000
238.936000 36.611600 -7.185 -1.151 0.163 0.205 0.040785 20000 1.000000
238.732000 36.950000 -5.791 0.568 0.177 0.223 0.063742 20000 1.000000
238.652000 36.811400 -5.974 2.495 0.168 0.212 0.034516 20000 1.000000
238.942000 37.169600 -6.931 0.486 0.173 0.219 0.055261 20000 1.000000
238.347000 37.478400 -5.962 -0.333 0.179 0.229 0.042950 20000 1.000000
238.531000 37.489600 -5.779 -1.435 0.163 0.209 0.033439 20000 1.000000
238.675000 37.581900 -6.333 -0.449 0.168 0.217 0.025322 20000 1.000000
238.395000 37.932000 -5.229 0.759 0.166 0.213 0.043617 20000 1.000000
238.536000 37.755300 -7.81 2.27 0.167 0.213 0.041190 20000 1.000000
238.717000 37.385400 -4.017 -0.109 0.17 0.222 0.052518 20000 1.000000
237.782000 38.153000 -5.9 0.316 0.164 0.212 0.021102 20000 1.000000
237.904000 38.025100 -5.779 2.262 0.169 0.219 -0.016354 20000 1.000000
237.805000 38.444200 -5.588 1.874 0.176 0.238 0.058509 20000 1.000000
237.645000 38.999500 -4.675 -0.16 0.204 0.232 0.130187 20000 1.000000
238.905000 38.645300 -6.052 0.336 0.165 0.213 0.044991 20000 1.000000
239.652000 35.544100 -10.582 6.812 0.173 0.214 0.039595 20000 1.000000
239.611000 35.841100 -10.273 7.312 0.173 0.215 0.022430 20000 1.000000
239.655000 35.837800 -6.901 3.909 0.171 0.216 0.024988 20000 1.000000
239.715000 35.806700 -7.728 3.308 0.182 0.226 0.034499 20000 1.000000
239.093000 35.933300 -11.534 7.452 0.165 0.209 0.038965 20000 1.000000
239.019000 36.417200 -6.313 1.628 0.167 0.213 0.054594 20000 1.000000
239.147000 36.515900 -5.903 0.075 0.173 0.221 0.023926 20000 1.000000
239.302000 36.024800 -10.076 8.776 0.166 0.213 0.036436 20000 1.000000
239.121000 36.140200 -10.571 9.787 0.167 0.209 0.039217 20000 1.000000
239.251000 36.106800 -11.419 8.427 0.163 0.204 0.042473 20000 1.000000
239.272000 36.178900 -7.301 -4.814 0.163 0.205 0.039225 20000 1.000000
239.355000 35.922800 -10.549 8.363 0.165 0.208 0.028133 20000 1.000000
239.525000 36.007500 -11.781 1.028 0.18 0.218 0.052160 20000 1.000000
239.457000 36.089400 -1.401 1.354 0.163 0.206 0.041825 20000 1.000000
239.560000 36.123200 -5.521 2.131 0.164 0.207 0.044902 20000 1.000000
239.158000 35.697100 -10.916 8.681 0.17 0.208 0.081394 20000 1.000000
239.637000 36.051700 -5.514 2.125 0.167 0.206 0.043615 20000 1.000000
239.448000 35.974100 -9.707 7.386 0.184 0.22 -0.009199 20000 1.000000
239.706000 36.015800 -6.071 2.308 0.167 0.208 0.033657 20000 1.000000
239.723000 36.304400 -5.146 1.742 0.168 0.212 0.039856 20000 1.000000
239.257000 36.806300 -6.357 0.91 0.166 0.211 0.043564 20000 1.000000
239.803000 37.352200 -5.873 0.967 0.178 0.229 0.043711 20000 1.000000
239.356000 37.795200 -5.171 0.473 0.18 0.222 0.056556 20000 1.000000
240.160000 37.901100 -7.762 -0.586 0.185 0.224 -0.037093 20000 1.000000
239.049000 38.090000 -6.369 0.493 0.17 0.219 0.033391 20000 1.000000
239.666000 38.735600 -7.134 0.813 0.179 0.218 0.061718 20000 1.000000
241.480000 37.177600 -6.398 -1.717 0.164 0.207 0.053571 20000 1.000000
236.283000 39.863600 -8.803 3.852 0.202 0.258 -0.062316 20000 1.000000
236.448000 39.905700 -6.354 1.398 0.188 0.258 0.003147 20000 1.000000
236.628000 39.452400 -6.996 1.733 0.165 0.217 0.042709 20000 1.000000
236.705000 39.707100 -8.029 -0.228 0.182 0.239 -0.042476 20000 1.000000
236.813000 39.492800 -7.584 1.586 0.181 0.256 0.073422 20000 1.000000
236.817000 39.962100 -6.9 -2.063 0.164 0.217 -0.009693 20000 1.000000
236.344000 40.256800 -6.875 1.759 0.165 0.221 0.054155 20000 1.000000
236.117000 41.151700 -2.793 -0.021 0.167 0.222 0.053749 20000 1.000000
236.301000 40.575300 -5.916 -1.786 0.175 0.23 0.082995 20000 1.000000
236.427000 40.478900 -6.532 -1.067 0.203 0.265 0.262518 20000 1.000000
236.548000 40.082200 -7.808 -0.138 0.162 0.215 0.043523 20000 1.000000
236.864000 40.324100 -7.761 -1.416 0.162 0.216 0.031137 20000 1.000000
236.676000 40.732900 -5.723 -1.069 0.163 0.217 0.007341 20000 1.000000
236.826000 40.546700 -6.621 -1.004 0.167 0.224 0.017510 20000 1.000000
237.024000 39.621400 -6.474 -0.717 0.176 0.22 0.083867 20000 1.000000
237.264000 39.493600 -5.875 1.709 0.164 0.212 0.029276 20000 1.000000
237.126000 39.726200 -6.639 -1.119 0.168 0.221 0.086421 20000 1.000000
237.077000 40.747600 -4.955 -1.151 0.171 0.226 0.026758 20000 1.000000
237.332000 40.034100 -6.326 -1.316 0.168 0.218 0.027549 20000 1.000000
237.393000 40.650700 -6.395 -0.361 0.17 0.231 -0.000951 20000 1.000000
236.666000 40.887100 -6.103 -1.438 0.161 0.215 0.029512 20000 1.000000
237.729000 40.271200 -6.63 -1.236 0.174 0.228 -0.023447 20000 1.000000
239.132000 39.794700 -7.417 -0.72 0.166 0.222 0.003875 20000 1.000000
239.052000 41.183300 -5.942 -2.196 0.166 0.224 0.020660 20000 1.000000
237.681000 40.731100 -7.457 -0.93 0.2 0.244 0.055044 20000 1.000000
235.774000 42.209100 0.986 -0.939 0.169 0.221 0.023530 20000 1.000000
235.946000 42.860100 -1.197 -0.139 0.189 0.253 0.112225 20000 1.000000
236.617000 42.503500 -2.53 -0.685 0.167 0.225 0.039930 20000 1.000000
237.344000 42.191000 -2.463 -1.238 0.17 0.23 -0.000066 20000 1.000000
238.220000 42.259700 -5.968 -1.796 0.165 0.219 0.034787 20000 1.000000
239.622000 42.468800 -4.913 -1.122 0.17 0.23 -0.006569 20000 1.000000
241.588000 42.254600 -3.423 -1.423 0.162 0.219 0.036614 20000 1.000000
243.371000 36.071300 -3.762 -1.878 0.177 0.224 0.120286 20000 1.000000
242.835000 36.022500 -4.016 -0.725 0.175 0.211 0.034065 20000 1.000000
242.590000 36.159000 -4.037 -0.808 0.177 0.219 0.100947 20000 1.000000
241.868000 36.466800 -7.277 0.84 0.185 0.239 -0.149563 20000 1.000000
242.211000 36.531200 -4.948 -1.097 0.163 0.207 0.047960 20000 1.000000
241.909000 36.570200 -5.611 -0.178 0.186 0.219 -0.003285 20000 1.000000
241.882000 36.975700 -5.815 -1.674 0.163 0.206 0.048542 20000 1.000000
242.064000 37.231400 -4.457 -2.036 0.17 0.212 0.091787 20000 1.000000
242.606000 34.462400 -6.931 1.673 0.177 0.211 0.044348 20000 1.000000
242.459000 33.562100 -10.961 6.038 0.168 0.205 0.079405 20000 1.000000
242.895000 32.889200 -11.419 6.42 0.172 0.205 0.033974 20000 1.000000
243.050000 32.733800 -11.386 6.674 0.165 0.199 0.047988 20000 1.000000
242.756000 32.666400 -12.046 6.901 0.184 0.211 0.142713 20000 1.000000
242.810000 33.439600 -11.879 6.215 0.167 0.203 0.055015 20000 1.000000
242.928000 33.235700 -10.727 5.402 0.179 0.207 0.102745 20000 1.000000
243.217000 33.493300 -9.574 5.293 0.167 0.202 0.048439 20000 1.000000
243.651000 32.976000 -11.413 5.164 0.171 0.205 0.059106 20000 1.000000
243.989000 32.822200 -10.723 4.833 0.17 0.203 0.017764 20000 1.000000
243.329000 33.240200 -10.83 5.424 0.187 0.222 0.050225 20000 1.000000
243.431000 33.059200 -11.276 5.552 0.166 0.2 0.042225 20000 1.000000
243.379000 33.375600 -9.61 5.206 0.172 0.207 0.096786 20000 1.000000
243.591000 33.210200 -9.938 5.143 0.181 0.217 0.059056 20000 1.000000
243.817000 33.213500 -9.138 3.376 0.169 0.202 0.054903 20000 1.000000
243.921000 33.201000 -8.227 3.301 0.168 0.202 0.059097 20000 1.000000
243.888000 33.296200 -7.299 1.537 0.171 0.207 0.001525 20000 1.000000
243.574000 33.523500 -8.255 2.471 0.18 0.208 0.133737 20000 1.000000
243.773000 33.574700 -7.277 1.918 0.175 0.218 0.070868 20000 1.000000
244.031000 32.887000 -10.149 4.352 0.172 0.205 0.049673 20000 1.000000
244.175000 32.954700 -8.691 3.894 0.169 0.202 0.047129 20000 1.000000
244.268000 32.759700 -8.963 4.411 0.179 0.216 0.070724 20000 1.000000
244.404000 32.750600 -8.35 3.183 0.178 0.209 0.042492 20000 1.000000
244.423000 32.834700 -6.114 3.434 0.175 0.208 0.056719 20000 1.000000
244.430000 32.898400 -6.429 2.626 0.182 0.216 0.082201 20000 1.000000
244.700000 32.690000 -2.901 -1.408 0.169 0.202 0.049127 20000 1.000000
244.602000 32.875800 -2.572 -2.762 0.179 0.213 0.077935 20000 1.000000
244.578000 32.982500 -2.614 -2.443 0.176 0.215 0.088934 20000 1.000000
244.280000 32.948900 -7.867 3.12 0.173 0.205 0.047663 20000 1.000000
244.234000 33.516400 -4.611 -1.605 0.177 0.212 0.120149 20000 1.000000
244.313000 33.423900 -4.947 -1.746 0.177 0.212 0.099877 20000 1.000000
244.571000 33.247800 -3.316 -2.675 0.175 0.209 0.046404 20000 1.000000
244.657000 33.143600 -2.023 -3.39 0.175 0.209 0.004306 20000 1.000000
244.704000 33.886900 -2.931 -2.834 0.177 0.208 0.066057 20000 1.000000
240.305000 37.562600 -8.763 -2.435 0.184 0.218 0.150872 20000 1.000000
239.350000 34.907300 -11.822 9.716 0.164 0.203 0.042206 20000 1.000000
239.590000 35.010700 -11.233 8.872 0.172 0.213 0.038065 20000 1.000000
239.760000 34.870600 -12.587 7.906 0.168 0.206 0.061865 20000 1.000000
239.617000 35.106200 -11.665 7.901 0.176 0.215 0.118356 20000 1.000000
241.822000 34.376400 -10.045 3.773 0.169 0.208 0.051941 20000 1.000000
239.925000 35.020000 -12.986 3.525 0.165 0.204 0.037785 20000 1.000000
240.208000 34.507800 -12.559 5.437 0.172 0.205 0.038238 20000 1.000000
240.384000 34.630500 -12.1 5.426 0.164 0.202 0.047440 20000 1.000000
240.185000 34.888600 -11.259 7.045 0.164 0.202 0.050543 20000 1.000000
240.464000 35.086600 -9.298 3.737 0.166 0.205 0.056910 20000 1.000000
239.192000 35.425800 -11.783 8.2 0.166 0.207 0.024400 20000 1.000000
239.455000 35.327800 -11.276 8.818 0.171 0.213 0.102811 20000 1.000000
239.646000 35.440500 -10.921 7.956 0.167 0.207 0.038590 20000 1.000000
239.520000 35.624800 -11.352 6.246 0.167 0.209 0.052177 20000 1.000000
239.463000 35.792700 -9.919 8.029 0.168 0.212 0.066860 20000 1.000000
239.733000 35.633800 -9.726 5.626 0.173 0.21 0.085987 20000 1.000000
239.629000 35.747900 -10.3 6.981 0.171 0.212 0.051591 20000 1.000000
237.762000 37.061200 -11.017 9.131 0.167 0.213 0.057081 20000 1.000000
239.899000 35.235100 -11.033 6.645 0.189 0.223 0.088060 20000 1.000000
239.975000 35.279800 -10.21 6.133 0.175 0.22 0.006438 20000 1.000000
240.065000 35.316800 -7.046 5.994 0.179 0.226 0.048682 20000 1.000000
239.887000 35.534200 -9.043 4.977 0.238 0.285 0.050892 20000 1.000000
239.818000 35.702700 -7.458 4.438 0.166 0.207 0.045238 20000 1.000000
239.869000 35.801300 -6.459 2.189 0.174 0.211 0.062436 20000 1.000000
239.999000 35.686700 -6.776 2.868 0.17 0.21 0.003463 20000 1.000000
239.707000 35.688900 -9.1 5.903 0.166 0.208 0.036826 20000 1.000000
240.287000 35.319000 -7.785 3.81 0.183 0.229 0.032654 20000 1.000000
240.091000 35.934700 -5.442 1.98 0.166 0.207 0.047609 20000 1.000000
240.496000 34.466800 -10.126 7.737 0.164 0.201 0.046988 20000 1.000000
240.674000 34.599600 -11.043 5.983 0.174 0.218 0.130518 20000 1.000000
240.885000 34.660100 -10.582 3.962 0.175 0.212 0.113152 20000 1.000000
240.845000 34.856200 -8.082 2.122 0.238 0.346 -0.044440 20000 1.000000
239.755000 35.686700 -9.012 5.391 0.168 0.207 0.032449 20000 1.000000
241.121000 34.835100 -8.612 3.281 0.167 0.205 0.060083 20000 1.000000
241.152000 34.792300 -9.344 2.165 0.172 0.217 0.054076 20000 1.000000
241.331000 34.695000 -8.252 3.876 0.175 0.216 0.121160 20000 1.000000
241.454000 34.771100 -6.715 2.216 0.168 0.208 0.048479 20000 1.000000
241.344000 34.944400 -7.82 2.305 0.173 0.215 0.018791 20000 1.000000
241.388000 35.138600 -6.312 1.609 0.167 0.206 0.027384 20000 1.000000
241.382000 34.838900 -7.447 3.087 0.174 0.214 0.056525 20000 1.000000
241.459000 34.821800 -6.836 1.991 0.178 0.217 0.074891 20000 1.000000
241.811000 34.982100 -6.683 1.525 0.166 0.204 0.046114 20000 1.000000
241.876000 35.378000 -4.929 1.566 0.167 0.206 0.038698 20000 1.000000
241.740000 35.667300 -5.326 1.356 0.173 0.209 0.048284 20000 1.000000
241.233000 36.231400 -6.118 1.773 0.173 0.211 0.112263 20000 1.000000
241.045000 36.585500 -5.606 0.537 0.164 0.208 0.044938 20000 1.000000
241.740000 36.093100 -6.126 0.681 0.168 0.208 0.048623 20000 1.000000
241.994000 35.038800 -5.605 1.908 0.167 0.205 0.056024 20000 1.000000
242.271000 34.509700 -7.183 2.992 0.168 0.205 0.042967 20000 1.000000
242.451000 34.634300 -6.282 1.972 0.171 0.21 0.041898 20000 1.000000
242.457000 34.987000 -5.029 1.741 0.17 0.209 0.090847 20000 1.000000
243.048000 33.892600 -7.448 3.247 0.165 0.201 0.050059 20000 1.000000
243.454000 34.019300 -5.907 1.324 0.167 0.203 0.044786 20000 1.000000
242.719000 34.534800 -6.065 1.973 0.193 0.214 -0.043097 20000 1.000000
241.969000 34.332200 -9.25 4.325 0.172 0.211 0.063748 20000 1.000000
242.635000 35.116800 -4.86 0.938 0.169 0.207 0.040911 20000 1.000000
241.983000 35.152400 -5.423 1.587 0.168 0.207 0.054828 20000 1.000000
242.697000 35.238500 -4.811 0.658 0.169 0.206 0.059541 20000 1.000000
242.795000 35.387900 -4.547 0.392 0.164 0.203 0.056955 20000 1.000000
242.610000 35.896700 -5.086 0.094 0.182 0.228 0.040396 20000 1.000000
242.597000 35.697600 -5.193 -0.305 0.166 0.206 0.049475 20000 1.000000
243.111000 35.998200 -4.153 -1.358 0.175 0.209 0.048526 20000 1.000000
243.112000 35.710600 -4.171 -1.127 0.165 0.206 0.054083 20000 1.000000
243.290000 34.192500 -6.273 1.543 0.171 0.206 0.034776 20000 1.000000
243.463000 34.217200 -5.194 1.439 0.17 0.204 0.063969 20000 1.000000
243.788000 33.865800 -5.39 -0.018 0.166 0.203 0.065802 20000 1.000000
243.920000 33.959300 -4.549 -1.014 0.168 0.203 0.054293 20000 1.000000
239.772000 35.729200 -7.231 3.794 0.175 0.213 0.066379 20000 1.000000
243.971000 34.716900 -3.638 -2.695 0.172 0.208 0.025916 20000 1.000000
243.329000 34.936800 -4.632 -0.738 0.168 0.208 0.058517 20000 1.000000
242.063000 34.341100 -9.854 3.93 0.18 0.223 0.029027 20000 1.000000
243.120000 34.462100 -5.944 1.429 0.167 0.204 0.049914 20000 1.000000
244.179000 33.741000 -4.011 -1.576 0.176 0.212 0.058581 20000 1.000000
243.107000 34.062700 -5.689 2.904 0.183 0.221 0.021636 20000 1.000000
244.236000 34.425700 -2.928 -2.61 0.209 0.226 0.080241 20000 1.000000
244.350000 35.204800 -2.991 -2.407 0.173 0.209 0.030023 20000 1.000000
242.685000 34.187400 -7.714 4.014 0.17 0.209 0.096619 20000 1.000000
242.950000 34.196200 -6.176 4.182 0.201 0.214 0.123132 20000 1.000000
244.750000 34.731800 -2.711 -2.831 0.205 0.258 0.102760 20000 1.000000
243.237000 35.204600 -3.952 -0.782 0.167 0.205 0.057427 20000 1.000000
242.107000 35.424600 -5.127 1.059 0.166 0.206 0.048096 20000 1.000000
243.428000 35.320600 -3.553 -1.732 0.166 0.207 0.041064 20000 1.000000
243.896000 35.141900 -3.714 -2.373 0.178 0.209 0.027915 20000 1.000000
243.878000 35.526000 -5.073 -2.646 0.169 0.21 0.045943 20000 1.000000
243.855000 35.785400 -2.623 -2.012 0.167 0.207 0.041933 20000 1.000000
244.456000 35.472800 -3.465 -2.2 0.168 0.21 0.063824 20000 1.000000
244.634000 35.163000 -3.293 -2.957 0.176 0.217 0.035999 20000 1.000000
245.401000 34.188900 -2.536 -2.399 0.173 0.211 0.068179 20000 1.000000
245.035000 34.844400 -3.039 -2.467 0.172 0.208 0.049207 20000 1.000000
244.762000 35.291100 -2.636 -2.905 0.169 0.208 0.058636 20000 1.000000
241.621000 37.973100 -5.3 -1.445 0.164 0.212 0.021633 20000 1.000000
241.000000 37.613000 -7.497 -2.53 0.17 0.213 0.005317 20000 1.000000
241.084000 37.605300 -6.052 -2.981 0.173 0.23 0.008470 20000 1.000000
240.914000 37.785700 -8.629 1.48 0.231 0.273 -0.027225 20000 1.000000
240.967000 37.913500 -8.756 2.525 0.163 0.208 0.047331 20000 1.000000
240.974000 37.696600 -6.636 0.896 0.195 0.231 0.166728 20000 1.000000
240.862000 37.839300 -10.387 3.219 0.181 0.221 0.066440 20000 1.000000
240.853000 37.962800 -9.135 2.588 0.165 0.208 0.048271 20000 1.000000
240.916000 37.914100 -8.686 2.592 0.166 0.21 0.050117 20000 1.000000
241.056000 37.734300 -7.079 -1.475 0.165 0.211 0.051173 20000 1.000000
241.131000 37.654600 -6.861 -1.106 0.166 0.214 0.044109 20000 1.000000
241.040000 37.891700 -5.813 1.906 0.175 0.216 0.032119 20000 1.000000
241.148000 37.878200 -5.797 0.19 0.166 0.211 0.037121 20000 1.000000
241.183000 37.591400 -6.347 -3.793 0.169 0.225 0.097588 20000 1.000000
241.302000 37.561600 -3.679 -1.611 0.17 0.233 0.018305 20000 1.000000
241.316000 37.495400 -5.607 -3.1 0.162 0.207 0.048359 20000 1.000000
241.406000 37.541300 -4.822 -1.526 0.166 0.211 0.051396 20000 1.000000
241.180000 37.677000 -6.343 -1.147 0.165 0.211 0.049475 20000 1.000000
241.232000 37.754400 -6.517 -0.562 0.193 0.254 0.102949 20000 1.000000
240.981000 37.800000 -8.322 0.48 0.166 0.212 0.073644 20000 1.000000
241.264000 37.903500 -5.472 -0.823 0.169 0.215 0.035347 20000 1.000000
241.445000 37.891300 -5.876 -1.69 0.176 0.218 0.114647 20000 1.000000
241.762000 37.589200 -5.094 -1.531 0.165 0.21 0.048510 20000 1.000000
241.528000 37.737500 -5.913 -0.713 0.172 0.216 0.072151 20000 1.000000
240.850000 38.057900 -8.864 1.305 0.172 0.215 0.051988 20000 1.000000
237.706000 41.381200 -5.835 -2.66 0.311 0.405 0.095345 20000 1.000000
237.809000 41.479200 -5.225 -1.592 0.164 0.23 -0.005608 20000 1.000000
237.687000 41.463600 -5.386 -2.62 0.167 0.232 -0.011953 20000 1.000000
237.847000 41.531900 -4.773 -3.26 0.205 0.244 0.085636 20000 1.000000
238.493000 41.711600 -5.392 -2.019 0.23 0.313 0.042036 20000 1.000000
246.132000 42.878900 -3.633 -1.997 0.164 0.223 0.032434 20000 1.000000
241.275000 37.380400 -7.355 -3.701 0.23 0.266 0.210067 20000 1.000000
241.439000 37.439500 -4.769 -1.733 0.179 0.221 0.060238 20000 1.000000
240.254000 37.088900 -6.395 0.273 0.171 0.215 0.104234 20000 1.000000
241.853000 37.280500 -4.922 -1.601 0.167 0.211 0.063254 20000 1.000000
239.172000 41.359200 -6.192 -1.779 0.174 0.23 -0.031318 20000 1.000000
239.527000 41.332500 -5.642 -1.929 0.169 0.223 0.050462 20000 1.000000
235.587000 42.442000 -0.266 0.841 0.167 0.229 -0.024113 20000 1.000000
235.707000 42.076600 -3.168 0.463 0.296 0.378 0.067580 20000 1.000000
238.120000 42.579800 -4.291 -1.655 0.169 0.224 0.026464 20000 1.000000
237.390000 42.727100 -4.552 -1.923 0.241 0.296 0.193734 20000 1.000000
240.341000 42.546100 -3.312 -1.969 0.165 0.224 0.031387 20000 1.000000
242.275000 42.020200 -2.192 -1.006 0.167 0.223 0.046275 20000 1.000000
243.404000 33.598200 -5.613 2.289 0.237 0.296 -0.066675 20000 1.000000
243.397000 33.495500 -8.295 3.293 0.174 0.211 0.054461 20000 1.000000
244.492000 32.829400 -5.72 2.635 0.17 0.203 0.045704 20000 1.000000
238.928000 37.699000 -6.56 0.154 0.189 0.24 0.021711 20000 1.000000
239.784000 35.693800 -7.667 6.022 0.188 0.227 0.095843 20000 1.000000
237.579000 41.830800 -8.014 -2.613 0.182 0.248 0.093366 20000 1.000000
236.019000 41.845500 -0.955 0.49 0.185 0.276 -0.051506 20000 1.000000
238.521000 36.744300 -15.193 7.957 0.184 0.226 0.098439 20000 1.000000
239.528000 35.946600 -5.299 2.769 0.183 0.223 0.107423 20000 1.000000
239.485000 35.929100 -9.069 8.92 0.235 0.311 0.019549 20000 1.000000
236.427000 40.478800 -6.279 -0.602 0.2 0.264 0.244979 20000 1.000000
237.036000 39.845700 -7.402 -1.87 0.163 0.215 0.014479 20000 1.000000
243.852000 34.508100 -3.186 -1.739 0.166 0.203 0.054281 20000 1.000000
245.241000 32.497900 -1.527 -1.324 0.172 0.203 0.047056 20000 1.000000
243.407000 33.537300 -8.489 4.895 0.179 0.217 0.102419 20000 1.000000
241.651000 34.021700 -10.924 6.22 0.175 0.219 0.074952 20000 1.000000
243.936000 31.559100 -10.992 7.923 0.175 0.203 0.120818 20000 1.000000
238.728000 35.709000 -11.288 10.179 0.192 0.239 0.016441 20000 1.000000
242.077000 34.508200 -7.854 2.539 0.174 0.212 0.052445 20000 1.000000
244.450000 32.490100 -7.992 5.537 0.172 0.211 0.009177 20000 1.000000
242.305000 34.925400 -5.549 1.854 0.171 0.21 0.013062 20000 1.000000
244.116000 32.417000 -11.81 6.657 0.167 0.199 0.051807 20000 1.000000
239.522000 35.919900 -7.884 5.928 0.174 0.218 0.085940 20000 1.000000
242.818000 33.835700 -9.171 4.739 0.189 0.219 0.049681 20000 1.000000
243.506000 33.819200 -7.12 1.77 0.175 0.21 0.051977 20000 1.000000
242.193000 34.091800 -10.517 4.872 0.175 0.222 0.029738 20000 1.000000
244.165000 31.313100 -12.066 7.113 0.168 0.198 0.042030 20000 1.000000
244.543000 32.377900 -8.804 6.096 0.167 0.199 0.050108 20000 1.000000
241.596000 33.743300 -11.204 7.254 0.167 0.204 0.045687 20000 1.000000
241.628000 33.779500 -10.735 6.849 0.207 0.256 0.047024 20000 1.000000
238.863000 36.161100 -11.628 8.717 0.175 0.215 0.074281 20000 1.000000
241.755000 34.628700 -7.956 3.209 0.185 0.229 0.009536 20000 1.000000
239.056000 39.974600 -9.626 -1.621 0.175 0.23 0.003270 20000 1.000000
242.317000 35.338700 -4.854 0.665 0.166 0.206 0.055851 20000 1.000000
240.280000 34.500000 -11.875 7.066 0.17 0.21 0.031711 20000 1.000000
243.375000 34.643900 -5.042 -0.006 0.169 0.204 0.039355 20000 1.000000
241.974000 34.019100 -10.013 3.923 0.189 0.23 -0.008756 20000 1.000000
239.475000 35.900000 -4.867 7.876 0.176 0.22 0.026300 20000 1.000000
241.807000 34.875100 -6.445 2.367 0.177 0.216 0.056641 20000 1.000000
240.816000 34.541500 -11.665 4.918 0.191 0.23 0.121614 20000 1.000000
244.877000 40.617200 -4.237 -1.302 0.167 0.225 0.054906 20000 1.000000
238.442000 37.666500 -5.737 0.217 0.166 0.212 0.028066 20000 1.000000
241.245000 34.459800 -10.197 5.816 0.186 0.235 0.058460 20000 1.000000
242.138000 34.205600 -9.893 4.598 0.216 0.226 -0.030865 20000 1.000000
239.775000 40.591700 -6.182 -2.026 0.172 0.231 0.027116 20000 1.000000
240.984000 41.868400 -4.455 -2.327 0.177 0.235 0.123739 20000 1.000000
243.701000 35.971300 -2.753 -2.114 0.177 0.212 0.008662 20000 1.000000
241.521000 34.438600 -9.502 3.538 0.196 0.241 0.014997 20000 1.000000
240.116000 39.314300 -7.929 -1.347 0.165 0.218 0.019946 20000 1.000000
244.022000 33.292200 -6.096 1.968 0.174 0.207 0.064812 20000 1.000000
240.476000 33.247900 -16.425 5.925 0.22 0.279 0.025652 20000 1.000000
240.936000 34.319900 -11 6.5 0.167 0.204 0.049753 20000 1.000000
241.354000 34.059300 -11.123 8.699 0.171 0.207 0.018683 20000 1.000000
242.151000 33.992700 -10.507 4.492 0.184 0.219 0.049427 20000 1.000000
239.935000 34.004300 -12.053 8.202 0.174 0.21 0.043590 20000 1.000000
239.640000 35.917400 -5.099 3.519 0.194 0.241 0.109518 20000 1.000000
241.585000 35.158200 -6.608 1.664 0.165 0.206 0.049284 20000 1.000000
243.923000 33.650600 -5.108 0.529 0.173 0.209 0.079883 20000 1.000000
239.867000 34.483500 -12.199 8.388 0.175 0.22 0.025557 20000 1.000000
243.839000 33.641200 -4.512 1.75 0.192 0.223 0.036164 20000 1.000000
242.951000 39.542200 -4.801 -1.98 0.175 0.22 0.140078 20000 1.000000
242.816000 38.097200 -3.88 -2.7 0.165 0.211 0.042609 20000 1.000000
241.669000 33.797800 -10.779 6.808 0.175 0.211 0.036559 20000 1.000000
241.163000 34.248000 -11.427 5.966 0.174 0.21 0.106901 20000 1.000000
235.849000 41.053900 -0.798 1.976 0.17 0.222 -0.001408 20000 1.000000
241.558000 34.069100 -10.111 6.053 0.187 0.218 0.089433 20000 1.000000
240.156000 34.413300 -9.169 8.796 0.194 0.219 -0.048813 20000 1.000000
241.198000 39.627100 -5.27 -1.189 0.168 0.219 0.061072 20000 1.000000
241.715000 34.024000 -10.835 7.82 0.244 0.294 0.190641 20000 1.000000
243.915000 33.030100 -9.587 4.727 0.169 0.204 0.055951 20000 1.000000
240.516000 34.851500 -11.841 4.798 0.182 0.222 0.050502 20000 1.000000
238.053000 38.394500 -7.449 3.067 0.173 0.225 -0.019363 20000 1.000000
241.780000 34.178600 -10.86 4.995 0.221 0.238 0.146518 20000 1.000000
241.486000 34.126400 -11.225 6.726 0.167 0.205 0.067082 20000 1.000000
241.516000 34.293200 -10.983 6.133 0.173 0.208 0.052307 20000 1.000000
239.384000 34.556300 -11.694 9.002 0.166 0.205 0.049190 20000 1.000000
241.879000 34.501500 -8.771 3.617 0.181 0.217 0.044907 20000 1.000000
241.706000 33.712600 -12.01 6.253 0.17 0.208 0.038898 20000 1.000000
242.807000 33.225000 -11.567 5.953 0.168 0.203 0.071264 20000 1.000000
241.346000 37.664300 -5.771 -1.906 0.175 0.224 0.062991 20000 1.000000
241.016000 35.010800 -7.487 1.479 0.19 0.231 0.016854 20000 1.000000
243.608000 33.934800 -4.883 1.24 0.206 0.245 0.008393 20000 1.000000
241.258000 34.568500 -8.871 4.168 0.182 0.222 0.174472 20000 1.000000
241.586000 34.259400 -10.563 4.853 0.198 0.244 0.023822 20000 1.000000
243.068000 34.669000 -5.07 0.426 0.186 0.225 -0.068376 20000 1.000000
241.572000 33.958200 -10.18 6.402 0.233 0.254 -0.269760 20000 1.000000
243.346000 33.955300 -6.924 2.574 0.174 0.208 0.029490 20000 1.000000
243.111000 35.425200 -4.38 2.149 0.183 0.223 0.033099 20000 1.000000
243.920000 35.287000 -4.114 -2.994 0.171 0.212 0.054440 20000 1.000000
