242.907000 34.116400 -9.1 2.971 1.509 0.932 -0.027178 20000 1.000000
242.555000 33.274300 -12.476 8.184 0.176 0.202 -0.011949 20000 1.000000
242.555000 33.274300 -12.508 8.108 0.171 0.197 -0.006065 20000 1.000000
243.571000 34.594300 -6.416 1.496 0.167 0.197 -0.001231 20000 1.000000
241.305000 34.824500 -9.168 4.523 0.264 0.308 -0.011565 20000 1.000000
242.675000 33.341900 -13.007 8.245 0.169 0.197 0.011257 20000 1.000000
242.524000 33.381100 -12.58 8.585 0.171 0.195 -0.007852 20000 1.000000
242.103000 34.126000 -11.847 6.651 0.225 0.243 -0.044154 20000 1.000000
242.795000 40.412800 -6.76 -1.237 0.165 0.209 -0.009802 20000 1.000000
240.970000 33.480500 -14.144 10.721 0.19 0.213 -0.040302 20000 1.000000
245.125000 42.605800 -4.587 -1.925 0.206 0.269 -0.004581 20000 1.000000
243.116000 34.264300 -9.441 3.222 0.193 0.228 0.040932 20000 1.000000
243.379000 37.039900 -6.287 -0.479 0.178 0.216 0.024585 20000 1.000000
244.002000 34.000500 -6.475 0.798 0.171 0.198 -0.026044 20000 1.000000
242.935000 33.578200 -11.686 7.693 0.183 0.21 -0.024822 20000 1.000000
243.920000 35.287000 -6.391 -1.158 0.172 0.203 -0.008659 20000 1.000000
245.285000 33.610400 -6.328 -2.541 1.837 0.956 -0.008864 20000 1.000000
243.947000 34.251400 -5.445 0.264 0.171 0.199 -0.008826 20000 1.000000
241.723000 34.184900 -12.183 7.837 0.195 0.224 0.022767 20000 1.000000
242.988000 34.918600 -7.076 2.69 0.17 0.2 0.012459 20000 1.000000
241.812000 34.292800 -11.603 6.193 0.263 0.273 -0.311024 20000 1.000000
242.156000 42.779500 -2.751 -0.464 0.178 0.232 -0.009812 20000 1.000000
240.653000 35.157300 -10.761 3.465 0.173 0.208 0.019312 20000 1.000000
235.437000 42.836100 -1.891 2.266 0.161 0.21 -0.012620 20000 1.000000
244.010000 33.655100 -7 1.348 0.178 0.208 0.026153 20000 1.000000
239.566000 35.939400 -8.668 4.956 0.167 0.201 -0.014284 20000 1.000000
239.569000 35.888400 -9.658 8.108 0.192 0.223 -0.002254 20000 1.000000
241.666000 33.311600 -14.321 10.633 0.167 0.194 0.006289 20000 1.000000
241.517000 33.445800 -13.506 10.371 0.17 0.2 -0.019396 20000 1.000000
241.370000 34.138600 -13.576 8.365 0.211 0.226 0.097137 20000 1.000000
242.329000 35.565300 -7.194 2.124 0.174 0.211 -0.006492 20000 1.000000
243.664000 34.829500 -6.511 0.443 0.185 0.208 -0.023230 20000 1.000000
241.974000 34.333400 -9.227 8.319 1.291 0.657 0.007612 20000 1.000000
242.172000 34.640500 -8.297 4.303 0.177 0.213 0.038061 20000 1.000000
241.063000 34.109600 -13.265 9.278 0.183 0.221 0.007674 20000 1.000000
241.873000 34.136700 -15.261 4.358 0.186 0.212 0.037042 20000 1.000000
242.576000 34.271200 4.362 -5.955 0.171 0.195 -0.008983 20000 1.000000
242.521000 34.313800 -8.204 4.343 1.209 0.646 0.021989 20000 1.000000
241.856000 34.530300 -10.928 5.722 0.183 0.207 -0.109351 20000 1.000000
242.291000 34.109900 -11.343 6.601 1.254 0.656 -0.010376 20000 1.000000
245.126000 40.558400 -5.908 -1.497 0.179 0.212 0.035966 20000 1.000000
244.877000 32.863500 -4.075 -0.127 1.171 0.638 -0.040840 20000 1.000000
244.272000 32.850500 -9.695 5.328 0.991 0.562 -0.006473 20000 1.000000
240.120000 34.414900 -13.781 9.831 0.168 0.197 -0.016973 20000 1.000000
242.427000 35.071700 -7.411 3.188 0.175 0.204 0.040244 20000 1.000000
239.249000 35.791600 -14.019 10.353 0.175 0.207 -0.019090 20000 1.000000
242.900000 34.039100 -10.268 7.258 1.054 0.617 -0.012382 20000 1.000000
240.275000 35.242100 -10.256 5.859 0.164 0.194 0.004941 20000 1.000000
244.265000 33.069800 -7.543 4.143 0.177 0.203 -0.005521 20000 1.000000
240.961000 34.168400 -12.932 9.323 0.172 0.201 0.022547 20000 1.000000
241.743000 33.861500 -11.69 9.637 1.236 0.652 -0.025950 20000 1.000000
241.476000 34.253600 -12.243 7.892 1.276 0.696 0.021802 20000 1.000000
240.629000 34.408100 -13.393 7.996 0.197 0.232 -0.018410 20000 1.000000
241.387000 34.516500 -12.36 6.208 0.176 0.203 -0.024974 20000 1.000000
243.630000 34.124100 -6.792 2.764 0.189 0.22 -0.074921 20000 1.000000
242.098000 34.082000 -11.668 7.33 1.324 0.677 -0.033700 20000 1.000000
241.603000 34.334000 -11.162 7.604 0.264 0.258 -0.166322 20000 1.000000
244.212000 33.389800 -7.72 1.355 0.18 0.207 -0.012918 20000 1.000000
242.154000 35.267500 -5.243 3.548 1.19 0.652 0.009657 20000 1.000000
241.873000 33.938300 -12.13 9.083 1.298 0.65 0.012992 20000 1.000000
242.588000 33.647700 -13.069 8.249 0.166 0.193 -0.001624 20000 1.000000
241.170000 34.946200 -6.929 5.662 0.178 0.214 0.006246 20000 1.000000
245.061000 39.345200 -5.421 -0.53 0.168 0.208 -0.010152 20000 1.000000
244.183000 40.914700 -6.444 -0.347 0.162 0.208 -0.005594 20000 1.000000
241.871000 33.583500 -12.246 9.891 0.343 0.366 -0.055662 20000 1.000000
242.574000 33.649100 -10.038 9.609 1.223 0.647 -0.023860 20000 1.000000
241.574000 34.703100 -10.251 10.741 1.431 0.888 -0.079018 20000 1.000000
242.474000 34.104200 -11.818 6.322 0.198 0.232 -0.016355 20000 1.000000
239.991000 34.733000 -13.235 9.908 0.172 0.199 0.025435 20000 1.000000
243.064000 34.093600 -7.475 3.812 0.195 0.282 0.059968 20000 1.000000
241.116000 34.356300 -12.949 8.922 0.173 0.199 -0.002814 20000 1.000000
246.195000 39.369400 -6.201 -0.609 0.173 0.211 -0.021642 20000 1.000000
244.200000 32.945000 -7.537 5.103 1.657 0.814 -0.041506 20000 1.000000
241.107000 34.800200 -12.213 6.684 0.177 0.207 0.008244 20000 1.000000
240.644000 40.416500 -5.882 -0.457 0.167 0.214 -0.038620 20000 1.000000
244.479000 33.274800 -6.821 -0.696 0.177 0.201 -0.013147 20000 1.000000
243.617000 34.291400 -5.075 2.103 1.175 0.656 -0.053593 20000 1.000000
245.173000 33.051100 -6.148 -0.763 0.175 0.202 -0.062002 20000 1.000000
244.340000 34.784000 -5.004 -0.973 0.209 0.249 -0.059717 20000 1.000000
245.810000 34.308600 -5.006 0.373 0.172 0.2 -0.019958 20000 1.000000
245.820000 40.640200 -4.563 -0.733 0.166 0.209 0.015356 20000 1.000000
239.584000 36.399000 -8.667 1.174 0.208 0.246 -0.033210 20000 1.000000
241.887000 34.047400 -10.601 8.344 1.802 0.919 -0.052943 20000 1.000000
242.701000 35.011500 -5.794 2.747 1.069 0.632 0.018216 20000 1.000000
243.570000 34.754800 -6.545 0.584 0.169 0.2 0.005026 20000 1.000000
242.999000 33.708100 -10.548 6.175 1.699 0.966 -0.030432 20000 1.000000
244.365000 33.705000 -6.321 0.055 0.194 0.232 -0.034063 20000 1.000000
239.520000 35.866700 -12.218 9.77 0.2 0.254 0.014189 20000 1.000000
242.155000 34.458200 -8.516 4.452 1.184 0.647 0.003066 20000 1.000000
239.598000 35.880800 -8.788 4.575 0.274 0.316 0.083730 20000 1.000000
240.812000 34.441200 -13.264 7.228 0.181 0.212 0.007824 20000 1.000000
244.089000 34.727300 -5.673 -0.159 0.174 0.205 0.006003 20000 1.000000
243.779000 33.796800 -8.131 2.049 0.182 0.211 0.022627 20000 1.000000
244.855000 34.157600 -6.064 -0.58 0.169 0.199 0.020313 20000 1.000000
241.526000 35.662300 -7.835 2.217 0.175 0.207 -0.073872 20000 1.000000
242.045000 34.449100 -10.157 5.344 0.167 0.203 -0.014332 20000 1.000000
240.992000 34.398500 -13.338 6.985 0.172 0.202 -0.015144 20000 1.000000
243.827000 33.925400 -7.371 1.055 0.191 0.218 0.003734 20000 1.000000
243.241000 33.236000 -15.013 8.728 1.468 0.771 -0.003899 20000 1.000000
242.165000 34.485500 -9.411 4.741 0.981 0.606 -0.061456 20000 1.000000
242.609000 33.744200 -12.191 7.58 0.194 0.218 0.077700 20000 1.000000
242.555000 33.817400 -10.631 8.525 1.55 0.909 -0.035794 20000 1.000000
243.060000 35.090200 -7.056 1.727 0.173 0.202 -0.001947 20000 1.000000
239.553000 34.691000 -13.671 12.152 1.27 0.659 -0.026011 20000 1.000000
242.246000 34.133300 -12.164 6.659 0.174 0.202 0.021796 20000 1.000000
239.406000 35.828700 -12.453 9.559 0.174 0.209 0.017639 20000 1.000000
242.454000 34.314900 -11.929 5.891 0.351 0.425 0.059051 20000 1.000000
241.970000 34.527100 -10.953 5.63 0.176 0.212 -0.045495 20000 1.000000
240.896000 34.733600 -12.256 6.134 1.593 0.925 -0.045596 20000 1.000000
239.557000 35.832600 -11.926 9.316 0.17 0.203 0.000489 20000 1.000000
242.563000 33.856800 -11.963 7.804 0.172 0.197 -0.012443 20000 1.000000
238.778000 42.418300 -6.389 -1.555 0.244 0.343 0.029888 20000 1.000000
244.021000 36.632500 -5.113 -1.085 0.168 0.204 0.029528 20000 1.000000
239.649000 34.038300 -13.65 12.234 0.174 0.203 -0.033315 20000 1.000000
243.904000 40.148400 -5.702 -1.573 0.172 0.219 -0.083456 20000 1.000000
242.682000 33.918400 -11.317 6.932 0.171 0.198 0.005052 20000 1.000000
239.566000 35.969500 -8.621 4.644 0.177 0.202 -0.047697 20000 1.000000
244.588000 40.710700 -6.045 -1.465 0.168 0.223 -0.016201 20000 1.000000
241.122000 34.295500 -13.702 8.367 0.192 0.22 0.007631 20000 1.000000
243.352000 34.038500 -9.548 5.116 0.216 0.255 0.098227 20000 1.000000
242.790000 34.230800 -12.984 2.278 0.781 0.702 0.325993 20000 1.000000
245.381000 34.767700 -7.38 -0.52 0.181 0.213 -0.017049 20000 1.000000
242.491000 39.685600 -6.32 -1.255 0.17 0.212 -0.005973 20000 1.000000
240.859000 34.498700 -13.316 6.764 0.168 0.196 -0.001421 20000 1.000000
243.932000 34.141000 -5.906 0.78 0.171 0.198 0.014659 20000 1.000000
242.653000 33.240700 -12.576 9.872 0.2 0.212 -0.159546 20000 1.000000
244.082000 34.369900 -5.785 -0.025 0.171 0.203 -0.039166 20000 1.000000
243.695000 34.427700 -6.463 0.842 0.173 0.206 -0.028872 20000 1.000000
243.708000 34.533000 -5.728 1.413 0.181 0.206 -0.018530 20000 1.000000
243.185000 34.674900 -8.145 1.933 0.181 0.213 0.085143 20000 1.000000
241.793000 34.128800 -11.426 7.851 1.629 0.886 -0.034085 20000 1.000000
240.647000 34.683400 -12.931 5.496 0.198 0.229 -0.022770 20000 1.000000
242.814000 39.521100 -6.365 -0.882 0.17 0.209 -0.005579 20000 1.000000
245.995000 32.722500 -5.511 0.159 0.177 0.202 0.027379 20000 1.000000
244.721000 39.910200 -5.766 -1.221 0.183 0.216 0.002814 20000 1.000000
245.543000 36.154200 -5.689 -0.022 0.169 0.2 -0.009325 20000 1.000000
245.180000 41.724200 -6.119 -1.02 0.168 0.214 -0.042250 20000 1.000000
242.670000 41.428700 -5.948 -1.793 0.166 0.214 0.005306 20000 1.000000
235.925000 40.876300 -2.392 3.044 0.219 0.268 0.040991 20000 1.000000
236.274000 38.928300 -11.145 11.525 0.164 0.203 -0.005087 20000 1.000000
237.585000 40.997600 -6.556 0.305 0.193 0.254 -0.080098 20000 1.000000
243.830000 32.616500 -13.753 8.075 0.169 0.195 -0.014687 20000 1.000000
238.997000 35.551800 -13.317 11.173 0.171 0.205 0.013919 20000 1.000000
242.015000 39.305600 -5.983 -0.6 0.174 0.218 -0.038345 20000 1.000000
242.395000 39.287900 -6.58 -0.711 0.17 0.208 -0.017223 20000 1.000000
243.576000 39.500500 -5.553 -0.598 0.17 0.218 0.011780 20000 1.000000
243.950000 39.546400 -6.274 -1.404 0.169 0.207 0.016089 20000 1.000000
244.111000 39.374200 -6.26 -0.88 0.166 0.207 0.011634 20000 1.000000
244.487000 39.536100 -5.848 -1.063 0.165 0.208 -0.008998 20000 1.000000
244.568000 39.388600 -3.944 -0.314 0.161 0.202 -0.006293 20000 1.000000
242.120000 40.433400 -6.477 -0.559 0.167 0.211 0.025189 20000 1.000000
245.308000 39.255200 -5.65 -1.316 0.171 0.209 0.042294 20000 1.000000
245.723000 39.119400 -4.55 -0.152 0.178 0.226 -0.006195 20000 1.000000
246.129000 39.067300 -6.182 -0.925 0.298 0.358 -0.023792 20000 1.000000
246.495000 39.268900 -6.135 -0.856 0.164 0.21 0.010044 20000 1.000000
242.532000 40.320600 -6.428 -0.587 0.172 0.213 -0.047975 20000 1.000000
246.946000 40.494000 -6.006 -1.011 0.162 0.209 0.008755 20000 1.000000
243.264000 40.495500 -5.853 -2.48 0.245 0.302 -0.021532 20000 1.000000
243.721000 40.363200 -6.241 -2.084 0.163 0.208 0.013919 20000 1.000000
240.200000 39.572800 -8.289 0.225 0.166 0.208 -0.016592 20000 1.000000
242.469000 36.614300 -5.138 1.305 0.17 0.204 -0.014601 20000 1.000000
242.593000 36.804200 -5.985 -1.024 0.162 0.196 -0.003162 20000 1.000000
242.006000 36.606000 -6.268 1.126 0.174 0.204 0.080746 20000 1.000000
242.296000 37.200800 -5.73 -0.143 0.167 0.203 0.001221 20000 1.000000
240.463000 39.698400 -7.991 -0.287 0.175 0.218 -0.013671 20000 1.000000
240.694000 39.795600 -7.184 -1.29 0.174 0.222 0.045454 20000 1.000000
241.126000 39.838800 -6.856 -1.077 0.174 0.214 -0.026825 20000 1.000000
241.316000 39.888900 -6.981 -0.129 0.17 0.214 -0.019797 20000 1.000000
241.841000 39.212300 -6.501 -0.521 0.163 0.204 0.002546 20000 1.000000
246.706000 41.856800 -6.498 0.028 0.175 0.225 0.009685 20000 1.000000
246.958000 39.345100 -5.147 -0.482 0.168 0.208 -0.011595 20000 1.000000
246.988000 41.817300 -4.499 -1.382 0.164 0.211 -0.016247 20000 1.000000
246.722000 40.671300 -5.067 -0.838 0.17 0.215 -0.015423 20000 1.000000
240.400000 39.499200 -7.458 0.125 0.182 0.217 0.038038 20000 1.000000
240.931000 39.486100 -7.078 0.154 0.171 0.212 -0.000902 20000 1.000000
241.550000 39.133900 -6.609 0.046 0.167 0.207 0.001315 20000 1.000000
241.062000 39.268000 -7.08 -0.465 0.168 0.209 -0.019727 20000 1.000000
241.649000 39.454700 -6.8 -0.398 0.169 0.209 0.041806 20000 1.000000
241.995000 38.728800 -5.903 -0.252 0.168 0.206 0.000885 20000 1.000000
241.540000 38.724600 -6.926 -1.112 0.187 0.23 0.001111 20000 1.000000
241.070000 38.980900 -6.752 -0.105 0.162 0.208 0.004487 20000 1.000000
240.985000 38.704600 13.777 16.313 0.195 0.23 -0.018416 20000 1.000000
240.541000 38.761400 -7.77 0.939 0.181 0.214 -0.084634 20000 1.000000
240.523000 40.779800 -6.791 -0.808 0.195 0.235 0.072863 20000 1.000000
240.990000 40.242200 -4.757 0.11 0.188 0.217 -0.081516 20000 1.000000
240.278000 39.908200 -7.936 -0.408 0.167 0.211 0.032063 20000 1.000000
239.307000 38.829200 -7.2 1.327 0.186 0.212 0.092538 20000 1.000000
239.614000 39.046600 -8.008 2.048 0.187 0.225 -0.042300 20000 1.000000
240.189000 39.123500 -8.622 0.398 0.17 0.212 -0.069743 20000 1.000000
239.107000 39.466700 -12.53 1.982 0.358 0.424 0.026442 20000 1.000000
240.376000 41.357700 -6.588 -0.51 0.169 0.217 -0.001206 20000 1.000000
239.716000 39.937400 -7.958 0.198 0.16 0.202 -0.007564 20000 1.000000
239.194000 40.418600 -7.435 -0.65 0.212 0.257 0.040254 20000 1.000000
239.923000 40.288900 -7.294 -0.1 0.167 0.21 0.003507 20000 1.000000
235.692000 40.247500 -10.767 9.316 0.196 0.247 0.006441 20000 1.000000
235.867000 40.551300 -4.228 4.888 0.192 0.241 -0.001326 20000 1.000000
235.787000 40.637400 -3.157 5.052 0.19 0.237 -0.006721 20000 1.000000
235.943000 40.219600 -9.114 4.937 0.169 0.213 0.012775 20000 1.000000
236.307000 40.119300 -9.798 4.045 0.179 0.227 0.024044 20000 1.000000
238.207000 36.485500 -13.698 9.9 0.168 0.2 -0.000637 20000 1.000000
238.710000 35.945700 -14.88 10 0.17 0.203 0.046512 20000 1.000000
238.949000 36.302100 -12.86 11.202 0.168 0.202 0.015306 20000 1.000000
238.865000 36.425900 -13.078 10.654 0.167 0.201 0.009173 20000 1.000000
237.668000 37.534500 -11.937 8.312 0.209 0.221 -0.096329 20000 1.000000
237.623000 37.914500 -10.573 7.19 0.174 0.212 -0.001895 20000 1.000000
236.819000 38.495000 -9.939 9.662 0.168 0.21 -0.065334 20000 1.000000
236.291000 39.117200 -10.674 8.907 0.168 0.211 0.001814 20000 1.000000
236.652000 38.987400 -9.297 7.451 0.176 0.213 0.072004 20000 1.000000
236.796000 39.242000 -8.908 4.1 0.166 0.206 -0.003659 20000 1.000000
236.368000 42.275400 -6.332 -0.138 0.173 0.22 -0.000452 20000 1.000000
236.895000 39.319700 -8.597 3.639 0.171 0.211 0.036407 20000 1.000000
237.041000 38.664700 -10.276 7.56 0.216 0.27 0.125395 20000 1.000000
237.233000 38.428600 -7.906 8.003 0.168 0.21 0.003651 20000 1.000000
237.548000 38.239800 -8.355 5.214 0.172 0.211 0.002810 20000 1.000000
237.083000 38.866100 -7.522 3.635 0.162 0.202 -0.006082 20000 1.000000
237.037000 39.398100 -8.914 -1.32 0.378 0.468 -0.055356 20000 1.000000
237.424000 38.777800 -8.386 2.772 0.17 0.221 -0.042365 20000 1.000000
237.281000 39.260000 -7.775 3.156 0.168 0.206 0.030172 20000 1.000000
237.696000 39.109300 -8.228 0.796 0.173 0.212 -0.014818 20000 1.000000
237.873000 37.069200 -12.932 11.247 0.206 0.239 0.210044 20000 1.000000
238.137000 36.962000 -12.174 9.837 0.196 0.225 -0.023495 20000 1.000000
238.009000 37.201700 -11.507 7.489 0.196 0.229 -0.071697 20000 1.000000
238.203000 37.001000 -10.631 9.032 0.263 0.283 0.102642 20000 1.000000
238.274000 37.002400 -11.293 7.836 0.182 0.225 0.024550 20000 1.000000
238.349000 37.104500 -10.622 6.787 0.205 0.226 -0.122186 20000 1.000000
238.286000 37.203500 -9.52 7.348 0.175 0.207 0.050281 20000 1.000000
237.786000 37.329900 -12.024 10.564 0.166 0.201 0.014627 20000 1.000000
237.901000 37.336900 -11.952 7.05 0.225 0.29 -0.014157 20000 1.000000
237.900000 37.722000 -9.291 5.504 0.164 0.2 -0.008566 20000 1.000000
237.781000 37.863900 -7.284 6.355 0.172 0.217 0.016608 20000 1.000000
237.942000 37.713900 -9.655 4.977 0.19 0.227 -0.079523 20000 1.000000
238.174000 37.336800 -9.061 7.158 0.167 0.204 -0.011548 20000 1.000000
238.210000 37.533000 -8.062 3.424 0.168 0.204 0.010460 20000 1.000000
238.313000 37.601800 -7.466 0.996 0.173 0.208 0.042544 20000 1.000000
238.022000 37.749400 -8.45 5.04 0.169 0.205 -0.006261 20000 1.000000
238.214000 37.819000 -6.088 2.436 0.177 0.212 0.004631 20000 1.000000
238.095000 36.621700 -12.99 10.155 0.167 0.203 -0.017577 20000 1.000000
238.421000 36.724000 -12.345 10.71 0.167 0.201 -0.008981 20000 1.000000
238.580000 36.800400 -10.671 6.791 0.167 0.201 -0.009281 20000 1.000000
238.409000 36.858500 -12.95 9.612 0.168 0.203 -0.017112 20000 1.000000
238.459000 36.814300 -12.499 9.591 0.172 0.205 0.005897 20000 1.000000
238.445000 36.903500 -14.047 8.099 0.171 0.203 -0.022331 20000 1.000000
238.613000 36.637000 -12.196 10.219 0.178 0.212 -0.069971 20000 1.000000
238.458000 37.007800 -11.646 5.671 0.169 0.214 0.016350 20000 1.000000
238.426000 37.213000 -8.389 2.984 0.167 0.201 0.004507 20000 1.000000
238.665000 36.918200 -7.314 3.101 0.165 0.2 0.003818 20000 1.000000
238.645000 37.010800 -8.174 2.466 0.177 0.217 -0.033922 20000 1.000000
240.294000 37.713100 -6.69 4.159 0.172 0.211 -0.019943 20000 1.000000
238.812000 36.559500 -13.986 9.79 0.164 0.197 -0.007695 20000 1.000000
238.131000 37.975600 -5.079 3.018 0.165 0.203 0.006423 20000 1.000000
238.936000 36.611600 -7.048 1.971 0.163 0.197 -0.001359 20000 1.000000
238.732000 36.950000 -8.191 2.488 0.167 0.203 0.018415 20000 1.000000
238.652000 36.811400 -7.8 3.705 0.168 0.204 -0.007748 20000 1.000000
238.942000 37.169600 -8.819 1.717 0.172 0.208 0.006018 20000 1.000000
238.347000 37.478400 -7.602 2.286 0.185 0.224 0.002667 20000 1.000000
238.531000 37.489600 -7.001 0.11 0.164 0.2 -0.009084 20000 1.000000
238.675000 37.581900 -8.1 0.692 0.169 0.208 -0.015008 20000 1.000000
238.395000 37.932000 -6.838 1.607 0.166 0.204 -0.006344 20000 1.000000
238.536000 37.755300 -8.625 2.411 0.169 0.205 -0.002513 20000 1.000000
238.717000 37.385400 -6.631 1.041 0.169 0.209 -0.017460 20000 1.000000
237.782000 38.153000 -8.739 1.989 0.164 0.203 -0.021638 20000 1.000000
237.904000 38.025100 -9.013 3.18 0.174 0.212 -0.068222 20000 1.000000
237.805000 38.444200 -7.453 2.635 0.178 0.23 0.004422 20000 1.000000
237.645000 38.999500 -8.564 -1.199 0.303 0.335 0.076040 20000 1.000000
238.905000 38.645300 -8.111 1.187 0.165 0.203 -0.004357 20000 1.000000
239.652000 35.544100 -13.698 9.41 0.175 0.207 -0.008696 20000 1.000000
239.611000 35.841100 -12.549 8.892 0.176 0.206 -0.030733 20000 1.000000
239.655000 35.837800 -9.571 4.983 0.172 0.21 0.000077 20000 1.000000
239.715000 35.806700 -9.468 4.5 0.181 0.217 -0.013180 20000 1.000000
239.093000 35.933300 -13.342 9.763 0.166 0.2 -0.002868 20000 1.000000
239.019000 36.417200 -7.995 3.778 0.166 0.201 -0.000367 20000 1.000000
239.147000 36.515900 -8.439 1.645 0.175 0.214 -0.024415 20000 1.000000
239.302000 36.024800 -13.624 10.226 0.166 0.207 0.001853 20000 1.000000
239.121000 36.140200 -13.043 9.915 0.168 0.2 -0.002891 20000 1.000000
239.251000 36.106800 -13.762 9.648 0.163 0.196 0.001606 20000 1.000000
239.272000 36.178900 -7.17 3.167 0.164 0.196 0.001890 20000 1.000000
239.355000 35.922800 -14.199 10.552 0.166 0.198 -0.013906 20000 1.000000
239.525000 36.007500 -12.852 5.037 0.2 0.218 -0.030694 20000 1.000000
239.457000 36.089400 -5.411 5.956 0.165 0.198 -0.000257 20000 1.000000
239.560000 36.123200 -8.164 4.567 0.165 0.199 -0.002563 20000 1.000000
239.158000 35.697100 -12.853 9.751 0.171 0.199 0.042343 20000 1.000000
239.637000 36.051700 -8.344 1.86 0.169 0.198 -0.003399 20000 1.000000
239.448000 35.974100 -12.401 9.152 0.182 0.209 -0.052046 20000 1.000000
239.706000 36.015800 -8.735 1.526 0.167 0.2 -0.014336 20000 1.000000
239.723000 36.304400 -10.208 2.115 0.168 0.202 -0.000331 20000 1.000000
239.257000 36.806300 -8.939 2.191 0.167 0.204 -0.004046 20000 1.000000
239.803000 37.352200 -7.866 1.31 0.178 0.218 -0.013590 20000 1.000000
239.356000 37.795200 -8.354 1.31 0.175 0.207 -0.014897 20000 1.000000
240.160000 37.901100 -9.525 -0.207 0.188 0.212 -0.106694 20000 1.000000
239.049000 38.090000 -6.904 1.288 0.17 0.209 -0.012074 20000 1.000000
239.666000 38.735600 -7.636 0.793 0.193 0.217 0.052156 20000 1.000000
241.480000 37.177600 -9.203 -0.075 0.164 0.199 0.003783 20000 1.000000
236.283000 39.863600 -10.668 5.357 0.205 0.25 -0.099587 20000 1.000000
236.448000 39.905700 -9.379 2.686 0.199 0.259 -0.049070 20000 1.000000
236.628000 39.452400 -8.932 3.132 0.168 0.213 0.014911 20000 1.000000
236.705000 39.707100 -9.837 1.322 0.179 0.221 -0.055833 20000 1.000000
236.813000 39.492800 -9.753 2.212 0.18 0.244 0.034388 20000 1.000000
236.817000 39.962100 -7.397 0.502 0.183 0.233 -0.044394 20000 1.000000
236.344000 40.256800 -8.983 2.405 0.168 0.213 0.026861 20000 1.000000
236.117000 41.151700 -3.397 1.686 0.171 0.215 0.018749 20000 1.000000
236.301000 40.575300 -6.223 1.829 0.176 0.221 0.075579 20000 1.000000
236.427000 40.478900 -5.936 0.781 0.208 0.257 0.201056 20000 1.000000
236.548000 40.082200 -8.676 1.549 0.162 0.205 0.001265 20000 1.000000
236.864000 40.324100 -7.166 0.929 0.162 0.206 -0.011814 20000 1.000000
236.676000 40.732900 -4.885 1.978 0.164 0.208 -0.030373 20000 1.000000
236.826000 40.546700 -6.023 1.233 0.199 0.253 -0.023558 20000 1.000000
237.024000 39.621400 -6.753 1.925 0.179 0.211 0.052848 20000 1.000000
237.264000 39.493600 -5.65 4.046 0.163 0.203 -0.018147 20000 1.000000
237.126000 39.726200 -6.91 0.639 0.169 0.214 0.041315 20000 1.000000
237.077000 40.747600 -5.974 -0.195 0.173 0.217 -0.019649 20000 1.000000
237.332000 40.034100 -8.21 0.596 0.234 0.29 -0.019921 20000 1.000000
236.666000 40.887100 -5.064 1.007 0.162 0.207 -0.000466 20000 1.000000
237.729000 40.271200 -5.937 0.29 0.178 0.22 -0.078532 20000 1.000000
239.132000 39.794700 -6.387 0.248 0.166 0.212 -0.042359 20000 1.000000
239.052000 41.183300 -6.118 -0.489 0.165 0.214 -0.031214 20000 1.000000
237.681000 40.731100 -5.449 1.745 0.205 0.235 0.046149 20000 1.000000
235.774000 42.209100 -1.988 0.497 0.171 0.214 0.005068 20000 1.000000
236.617000 42.503500 -6.032 -1.408 0.167 0.216 -0.005237 20000 1.000000
237.344000 42.191000 -8.072 -2 0.175 0.227 -0.044682 20000 1.000000
238.220000 42.259700 -8.015 -0.758 0.164 0.209 -0.013247 20000 1.000000
239.622000 42.468800 -5.375 -2.805 0.166 0.218 -0.044020 20000 1.000000
241.588000 42.254600 -5.349 -0.702 0.161 0.21 -0.010219 20000 1.000000
243.371000 36.071300 -5.818 0.34 0.175 0.213 0.052926 20000 1.000000
242.835000 36.022500 -5.836 0.903 0.174 0.202 -0.013050 20000 1.000000
242.590000 36.159000 -6.247 0.81 0.176 0.21 0.038655 20000 1.000000
241.868000 36.466800 -9.205 3.121 0.188 0.231 -0.199293 20000 1.000000
242.211000 36.531200 -6.921 0.928 0.162 0.197 -0.008736 20000 1.000000
241.909000 36.570200 -5.603 2.541 0.188 0.211 -0.074346 20000 1.000000
241.882000 36.975700 -7.437 0.681 0.163 0.198 -0.000363 20000 1.000000
242.064000 37.231400 -6.261 -0.487 0.179 0.211 0.051516 20000 1.000000
242.606000 34.462400 -8.752 4.098 0.18 0.206 0.007128 20000 1.000000
242.459000 33.562100 -12.891 8.236 0.168 0.194 0.017220 20000 1.000000
242.895000 32.889200 -13.331 8.988 0.172 0.195 -0.018075 20000 1.000000
243.050000 32.733800 -13.219 8.88 0.165 0.19 -0.008957 20000 1.000000
242.756000 32.666400 -13.876 8.834 0.179 0.197 0.067990 20000 1.000000
242.810000 33.439600 -12.958 8.737 0.167 0.194 0.006284 20000 1.000000
242.928000 33.235700 -12.168 7.821 0.18 0.198 0.043779 20000 1.000000
243.217000 33.493300 -12.007 7.056 0.168 0.194 -0.003462 20000 1.000000
243.651000 32.976000 -12.799 8.26 0.173 0.198 -0.000697 20000 1.000000
243.989000 32.822200 -12.368 7.575 0.174 0.198 -0.051949 20000 1.000000
243.329000 33.240200 -12.37 7.782 0.178 0.202 -0.005045 20000 1.000000
243.431000 33.059200 -12.644 7.875 0.167 0.191 -0.016991 20000 1.000000
243.379000 33.375600 -11.894 7.231 0.172 0.198 0.032376 20000 1.000000
243.591000 33.210200 -11.728 7.56 0.182 0.211 0.001457 20000 1.000000
243.817000 33.213500 -11.227 5.585 0.168 0.193 -0.008856 20000 1.000000
243.921000 33.201000 -11.003 5.364 0.169 0.194 0.001877 20000 1.000000
243.888000 33.296200 -10.646 3.622 0.172 0.198 -0.060339 20000 1.000000
243.574000 33.523500 -10.325 4.21 0.18 0.203 0.052430 20000 1.000000
243.773000 33.574700 -8.943 4.321 0.177 0.212 0.012705 20000 1.000000
244.031000 32.887000 -12.54 6.692 0.172 0.197 -0.003902 20000 1.000000
244.175000 32.954700 -9.82 5.52 0.17 0.194 -0.010455 20000 1.000000
244.268000 32.759700 -12.337 5.518 0.177 0.205 -0.001182 20000 1.000000
244.404000 32.750600 -10.833 6.641 0.188 0.206 -0.005078 20000 1.000000
244.423000 32.834700 -9.761 5.567 0.176 0.201 -0.005124 20000 1.000000
244.430000 32.898400 -8.737 5.555 0.176 0.201 0.006899 20000 1.000000
244.700000 32.690000 -6.25 0.894 0.17 0.195 -0.016314 20000 1.000000
244.602000 32.875800 -5.517 0.074 0.177 0.204 0.007833 20000 1.000000
244.578000 32.982500 -5.718 0.388 0.175 0.201 0.016164 20000 1.000000
244.280000 32.948900 -10.068 5.656 0.174 0.198 -0.005593 20000 1.000000
244.234000 33.516400 -6.645 1.832 0.179 0.206 0.045020 20000 1.000000
244.313000 33.423900 -6.59 0.316 0.177 0.202 0.038936 20000 1.000000
244.571000 33.247800 -5.722 -0.508 0.173 0.2 -0.012460 20000 1.000000
244.657000 33.143600 -5.16 -0.337 0.171 0.197 -0.012412 20000 1.000000
244.704000 33.886900 -5.609 -0.427 0.179 0.201 -0.002912 20000 1.000000
240.305000 37.562600 -9.301 -0.574 0.181 0.208 0.095040 20000 1.000000
239.350000 34.907300 -13.59 12.117 0.165 0.195 -0.005636 20000 1.000000
239.590000 35.010700 -13.003 10.848 0.172 0.2 -0.000769 20000 1.000000
239.760000 34.870600 -14.389 9.466 0.169 0.196 0.019364 20000 1.000000
239.617000 35.106200 -13.69 9.698 0.176 0.204 0.072339 20000 1.000000
241.822000 34.376400 -11.519 6.099 0.18 0.208 -0.017175 20000 1.000000
239.925000 35.020000 -13.864 6.217 0.164 0.193 -0.002016 20000 1.000000
240.208000 34.507800 -14.489 9.297 0.171 0.195 0.001987 20000 1.000000
240.384000 34.630500 -14.724 7.407 0.163 0.192 0.000197 20000 1.000000
240.185000 34.888600 -11.888 10.237 0.163 0.193 0.002240 20000 1.000000
240.464000 35.086600 -10.099 6.212 0.164 0.194 -0.000791 20000 1.000000
239.192000 35.425800 -12.732 11.31 0.167 0.198 -0.019829 20000 1.000000
239.455000 35.327800 -13.494 9.364 0.17 0.203 0.055270 20000 1.000000
239.520000 35.624800 -13.971 6.674 0.168 0.202 0.013681 20000 1.000000
239.463000 35.792700 -12.372 9.834 0.169 0.204 0.008286 20000 1.000000
239.733000 35.633800 -11.597 7.584 0.172 0.2 0.030635 20000 1.000000
239.629000 35.747900 -12.384 9.574 0.172 0.204 0.007251 20000 1.000000
237.762000 37.061200 -12.933 10.819 0.167 0.203 -0.002241 20000 1.000000
239.899000 35.235100 -13.244 8.619 0.189 0.213 0.044403 20000 1.000000
239.975000 35.279800 -11.895 8.122 0.175 0.212 -0.039322 20000 1.000000
240.065000 35.316800 -11.493 7.207 0.17 0.203 -0.009845 20000 1.000000
239.887000 35.534200 -10.68 7.163 0.168 0.202 -0.002195 20000 1.000000
239.818000 35.702700 -9.522 5.602 0.168 0.2 0.005477 20000 1.000000
239.869000 35.801300 -8.222 3.813 0.176 0.203 0.007580 20000 1.000000
239.999000 35.686700 -8.189 4.707 0.174 0.202 -0.053268 20000 1.000000
239.707000 35.688900 -11.317 8.22 0.167 0.199 -0.011196 20000 1.000000
240.287000 35.319000 -10.449 4.086 0.178 0.212 -0.019141 20000 1.000000
240.091000 35.934700 -7.262 3.195 0.167 0.198 0.004592 20000 1.000000
240.496000 34.466800 -12.918 8.936 0.164 0.192 0.000243 20000 1.000000
240.885000 34.660100 -12.567 6.256 0.173 0.201 0.054150 20000 1.000000
240.845000 34.856200 -10.294 1.67 0.248 0.333 -0.121863 20000 1.000000
239.755000 35.686700 -10.619 6.438 0.169 0.198 -0.007235 20000 1.000000
241.121000 34.835100 -10.529 4.944 0.167 0.197 0.010977 20000 1.000000
241.152000 34.792300 -11.432 4.42 0.173 0.207 0.000622 20000 1.000000
241.331000 34.695000 -8.677 6.192 0.173 0.204 0.053689 20000 1.000000
241.454000 34.771100 -9.379 4.926 0.17 0.201 0.010667 20000 1.000000
241.344000 34.944400 -9.083 3.307 0.174 0.205 -0.052871 20000 1.000000
241.388000 35.138600 -8.61 3.94 0.167 0.197 -0.028005 20000 1.000000
241.459000 34.821800 -8.783 4.024 0.176 0.203 -0.011647 20000 1.000000
241.876000 35.378000 -6.827 3.287 0.168 0.197 -0.013556 20000 1.000000
241.740000 35.667300 -6.637 2.287 0.174 0.201 0.010742 20000 1.000000
241.233000 36.231400 -7.855 3.198 0.172 0.201 0.054621 20000 1.000000
241.045000 36.585500 -7.416 2.311 0.163 0.198 -0.004366 20000 1.000000
241.740000 36.093100 -8.229 2.005 0.17 0.2 -0.015887 20000 1.000000
241.994000 35.038800 -7.383 3.676 0.168 0.197 0.006639 20000 1.000000
242.271000 34.509700 -9.391 4.815 0.169 0.198 -0.006660 20000 1.000000
242.451000 34.634300 -8.047 4.06 0.167 0.198 -0.014112 20000 1.000000
242.457000 34.987000 -7.413 3.595 0.172 0.2 0.027014 20000 1.000000
243.048000 33.892600 -9.917 5.605 0.173 0.202 -0.002725 20000 1.000000
243.454000 34.019300 -7.181 3.273 0.167 0.195 -0.012747 20000 1.000000
242.719000 34.534800 -7.993 4.068 0.196 0.207 -0.110399 20000 1.000000
241.969000 34.332200 -10.904 7.146 0.169 0.199 0.011284 20000 1.000000
242.635000 35.116800 -7.14 2.92 0.167 0.197 -0.015874 20000 1.000000
241.983000 35.152400 -7.064 3.557 0.167 0.198 -0.004894 20000 1.000000
242.697000 35.238500 -6.773 2.444 0.169 0.198 0.001243 20000 1.000000
242.795000 35.387900 -6.502 2.147 0.164 0.195 0.003112 20000 1.000000
242.610000 35.896700 -6.612 2.242 0.183 0.217 -0.033193 20000 1.000000
242.597000 35.697600 -7.244 1.48 0.167 0.198 -0.007280 20000 1.000000
243.111000 35.998200 -5.477 -0.09 0.177 0.202 -0.013097 20000 1.000000
243.112000 35.710600 -6.281 1.053 0.165 0.198 -0.000316 20000 1.000000
243.290000 34.192500 -7.841 3.168 0.17 0.197 -0.008662 20000 1.000000
243.463000 34.217200 -7.316 3.621 0.171 0.197 0.012823 20000 1.000000
243.788000 33.865800 -6.993 3 0.167 0.195 0.008595 20000 1.000000
243.920000 33.959300 -6.346 1.072 0.169 0.195 -0.007151 20000 1.000000
239.772000 35.729200 -9.184 4.92 0.17 0.2 0.013161 20000 1.000000
243.971000 34.716900 -5.751 -0.701 0.18 0.207 -0.044292 20000 1.000000
243.329000 34.936800 -6.566 1.158 0.172 0.205 0.009246 20000 1.000000
242.063000 34.341100 -10.982 6.342 0.183 0.222 -0.003739 20000 1.000000
243.120000 34.462100 -8.248 3.164 0.168 0.196 -0.005467 20000 1.000000
244.179000 33.741000 -5.758 0.601 0.19 0.216 -0.011730 20000 1.000000
243.107000 34.062700 -7.993 5.61 0.184 0.216 -0.038138 20000 1.000000
244.236000 34.425700 -5.278 -0.397 0.205 0.219 0.030717 20000 1.000000
244.350000 35.204800 -5.566 -0.087 0.172 0.202 -0.035445 20000 1.000000
242.685000 34.187400 -9.045 5.421 0.171 0.201 0.038484 20000 1.000000
242.950000 34.196200 -8.306 5.733 0.2 0.205 0.072057 20000 1.000000
244.750000 34.731800 -4.992 -0.866 0.214 0.251 -0.023153 20000 1.000000
243.237000 35.204600 -6.067 1.516 0.167 0.197 0.001575 20000 1.000000
242.107000 35.424600 -6.873 2.776 0.166 0.196 -0.011756 20000 1.000000
243.428000 35.320600 -5.609 -0.044 0.167 0.201 -0.002935 20000 1.000000
243.896000 35.141900 -5.778 -0.151 0.18 0.202 -0.035358 20000 1.000000
243.878000 35.526000 -6.237 -0.907 0.168 0.201 -0.014094 20000 1.000000
243.855000 35.785400 -4.666 0.028 0.167 0.199 -0.017757 20000 1.000000
244.456000 35.472800 -5.532 0.038 0.167 0.202 -0.005512 20000 1.000000
244.634000 35.163000 -3.977 0.244 0.188 0.219 -0.023057 20000 1.000000
245.401000 34.188900 -5.022 -0.647 0.172 0.201 -0.009459 20000 1.000000
245.035000 34.844400 -5.648 -0.518 0.17 0.199 -0.022863 20000 1.000000
244.762000 35.291100 -4.734 -0.912 0.168 0.2 -0.010844 20000 1.000000
241.000000 37.613000 -9.509 -3.741 0.169 0.205 -0.044030 20000 1.000000
241.084000 37.605300 -9.017 -2.406 0.173 0.221 -0.020026 20000 1.000000
240.914000 37.785700 -9.888 1.083 0.205 0.231 -0.126715 20000 1.000000
240.967000 37.913500 -9.948 1.362 0.163 0.2 -0.002534 20000 1.000000
240.974000 37.696600 -7.885 3.128 0.217 0.245 0.125134 20000 1.000000
240.862000 37.839300 -9.868 2.261 0.181 0.212 0.009628 20000 1.000000
240.853000 37.962800 -5.847 3.14 0.195 0.24 -0.023671 20000 1.000000
240.916000 37.914100 -9.481 1.009 0.166 0.201 -0.004827 20000 1.000000
241.056000 37.734300 -8.122 1.396 0.166 0.203 -0.008837 20000 1.000000
241.131000 37.654600 -7.328 0.083 0.167 0.206 -0.013126 20000 1.000000
241.040000 37.891700 -7.796 1.56 0.172 0.207 -0.012585 20000 1.000000
241.148000 37.878200 -7.404 2.139 0.166 0.202 -0.019215 20000 1.000000
241.183000 37.591400 -9.643 -2.334 0.17 0.218 0.061740 20000 1.000000
241.302000 37.561600 -7.76 -0.218 0.173 0.227 -0.012195 20000 1.000000
241.316000 37.495400 -9.154 -0.245 0.162 0.198 -0.004308 20000 1.000000
241.406000 37.541300 -7.722 0.793 0.18 0.218 -0.003179 20000 1.000000
241.180000 37.677000 -6.689 -0.082 0.165 0.202 -0.001596 20000 1.000000
241.232000 37.754400 -7.042 2.11 0.173 0.218 0.030682 20000 1.000000
240.981000 37.800000 -8.744 1.778 0.169 0.206 0.045109 20000 1.000000
241.264000 37.903500 -7.197 0.821 0.167 0.205 -0.019404 20000 1.000000
241.445000 37.891300 -6.725 0.173 0.177 0.207 0.069559 20000 1.000000
241.762000 37.589200 -6.657 -0.116 0.165 0.202 -0.005983 20000 1.000000
241.528000 37.737500 -7.708 0.912 0.171 0.206 0.016542 20000 1.000000
240.850000 38.057900 -10.223 1.457 0.183 0.22 0.006356 20000 1.000000
237.804000 41.344800 -8.318 -53.709 0.207 0.265 0.013940 20000 1.000000
237.706000 41.381200 -5.667 0.865 0.175 0.215 0.058561 20000 1.000000
237.809000 41.479200 -6.044 -0.717 0.644 0.86 -0.047838 20000 1.000000
237.687000 41.463600 -6.222 -0.38 0.167 0.224 -0.045430 20000 1.000000
237.847000 41.531900 -6.621 -0.314 0.312 0.361 0.070542 20000 1.000000
238.493000 41.711600 -6.473 -1.505 0.164 0.21 -0.007062 20000 1.000000
246.132000 42.878900 -6.216 -2.069 0.163 0.216 -0.019001 20000 1.000000
241.275000 37.380400 -12.388 -1.337 0.277 0.301 0.119043 20000 1.000000
241.439000 37.439500 -8.984 0.701 0.228 0.263 -0.014259 20000 1.000000
240.254000 37.088900 -7.759 2.288 0.169 0.204 0.039911 20000 1.000000
241.853000 37.280500 -6.649 0.177 0.167 0.204 0.010027 20000 1.000000
239.172000 41.359200 -5.995 -0.098 0.217 0.268 -0.066060 20000 1.000000
239.527000 41.332500 -6.324 -0.064 0.168 0.213 -0.000485 20000 1.000000
235.587000 42.442000 -3.023 2.059 0.168 0.218 -0.067880 20000 1.000000
235.707000 42.076600 -5.24 1.13 0.171 0.214 0.009005 20000 1.000000
238.120000 42.579800 -3.258 -2.338 0.168 0.214 -0.020443 20000 1.000000
240.341000 42.546100 -5.851 -2.444 0.165 0.216 -0.020144 20000 1.000000
242.275000 42.020200 -4.463 -0.093 0.166 0.214 -0.008566 20000 1.000000
243.404000 33.598200 -10.743 6.494 0.251 0.295 -0.144683 20000 1.000000
243.397000 33.495500 -10.54 5.742 0.174 0.204 0.007983 20000 1.000000
244.492000 32.829400 -8.459 5.629 0.173 0.197 -0.001700 20000 1.000000
237.579000 41.830800 -8.08 1.065 0.236 0.303 0.034361 20000 1.000000
236.019000 41.845500 -5.682 -0.313 0.184 0.266 -0.069117 20000 1.000000
238.521000 36.744300 -14.647 10.152 0.186 0.217 0.068384 20000 1.000000
239.528000 35.946600 -8.602 4.347 0.188 0.215 0.047955 20000 1.000000
239.485000 35.929100 -12.175 9.629 0.224 0.276 0.000189 20000 1.000000
236.427000 40.478800 -5.732 0.119 0.211 0.259 0.231742 20000 1.000000
237.036000 39.845700 -8.283 1.869 0.164 0.207 -0.024441 20000 1.000000
243.852000 34.508100 -5.563 0.291 0.165 0.194 -0.005153 20000 1.000000
245.241000 32.497900 -4.248 1.151 0.18 0.199 -0.002186 20000 1.000000
243.407000 33.537300 -9.471 6.844 0.182 0.212 0.049231 20000 1.000000
241.651000 34.021700 -12.443 8.549 0.176 0.21 0.023412 20000 1.000000
241.379000 34.836000 -8.905 5.352 0.171 0.201 -0.003802 20000 1.000000
241.983000 35.152400 -7.033 2.727 0.17 0.201 -0.008453 20000 1.000000
241.983000 35.152500 -6.679 3.815 0.17 0.2 -0.002427 20000 1.000000
235.946000 42.861900 -3.088 0.657 0.193 0.238 0.152037 20000 1.000000
242.968000 33.389000 -7.42 12.646 1.334 0.673 0.015694 20000 1.000000
243.936000 31.559100 -12.443 9.4 0.175 0.194 0.063458 20000 1.000000
238.728000 35.709000 -13.427 11.637 0.188 0.222 -0.017025 20000 1.000000
242.077000 34.508200 -9.428 4.965 0.175 0.204 0.003828 20000 1.000000
239.241000 36.186900 -7.573 4.771 0.18 0.21 0.049346 20000 1.000000
239.233000 36.180500 -13.336 10.035 0.172 0.203 0.001301 20000 1.000000
244.450000 32.490100 -11.543 7.948 0.173 0.205 -0.040292 20000 1.000000
242.305000 34.925400 -7.415 3.855 0.172 0.202 -0.039868 20000 1.000000
244.116000 32.417000 -13.812 8.708 0.167 0.191 -0.004957 20000 1.000000
243.076000 33.687100 -12.183 5.912 1.186 0.658 0.006552 20000 1.000000
239.522000 35.919900 -11.532 7.782 0.172 0.206 0.026514 20000 1.000000
242.818000 33.835700 -11.508 7.074 0.188 0.21 -0.007345 20000 1.000000
242.193000 34.091800 -10.609 6.037 1.138 0.657 -0.021166 20000 1.000000
244.165000 31.313100 -13.959 9.067 0.168 0.191 -0.017676 20000 1.000000
241.596000 33.743300 -13.076 11.164 1.252 0.648 -0.034460 20000 1.000000
241.628000 33.779500 -11.034 9.187 0.809 0.444 0.041825 20000 1.000000
238.863000 36.161100 -14.191 9.256 0.192 0.223 0.025022 20000 1.000000
239.056000 39.974600 -10.465 -0.964 0.197 0.244 -0.053993 20000 1.000000
243.849000 34.683200 -6.093 -0.101 0.171 0.202 -0.005443 20000 1.000000
242.317000 35.338700 -7.297 2.906 0.168 0.198 0.003233 20000 1.000000
240.280000 34.500000 -13.779 9.306 0.171 0.2 -0.002918 20000 1.000000
242.413000 33.444100 -11.082 7.746 0.196 0.219 0.014992 20000 1.000000
243.375000 34.643900 -6.259 2.055 0.172 0.197 -0.027874 20000 1.000000
241.974000 34.019100 -12.496 6.92 0.19 0.22 -0.043396 20000 1.000000
242.391000 33.674100 -17.004 11.679 1.224 0.655 -0.010611 20000 1.000000
242.445000 33.485800 -12.946 8.75 0.176 0.202 0.036907 20000 1.000000
239.475000 35.900000 1.731 7.847 0.178 0.216 -0.018402 20000 1.000000
241.807000 34.875100 -7.877 4.421 0.179 0.208 0.006289 20000 1.000000
240.816000 34.541500 -13.114 8.303 0.188 0.219 0.064547 20000 1.000000
244.877000 40.617200 -6.467 -0.806 0.167 0.218 0.005285 20000 1.000000
238.442000 37.666500 -8.358 1.919 0.168 0.205 -0.012483 20000 1.000000
241.245000 34.459800 -13.161 6.981 0.189 0.224 -0.016910 20000 1.000000
239.775000 40.591700 -6.494 -0.572 0.171 0.219 -0.034695 20000 1.000000
240.984000 41.868400 -6.315 -0.763 0.177 0.227 0.058764 20000 1.000000
243.701000 35.971300 -5.659 -0.121 0.183 0.21 -0.053889 20000 1.000000
241.521000 34.438600 -11.357 5.479 0.207 0.233 -0.057776 20000 1.000000
244.022000 33.292200 -8.337 3.934 0.172 0.197 -0.004169 20000 1.000000
240.936000 34.319900 -12.713 8.785 0.166 0.194 0.001354 20000 1.000000
241.354000 34.059300 -12.783 11.095 1.999 1.05 0.046225 20000 1.000000
242.151000 33.992700 -12.546 6.838 0.178 0.206 0.010565 20000 1.000000
239.935000 34.004300 -14.688 10.463 0.176 0.202 -0.010450 20000 1.000000
239.930000 34.607300 -12.411 11.097 1.222 0.665 -0.013601 20000 1.000000
239.640000 35.917400 -4.213 7.823 0.192 0.216 0.047774 20000 1.000000
241.585000 35.158200 -8.828 3.298 0.166 0.198 -0.004372 20000 1.000000
243.923000 33.650600 -8.166 2.733 0.173 0.202 0.028000 20000 1.000000
242.233000 33.549600 -12.399 8.27 0.195 0.208 -0.027348 20000 1.000000
243.770000 36.934800 -6.327 -1.391 0.164 0.199 0.013390 20000 1.000000
239.867000 34.483500 -13.795 9.693 0.174 0.207 -0.006542 20000 1.000000
243.839000 33.641200 -8.029 2.996 1.942 0.985 0.021603 20000 1.000000
246.368000 31.335500 -4.243 0.388 0.171 0.19 -0.023121 20000 1.000000
242.951000 39.542200 -6.459 -0.91 0.173 0.209 0.077233 20000 1.000000
242.816000 38.097200 -6.273 -0.951 0.166 0.204 -0.012181 20000 1.000000
241.669000 33.797800 -11.218 9.545 1.205 0.692 -0.015074 20000 1.000000
241.163000 34.248000 -14.027 8.671 0.175 0.202 0.054875 20000 1.000000
241.771000 34.878900 -8.098 4.058 1.235 0.659 -0.018252 20000 1.000000
241.198000 39.627100 -6.913 0.011 0.162 0.204 0.003073 20000 1.000000
243.915000 33.030100 -11.695 6.803 0.168 0.194 -0.008965 20000 1.000000
238.053000 38.394500 -8.364 1.781 0.169 0.21 -0.014357 20000 1.000000
241.780000 34.178600 -12.672 7.256 0.218 0.232 0.064744 20000 1.000000
241.486000 34.126400 -13.275 8.499 0.168 0.197 0.020725 20000 1.000000
241.516000 34.293200 -13.237 7.254 0.173 0.199 0.004083 20000 1.000000
239.384000 34.556300 -14.066 10.033 0.168 0.198 0.005296 20000 1.000000
241.879000 34.501500 -11.721 4.975 1.427 0.899 -0.020617 20000 1.000000
241.706000 33.712600 -11.988 9.733 1.266 0.656 0.006098 20000 1.000000
242.807000 33.225000 -12.999 8.185 0.167 0.192 0.008334 20000 1.000000
241.346000 37.664300 -7.368 -0.195 0.18 0.222 -0.023914 20000 1.000000
241.016000 35.010800 -8.905 3.406 0.185 0.224 -0.028682 20000 1.000000
241.648000 35.695000 -7.114 2.862 1.154 0.644 -0.042457 20000 1.000000
243.608000 33.934800 -7.272 4.531 2.041 1.125 -0.029364 20000 1.000000
241.258000 34.568500 -13.968 6.402 0.183 0.21 0.119070 20000 1.000000
241.586000 34.259400 -11.373 7.066 1.64 0.875 -0.031110 20000 1.000000
244.418000 33.038300 -9.309 2.83 0.948 0.526 -0.014000 20000 1.000000
243.068000 34.669000 -8.004 2.83 0.184 0.217 -0.107371 20000 1.000000
241.758000 35.695600 -4.956 3.545 1.592 0.86 0.075829 20000 1.000000
241.572000 33.958200 -11.718 9.627 1.384 0.716 -0.142531 20000 1.000000
244.421000 33.278800 -4.651 -1.207 0.891 0.527 -0.037218 20000 1.000000
243.346000 33.955300 -8.69 4.377 1.723 0.93 -0.046673 20000 1.000000
243.111000 35.425200 -6.947 5.427 0.184 0.218 -0.022074 20000 1.000000
243.532000 36.840400 -4.728 -0.902 0.163 0.199 0.012004 20000 1.000000
243.920000 35.287000 -6.39 -1.159 0.172 0.203 -0.008659 20000 1.000000
