242.907000 34.116400 -7.895 2.026 0.913 0.564 -0.053177 20000 1.000000
242.555000 33.274300 -12.467 8.398 0.175 0.203 -0.005452 20000 1.000000
242.555000 33.274300 -12.465 8.271 0.17 0.196 -0.001213 20000 1.000000
243.571000 34.594300 -5.942 1.407 0.166 0.196 -0.002491 20000 1.000000
241.305000 34.824500 -10.494 6.253 0.494 0.333 -0.008855 20000 1.000000
242.675000 33.341900 -12.708 8.285 0.167 0.196 0.012346 20000 1.000000
242.524000 33.381100 -12.588 8.166 0.17 0.194 -0.003001 20000 1.000000
242.103000 34.126000 -12.038 6.279 0.223 0.243 -0.043893 20000 1.000000
242.795000 40.412800 -5.436 -1.446 0.164 0.207 -0.009193 20000 1.000000
240.970000 33.480500 -13.479 9.838 0.188 0.209 -0.045033 20000 1.000000
245.125000 42.605800 -4.085 -2.238 0.211 0.274 -0.001750 20000 1.000000
243.116000 34.264300 -8.148 3.39 0.192 0.228 0.043261 20000 1.000000
243.379000 37.039900 -5.658 -0.737 0.177 0.217 0.027606 20000 1.000000
244.002000 34.000500 -6.229 0.504 0.17 0.197 -0.025465 20000 1.000000
242.935000 33.578200 -11.62 7.318 0.181 0.208 -0.024906 20000 1.000000
243.920000 35.287000 -6.056 -1.874 0.171 0.203 -0.005564 20000 1.000000
245.285000 33.610400 -10.483 -3.4 2.133 1.187 -0.030090 20000 1.000000
243.947000 34.251400 -4.992 0.304 0.171 0.199 -0.009377 20000 1.000000
241.723000 34.184900 -12.068 7.93 0.194 0.224 0.018592 20000 1.000000
242.988000 34.918600 -6.174 2.627 0.168 0.2 0.013744 20000 1.000000
241.812000 34.292800 -10.252 5.113 0.262 0.27 -0.320020 20000 1.000000
242.156000 42.779500 -1.947 -0.649 0.175 0.23 -0.011878 20000 1.000000
240.653000 35.157300 -10.295 3.35 0.171 0.206 0.017278 20000 1.000000
235.437000 42.836100 -1.061 3.941 0.16 0.209 -0.014166 20000 1.000000
244.010000 33.655100 -7.029 1.982 0.174 0.206 0.020427 20000 1.000000
239.566000 35.939400 -7.952 5.374 0.166 0.2 -0.015850 20000 1.000000
239.569000 35.888400 -10.296 8.747 0.19 0.222 -0.001091 20000 1.000000
241.666000 33.311600 -13.927 10.665 0.165 0.192 0.006487 20000 1.000000
241.517000 33.445800 -13.307 10.157 0.167 0.198 -0.017073 20000 1.000000
241.370000 34.138600 -12.435 8.389 0.209 0.224 0.095553 20000 1.000000
242.329000 35.565300 -6.144 2.446 0.173 0.21 -0.007127 20000 1.000000
243.664000 34.829500 -5.828 0.698 0.183 0.208 -0.022073 20000 1.000000
242.035000 34.244000 -10.775 4.003 0.213 0.26 -0.108141 20000 1.000000
241.974000 34.333400 -9.164 8.632 1.023 0.538 0.015150 20000 1.000000
242.172000 34.640500 -7.815 4.29 0.175 0.212 0.038264 20000 1.000000
241.063000 34.109600 -12.372 9.355 0.182 0.219 0.010142 20000 1.000000
241.873000 34.136700 -19.3 1.689 0.195 0.219 0.033283 20000 1.000000
242.576000 34.271200 8.157 -5.378 0.168 0.192 -0.007900 20000 1.000000
242.521000 34.313800 -7.727 4.718 0.9 0.531 0.049187 20000 1.000000
241.856000 34.530300 -10.877 4.859 0.193 0.219 -0.109319 20000 1.000000
242.291000 34.109900 -13.9 6.614 0.941 0.531 -0.038419 20000 1.000000
245.126000 40.558400 -5.359 -1.533 0.178 0.211 0.035646 20000 1.000000
244.877000 32.863500 -4.577 0.526 0.923 0.541 -0.042459 20000 1.000000
244.272000 32.850500 -10.843 5.58 1.044 0.545 0.007117 20000 1.000000
240.120000 34.414900 -14.409 9.087 0.167 0.196 -0.015388 20000 1.000000
242.427000 35.071700 -6.68 2.949 0.173 0.204 0.041027 20000 1.000000
239.249000 35.791600 -13.197 10.28 0.174 0.206 -0.018787 20000 1.000000
242.900000 34.039100 -7.588 6.373 0.815 0.514 -0.005103 20000 1.000000
240.275000 35.242100 -9.392 5.311 0.163 0.193 0.004042 20000 1.000000
244.265000 33.069800 -7.409 3.914 0.176 0.202 -0.000065 20000 1.000000
240.961000 34.168400 -13.451 9.067 0.171 0.2 0.020484 20000 1.000000
241.743000 33.861500 -12.687 9.48 0.954 0.536 -0.033901 20000 1.000000
241.476000 34.253600 -12.329 7.781 1.162 0.596 0.031866 20000 1.000000
240.629000 34.408100 -13.084 8.544 0.194 0.231 -0.020761 20000 1.000000
241.387000 34.516500 -11.696 5.943 0.176 0.203 -0.020952 20000 1.000000
243.630000 34.124100 -6.556 1.94 0.188 0.219 -0.077076 20000 1.000000
242.098000 34.082000 -15.336 8.475 1.068 0.552 -0.049581 20000 1.000000
241.603000 34.334000 -12.048 7.562 0.263 0.256 -0.166739 20000 1.000000
244.212000 33.389800 -7.008 1.867 0.178 0.205 -0.008308 20000 1.000000
242.154000 35.267500 -7.303 2.376 0.889 0.519 -0.026469 20000 1.000000
242.140000 34.413400 -9.913 6.128 0.183 0.231 -0.003864 20000 1.000000
241.873000 33.938300 -13.11 8.176 0.931 0.508 0.001433 20000 1.000000
242.588000 33.647700 -12.858 8.439 0.164 0.192 -0.002044 20000 1.000000
241.170000 34.946200 -7.557 7.951 0.176 0.213 0.005645 20000 1.000000
245.061000 39.345200 -5.302 -0.597 0.167 0.208 -0.009599 20000 1.000000
244.183000 40.914700 -5.781 -0.683 0.16 0.207 -0.007075 20000 1.000000
241.871000 33.583500 -10.974 8.637 0.318 0.335 -0.054156 20000 1.000000
242.574000 33.649100 -12.567 8.946 0.949 0.527 -0.041559 20000 1.000000
241.574000 34.703100 -9.501 7.354 0.844 0.558 -0.029663 20000 1.000000
242.474000 34.104200 -11.18 6.093 0.198 0.23 -0.018977 20000 1.000000
239.991000 34.733000 -13.07 10.079 0.17 0.198 0.024949 20000 1.000000
243.064000 34.093600 -6.511 4.758 0.188 0.27 0.060811 20000 1.000000
241.116000 34.356300 -12.695 8.482 0.172 0.198 -0.002392 20000 1.000000
246.195000 39.369400 -5.883 -1.136 0.172 0.21 -0.020626 20000 1.000000
244.200000 32.945000 -6.044 3.922 1.514 0.754 -0.027449 20000 1.000000
241.107000 34.800200 -11.076 5.568 0.175 0.206 0.016132 20000 1.000000
240.644000 40.416500 -4.629 0.1 0.166 0.214 -0.038615 20000 1.000000
244.479000 33.274800 -6.032 -0.631 0.175 0.199 -0.010448 20000 1.000000
243.617000 34.291400 -7.568 2.179 0.958 0.537 -0.015538 20000 1.000000
245.173000 33.051100 -6.27 -1.423 0.173 0.2 -0.060401 20000 1.000000
244.340000 34.784000 -4.681 -1.287 0.196 0.234 -0.057330 20000 1.000000
245.810000 34.308600 -4.423 0.17 0.172 0.2 -0.021234 20000 1.000000
245.820000 40.640200 -6.352 -0.34 0.166 0.21 0.016209 20000 1.000000
239.584000 36.399000 -8.228 1.871 0.205 0.242 -0.032664 20000 1.000000
241.887000 34.047400 -10.323 7.788 1.488 0.768 -0.039101 20000 1.000000
242.701000 35.011500 -4.534 2.809 1.393 0.752 0.026509 20000 1.000000
243.570000 34.754800 -6.026 0.47 0.169 0.199 0.005709 20000 1.000000
242.999000 33.708100 -13.521 7.719 1.369 0.781 -0.011794 20000 1.000000
244.365000 33.705000 -5.949 0.709 0.194 0.232 -0.037315 20000 1.000000
239.520000 35.866700 -11.496 9.244 0.196 0.248 0.014552 20000 1.000000
242.155000 34.458200 -9.406 5.303 0.976 0.551 -0.044957 20000 1.000000
239.598000 35.880800 -9.116 5.788 0.278 0.329 0.083659 20000 1.000000
240.812000 34.441200 -12.785 7.175 0.182 0.212 0.010280 20000 1.000000
244.089000 34.727300 -5.068 0.165 0.173 0.204 0.006632 20000 1.000000
243.779000 33.796800 -7.317 1.802 0.176 0.206 0.024336 20000 1.000000
244.855000 34.157600 -5.158 -1.183 0.168 0.199 0.021440 20000 1.000000
241.526000 35.662300 -6.863 1.517 0.174 0.207 -0.071928 20000 1.000000
242.045000 34.449100 -10.014 4.785 0.165 0.201 -0.012246 20000 1.000000
240.992000 34.398500 -12.65 7.404 0.171 0.202 -0.014805 20000 1.000000
243.827000 33.925400 -7.297 0.782 0.176 0.201 -0.000722 20000 1.000000
243.241000 33.236000 -13.548 10.808 1.634 0.85 0.020352 20000 1.000000
242.165000 34.485500 -10.266 5.187 0.745 0.495 -0.035888 20000 1.000000
242.609000 33.744200 -11.568 7.77 0.189 0.212 0.082420 20000 1.000000
242.555000 33.817400 -9.612 7.29 1.564 0.856 -0.041464 20000 1.000000
243.060000 35.090200 -6.398 1.415 0.172 0.201 -0.004457 20000 1.000000
239.553000 34.691000 -15.65 12.298 1.004 0.538 -0.039975 20000 1.000000
242.246000 34.133300 -10.904 6.345 0.173 0.201 0.019559 20000 1.000000
239.406000 35.828700 -11.83 9.647 0.173 0.208 0.018083 20000 1.000000
242.454000 34.314900 -9.944 4.866 0.227 0.253 0.052025 20000 1.000000
241.970000 34.527100 -9.486 5.013 0.174 0.21 -0.043908 20000 1.000000
240.896000 34.733600 -10.55 6.719 0.93 0.551 -0.046562 20000 1.000000
239.557000 35.832600 -11.59 9.127 0.169 0.202 -0.001042 20000 1.000000
242.563000 33.856800 -11.714 7.446 0.171 0.196 -0.009746 20000 1.000000
238.778000 42.418300 -4.866 -1.119 0.244 0.346 0.020043 20000 1.000000
244.021000 36.632500 -5.255 -1.263 0.167 0.203 0.034501 20000 1.000000
239.649000 34.038300 -13.631 11.507 0.172 0.203 -0.034383 20000 1.000000
243.904000 40.148400 -5.465 -2.218 0.171 0.218 -0.085107 20000 1.000000
242.682000 33.918400 -10.62 6.746 0.17 0.197 0.005045 20000 1.000000
239.566000 35.969500 -8.495 4.148 0.175 0.2 -0.046007 20000 1.000000
244.588000 40.710700 -5.353 -1.455 0.167 0.222 -0.014803 20000 1.000000
241.122000 34.295500 -12.587 9.07 0.19 0.219 0.010816 20000 1.000000
243.352000 34.038500 -8.3 3.726 0.194 0.23 0.093744 20000 1.000000
245.381000 34.767700 -6.171 -0.78 0.186 0.221 -0.016432 20000 1.000000
242.491000 39.685600 -5.449 -1.409 0.168 0.211 -0.011662 20000 1.000000
240.859000 34.498700 -12.67 6.113 0.167 0.195 0.000947 20000 1.000000
245.104000 42.614500 -21.96 -10.15 0.289 0.384 0.010017 20000 1.000000
243.932000 34.141000 -5.117 0.307 0.17 0.198 0.014905 20000 1.000000
242.653000 33.240700 -11.842 9.567 0.197 0.211 -0.150576 20000 1.000000
244.082000 34.369900 -5.414 -0.593 0.169 0.202 -0.035771 20000 1.000000
243.695000 34.427700 -5.632 1.332 0.172 0.205 -0.030003 20000 1.000000
243.708000 34.533000 -5.383 0.801 0.18 0.205 -0.020635 20000 1.000000
243.185000 34.674900 -7.134 2.082 0.179 0.212 0.090733 20000 1.000000
241.793000 34.128800 -13.018 7.374 0.909 0.54 -0.027533 20000 1.000000
240.647000 34.683400 -12.734 6.125 0.205 0.237 -0.025994 20000 1.000000
242.814000 39.521100 -5.638 -1.06 0.168 0.207 -0.010030 20000 1.000000
245.995000 32.722500 -5.509 -0.153 0.176 0.201 0.031936 20000 1.000000
244.721000 39.910200 -5.449 -1.183 0.181 0.216 0.005384 20000 1.000000
245.543000 36.154200 -6.073 -0.574 0.169 0.201 -0.009920 20000 1.000000
245.180000 41.724200 -5.295 -1.017 0.165 0.211 -0.037819 20000 1.000000
242.670000 41.428700 -5.297 -1.216 0.164 0.212 0.006381 20000 1.000000
235.925000 40.876300 -2.334 3.882 0.219 0.267 0.045339 20000 1.000000
236.274000 38.928300 -11.558 10.666 0.163 0.202 -0.007935 20000 1.000000
237.585000 40.997600 -5.718 1.365 0.191 0.254 -0.081928 20000 1.000000
243.830000 32.616500 -12.966 8.199 0.168 0.194 -0.012993 20000 1.000000
238.997000 35.551800 -12.75 11.098 0.168 0.203 0.009144 20000 1.000000
242.015000 39.305600 -5.281 -0.785 0.171 0.216 -0.043856 20000 1.000000
242.395000 39.287900 -5.743 -0.935 0.168 0.207 -0.014970 20000 1.000000
243.576000 39.500500 -5.167 -1.273 0.164 0.212 0.013656 20000 1.000000
243.950000 39.546400 -5.411 -1.596 0.167 0.205 0.017094 20000 1.000000
244.111000 39.374200 -5.909 -0.765 0.165 0.206 0.016551 20000 1.000000
244.487000 39.536100 -5.36 -1.367 0.163 0.206 -0.006763 20000 1.000000
244.568000 39.388600 -3.665 -0.505 0.16 0.201 -0.004590 20000 1.000000
242.120000 40.433400 -6.025 -0.574 0.167 0.21 0.024478 20000 1.000000
245.308000 39.255200 -5.528 -1.47 0.168 0.207 0.040705 20000 1.000000
245.723000 39.119400 -5.297 -1.086 0.203 0.253 0.003295 20000 1.000000
246.129000 39.067300 -5.579 -1.809 0.302 0.367 -0.028050 20000 1.000000
246.495000 39.268900 -6.059 -0.592 0.164 0.21 0.011298 20000 1.000000
242.532000 40.320600 -5.889 -0.492 0.17 0.212 -0.047670 20000 1.000000
246.946000 40.494000 -5.67 -1.189 0.162 0.208 0.010190 20000 1.000000
243.264000 40.495500 -5.482 -1.497 0.192 0.242 -0.054909 20000 1.000000
243.721000 40.363200 -5.173 -3.053 0.162 0.207 0.014585 20000 1.000000
240.200000 39.572800 -7.319 0.86 0.165 0.207 -0.015620 20000 1.000000
242.469000 36.614300 -4.309 1.08 0.166 0.199 -0.008925 20000 1.000000
242.593000 36.804200 -5.772 -1.191 0.16 0.195 -0.001708 20000 1.000000
242.006000 36.606000 -5.488 0.883 0.172 0.203 0.081668 20000 1.000000
242.296000 37.200800 -4.971 0.141 0.166 0.202 0.000387 20000 1.000000
240.463000 39.698400 -6.49 0.222 0.174 0.217 -0.017040 20000 1.000000
240.694000 39.795600 -5.643 -0.656 0.174 0.222 0.045254 20000 1.000000
241.126000 39.838800 -6.266 -0.868 0.173 0.213 -0.027901 20000 1.000000
241.316000 39.888900 -5.889 -0.236 0.168 0.213 -0.018787 20000 1.000000
241.841000 39.212300 -5.874 -0.815 0.161 0.203 0.003648 20000 1.000000
246.706000 41.856800 -5.644 -0.901 0.173 0.224 0.014049 20000 1.000000
246.958000 39.345100 -5.049 -1.148 0.168 0.208 -0.013510 20000 1.000000
246.988000 41.817300 -4.085 -1.26 0.164 0.211 -0.014028 20000 1.000000
246.722000 40.671300 -4.705 -1.289 0.167 0.212 -0.015933 20000 1.000000
240.400000 39.499200 -6.584 0.309 0.18 0.217 0.038349 20000 1.000000
240.931000 39.486100 -6.164 0.111 0.169 0.211 -0.000953 20000 1.000000
241.550000 39.133900 -5.737 -0.619 0.165 0.206 0.001288 20000 1.000000
241.062000 39.268000 -5.612 -0.12 0.165 0.206 -0.017036 20000 1.000000
241.649000 39.454700 -5.998 -0.375 0.167 0.208 0.041224 20000 1.000000
241.995000 38.728800 -5.46 -0.602 0.166 0.205 0.002113 20000 1.000000
241.540000 38.724600 -6.236 -0.492 0.177 0.222 -0.001465 20000 1.000000
241.070000 38.980900 -6.041 0.087 0.161 0.206 0.003914 20000 1.000000
240.985000 38.704600 24.735 25.452 0.197 0.228 -0.007877 20000 1.000000
240.541000 38.761400 -6.463 1.615 0.18 0.213 -0.086561 20000 1.000000
240.523000 40.779800 -5.591 -0.547 0.191 0.232 0.072834 20000 1.000000
240.990000 40.242200 -3.719 -0.402 0.187 0.217 -0.085510 20000 1.000000
240.278000 39.908200 -6.602 -0.094 0.166 0.21 0.031120 20000 1.000000
239.307000 38.829200 -6.642 1.342 0.185 0.211 0.094420 20000 1.000000
239.614000 39.046600 -7.511 1.154 0.183 0.223 -0.039434 20000 1.000000
240.189000 39.123500 -7.928 0.603 0.169 0.211 -0.069184 20000 1.000000
239.107000 39.466700 -11.324 1.821 0.305 0.359 0.028669 20000 1.000000
240.376000 41.357700 -5.459 -0.53 0.165 0.213 -0.001548 20000 1.000000
239.716000 39.937400 -7.168 0.866 0.159 0.201 -0.007511 20000 1.000000
239.194000 40.418600 -5.436 -0.252 0.21 0.258 0.033000 20000 1.000000
239.923000 40.288900 -6.009 0.574 0.166 0.21 0.001362 20000 1.000000
235.692000 40.247500 -9.787 9.655 0.162 0.205 -0.002335 20000 1.000000
235.867000 40.551300 -4.213 4.937 0.175 0.222 -0.003592 20000 1.000000
235.787000 40.637400 -3.312 5.684 0.194 0.242 -0.007390 20000 1.000000
235.943000 40.219600 -8.531 6.572 0.167 0.211 0.012601 20000 1.000000
236.307000 40.119300 -8.399 3.983 0.178 0.227 0.019588 20000 1.000000
238.207000 36.485500 -12.465 10.418 0.166 0.199 -0.005721 20000 1.000000
238.710000 35.945700 -13.673 10.445 0.169 0.203 0.046246 20000 1.000000
238.949000 36.302100 -12.981 10.53 0.167 0.202 0.019303 20000 1.000000
238.865000 36.425900 -13.071 10.311 0.166 0.2 0.011281 20000 1.000000
237.668000 37.534500 -11.144 8.826 0.208 0.219 -0.096528 20000 1.000000
237.623000 37.914500 -9.826 7.015 0.172 0.211 -0.002703 20000 1.000000
236.819000 38.495000 -9.97 9.612 0.167 0.209 -0.066395 20000 1.000000
236.291000 39.117200 -10.476 9.547 0.179 0.225 -0.001373 20000 1.000000
236.652000 38.987400 -9.39 7.532 0.174 0.212 0.072191 20000 1.000000
236.796000 39.242000 -9.083 4.981 0.165 0.206 -0.003160 20000 1.000000
236.368000 42.275400 -6.401 0.77 0.171 0.218 -0.002971 20000 1.000000
236.895000 39.319700 -8.131 3.858 0.17 0.209 0.035726 20000 1.000000
237.041000 38.664700 -10.205 7.874 0.214 0.267 0.125642 20000 1.000000
237.233000 38.428600 -7.945 8.005 0.167 0.209 -0.000842 20000 1.000000
237.548000 38.239800 -8.411 5.46 0.17 0.209 0.005093 20000 1.000000
237.083000 38.866100 -8.311 2.835 0.161 0.202 -0.005187 20000 1.000000
237.037000 39.398100 -7.799 -1.997 0.488 0.591 -0.045730 20000 1.000000
237.424000 38.777800 -7.918 3.158 0.168 0.219 -0.045773 20000 1.000000
237.281000 39.260000 -6.962 1.028 0.167 0.205 0.032252 20000 1.000000
237.696000 39.109300 -7.566 0.804 0.171 0.212 -0.011449 20000 1.000000
237.873000 37.069200 -11.721 10.79 0.204 0.238 0.214751 20000 1.000000
238.137000 36.962000 -11.624 9.816 0.195 0.223 -0.031369 20000 1.000000
238.009000 37.201700 -11.796 8.134 0.194 0.227 -0.071968 20000 1.000000
238.203000 37.001000 -9.664 8.911 0.263 0.285 0.094993 20000 1.000000
238.274000 37.002400 -11.186 8.357 0.179 0.223 0.023906 20000 1.000000
238.349000 37.104500 -10.405 6.849 0.204 0.225 -0.128452 20000 1.000000
238.286000 37.203500 -9.238 7.645 0.173 0.205 0.050562 20000 1.000000
237.786000 37.329900 -11.685 6.693 0.164 0.2 0.008565 20000 1.000000
237.901000 37.336900 -12.367 6.828 0.344 0.446 -0.004278 20000 1.000000
237.900000 37.722000 -8.839 5.493 0.163 0.199 -0.007230 20000 1.000000
237.781000 37.863900 -6.61 6.778 0.17 0.216 0.016210 20000 1.000000
237.942000 37.713900 -8.806 4.373 0.189 0.226 -0.080740 20000 1.000000
238.174000 37.336800 -9.953 6.619 0.166 0.203 -0.010337 20000 1.000000
238.210000 37.533000 -7.914 2.604 0.166 0.202 0.004410 20000 1.000000
238.313000 37.601800 -7.259 2.692 0.171 0.206 0.039765 20000 1.000000
238.022000 37.749400 -8.303 4.092 0.167 0.203 -0.010780 20000 1.000000
238.214000 37.819000 -6.504 1.848 0.17 0.205 0.000580 20000 1.000000
238.095000 36.621700 -12.594 9.838 0.165 0.202 -0.019706 20000 1.000000
238.421000 36.724000 -12.167 11.198 0.166 0.2 -0.007927 20000 1.000000
238.580000 36.800400 -10.02 7.701 0.165 0.2 -0.012769 20000 1.000000
238.409000 36.858500 -12.249 9.527 0.167 0.203 -0.022143 20000 1.000000
238.459000 36.814300 -12.474 10.22 0.171 0.203 0.003750 20000 1.000000
238.445000 36.903500 -12.952 7.794 0.17 0.202 -0.022520 20000 1.000000
238.613000 36.637000 -12.12 10.242 0.176 0.21 -0.068140 20000 1.000000
238.458000 37.007800 -10.968 6.227 0.168 0.213 0.016988 20000 1.000000
238.426000 37.213000 -7.364 3.607 0.166 0.2 0.002527 20000 1.000000
238.665000 36.918200 -7.521 2.649 0.164 0.199 0.003775 20000 1.000000
238.645000 37.010800 -7.639 2.67 0.175 0.216 -0.037388 20000 1.000000
240.294000 37.713100 -6.784 4.474 0.171 0.21 -0.020416 20000 1.000000
238.812000 36.559500 -12.792 10.055 0.162 0.196 -0.007858 20000 1.000000
238.131000 37.975600 -4.709 3.019 0.165 0.202 0.007275 20000 1.000000
238.936000 36.611600 -5.774 2.054 0.162 0.196 -0.002061 20000 1.000000
238.732000 36.950000 -8.569 2.936 0.165 0.201 0.019853 20000 1.000000
238.652000 36.811400 -7.738 3.886 0.166 0.203 -0.013513 20000 1.000000
238.942000 37.169600 -7.895 1.638 0.171 0.207 0.011019 20000 1.000000
238.347000 37.478400 -7.548 2.783 0.182 0.222 0.002496 20000 1.000000
238.531000 37.489600 -8.016 2.054 0.162 0.199 -0.009690 20000 1.000000
238.675000 37.581900 -7.638 1.494 0.167 0.207 -0.016357 20000 1.000000
238.395000 37.932000 -6.744 1.767 0.165 0.204 -0.006388 20000 1.000000
238.536000 37.755300 -8.13 2.436 0.185 0.226 -0.000675 20000 1.000000
238.717000 37.385400 -7.589 1.359 0.168 0.208 -0.016407 20000 1.000000
237.782000 38.153000 -8.008 2.395 0.163 0.202 -0.023678 20000 1.000000
237.904000 38.025100 -8.78 3.993 0.171 0.211 -0.069038 20000 1.000000
237.805000 38.444200 -7.618 2.76 0.176 0.228 0.005504 20000 1.000000
237.645000 38.999500 -7.418 1.617 0.224 0.249 0.074077 20000 1.000000
238.905000 38.645300 -7.305 0.541 0.163 0.202 -0.006644 20000 1.000000
239.652000 35.544100 -13.096 9.006 0.173 0.206 -0.011315 20000 1.000000
239.611000 35.841100 -11.123 8.951 0.179 0.21 -0.031738 20000 1.000000
239.655000 35.837800 -8.89 5.363 0.17 0.209 0.001278 20000 1.000000
239.715000 35.806700 -9.206 4.332 0.179 0.216 -0.009144 20000 1.000000
239.093000 35.933300 -13.408 9.247 0.165 0.199 -0.005533 20000 1.000000
239.019000 36.417200 -8.324 3.723 0.165 0.2 -0.000739 20000 1.000000
239.147000 36.515900 -7.341 2.512 0.173 0.21 -0.027761 20000 1.000000
239.302000 36.024800 -13.156 10.022 0.165 0.206 0.002185 20000 1.000000
239.121000 36.140200 -12.936 9.855 0.166 0.198 -0.003040 20000 1.000000
239.251000 36.106800 -13.633 9.683 0.162 0.195 -0.000335 20000 1.000000
239.272000 36.178900 -7.433 2.851 0.162 0.195 0.001462 20000 1.000000
239.355000 35.922800 -13.342 9.764 0.164 0.197 -0.014394 20000 1.000000
239.525000 36.007500 -9.101 6.09 0.199 0.217 -0.036576 20000 1.000000
239.457000 36.089400 -5.569 7.626 0.163 0.197 -0.001942 20000 1.000000
239.560000 36.123200 -8.179 3.683 0.164 0.197 -0.002928 20000 1.000000
239.158000 35.697100 -12.431 9.634 0.17 0.198 0.042143 20000 1.000000
239.637000 36.051700 -7.752 2.467 0.168 0.197 -0.001077 20000 1.000000
239.448000 35.974100 -11.576 8.947 0.181 0.208 -0.051466 20000 1.000000
239.706000 36.015800 -7.814 2.738 0.165 0.199 -0.011214 20000 1.000000
239.723000 36.304400 -9.035 1.93 0.166 0.201 -0.000495 20000 1.000000
239.257000 36.806300 -8.224 1.653 0.166 0.204 -0.002073 20000 1.000000
239.803000 37.352200 -7.032 1.463 0.177 0.218 -0.007945 20000 1.000000
239.356000 37.795200 -7.934 1.353 0.173 0.206 -0.014453 20000 1.000000
240.160000 37.901100 -8.715 -0.424 0.186 0.212 -0.101333 20000 1.000000
239.049000 38.090000 -6.129 0.559 0.168 0.207 -0.014165 20000 1.000000
239.666000 38.735600 -6.548 0.717 0.192 0.216 0.050215 20000 1.000000
241.480000 37.177600 -7.557 0.25 0.163 0.199 0.002836 20000 1.000000
236.283000 39.863600 -10.293 6.011 0.219 0.269 -0.097244 20000 1.000000
236.448000 39.905700 -10.242 3.186 0.198 0.257 -0.042987 20000 1.000000
236.628000 39.452400 -9.355 3.488 0.169 0.216 0.006311 20000 1.000000
236.705000 39.707100 -9.699 2.006 0.178 0.22 -0.054617 20000 1.000000
236.813000 39.492800 -8.958 2.524 0.178 0.242 0.035104 20000 1.000000
236.817000 39.962100 -7.006 1.316 0.197 0.249 -0.052423 20000 1.000000
236.344000 40.256800 -8.038 3.383 0.167 0.212 0.025957 20000 1.000000
236.117000 41.151700 -3.405 1.526 0.169 0.214 0.017317 20000 1.000000
236.301000 40.575300 -5.535 2.453 0.174 0.221 0.075636 20000 1.000000
236.427000 40.478900 -5.303 0.914 0.208 0.257 0.208713 20000 1.000000
236.548000 40.082200 -8.582 2.487 0.163 0.206 0.002987 20000 1.000000
236.864000 40.324100 -5.215 1.139 0.161 0.205 -0.014681 20000 1.000000
236.676000 40.732900 -4.086 1.891 0.163 0.207 -0.033222 20000 1.000000
236.826000 40.546700 -5.139 1.151 0.168 0.217 -0.026356 20000 1.000000
237.024000 39.621400 -7.056 1.335 0.177 0.209 0.051611 20000 1.000000
237.264000 39.493600 -6.299 3.135 0.162 0.202 -0.014890 20000 1.000000
237.126000 39.726200 -6.217 0.897 0.167 0.212 0.036809 20000 1.000000
237.077000 40.747600 -5.726 0.413 0.171 0.216 -0.022170 20000 1.000000
236.666000 40.887100 -4.21 1.091 0.161 0.206 -0.001811 20000 1.000000
237.729000 40.271200 -6.425 0.692 0.177 0.219 -0.080119 20000 1.000000
239.132000 39.794700 -5.49 0.9 0.164 0.211 -0.040838 20000 1.000000
239.052000 41.183300 -5.057 0.329 0.164 0.213 -0.032733 20000 1.000000
237.681000 40.731100 -4.005 0.968 0.202 0.234 0.042906 20000 1.000000
235.774000 42.209100 -2.999 1.692 0.17 0.213 0.004488 20000 1.000000
236.617000 42.503500 -5.659 -1.41 0.166 0.216 -0.003573 20000 1.000000
237.344000 42.191000 -7.51 -0.458 0.172 0.224 -0.047837 20000 1.000000
238.220000 42.259700 -6.235 -0.579 0.164 0.209 -0.015133 20000 1.000000
239.622000 42.468800 -3.767 -2.4 0.164 0.216 -0.038582 20000 1.000000
241.588000 42.254600 -4.685 -0.624 0.159 0.209 -0.013010 20000 1.000000
243.371000 36.071300 -5.57 0.129 0.174 0.212 0.053556 20000 1.000000
242.835000 36.022500 -5.098 0.648 0.173 0.201 -0.012194 20000 1.000000
242.590000 36.159000 -6.286 0.848 0.174 0.208 0.039872 20000 1.000000
241.868000 36.466800 -8.318 2.155 0.188 0.231 -0.203953 20000 1.000000
242.211000 36.531200 -6.253 1.02 0.16 0.196 -0.006971 20000 1.000000
241.909000 36.570200 -4.077 2.029 0.188 0.21 -0.080582 20000 1.000000
241.882000 36.975700 -6.184 0.727 0.161 0.197 0.000276 20000 1.000000
242.064000 37.231400 -5.901 -0.724 0.177 0.209 0.049947 20000 1.000000
242.606000 34.462400 -8.611 4.213 0.178 0.204 0.002326 20000 1.000000
242.459000 33.562100 -12.654 7.939 0.166 0.193 0.017220 20000 1.000000
242.895000 32.889200 -12.766 9.171 0.171 0.195 -0.012645 20000 1.000000
243.050000 32.733800 -13.177 8.593 0.164 0.189 -0.004472 20000 1.000000
242.756000 32.666400 -13.549 8.813 0.178 0.196 0.069861 20000 1.000000
242.810000 33.439600 -12.867 8.609 0.165 0.193 0.007366 20000 1.000000
242.928000 33.235700 -12.401 7.634 0.179 0.198 0.046477 20000 1.000000
243.217000 33.493300 -11.52 6.818 0.166 0.193 -0.002096 20000 1.000000
243.651000 32.976000 -12.721 7.002 0.171 0.197 0.004998 20000 1.000000
243.989000 32.822200 -11.93 7.233 0.173 0.197 -0.054963 20000 1.000000
243.329000 33.240200 -12.096 7.7 0.176 0.201 -0.007255 20000 1.000000
243.431000 33.059200 -12.638 8.101 0.165 0.19 -0.007961 20000 1.000000
243.379000 33.375600 -11.735 6.785 0.171 0.197 0.033190 20000 1.000000
243.591000 33.210200 -12.151 6.528 0.181 0.21 0.001903 20000 1.000000
243.817000 33.213500 -10.649 5.335 0.167 0.193 -0.006931 20000 1.000000
243.921000 33.201000 -9.979 4.985 0.168 0.194 0.002726 20000 1.000000
243.888000 33.296200 -9.592 4.112 0.171 0.197 -0.059165 20000 1.000000
243.574000 33.523500 -10.161 4.615 0.179 0.202 0.050556 20000 1.000000
243.773000 33.574700 -8.733 4.328 0.176 0.211 0.014274 20000 1.000000
244.031000 32.887000 -12.34 6.866 0.17 0.196 -0.002731 20000 1.000000
244.175000 32.954700 -9.434 5.517 0.168 0.193 -0.008415 20000 1.000000
244.268000 32.759700 -11.178 4.911 0.176 0.204 0.000597 20000 1.000000
244.404000 32.750600 -10.389 7.91 0.186 0.205 -0.001098 20000 1.000000
244.423000 32.834700 -9.003 5.652 0.174 0.199 -0.002462 20000 1.000000
244.430000 32.898400 -7.898 5.457 0.175 0.199 0.009324 20000 1.000000
244.700000 32.690000 -6.147 1.083 0.169 0.194 -0.017729 20000 1.000000
244.602000 32.875800 -5.708 0.467 0.21 0.242 0.009045 20000 1.000000
244.578000 32.982500 -5.297 -0.054 0.174 0.199 0.006830 20000 1.000000
244.280000 32.948900 -9.379 5.753 0.172 0.197 0.000689 20000 1.000000
244.234000 33.516400 -6.417 1.724 0.177 0.204 0.046645 20000 1.000000
244.313000 33.423900 -5.647 0.229 0.176 0.202 0.044283 20000 1.000000
244.571000 33.247800 -5.32 -0.247 0.172 0.198 -0.008970 20000 1.000000
244.657000 33.143600 -4.94 -0.235 0.17 0.196 -0.014338 20000 1.000000
244.704000 33.886900 -4.54 -0.317 0.178 0.201 -0.001222 20000 1.000000
240.305000 37.562600 -8.203 -1.102 0.186 0.214 0.094654 20000 1.000000
239.350000 34.907300 -13.696 10.668 0.164 0.193 -0.009663 20000 1.000000
239.590000 35.010700 -12.477 11.196 0.171 0.199 -0.002936 20000 1.000000
239.760000 34.870600 -14.025 10.157 0.168 0.196 0.019081 20000 1.000000
239.617000 35.106200 -13.033 9.927 0.175 0.203 0.071409 20000 1.000000
241.822000 34.376400 -11.63 6.017 0.177 0.205 -0.007489 20000 1.000000
239.925000 35.020000 -12.536 6.329 0.163 0.193 -0.000834 20000 1.000000
240.208000 34.507800 -13.727 8.891 0.17 0.194 -0.004886 20000 1.000000
240.384000 34.630500 -14.824 8.825 0.163 0.192 -0.000102 20000 1.000000
240.185000 34.888600 -11.805 8.693 0.162 0.191 0.002651 20000 1.000000
240.464000 35.086600 -10.058 5.696 0.162 0.193 -0.000083 20000 1.000000
239.192000 35.425800 -11.924 10.995 0.165 0.197 -0.016945 20000 1.000000
239.455000 35.327800 -12.913 10.219 0.169 0.202 0.057063 20000 1.000000
239.520000 35.624800 -12.934 7.317 0.167 0.2 0.010911 20000 1.000000
239.463000 35.792700 -12.031 9.575 0.168 0.202 0.012572 20000 1.000000
239.733000 35.633800 -10.975 7.719 0.171 0.199 0.030054 20000 1.000000
239.629000 35.747900 -12.384 8.925 0.17 0.203 0.004569 20000 1.000000
237.762000 37.061200 -12.891 10.65 0.166 0.201 -0.005699 20000 1.000000
239.899000 35.235100 -11.821 9.075 0.187 0.212 0.046194 20000 1.000000
239.975000 35.279800 -11.96 7.616 0.173 0.21 -0.038481 20000 1.000000
240.065000 35.316800 -11.228 7.39 0.168 0.201 -0.009694 20000 1.000000
239.887000 35.534200 -11.097 7.227 0.166 0.201 -0.007006 20000 1.000000
239.818000 35.702700 -9.347 5.474 0.175 0.209 0.008717 20000 1.000000
239.869000 35.801300 -7.686 3.947 0.174 0.202 0.011748 20000 1.000000
239.999000 35.686700 -8.328 4.59 0.172 0.201 -0.047377 20000 1.000000
239.707000 35.688900 -11.291 7.357 0.166 0.198 -0.009602 20000 1.000000
240.287000 35.319000 -9.416 4.73 0.177 0.209 -0.019566 20000 1.000000
240.091000 35.934700 -6.766 3.218 0.166 0.198 0.004465 20000 1.000000
240.496000 34.466800 -13.816 7.73 0.163 0.191 0.001792 20000 1.000000
240.885000 34.660100 -11.967 6.492 0.172 0.199 0.056191 20000 1.000000
240.845000 34.856200 -10.881 3.327 0.244 0.329 -0.117967 20000 1.000000
239.755000 35.686700 -10.254 5.81 0.169 0.199 -0.007254 20000 1.000000
241.121000 34.835100 -10.19 5.591 0.166 0.195 0.011850 20000 1.000000
241.152000 34.792300 -10.772 3.635 0.171 0.206 0.000512 20000 1.000000
241.331000 34.695000 -9.952 8.068 0.172 0.203 0.055269 20000 1.000000
241.454000 34.771100 -8.799 4.77 0.168 0.2 0.005975 20000 1.000000
241.344000 34.944400 -8.688 3.288 0.173 0.204 -0.051015 20000 1.000000
241.388000 35.138600 -8.325 2.817 0.165 0.196 -0.028018 20000 1.000000
241.459000 34.821800 -8.215 3.36 0.176 0.202 -0.008649 20000 1.000000
241.876000 35.378000 -6.253 2.87 0.167 0.197 -0.012912 20000 1.000000
241.740000 35.667300 -6.547 2.609 0.173 0.201 0.012024 20000 1.000000
241.233000 36.231400 -7.679 2.511 0.17 0.2 0.055258 20000 1.000000
241.045000 36.585500 -7.021 1.903 0.163 0.197 -0.004904 20000 1.000000
241.740000 36.093100 -7.246 2.03 0.168 0.198 -0.009329 20000 1.000000
241.994000 35.038800 -7.018 3.782 0.167 0.196 0.005955 20000 1.000000
242.271000 34.509700 -8.569 4.665 0.167 0.196 -0.010094 20000 1.000000
242.451000 34.634300 -7.834 4.003 0.165 0.196 -0.014756 20000 1.000000
242.457000 34.987000 -7.009 3.415 0.17 0.199 0.031490 20000 1.000000
243.048000 33.892600 -9.34 5.852 0.165 0.192 -0.003446 20000 1.000000
243.454000 34.019300 -7.142 3.137 0.166 0.194 -0.016216 20000 1.000000
242.719000 34.534800 -7.576 4.011 0.194 0.206 -0.112181 20000 1.000000
241.969000 34.332200 -10.919 6.463 0.169 0.198 0.013052 20000 1.000000
242.635000 35.116800 -7.102 2.559 0.166 0.196 -0.013382 20000 1.000000
241.983000 35.152400 -6.449 2.973 0.166 0.197 -0.005396 20000 1.000000
242.697000 35.238500 -5.986 2.278 0.168 0.197 0.002588 20000 1.000000
242.795000 35.387900 -6.009 2.049 0.163 0.195 0.006738 20000 1.000000
242.610000 35.896700 -6.619 1.829 0.181 0.217 -0.034906 20000 1.000000
242.597000 35.697600 -6.625 1.295 0.166 0.197 -0.005502 20000 1.000000
243.111000 35.998200 -5.308 -0.497 0.175 0.201 -0.012954 20000 1.000000
243.112000 35.710600 -5.965 1.075 0.164 0.198 0.001138 20000 1.000000
243.290000 34.192500 -7.611 4.059 0.169 0.196 -0.009484 20000 1.000000
243.463000 34.217200 -7.327 3.327 0.17 0.196 0.014559 20000 1.000000
243.788000 33.865800 -6.787 2.866 0.165 0.194 0.012959 20000 1.000000
243.920000 33.959300 -6.384 0.719 0.173 0.2 -0.000461 20000 1.000000
239.772000 35.729200 -8.463 5.125 0.168 0.199 0.012516 20000 1.000000
243.971000 34.716900 -5.498 -0.341 0.18 0.207 -0.045724 20000 1.000000
243.329000 34.936800 -5.693 1.176 0.171 0.205 0.009357 20000 1.000000
242.063000 34.341100 -10.271 6.181 0.181 0.22 0.000795 20000 1.000000
243.120000 34.462100 -7.293 2.628 0.168 0.197 -0.005480 20000 1.000000
244.179000 33.741000 -5.584 0.42 0.188 0.214 -0.006407 20000 1.000000
243.107000 34.062700 -7.662 5.407 0.184 0.216 -0.036661 20000 1.000000
244.236000 34.425700 -5.351 -0.525 0.204 0.218 0.034227 20000 1.000000
244.350000 35.204800 -5.217 -0.361 0.172 0.202 -0.035848 20000 1.000000
242.685000 34.187400 -9.03 6.679 0.169 0.199 0.040178 20000 1.000000
242.950000 34.196200 -8.354 5.854 0.199 0.204 0.075448 20000 1.000000
244.750000 34.731800 -4.898 -1.176 0.213 0.25 -0.030832 20000 1.000000
243.237000 35.204600 -5.631 1.11 0.166 0.196 0.002593 20000 1.000000
242.107000 35.424600 -6.339 2.165 0.165 0.195 -0.011998 20000 1.000000
243.428000 35.320600 -4.975 0.19 0.168 0.202 0.000428 20000 1.000000
243.896000 35.141900 -5.645 -0.175 0.179 0.202 -0.036582 20000 1.000000
243.878000 35.526000 -5.614 -1.209 0.168 0.201 -0.013441 20000 1.000000
243.855000 35.785400 -4.422 0.47 0.167 0.2 -0.015126 20000 1.000000
244.456000 35.472800 -5.631 -0.448 0.167 0.202 -0.007484 20000 1.000000
244.634000 35.163000 -3.573 -0.181 0.187 0.218 -0.020155 20000 1.000000
245.401000 34.188900 -4.741 -1.125 0.17 0.2 -0.001781 20000 1.000000
245.035000 34.844400 -5.609 -0.768 0.17 0.199 -0.018827 20000 1.000000
244.762000 35.291100 -4.888 -0.277 0.168 0.2 -0.006438 20000 1.000000
241.621000 37.973100 -6.079 -0.121 0.178 0.219 -0.039002 20000 1.000000
241.000000 37.613000 -7.201 -4.047 0.167 0.204 -0.046086 20000 1.000000
241.084000 37.605300 -8.05 -3.131 0.171 0.221 -0.025329 20000 1.000000
240.914000 37.785700 -8.967 1.741 0.203 0.23 -0.127808 20000 1.000000
240.967000 37.913500 -7.969 2.02 0.162 0.199 -0.004383 20000 1.000000
240.974000 37.696600 -8.6 2.318 0.236 0.262 0.116569 20000 1.000000
240.862000 37.839300 -10.371 1.474 0.178 0.21 0.015335 20000 1.000000
240.853000 37.962800 -6.34 2.013 0.2 0.241 -0.017517 20000 1.000000
240.916000 37.914100 -8.026 1.9 0.165 0.2 -0.005161 20000 1.000000
241.056000 37.734300 -7.246 1.748 0.164 0.202 -0.008405 20000 1.000000
241.131000 37.654600 -6.212 -0.145 0.165 0.204 -0.015046 20000 1.000000
241.040000 37.891700 -6.582 2.414 0.17 0.205 -0.016078 20000 1.000000
241.148000 37.878200 -6.736 2.123 0.164 0.201 -0.015699 20000 1.000000
241.183000 37.591400 -8.862 -3.596 0.168 0.216 0.056073 20000 1.000000
241.302000 37.561600 -6.832 -0.282 0.171 0.226 -0.009845 20000 1.000000
241.316000 37.495400 -8.17 -0.095 0.161 0.197 -0.005010 20000 1.000000
241.406000 37.541300 -6.548 0.205 0.168 0.206 0.000754 20000 1.000000
241.180000 37.677000 -5.28 0.685 0.163 0.2 -0.003858 20000 1.000000
241.232000 37.754400 -5.757 1.961 0.171 0.216 0.033081 20000 1.000000
240.981000 37.800000 -8.2 1.862 0.168 0.204 0.042037 20000 1.000000
241.264000 37.903500 -6.426 1.376 0.165 0.203 -0.019161 20000 1.000000
241.445000 37.891300 -5.615 0.633 0.175 0.207 0.066990 20000 1.000000
241.762000 37.589200 -5.155 0.418 0.213 0.261 -0.007417 20000 1.000000
241.528000 37.737500 -6.483 0.53 0.17 0.205 0.019853 20000 1.000000
240.850000 38.057900 -9.299 1.533 0.188 0.226 0.005716 20000 1.000000
237.804000 41.344800 -3.301 3.384 0.176 0.23 0.039600 20000 1.000000
237.706000 41.381200 -4.749 1.307 0.178 0.218 0.053696 20000 1.000000
237.809000 41.479200 -4.456 -1.272 0.509 0.711 -0.042073 20000 1.000000
237.687000 41.463600 -4.884 0.965 0.166 0.223 -0.047196 20000 1.000000
237.847000 41.531900 -5.902 -0.547 0.298 0.347 0.052559 20000 1.000000
238.493000 41.711600 -5.778 -0.751 0.162 0.209 -0.007880 20000 1.000000
246.132000 42.878900 -5.344 -2.285 0.161 0.215 -0.022808 20000 1.000000
241.275000 37.380400 -10.669 -0.644 0.269 0.295 0.131958 20000 1.000000
241.439000 37.439500 -7.087 0.951 0.231 0.269 -0.009124 20000 1.000000
240.254000 37.088900 -7.314 1.987 0.168 0.203 0.040819 20000 1.000000
241.853000 37.280500 -6.457 0.713 0.166 0.202 0.009453 20000 1.000000
239.172000 41.359200 -5.112 -0.382 0.212 0.265 -0.065154 20000 1.000000
239.527000 41.332500 -5.393 0.184 0.166 0.212 -0.004518 20000 1.000000
235.587000 42.442000 -3.048 2.252 0.167 0.217 -0.071710 20000 1.000000
235.707000 42.076600 -4.314 1.968 0.17 0.214 0.007262 20000 1.000000
238.120000 42.579800 -1.854 -1.283 0.171 0.217 -0.021380 20000 1.000000
237.390000 42.727100 -5.142 -0.23 0.22 0.28 0.093059 20000 1.000000
240.341000 42.546100 -5.024 -2.244 0.163 0.213 -0.018898 20000 1.000000
242.275000 42.020200 -4.449 -0.344 0.166 0.213 -0.010474 20000 1.000000
243.404000 33.598200 -9.355 6.619 0.249 0.292 -0.135634 20000 1.000000
243.397000 33.495500 -10.753 5.755 0.172 0.202 0.001984 20000 1.000000
244.492000 32.829400 -7.507 5.224 0.243 0.262 -0.006687 20000 1.000000
237.579000 41.830800 -6.614 1.507 0.172 0.222 0.031294 20000 1.000000
236.019000 41.845500 -5.469 0.047 0.183 0.264 -0.075574 20000 1.000000
238.521000 36.744300 -14.368 10.903 0.184 0.214 0.062190 20000 1.000000
239.528000 35.946600 -8.484 4.544 0.186 0.213 0.043800 20000 1.000000
239.485000 35.929100 -11.214 9.295 0.222 0.273 0.008081 20000 1.000000
236.427000 40.478800 -5.287 1.177 0.21 0.258 0.231631 20000 1.000000
237.036000 39.845700 -7.654 2.356 0.162 0.206 -0.022933 20000 1.000000
243.852000 34.508100 -4.958 -0.664 0.165 0.194 -0.004946 20000 1.000000
245.241000 32.497900 -3.84 1.128 0.178 0.197 0.000607 20000 1.000000
243.407000 33.537300 -9.946 5.917 0.18 0.211 0.048026 20000 1.000000
241.651000 34.021700 -12.114 8.685 0.174 0.209 0.022649 20000 1.000000
241.379000 34.836000 -8.778 4.9 0.169 0.2 -0.003819 20000 1.000000
241.983000 35.152400 -6.331 2.248 0.169 0.2 -0.007556 20000 1.000000
241.983000 35.152500 -6.789 2.968 0.17 0.202 0.000084 20000 1.000000
235.946000 42.861900 -2.786 1.247 0.192 0.237 0.146338 20000 1.000000
242.968000 33.389000 -9.943 11.264 1.232 0.667 0.054524 20000 1.000000
243.936000 31.559100 -12.645 9.712 0.174 0.194 0.065453 20000 1.000000
238.728000 35.709000 -12.774 11.212 0.185 0.22 -0.018780 20000 1.000000
242.077000 34.508200 -8.876 4.656 0.173 0.203 0.007241 20000 1.000000
239.241000 36.186900 -8.404 3.185 0.173 0.202 0.050401 20000 1.000000
239.233000 36.180500 -13.167 9.614 0.17 0.202 0.005391 20000 1.000000
244.450000 32.490100 -11.055 7.151 0.172 0.205 -0.036303 20000 1.000000
242.305000 34.925400 -6.876 3.475 0.172 0.202 -0.039162 20000 1.000000
244.116000 32.417000 -13.934 8.669 0.166 0.191 -0.001594 20000 1.000000
243.076000 33.687100 -13.895 6.894 1.032 0.578 -0.002242 20000 1.000000
239.522000 35.919900 -10.823 8.189 0.171 0.204 0.029311 20000 1.000000
242.818000 33.835700 -10.917 7.104 0.187 0.209 -0.009917 20000 1.000000
242.193000 34.091800 -11.34 6.098 0.62 0.383 0.008755 20000 1.000000
244.165000 31.313100 -14.132 9.438 0.167 0.191 -0.013733 20000 1.000000
241.596000 33.743300 -14.625 10.875 0.927 0.512 -0.028893 20000 1.000000
241.628000 33.779500 -12.162 8.981 1.368 0.729 0.005893 20000 1.000000
238.863000 36.161100 -13.454 9.778 0.175 0.205 0.028452 20000 1.000000
239.056000 39.974600 -6.327 1.179 0.191 0.238 -0.053764 20000 1.000000
243.849000 34.683200 -5.452 -0.043 0.168 0.198 -0.007803 20000 1.000000
242.317000 35.338700 -6.51 2.86 0.167 0.197 0.002159 20000 1.000000
240.280000 34.500000 -13.824 8.155 0.17 0.199 -0.004559 20000 1.000000
242.413000 33.444100 -10.101 7.518 0.189 0.213 0.015651 20000 1.000000
243.375000 34.643900 -6.218 1.812 0.171 0.197 -0.028071 20000 1.000000
241.974000 34.019100 -12.137 6.709 0.187 0.219 -0.042987 20000 1.000000
242.391000 33.674100 -16.863 9.202 0.99 0.542 -0.009839 20000 1.000000
242.445000 33.485800 -12.045 8.344 0.175 0.2 0.041841 20000 1.000000
239.475000 35.900000 1.906 6.95 0.176 0.215 -0.024759 20000 1.000000
241.807000 34.875100 -7.427 3.973 0.177 0.207 0.009678 20000 1.000000
240.816000 34.541500 -11.922 7.13 0.186 0.218 0.066704 20000 1.000000
244.877000 40.617200 -6.19 -1.121 0.166 0.216 0.003604 20000 1.000000
238.442000 37.666500 -7.267 1.874 0.167 0.203 -0.011757 20000 1.000000
241.245000 34.459800 -12.302 7.379 0.188 0.224 -0.024066 20000 1.000000
239.775000 40.591700 -5.599 -0.166 0.17 0.218 -0.032300 20000 1.000000
240.984000 41.868400 -5.421 -0.485 0.176 0.226 0.057575 20000 1.000000
243.701000 35.971300 -5.105 -0.121 0.179 0.207 -0.052902 20000 1.000000
241.521000 34.438600 -10.951 5.444 0.205 0.231 -0.060547 20000 1.000000
244.022000 33.292200 -8.122 4.04 0.17 0.196 -0.000239 20000 1.000000
240.936000 34.319900 -12.435 8.155 0.165 0.194 -0.000871 20000 1.000000
242.151000 33.992700 -11.82 6.264 0.177 0.204 0.013345 20000 1.000000
239.935000 34.004300 -13.45 10.432 0.176 0.202 -0.014433 20000 1.000000
239.930000 34.607300 -15.031 10.15 1.034 0.549 -0.030809 20000 1.000000
239.640000 35.917400 -2.967 8.196 0.192 0.216 0.059285 20000 1.000000
241.585000 35.158200 -8.132 3.194 0.164 0.196 -0.003313 20000 1.000000
243.923000 33.650600 -6.849 2.146 0.171 0.201 0.030795 20000 1.000000
242.233000 33.549600 -12.951 8.37 0.193 0.207 -0.027644 20000 1.000000
243.770000 36.934800 -6.438 -1.61 0.164 0.199 0.014120 20000 1.000000
239.867000 34.483500 -13.159 11.026 0.173 0.206 -0.009109 20000 1.000000
243.839000 33.641200 -7.869 3.042 0.21 0.239 0.011553 20000 1.000000
246.368000 31.335500 -4.183 0.051 0.17 0.19 -0.019842 20000 1.000000
242.951000 39.542200 -5.76 -1.05 0.172 0.208 0.076854 20000 1.000000
242.816000 38.097200 -6.623 -2.12 0.164 0.202 -0.010838 20000 1.000000
241.669000 33.797800 -12.471 9.125 0.921 0.573 0.034970 20000 1.000000
241.163000 34.248000 -12.873 8.462 0.172 0.201 0.053827 20000 1.000000
241.771000 34.878900 -7.795 4.331 1.003 0.551 -0.044585 20000 1.000000
235.849000 41.053900 -1.688 4.69 0.232 0.294 -0.014025 20000 1.000000
241.198000 39.627100 -5.866 0.539 0.161 0.203 0.003509 20000 1.000000
241.723000 34.019500 -8.553 13.333 0.168 0.197 -0.001466 20000 1.000000
243.915000 33.030100 -11.868 6.012 0.214 0.247 -0.006821 20000 1.000000
238.053000 38.394500 -7.954 1.718 0.168 0.209 -0.010316 20000 1.000000
241.780000 34.178600 -11.761 7.604 0.215 0.23 0.064608 20000 1.000000
241.486000 34.126400 -12.75 7.808 0.167 0.196 0.020132 20000 1.000000
241.516000 34.293200 -12.869 7.628 0.171 0.198 0.005691 20000 1.000000
239.384000 34.556300 -13.13 9.76 0.167 0.196 0.005500 20000 1.000000
241.879000 34.501500 -9.299 4.257 0.886 0.54 -0.011218 20000 1.000000
241.706000 33.712600 -13.524 9.521 0.978 0.547 -0.020124 20000 1.000000
242.807000 33.225000 -12.879 8.193 0.165 0.191 0.013165 20000 1.000000
241.346000 37.664300 -6.224 0.892 0.181 0.221 -0.014676 20000 1.000000
241.016000 35.010800 -8.723 2.684 0.183 0.221 -0.018517 20000 1.000000
241.648000 35.695000 -8.699 1.95 0.932 0.547 -0.027692 20000 1.000000
241.258000 34.568500 -12.72 6.213 0.182 0.209 0.121777 20000 1.000000
241.586000 34.259400 -11.071 6.726 1.443 0.763 -0.019732 20000 1.000000
244.418000 33.038300 -9.75 2.631 1.343 0.706 -0.026009 20000 1.000000
243.068000 34.669000 -6.996 2.59 0.183 0.215 -0.106094 20000 1.000000
241.758000 35.695600 -7.368 1.294 1.429 0.778 0.108686 20000 1.000000
241.572000 33.958200 -12.746 8.946 1.131 0.599 -0.181026 20000 1.000000
244.421000 33.278800 -4.733 -0.795 1.127 0.609 -0.029585 20000 1.000000
243.346000 33.955300 -9.327 4.149 0.353 0.302 -0.007116 20000 1.000000
243.111000 35.425200 -5.626 4.147 0.186 0.218 -0.024505 20000 1.000000
243.532000 36.840400 -4.278 -0.375 0.162 0.199 0.010476 20000 1.000000
243.920000 35.287000 -6.056 -1.875 0.171 0.203 -0.005564 20000 1.000000
