242.907000 34.116400 -6.966 2.975 0.198 0.242 0.019591 20000 1.000000
242.555000 33.274300 -10.759 8.628 0.171 0.199 0.051226 20000 1.000000
243.571000 34.594300 -4.465 0.734 0.168 0.198 0.053718 20000 1.000000
241.305000 34.824500 -8.36 6.715 0.186 0.221 0.043070 20000 1.000000
242.675000 33.341900 -10.854 8.075 0.169 0.198 0.057857 20000 1.000000
242.524000 33.381100 -10.25 8.394 0.171 0.197 0.052283 20000 1.000000
242.103000 34.126000 -10.176 6.179 0.249 0.266 0.168633 20000 1.000000
240.970000 33.480500 -10.654 9.713 0.189 0.213 0.012490 20000 1.000000
243.116000 34.264300 -6.573 3.269 0.193 0.231 0.112876 20000 1.000000
240.594000 34.920500 -9.109 5.764 0.168 0.201 0.028472 20000 1.000000
243.379000 37.039900 -4.021 -1.079 0.175 0.212 0.044513 20000 1.000000
244.002000 34.000500 -4.658 -0.538 0.171 0.199 0.033205 20000 1.000000
242.935000 33.578200 -10.024 6.781 0.183 0.21 0.042121 20000 1.000000
243.920000 35.287000 -4.011 -2 0.173 0.205 0.050163 20000 1.000000
245.285000 33.610400 -3.806 -2.306 0.172 0.199 0.037046 20000 1.000000
243.947000 34.251400 -3.466 -0.063 0.172 0.201 0.051199 20000 1.000000
241.723000 34.184900 -6.362 7.792 0.204 0.235 0.095891 20000 1.000000
242.988000 34.918600 -4.743 1.974 0.179 0.214 0.033278 20000 1.000000
241.812000 34.292800 -10.207 6.605 0.256 0.269 -0.274788 20000 1.000000
242.156000 42.779500 -2.709 -1.652 0.167 0.223 0.045720 20000 1.000000
240.653000 35.157300 -8.029 3.527 0.172 0.209 0.068504 20000 1.000000
235.437000 42.836100 1.043 1.407 0.174 0.233 0.033795 20000 1.000000
244.010000 33.655100 -5.111 1.56 0.179 0.21 0.076141 20000 1.000000
239.566000 35.939400 -6.496 4.944 0.166 0.204 0.029267 20000 1.000000
239.569000 35.888400 -8.329 7.999 0.192 0.228 0.058250 20000 1.000000
241.666000 33.311600 -11.564 9.846 0.166 0.196 0.053929 20000 1.000000
241.517000 33.445800 -10.893 10.137 0.171 0.203 0.027093 20000 1.000000
241.370000 34.138600 -11.19 8.098 0.207 0.228 0.136366 20000 1.000000
242.329000 35.565300 -5.128 1.52 0.174 0.211 0.046462 20000 1.000000
240.987000 34.806400 -9.904 5.036 0.184 0.24 -0.078406 20000 1.000000
243.664000 34.829500 -4.06 0.159 0.184 0.21 0.045285 20000 1.000000
242.035000 34.244000 -10.391 5.324 0.199 0.246 -0.073076 20000 1.000000
241.974000 34.333400 -9.491 6.851 0.19 0.216 0.108847 20000 1.000000
242.172000 34.640500 -6.326 3.888 0.179 0.217 0.094136 20000 1.000000
241.063000 34.109600 -10.64 9.638 0.182 0.224 0.076954 20000 1.000000
241.873000 34.136700 -14.127 2.226 0.216 0.238 0.064793 20000 1.000000
242.576000 34.271200 -7.792 2.628 0.168 0.196 0.045288 20000 1.000000
242.521000 34.313800 -7.312 5.381 0.186 0.216 0.147226 20000 1.000000
241.856000 34.530300 -8.289 4.951 0.191 0.214 -0.081181 20000 1.000000
242.291000 34.109900 -9.034 7.167 0.179 0.21 0.020104 20000 1.000000
244.877000 32.863500 -2.662 -0.25 0.177 0.2 0.044581 20000 1.000000
244.272000 32.850500 -8.206 5.3 0.178 0.204 0.052933 20000 1.000000
240.120000 34.414900 -12.433 9.82 0.175 0.207 0.018870 20000 1.000000
242.427000 35.071700 -5.378 2.907 0.175 0.207 0.097553 20000 1.000000
239.249000 35.791600 -10.908 10.065 0.175 0.211 0.026669 20000 1.000000
242.900000 34.039100 -6.983 7.06 0.171 0.199 0.080332 20000 1.000000
240.275000 35.242100 -7.767 5.063 0.184 0.22 0.051378 20000 1.000000
244.265000 33.069800 -7.159 4.215 0.186 0.213 0.049968 20000 1.000000
240.961000 34.168400 -11.43 9.46 0.17 0.203 0.064060 20000 1.000000
241.743000 33.861500 -10.794 8.33 0.173 0.207 0.047289 20000 1.000000
241.476000 34.253600 -10.076 8.008 0.177 0.21 0.094772 20000 1.000000
240.629000 34.408100 -11.833 8.171 0.195 0.233 0.031617 20000 1.000000
241.387000 34.516500 -10.009 5.532 0.176 0.206 0.036410 20000 1.000000
243.630000 34.124100 -4.658 1.708 0.185 0.215 0.014145 20000 1.000000
242.098000 34.082000 -8.636 6.501 0.184 0.215 0.001378 20000 1.000000
241.603000 34.334800 -23.404 5.495 0.388 0.368 0.018616 20000 1.000000
241.603000 34.334000 -9.232 7.356 0.3 0.281 -0.101097 20000 1.000000
244.212000 33.389800 -5.714 0.734 0.184 0.211 0.047747 20000 1.000000
242.154000 35.267500 -4.555 2.822 0.183 0.225 -0.011465 20000 1.000000
242.140000 34.413400 -7.507 6.52 0.172 0.217 0.045120 20000 1.000000
241.873000 33.938300 -12.831 7.965 0.172 0.202 0.053680 20000 1.000000
242.588000 33.647700 -10.966 7.938 0.166 0.196 0.047445 20000 1.000000
241.170000 34.946200 -5.589 7.792 0.177 0.216 0.045715 20000 1.000000
245.061000 39.345200 -3.866 -0.737 0.172 0.213 0.039837 20000 1.000000
244.183000 40.914700 -4.812 -1.567 0.165 0.212 0.049876 20000 1.000000
241.871000 33.583500 -8.09 8.957 0.177 0.205 0.069724 20000 1.000000
242.574000 33.649100 -10.542 8.015 0.172 0.204 0.020990 20000 1.000000
241.574000 34.703100 -5.825 8.953 0.172 0.204 0.055773 20000 1.000000
242.474000 34.104200 -9.999 6.186 0.197 0.232 0.061669 20000 1.000000
239.991000 34.733000 -10.938 9.993 0.171 0.203 0.076403 20000 1.000000
243.064000 34.093600 -5.627 4.535 0.197 0.28 0.136364 20000 1.000000
241.116000 34.356300 -10.938 8.942 0.173 0.202 0.051442 20000 1.000000
246.195000 39.369400 -4.281 -1.096 0.172 0.21 0.038065 20000 1.000000
241.760000 34.733900 -6.641 5.037 0.177 0.211 0.036720 20000 1.000000
244.200000 32.945000 -5.529 5.184 0.29 0.293 0.078528 20000 1.000000
241.107000 34.800200 -9.558 5.207 0.177 0.21 0.057342 20000 1.000000
240.644000 40.416500 -3.501 -0.867 0.167 0.216 0.005143 20000 1.000000
240.136000 35.189400 -9.136 6.886 0.172 0.21 0.044825 20000 1.000000
244.479000 33.274800 -3.532 -0.555 0.175 0.2 0.043465 20000 1.000000
243.617000 34.291400 -4.311 1.642 0.176 0.206 0.029121 20000 1.000000
245.173000 33.051100 -3.207 -1.53 0.212 0.236 -0.022426 20000 1.000000
244.340000 34.784000 -3.117 -1.698 0.195 0.23 0.033329 20000 1.000000
245.810000 34.308600 -2.948 -0.755 0.177 0.204 0.053017 20000 1.000000
243.111000 35.425200 -6.105 5.314 0.173 0.206 0.033340 20000 1.000000
245.820000 40.640200 -4.211 -1.63 0.166 0.209 0.049704 20000 1.000000
239.584000 36.399000 -7.379 1.9 0.201 0.242 0.026098 20000 1.000000
241.887000 34.047400 -10.943 7.013 0.179 0.212 0.084517 20000 1.000000
242.701000 35.011500 -4.43 1.881 0.167 0.2 0.051855 20000 1.000000
241.714000 33.783600 -10.945 9.107 0.197 0.23 -0.032715 20000 1.000000
243.570000 34.754800 -4.979 0.434 0.172 0.203 0.061748 20000 1.000000
238.530000 40.815900 -7.081 -1.764 0.165 0.215 0.030725 20000 1.000000
242.999000 33.708100 -9.338 6.508 0.17 0.2 0.066095 20000 1.000000
244.365000 33.705000 -4 0.018 0.19 0.23 0.038949 20000 1.000000
239.520000 35.866700 -9.573 8.528 0.195 0.255 0.090382 20000 1.000000
242.155000 34.458200 -8.286 4.203 0.175 0.209 0.026203 20000 1.000000
239.598000 35.880800 -7.632 4.569 0.18 0.216 0.127661 20000 1.000000
240.812000 34.441200 -10.895 6.875 0.182 0.219 0.059026 20000 1.000000
244.089000 34.727300 -3.937 -0.703 0.175 0.207 0.063609 20000 1.000000
243.779000 33.796800 -5.682 2.239 0.176 0.207 0.092295 20000 1.000000
244.855000 34.157600 -3.689 -2.03 0.17 0.2 0.073231 20000 1.000000
241.526000 35.662300 -5.702 2.246 0.179 0.217 0.001934 20000 1.000000
242.045000 34.449100 -7.969 5.345 0.167 0.205 0.031933 20000 1.000000
240.992000 34.398500 -10.986 7.064 0.174 0.208 0.045373 20000 1.000000
243.827000 33.925400 -4.463 0.922 0.179 0.205 0.062070 20000 1.000000
243.241000 33.236000 -11.536 4.574 0.205 0.226 0.153155 20000 1.000000
242.165000 34.485500 -7.766 4.505 0.18 0.215 0.040336 20000 1.000000
242.609000 33.744200 -9.811 7.352 0.195 0.221 0.130405 20000 1.000000
242.555000 33.817400 -9.503 7.374 0.183 0.213 0.030160 20000 1.000000
243.060000 35.090200 -5.026 1.293 0.174 0.204 0.056925 20000 1.000000
239.553000 34.691000 -12.04 11.21 0.181 0.215 0.044952 20000 1.000000
242.246000 34.133300 -9.702 5.893 0.175 0.205 0.072554 20000 1.000000
239.406000 35.828700 -9.85 9.309 0.174 0.213 0.075583 20000 1.000000
242.454000 34.314900 -9.712 3.71 0.19 0.225 0.135402 20000 1.000000
241.970000 34.527100 -8.419 4.909 0.176 0.213 -0.002927 20000 1.000000
240.896000 34.733600 -9.934 6.319 0.174 0.211 0.051189 20000 1.000000
239.557000 35.832600 -9.714 8.479 0.169 0.206 0.048232 20000 1.000000
242.563000 33.856800 -9.758 7.211 0.172 0.199 0.045484 20000 1.000000
238.778000 42.418300 -3.905 -2.731 0.233 0.317 0.035147 20000 1.000000
239.241000 36.186900 -5.021 4.444 0.172 0.207 0.096384 20000 1.000000
239.233000 36.180500 -10.755 10.573 0.171 0.207 0.050898 20000 1.000000
244.021000 36.632500 -3.651 -1.391 0.169 0.205 0.078703 20000 1.000000
239.649000 34.038300 -11.804 10.988 0.173 0.207 0.007309 20000 1.000000
241.874000 34.136800 -10.368 6.789 0.172 0.203 0.073385 20000 1.000000
243.904000 40.148400 -3.726 -1.894 0.171 0.219 -0.022677 20000 1.000000
242.682000 33.918400 -9.087 6.641 0.172 0.2 0.060589 20000 1.000000
239.566000 35.969500 -6.142 4.649 0.173 0.203 0.004217 20000 1.000000
244.588000 40.710700 -4.223 -1.836 0.169 0.225 0.023751 20000 1.000000
241.122000 34.295500 -11.22 8.688 0.191 0.22 0.064824 20000 1.000000
242.118000 34.175200 -10.075 8.205 0.227 0.252 -0.232546 20000 1.000000
243.352000 34.038500 -7.97 3.205 0.19 0.224 0.171443 20000 1.000000
242.790000 34.230800 -7.059 5.223 0.333 0.335 0.215186 20000 1.000000
241.755000 34.055200 -10.876 6.86 0.248 0.241 0.300951 20000 1.000000
245.381000 34.767700 -3.251 -0.9 0.185 0.217 0.052777 20000 1.000000
242.491000 39.685600 -3.991 -1.544 0.169 0.214 0.035120 20000 1.000000
240.859000 34.498700 -10.509 6.42 0.166 0.199 0.046699 20000 1.000000
243.932000 34.141000 -3.624 0.169 0.172 0.201 0.074353 20000 1.000000
242.653000 33.240700 -9.997 8.175 0.192 0.211 -0.082617 20000 1.000000
244.082000 34.369900 -3.767 -0.878 0.172 0.204 0.018166 20000 1.000000
243.695000 34.427700 -3.894 0.721 0.173 0.208 0.020049 20000 1.000000
243.708000 34.533000 -5.4 -1.523 0.181 0.206 0.038048 20000 1.000000
243.185000 34.674900 -4.862 1.801 0.182 0.214 0.151709 20000 1.000000
241.793000 34.128800 -9.724 6.53 0.194 0.229 0.034128 20000 1.000000
240.647000 34.683400 -11.414 6.313 0.21 0.255 0.022892 20000 1.000000
242.814000 39.521100 -4.07 -1.323 0.181 0.226 0.045104 20000 1.000000
245.995000 32.722500 -4.662 -0.259 0.179 0.203 0.093991 20000 1.000000
244.721000 39.910200 -4.977 -1.492 0.184 0.218 0.048032 20000 1.000000
245.543000 36.154200 -4.475 -0.635 0.172 0.202 0.044340 20000 1.000000
245.180000 41.724200 -4.689 -1.095 0.168 0.214 0.010637 20000 1.000000
242.670000 41.428700 -4.204 -1.211 0.165 0.215 0.063269 20000 1.000000
242.935000 42.981700 -3.859 -1.173 0.162 0.216 0.030621 20000 1.000000
235.925000 40.876300 -0.599 3.391 0.216 0.269 0.091192 20000 1.000000
236.274000 38.928300 -8.104 11.794 0.162 0.206 0.025981 20000 1.000000
237.585000 40.997600 -6.872 -0.583 0.189 0.259 -0.055904 20000 1.000000
243.830000 32.616500 -11.449 7.85 0.17 0.195 0.040514 20000 1.000000
238.997000 35.551800 -11.31 11.201 0.17 0.207 0.049312 20000 1.000000
242.015000 39.305600 -4.055 -1.125 0.174 0.222 0.016744 20000 1.000000
242.395000 39.287900 -4.591 -1.181 0.176 0.217 0.032904 20000 1.000000
243.576000 39.500500 -4.057 -0.989 0.164 0.213 0.060518 20000 1.000000
243.950000 39.546400 -4.247 -1.358 0.17 0.209 0.064292 20000 1.000000
244.111000 39.374200 -4.836 -1.021 0.166 0.208 0.056860 20000 1.000000
244.487000 39.536100 -4.579 -1.12 0.167 0.211 0.044171 20000 1.000000
244.568000 39.388600 -2.249 -0.522 0.162 0.204 0.045268 20000 1.000000
242.120000 40.433400 -4.808 -0.713 0.167 0.213 0.072328 20000 1.000000
245.308000 39.255200 -3.769 -1.616 0.172 0.209 0.097920 20000 1.000000
245.723000 39.119400 -2.903 -0.098 0.17 0.216 0.047709 20000 1.000000
246.129000 39.067300 -4.289 -1.349 0.167 0.208 0.033351 20000 1.000000
246.495000 39.268900 -4.619 -1.01 0.165 0.209 0.051132 20000 1.000000
242.532000 40.320600 -4.818 -0.877 0.172 0.215 0.004492 20000 1.000000
246.946000 40.494000 -4.326 -1.273 0.165 0.209 0.055733 20000 1.000000
243.264000 40.495500 -3.939 -1.43 0.173 0.218 0.004700 20000 1.000000
243.721000 40.363200 -4.566 -2.972 0.164 0.209 0.060358 20000 1.000000
240.200000 39.572800 -6.848 0.203 0.166 0.211 0.033639 20000 1.000000
242.469000 36.614300 -4.334 -0.366 0.166 0.202 0.040849 20000 1.000000
242.593000 36.804200 -4.201 -1.48 0.162 0.198 0.045756 20000 1.000000
242.006000 36.606000 -3.989 0.684 0.175 0.208 0.136277 20000 1.000000
242.296000 37.200800 -2.931 -0.241 0.171 0.209 0.044848 20000 1.000000
240.463000 39.698400 -6.257 -0.665 0.173 0.219 0.046841 20000 1.000000
240.694000 39.795600 -5.395 -0.662 0.208 0.271 0.111299 20000 1.000000
241.126000 39.838800 -4.891 -1.297 0.173 0.215 0.017166 20000 1.000000
241.316000 39.888900 -5.054 -0.905 0.168 0.215 0.026777 20000 1.000000
241.841000 39.212300 -4.274 -0.541 0.16 0.203 0.046626 20000 1.000000
246.706000 41.856800 -4.33 -0.942 0.174 0.225 0.082348 20000 1.000000
246.958000 39.345100 -4.174 -1.343 0.17 0.209 0.038625 20000 1.000000
246.988000 41.817300 -3.711 -1.794 0.164 0.211 0.028185 20000 1.000000
246.722000 40.671300 -4.503 -1.317 0.173 0.219 0.036530 20000 1.000000
240.400000 39.499200 -6.106 -0.243 0.191 0.232 0.092683 20000 1.000000
240.931000 39.486100 -5.439 -0.61 0.17 0.214 0.044811 20000 1.000000
241.550000 39.133900 -4.701 -0.815 0.165 0.208 0.053302 20000 1.000000
241.062000 39.268000 -5.037 -1.118 0.277 0.343 0.047549 20000 1.000000
241.649000 39.454700 -4.675 -0.724 0.168 0.211 0.093184 20000 1.000000
241.995000 38.728800 -4.055 -0.605 0.166 0.207 0.052712 20000 1.000000
241.540000 38.724600 -4.976 -1.064 0.172 0.217 0.049467 20000 1.000000
241.070000 38.980900 -5.205 -0.296 0.162 0.21 0.054064 20000 1.000000
240.985000 38.704600 0.828 7.03 0.261 0.31 0.050621 20000 1.000000
240.541000 38.761400 -6.896 1.268 0.179 0.216 -0.035916 20000 1.000000
240.990000 40.242200 -5.034 -1.466 0.186 0.218 -0.035936 20000 1.000000
240.278000 39.908200 -5.762 -0.916 0.176 0.224 0.084196 20000 1.000000
239.614000 39.046600 -4.913 2.784 0.188 0.229 -0.022748 20000 1.000000
240.189000 39.123500 -7.343 -0.137 0.169 0.215 -0.017369 20000 1.000000
239.107000 39.466700 -5.435 0.49 0.234 0.295 0.144164 20000 1.000000
239.716000 39.937400 -6.456 0.055 0.16 0.205 0.039411 20000 1.000000
239.194000 40.418600 -6.887 -2.087 0.192 0.235 0.072131 20000 1.000000
239.923000 40.288900 -5.362 -0.397 0.167 0.215 0.052655 20000 1.000000
235.692000 40.247500 -7.459 9.999 0.163 0.213 0.035561 20000 1.000000
235.867000 40.551300 -0.762 4.704 0.165 0.215 0.028337 20000 1.000000
235.787000 40.637400 0.842 5.364 0.201 0.255 0.040648 20000 1.000000
235.943000 40.219600 -6.074 5.239 0.167 0.219 0.052391 20000 1.000000
236.307000 40.119300 -8.187 3.627 0.176 0.235 0.086301 20000 1.000000
238.207000 36.485500 -11.706 10.899 0.163 0.201 0.040438 20000 1.000000
238.710000 35.945700 -12.2 10.305 0.171 0.209 0.091090 20000 1.000000
238.949000 36.302100 -10.314 10.792 0.167 0.205 0.051213 20000 1.000000
238.865000 36.425900 -10.916 10.938 0.171 0.209 0.080461 20000 1.000000
237.668000 37.534500 -10.155 8.009 0.199 0.218 -0.046804 20000 1.000000
237.623000 37.914500 -7.588 5.828 0.171 0.216 0.048719 20000 1.000000
236.819000 38.495000 -7.331 10.382 0.166 0.213 -0.022441 20000 1.000000
236.291000 39.117200 -8.448 8.561 0.166 0.214 0.045413 20000 1.000000
236.652000 38.987400 -7.681 7.178 0.176 0.218 0.115292 20000 1.000000
236.796000 39.242000 -7.319 4.133 0.167 0.215 0.046998 20000 1.000000
236.368000 42.275400 -3.91 -2.44 0.172 0.228 0.043456 20000 1.000000
236.895000 39.319700 -7.309 3.939 0.17 0.216 0.058840 20000 1.000000
237.041000 38.664700 -7.858 7.69 0.193 0.264 0.123645 20000 1.000000
237.233000 38.428600 -4.373 8.483 0.168 0.216 0.058783 20000 1.000000
237.548000 38.239800 -6.113 5.15 0.168 0.213 0.025851 20000 1.000000
237.083000 38.866100 -4.727 3.655 0.161 0.206 0.029725 20000 1.000000
237.037000 39.398100 -7.773 -0.681 0.258 0.311 -0.008742 20000 1.000000
237.424000 38.777800 -5.743 3.127 0.171 0.228 0.011498 20000 1.000000
237.281000 39.260000 -5.825 3.621 0.165 0.21 0.074895 20000 1.000000
237.696000 39.109300 -5.381 0.806 0.171 0.217 0.034891 20000 1.000000
237.873000 37.069200 -10.752 11.706 0.196 0.238 0.209591 20000 1.000000
238.137000 36.962000 -9.905 9.732 0.19 0.223 -0.003235 20000 1.000000
238.009000 37.201700 -9.332 7.828 0.193 0.233 -0.013869 20000 1.000000
238.203000 37.001000 -8.614 8.187 0.252 0.283 0.133520 20000 1.000000
238.274000 37.002400 -8.491 7.06 0.18 0.229 0.065194 20000 1.000000
238.349000 37.104500 -9.322 7.915 0.201 0.23 -0.052527 20000 1.000000
238.286000 37.203500 -5.946 8.901 0.174 0.212 0.099224 20000 1.000000
237.786000 37.329900 -8.718 11.13 0.165 0.205 0.050826 20000 1.000000
237.901000 37.336900 -9.255 6.727 0.171 0.219 0.025834 20000 1.000000
237.900000 37.722000 -6.428 5.303 0.164 0.205 0.035317 20000 1.000000
237.781000 37.863900 -4.376 7.12 0.168 0.215 0.028312 20000 1.000000
237.942000 37.713900 -7.005 5.801 0.182 0.223 -0.022169 20000 1.000000
238.174000 37.336800 -7.272 6.489 0.169 0.214 0.043977 20000 1.000000
238.210000 37.533000 -5.406 3.853 0.187 0.238 0.058328 20000 1.000000
238.313000 37.601800 -5.234 2.075 0.175 0.213 0.102758 20000 1.000000
238.022000 37.749400 -5.508 6.202 0.167 0.208 0.036347 20000 1.000000
238.214000 37.819000 -4.195 2.713 0.169 0.21 0.044307 20000 1.000000
238.095000 36.621700 -10.595 10.603 0.167 0.207 0.028489 20000 1.000000
238.421000 36.724000 -9.817 11.261 0.169 0.208 0.029150 20000 1.000000
238.580000 36.800400 -7.32 7.692 0.166 0.204 0.032454 20000 1.000000
238.409000 36.858500 -10.008 9.68 0.169 0.209 0.014894 20000 1.000000
238.459000 36.814300 -9.526 9.45 0.171 0.207 0.054343 20000 1.000000
238.445000 36.903500 -8.79 7.338 0.169 0.207 0.016971 20000 1.000000
238.613000 36.637000 -8.891 10.272 0.176 0.215 -0.011418 20000 1.000000
238.458000 37.007800 -9.251 6.042 0.168 0.211 0.048309 20000 1.000000
238.426000 37.213000 -6.64 2.331 0.167 0.205 0.039556 20000 1.000000
238.665000 36.918200 -5.535 2.917 0.171 0.215 0.049433 20000 1.000000
238.645000 37.010800 -6.986 3.571 0.181 0.223 0.005320 20000 1.000000
240.294000 37.713100 -4.361 5.086 0.172 0.215 0.022455 20000 1.000000
238.812000 36.559500 -11.498 8.761 0.163 0.201 0.034967 20000 1.000000
238.131000 37.975600 -5.303 2.345 0.166 0.208 0.059815 20000 1.000000
238.936000 36.611600 -5.317 1.643 0.162 0.2 0.035720 20000 1.000000
238.732000 36.950000 -6.077 2.338 0.168 0.207 0.068858 20000 1.000000
238.652000 36.811400 -5.897 3.857 0.168 0.207 0.030617 20000 1.000000
238.942000 37.169600 -6.204 1.981 0.174 0.213 0.055466 20000 1.000000
238.347000 37.478400 -5.075 2.194 0.18 0.225 0.048248 20000 1.000000
238.531000 37.489600 -5.498 0.921 0.163 0.204 0.033233 20000 1.000000
238.675000 37.581900 -6.794 0.556 0.168 0.211 0.026547 20000 1.000000
238.395000 37.932000 -4.444 1.561 0.165 0.207 0.035224 20000 1.000000
238.536000 37.755300 -5.974 2.845 0.169 0.211 0.028261 20000 1.000000
238.717000 37.385400 -4.918 1.439 0.17 0.216 0.043241 20000 1.000000
237.782000 38.153000 -5.475 1.671 0.164 0.207 0.016730 20000 1.000000
237.904000 38.025100 -6.051 3.728 0.172 0.218 -0.026203 20000 1.000000
237.805000 38.444200 -5.555 1.851 0.175 0.232 0.051908 20000 1.000000
237.645000 38.999500 -5.16 0.826 0.2 0.226 0.122398 20000 1.000000
238.905000 38.645300 -5.447 1.246 0.164 0.207 0.042290 20000 1.000000
239.652000 35.544100 -11.218 8.754 0.172 0.208 0.033805 20000 1.000000
239.611000 35.841100 -10.139 8.2 0.172 0.208 0.022930 20000 1.000000
239.655000 35.837800 -7.626 5.278 0.171 0.211 0.045401 20000 1.000000
239.715000 35.806700 -7.065 4.684 0.181 0.221 0.040535 20000 1.000000
239.093000 35.933300 -11.313 9.642 0.167 0.205 0.039166 20000 1.000000
239.019000 36.417200 -5.689 3.774 0.167 0.207 0.051948 20000 1.000000
239.147000 36.515900 -6.223 1.302 0.172 0.214 0.022111 20000 1.000000
239.302000 36.024800 -10.288 10.052 0.166 0.209 0.034311 20000 1.000000
239.121000 36.140200 -10.629 9.821 0.167 0.203 0.032056 20000 1.000000
239.251000 36.106800 -10.916 10.062 0.163 0.199 0.042424 20000 1.000000
239.272000 36.178900 -4.811 3.166 0.172 0.215 0.049350 20000 1.000000
239.355000 35.922800 -10.159 9.903 0.165 0.201 0.028490 20000 1.000000
239.525000 36.007500 -9.389 3.868 0.184 0.213 0.045206 20000 1.000000
239.457000 36.089400 -1.819 6.05 0.164 0.201 0.040585 20000 1.000000
239.560000 36.123200 -6.244 4.004 0.164 0.201 0.036976 20000 1.000000
239.158000 35.697100 -10.69 9.507 0.171 0.203 0.081917 20000 1.000000
239.637000 36.051700 -5.467 3.56 0.168 0.201 0.038052 20000 1.000000
239.448000 35.974100 -10.134 9.002 0.182 0.215 0.003442 20000 1.000000
239.706000 36.015800 -5.555 2.917 0.17 0.209 0.031388 20000 1.000000
239.723000 36.304400 -10.257 1.621 0.169 0.207 0.034151 20000 1.000000
239.257000 36.806300 -6.417 2.058 0.166 0.206 0.036185 20000 1.000000
239.803000 37.352200 -5.22 1.782 0.177 0.222 0.016254 20000 1.000000
239.356000 37.795200 -4.412 1.15 0.183 0.219 0.054247 20000 1.000000
240.160000 37.901100 -7.468 -0.381 0.187 0.215 -0.050560 20000 1.000000
239.049000 38.090000 -3.938 1.334 0.169 0.212 0.032671 20000 1.000000
239.666000 38.735600 -6.343 0.77 0.185 0.217 0.078943 20000 1.000000
241.480000 37.177600 -6.267 0.537 0.164 0.201 0.045764 20000 1.000000
236.283000 39.863600 -7.896 5.821 0.201 0.26 -0.046543 20000 1.000000
236.448000 39.905700 -6.272 3.712 0.19 0.25 -0.028590 20000 1.000000
236.628000 39.452400 -6.451 3.664 0.165 0.213 0.039129 20000 1.000000
236.705000 39.707100 -7.656 0.952 0.175 0.222 -0.046491 20000 1.000000
236.813000 39.492800 -7.699 1.887 0.18 0.247 0.066107 20000 1.000000
236.817000 39.962100 -6.818 -0.259 0.197 0.257 -0.019917 20000 1.000000
236.344000 40.256800 -5.494 2.256 0.164 0.215 0.044685 20000 1.000000
236.117000 41.151700 -2.998 0.916 0.167 0.218 0.055844 20000 1.000000
236.301000 40.575300 -5.008 0.537 0.173 0.224 0.085404 20000 1.000000
236.427000 40.478900 -4.635 -0.544 0.201 0.26 0.249885 20000 1.000000
236.548000 40.082200 -6.509 1.385 0.161 0.21 0.038832 20000 1.000000
236.864000 40.324100 -7.069 -0.215 0.161 0.211 0.027419 20000 1.000000
236.676000 40.732900 -6.189 0.766 0.177 0.233 0.005388 20000 1.000000
236.826000 40.546700 -5.529 -0.172 0.202 0.268 0.021860 20000 1.000000
237.024000 39.621400 -4.337 1.569 0.175 0.215 0.086434 20000 1.000000
237.264000 39.493600 -2.386 3.109 0.163 0.207 0.028259 20000 1.000000
237.126000 39.726200 -4.914 -0.905 0.168 0.217 0.080500 20000 1.000000
237.077000 40.747600 -4.85 -0.258 0.2 0.26 0.027888 20000 1.000000
237.393000 40.650700 -6.714 -1.671 0.17 0.224 -0.011473 20000 1.000000
236.666000 40.887100 -5.368 -0.533 0.194 0.254 0.028733 20000 1.000000
237.729000 40.271200 -5.519 -0.156 0.221 0.285 -0.018524 20000 1.000000
239.132000 39.794700 -5.276 -0.094 0.164 0.215 0.002805 20000 1.000000
239.052000 41.183300 -5.506 -1.07 0.163 0.216 0.013486 20000 1.000000
237.681000 40.731100 -7.197 -0.309 0.194 0.232 0.081495 20000 1.000000
235.774000 42.209100 1.436 -0.152 0.168 0.217 0.039972 20000 1.000000
235.946000 42.860100 -0.6 0.365 0.192 0.258 0.107562 20000 1.000000
236.617000 42.503500 -3.07 -1.92 0.165 0.221 0.038943 20000 1.000000
237.344000 42.191000 -6.103 -2.575 0.17 0.228 -0.002011 20000 1.000000
238.220000 42.259700 -6.819 -1.158 0.164 0.214 0.035248 20000 1.000000
239.622000 42.468800 -5.778 -2.661 0.167 0.222 -0.002293 20000 1.000000
241.588000 42.254600 -3.362 -0.822 0.161 0.213 0.034290 20000 1.000000
243.371000 36.071300 -4.139 -1.274 0.177 0.217 0.111977 20000 1.000000
242.835000 36.022500 -3.571 0.557 0.175 0.205 0.032366 20000 1.000000
242.590000 36.159000 -5.175 -0.207 0.181 0.216 0.092125 20000 1.000000
241.868000 36.466800 -6.592 2.921 0.188 0.236 -0.159901 20000 1.000000
242.211000 36.531200 -4.657 0.203 0.163 0.2 0.043174 20000 1.000000
241.909000 36.570200 -6.02 1.249 0.188 0.213 -0.019633 20000 1.000000
241.882000 36.975700 -5.072 0.044 0.163 0.201 0.048855 20000 1.000000
242.064000 37.231400 -4.266 -0.254 0.173 0.207 0.099716 20000 1.000000
242.606000 34.462400 -6.394 3.937 0.18 0.208 0.046496 20000 1.000000
242.459000 33.562100 -10.314 8.277 0.175 0.203 0.072603 20000 1.000000
242.895000 32.889200 -10.604 8.782 0.171 0.197 0.039504 20000 1.000000
243.050000 32.733800 -11.152 8.71 0.166 0.193 0.044627 20000 1.000000
242.756000 32.666400 -11.935 8.651 0.183 0.203 0.140533 20000 1.000000
242.810000 33.439600 -10.718 8.127 0.167 0.196 0.055794 20000 1.000000
242.928000 33.235700 -10.586 7.106 0.179 0.201 0.088933 20000 1.000000
243.217000 33.493300 -9.928 6.441 0.168 0.196 0.050042 20000 1.000000
243.651000 32.976000 -10.405 6.985 0.172 0.199 0.053018 20000 1.000000
243.989000 32.822200 -10.402 6.944 0.173 0.197 0.013879 20000 1.000000
243.329000 33.240200 -10.066 6.816 0.176 0.203 0.051479 20000 1.000000
243.431000 33.059200 -10.353 7.265 0.167 0.193 0.045145 20000 1.000000
243.379000 33.375600 -9.361 6.753 0.173 0.201 0.088568 20000 1.000000
243.591000 33.210200 -10.039 6.881 0.183 0.213 0.050033 20000 1.000000
243.817000 33.213500 -7.785 4.959 0.17 0.196 0.049121 20000 1.000000
243.921000 33.201000 -7.58 3.618 0.169 0.196 0.052666 20000 1.000000
243.888000 33.296200 -8.243 3.928 0.173 0.201 -0.002388 20000 1.000000
243.574000 33.523500 -7.203 2.525 0.186 0.211 0.126876 20000 1.000000
243.773000 33.574700 -6.611 3.348 0.177 0.212 0.063965 20000 1.000000
244.031000 32.887000 -10.14 6.342 0.172 0.198 0.047607 20000 1.000000
244.175000 32.954700 -8.446 5.881 0.173 0.198 0.044550 20000 1.000000
244.268000 32.759700 -9.78 5.57 0.176 0.203 0.053771 20000 1.000000
244.404000 32.750600 -8.503 5.473 0.18 0.204 0.061557 20000 1.000000
244.423000 32.834700 -6.731 5.017 0.176 0.202 0.048847 20000 1.000000
244.430000 32.898400 -5.998 5.006 0.206 0.237 0.066097 20000 1.000000
244.700000 32.690000 -4.046 0.348 0.17 0.196 0.042514 20000 1.000000
244.602000 32.875800 -3.559 -1.064 0.177 0.204 0.058404 20000 1.000000
244.578000 32.982500 -3.515 -0.444 0.175 0.203 0.063966 20000 1.000000
244.280000 32.948900 -7.797 5.167 0.175 0.2 0.049783 20000 1.000000
244.234000 33.516400 -4.795 0.526 0.179 0.206 0.110361 20000 1.000000
244.313000 33.423900 -4.028 -0.281 0.178 0.204 0.093767 20000 1.000000
244.571000 33.247800 -3.824 -0.87 0.174 0.202 0.041658 20000 1.000000
244.657000 33.143600 -2.542 -1.554 0.177 0.203 0.002120 20000 1.000000
244.704000 33.886900 -2.64 -0.465 0.181 0.203 0.056573 20000 1.000000
240.305000 37.562600 -8.093 -1.13 0.184 0.212 0.154125 20000 1.000000
239.350000 34.907300 -11.004 11.117 0.165 0.199 0.043988 20000 1.000000
239.590000 35.010700 -11.031 10.605 0.173 0.209 0.029815 20000 1.000000
239.760000 34.870600 -11.823 9.845 0.168 0.201 0.067439 20000 1.000000
239.617000 35.106200 -11.491 9.767 0.177 0.209 0.125390 20000 1.000000
241.822000 34.376400 -9.455 5.167 0.169 0.201 0.055131 20000 1.000000
239.925000 35.020000 -12.494 6.878 0.164 0.197 0.038683 20000 1.000000
240.208000 34.507800 -11.267 8.396 0.174 0.199 0.036336 20000 1.000000
240.384000 34.630500 -13.082 7.083 0.164 0.196 0.043718 20000 1.000000
240.185000 34.888600 -10.464 9.673 0.163 0.196 0.047341 20000 1.000000
240.464000 35.086600 -8.395 5.329 0.169 0.204 0.078969 20000 1.000000
239.192000 35.425800 -10.568 11.049 0.167 0.201 0.024044 20000 1.000000
239.455000 35.327800 -11.193 9.483 0.17 0.207 0.093869 20000 1.000000
239.646000 35.440500 -10.887 8.537 0.168 0.203 0.027390 20000 1.000000
239.520000 35.624800 -11.576 6.05 0.167 0.204 0.051979 20000 1.000000
239.463000 35.792700 -10.189 8.639 0.172 0.212 0.078922 20000 1.000000
239.733000 35.633800 -10.413 6.908 0.172 0.204 0.078996 20000 1.000000
239.629000 35.747900 -10.37 8.431 0.17 0.206 0.050146 20000 1.000000
237.762000 37.061200 -10.225 10.651 0.167 0.208 0.052486 20000 1.000000
239.899000 35.235100 -10.695 8.047 0.189 0.218 0.093219 20000 1.000000
239.975000 35.279800 -10.207 7.832 0.173 0.212 0.017188 20000 1.000000
240.065000 35.316800 -9.188 7.017 0.169 0.207 0.042673 20000 1.000000
239.887000 35.534200 -9.062 6.678 0.181 0.221 0.038560 20000 1.000000
239.818000 35.702700 -7.678 5.104 0.167 0.203 0.046476 20000 1.000000
239.869000 35.801300 -7.153 3.87 0.175 0.206 0.056884 20000 1.000000
239.999000 35.686700 -6.366 4.284 0.171 0.204 -0.002942 20000 1.000000
239.707000 35.688900 -8.751 7.496 0.167 0.203 0.028481 20000 1.000000
240.287000 35.319000 -8.281 4.647 0.178 0.216 0.044008 20000 1.000000
240.091000 35.934700 -5.215 3.086 0.167 0.202 0.049178 20000 1.000000
240.496000 34.466800 -11.778 7.971 0.164 0.196 0.045619 20000 1.000000
240.674000 34.599600 -10.546 8.105 0.174 0.212 0.121508 20000 1.000000
240.885000 34.660100 -10.228 6.364 0.174 0.205 0.110320 20000 1.000000
240.845000 34.856200 -8.895 3.867 0.246 0.337 -0.022996 20000 1.000000
239.755000 35.686700 -8.154 6.187 0.168 0.202 0.033264 20000 1.000000
241.121000 34.835100 -8.77 5.253 0.181 0.219 0.073772 20000 1.000000
241.152000 34.792300 -9.282 4.175 0.173 0.21 0.051061 20000 1.000000
241.331000 34.695000 -6.876 7.522 0.18 0.216 0.123387 20000 1.000000
241.454000 34.771100 -6.918 4.573 0.17 0.204 0.053343 20000 1.000000
241.344000 34.944400 -7.295 3.587 0.174 0.208 0.003453 20000 1.000000
241.388000 35.138600 -6.534 3.309 0.167 0.201 0.020677 20000 1.000000
241.459000 34.821800 -6.472 5.116 0.176 0.206 0.042771 20000 1.000000
241.811000 34.982100 -5.561 2.475 0.249 0.295 0.046995 20000 1.000000
241.876000 35.378000 -4.22 2.662 0.169 0.2 0.032366 20000 1.000000
241.740000 35.667300 -5.475 2.332 0.174 0.205 0.051330 20000 1.000000
241.233000 36.231400 -6.025 2.985 0.172 0.204 0.105668 20000 1.000000
241.045000 36.585500 -5.169 1.862 0.164 0.202 0.040026 20000 1.000000
241.740000 36.093100 -5.89 1.64 0.168 0.201 0.037833 20000 1.000000
241.994000 35.038800 -5.195 3.467 0.168 0.2 0.057575 20000 1.000000
242.271000 34.509700 -6.928 4.015 0.17 0.2 0.044047 20000 1.000000
242.451000 34.634300 -6.19 3.624 0.168 0.199 0.045715 20000 1.000000
242.457000 34.987000 -5.128 3.468 0.171 0.204 0.086388 20000 1.000000
243.048000 33.892600 -7.626 5.403 0.166 0.195 0.048010 20000 1.000000
243.454000 34.019300 -5.267 2.626 0.169 0.197 0.037902 20000 1.000000
242.719000 34.534800 -6.182 4.18 0.195 0.209 -0.056879 20000 1.000000
241.969000 34.332200 -9.126 6.461 0.172 0.203 0.058787 20000 1.000000
242.635000 35.116800 -4.935 2.934 0.173 0.206 0.029972 20000 1.000000
241.983000 35.152400 -4.527 3.231 0.168 0.201 0.045150 20000 1.000000
242.697000 35.238500 -4.143 2.282 0.17 0.201 0.060583 20000 1.000000
242.795000 35.387900 -4.036 1.987 0.165 0.198 0.053752 20000 1.000000
242.610000 35.896700 -5.214 2.226 0.184 0.219 0.026000 20000 1.000000
242.597000 35.697600 -5.176 1.287 0.168 0.201 0.043288 20000 1.000000
243.111000 35.998200 -3.445 -0.727 0.179 0.204 0.037528 20000 1.000000
243.112000 35.710600 -4.486 -0.347 0.166 0.202 0.049884 20000 1.000000
243.290000 34.192500 -5.783 3.602 0.172 0.199 0.038075 20000 1.000000
243.463000 34.217200 -5.539 3.122 0.175 0.201 0.061085 20000 1.000000
243.788000 33.865800 -5.108 2.405 0.168 0.197 0.061261 20000 1.000000
243.920000 33.959300 -5.278 0.257 0.171 0.197 0.052085 20000 1.000000
239.772000 35.729200 -7.071 4.695 0.169 0.203 0.060195 20000 1.000000
243.971000 34.716900 -3.683 -1.164 0.174 0.203 0.023520 20000 1.000000
243.329000 34.936800 -3.977 0.795 0.172 0.204 0.061202 20000 1.000000
242.063000 34.341100 -8.955 5.28 0.183 0.221 0.046828 20000 1.000000
243.120000 34.462100 -5.608 2.675 0.168 0.198 0.044962 20000 1.000000
244.179000 33.741000 -4.335 -0.246 0.18 0.208 0.069447 20000 1.000000
243.107000 34.062700 -6.179 3.329 0.186 0.218 0.010055 20000 1.000000
244.236000 34.425700 -2.953 -0.983 0.208 0.222 0.077847 20000 1.000000
244.350000 35.204800 -3.233 -0.459 0.173 0.203 0.023805 20000 1.000000
242.685000 34.187400 -6.913 4.713 0.172 0.203 0.093998 20000 1.000000
242.950000 34.196200 -4.506 5.145 0.202 0.208 0.122575 20000 1.000000
244.750000 34.731800 -3.743 -0.99 0.218 0.254 0.122190 20000 1.000000
243.237000 35.204600 -4.224 1.048 0.168 0.199 0.053950 20000 1.000000
242.107000 35.424600 -4.984 2.23 0.168 0.2 0.046043 20000 1.000000
243.428000 35.320600 -2.869 0.366 0.172 0.206 0.039152 20000 1.000000
243.896000 35.141900 -3.959 -0.423 0.181 0.204 0.023336 20000 1.000000
243.878000 35.526000 -4.546 -1.43 0.17 0.203 0.038508 20000 1.000000
243.855000 35.785400 -3.027 -0.579 0.168 0.202 0.035005 20000 1.000000
244.456000 35.472800 -3.858 -0.992 0.169 0.204 0.056334 20000 1.000000
244.634000 35.163000 -3.696 0.013 0.178 0.212 0.038014 20000 1.000000
245.401000 34.188900 -2.969 -1.137 0.175 0.204 0.057858 20000 1.000000
245.035000 34.844400 -3.36 -1.145 0.174 0.203 0.041537 20000 1.000000
244.762000 35.291100 -3.079 -0.875 0.17 0.203 0.049743 20000 1.000000
241.621000 37.973100 -4.668 -0.004 0.189 0.237 0.023679 20000 1.000000
241.000000 37.613000 -6.151 -0.812 0.168 0.207 0.006105 20000 1.000000
241.084000 37.605300 -6.698 -1.46 0.173 0.224 0.013092 20000 1.000000
240.914000 37.785700 -7.744 1.01 0.204 0.231 -0.064870 20000 1.000000
240.967000 37.913500 -7.164 1.96 0.163 0.203 0.047196 20000 1.000000
240.974000 37.696600 -7.073 0.749 0.196 0.226 0.166990 20000 1.000000
240.862000 37.839300 -8.444 1.631 0.179 0.213 0.059943 20000 1.000000
240.853000 37.962800 -8.013 0.891 0.166 0.204 0.045147 20000 1.000000
240.916000 37.914100 -7 1.407 0.166 0.205 0.046957 20000 1.000000
241.056000 37.734300 -6.864 1.364 0.165 0.205 0.046632 20000 1.000000
241.131000 37.654600 -5.131 0.554 0.166 0.208 0.038793 20000 1.000000
241.040000 37.891700 -6.069 1.915 0.173 0.209 0.030415 20000 1.000000
241.148000 37.878200 -5.688 1.428 0.165 0.205 0.030863 20000 1.000000
241.183000 37.591400 -7.3 -2.389 0.17 0.219 0.098669 20000 1.000000
241.302000 37.561600 -5.319 -0.298 0.172 0.229 0.023932 20000 1.000000
241.316000 37.495400 -7.277 0.097 0.162 0.201 0.042257 20000 1.000000
241.406000 37.541300 -6.268 0.146 0.166 0.205 0.049425 20000 1.000000
241.180000 37.677000 -4.748 0.454 0.165 0.205 0.043132 20000 1.000000
241.232000 37.754400 -4.498 2.123 0.173 0.222 0.098010 20000 1.000000
240.981000 37.800000 -7.483 0.752 0.168 0.207 0.076542 20000 1.000000
241.264000 37.903500 -4.978 1.264 0.168 0.208 0.029808 20000 1.000000
241.445000 37.891300 -4.132 0.746 0.174 0.209 0.102806 20000 1.000000
241.762000 37.589200 -3.802 -0.29 0.164 0.203 0.046493 20000 1.000000
241.528000 37.737500 -5.799 0.201 0.18 0.219 0.066236 20000 1.000000
240.850000 38.057900 -7.156 1.905 0.175 0.213 0.050269 20000 1.000000
237.804000 41.344800 23.705 -99.114 0.208 0.272 0.101589 20000 1.000000
237.706000 41.381200 -6.409 -0.45 0.181 0.228 0.092229 20000 1.000000
237.809000 41.479200 -4.699 -4.353 0.177 0.245 -0.009723 20000 1.000000
237.687000 41.463600 -5.418 -0.991 0.166 0.227 -0.008993 20000 1.000000
237.847000 41.531900 -6.434 -2.062 0.311 0.379 0.107767 20000 1.000000
238.493000 41.711600 -5.66 -1.839 0.162 0.213 0.034945 20000 1.000000
246.132000 42.878900 -5.023 -2.268 0.163 0.215 0.024890 20000 1.000000
241.275000 37.380400 -7.606 0.073 0.232 0.256 0.204310 20000 1.000000
241.439000 37.439500 -6.642 0.522 0.178 0.213 0.050169 20000 1.000000
240.254000 37.088900 -5.599 2.087 0.17 0.209 0.096797 20000 1.000000
241.853000 37.280500 -5.017 0.328 0.166 0.205 0.055358 20000 1.000000
239.172000 41.359200 -5.238 -0.974 0.19 0.241 -0.033766 20000 1.000000
239.527000 41.332500 -4.091 -0.454 0.166 0.215 0.042729 20000 1.000000
235.587000 42.442000 -0.723 1.861 0.167 0.225 -0.030998 20000 1.000000
235.707000 42.076600 -2.521 0.576 0.174 0.221 0.058672 20000 1.000000
238.120000 42.579800 -4.563 -0.335 0.167 0.218 0.021872 20000 1.000000
237.390000 42.727100 -6.507 -1.015 0.18 0.228 0.149535 20000 1.000000
242.275000 42.020200 -2.794 -0.931 0.167 0.217 0.045357 20000 1.000000
243.404000 33.598200 -8.662 6.439 0.242 0.285 -0.063098 20000 1.000000
243.397000 33.495500 -8.346 5.149 0.174 0.204 0.060560 20000 1.000000
244.492000 32.829400 -5.361 5.541 0.172 0.196 0.043516 20000 1.000000
239.784000 35.693800 -7.15 6.779 0.187 0.221 0.104459 20000 1.000000
237.579000 41.830800 -9.462 -1.717 0.178 0.235 0.085812 20000 1.000000
236.019000 41.845500 -3.132 0.573 0.184 0.27 -0.021969 20000 1.000000
238.521000 36.744300 -14.011 10.081 0.185 0.221 0.111036 20000 1.000000
239.528000 35.946600 -6.768 4.058 0.212 0.255 0.114750 20000 1.000000
239.485000 35.929100 -9.458 10.491 0.221 0.283 0.071427 20000 1.000000
236.427000 40.478800 -5.06 -0.382 0.198 0.257 0.243001 20000 1.000000
237.036000 39.845700 -8.991 -1.828 0.163 0.211 0.010703 20000 1.000000
243.852000 34.508100 -3.269 -0.328 0.168 0.198 0.048850 20000 1.000000
245.241000 32.497900 -3.002 0.432 0.178 0.199 0.055261 20000 1.000000
243.407000 33.537300 -8.135 5.721 0.186 0.219 0.100900 20000 1.000000
241.651000 34.021700 -10.919 7.515 0.175 0.213 0.062455 20000 1.000000
241.379000 34.836000 -6.902 4.785 0.17 0.203 0.045403 20000 1.000000
241.983000 35.152400 -4.259 2.687 0.17 0.204 0.042628 20000 1.000000
241.983000 35.152500 -4.154 3.255 0.196 0.233 0.049987 20000 1.000000
242.968000 33.389000 -7.898 11.155 0.18 0.209 0.089609 20000 1.000000
243.936000 31.559100 -10.878 9.446 0.176 0.197 0.118800 20000 1.000000
238.728000 35.709000 -10.987 10.98 0.186 0.226 0.029596 20000 1.000000
242.077000 34.508200 -7.864 4.647 0.174 0.206 0.057311 20000 1.000000
244.450000 32.490100 -8.964 6.979 0.173 0.206 0.009251 20000 1.000000
242.305000 34.925400 -4.92 3.616 0.173 0.205 0.022936 20000 1.000000
244.116000 32.417000 -11.436 8.167 0.168 0.194 0.048928 20000 1.000000
243.076000 33.687100 -10.874 6.698 0.176 0.205 0.053856 20000 1.000000
239.522000 35.919900 -2.065 16.833 0.172 0.209 0.084621 20000 1.000000
242.818000 33.835700 -9.096 5.95 0.189 0.212 0.054862 20000 1.000000
243.506000 33.819200 -7.227 3.796 0.177 0.205 0.053644 20000 1.000000
242.193000 34.091800 -9.773 6.389 0.173 0.214 0.032720 20000 1.000000
244.165000 31.313100 -12.065 8.763 0.169 0.192 0.038952 20000 1.000000
244.543000 32.377900 -9.415 8.146 0.168 0.192 0.043915 20000 1.000000
241.596000 33.743300 -11.89 9.727 0.173 0.203 0.063881 20000 1.000000
238.863000 36.161100 -11.158 9.69 0.176 0.21 0.075852 20000 1.000000
241.755000 34.628700 -8.105 4.141 0.19 0.226 0.008955 20000 1.000000
239.056000 39.974600 -8.294 -1.666 0.179 0.228 0.000033 20000 1.000000
243.849000 34.683200 -3.724 -1.133 0.167 0.199 0.055305 20000 1.000000
242.317000 35.338700 -4.682 2.24 0.167 0.2 0.048763 20000 1.000000
240.280000 34.500000 -11.864 8.301 0.17 0.204 0.043179 20000 1.000000
243.375000 34.643900 -4.378 0.901 0.172 0.199 0.027308 20000 1.000000
241.974000 34.019100 -10.749 6.524 0.19 0.224 -0.000577 20000 1.000000
242.391000 33.674100 -12.246 8.594 0.18 0.213 0.075502 20000 1.000000
242.445000 33.485800 -10.836 8.046 0.178 0.205 0.089662 20000 1.000000
239.475000 35.900000 1.676 7.674 0.176 0.217 0.019245 20000 1.000000
241.807000 34.875100 -5.721 4.044 0.178 0.21 0.069137 20000 1.000000
240.816000 34.541500 -10.355 6.408 0.189 0.223 0.117394 20000 1.000000
238.442000 37.666500 -5.783 2.211 0.167 0.208 0.025750 20000 1.000000
241.245000 34.459800 -10.223 6.955 0.189 0.227 0.053496 20000 1.000000
242.138000 34.205600 -11.09 6.993 0.215 0.219 -0.020765 20000 1.000000
239.775000 40.591700 -4.916 -1.046 0.17 0.221 0.017175 20000 1.000000
240.984000 41.868400 -4.305 -1.381 0.177 0.23 0.120138 20000 1.000000
243.701000 35.971300 -3.418 -0.623 0.179 0.207 0.004428 20000 1.000000
241.521000 34.438600 -8.574 5.742 0.207 0.237 0.022033 20000 1.000000
243.746000 33.192600 -7.876 6.195 0.17 0.198 0.046158 20000 1.000000
240.116000 39.314300 -6.557 0.746 0.166 0.215 0.016460 20000 1.000000
244.022000 33.292200 -5.724 3.221 0.175 0.199 0.059034 20000 1.000000
240.476000 33.247900 -0.919 6.284 0.21 0.246 0.005331 20000 1.000000
240.936000 34.319900 -10.907 8.752 0.166 0.198 0.046782 20000 1.000000
241.354000 34.059300 -11.027 10.786 0.181 0.211 0.005907 20000 1.000000
242.151000 33.992700 -9.978 6.398 0.179 0.208 0.066461 20000 1.000000
239.935000 34.004300 -11.623 10.402 0.177 0.207 0.035270 20000 1.000000
239.930000 34.607300 -13.487 10.321 0.177 0.225 0.011898 20000 1.000000
239.640000 35.917400 -2.801 8.198 0.191 0.221 0.131959 20000 1.000000
241.585000 35.158200 -6.376 2.801 0.166 0.201 0.045876 20000 1.000000
243.923000 33.650600 -5.913 2.433 0.173 0.202 0.082624 20000 1.000000
242.233000 33.549600 -11.082 8.793 0.22 0.241 0.046391 20000 1.000000
243.770000 36.934800 -3.574 -0.888 0.166 0.202 0.070357 20000 1.000000
239.867000 34.483500 -12.176 12.007 0.174 0.21 0.040503 20000 1.000000
243.839000 33.641200 -5.432 2.139 0.178 0.205 0.064034 20000 1.000000
246.368000 31.335500 -2.193 0.009 0.173 0.192 0.030570 20000 1.000000
242.951000 39.542200 -4.531 -1.321 0.173 0.212 0.122574 20000 1.000000
242.816000 38.097200 -3.757 -1.393 0.165 0.204 0.037316 20000 1.000000
241.669000 33.797800 -10.207 8.708 0.176 0.206 0.043909 20000 1.000000
241.163000 34.248000 -11.358 8.248 0.174 0.205 0.102935 20000 1.000000
241.771000 34.878900 -5.607 4.02 0.179 0.215 -0.013964 20000 1.000000
235.849000 41.053900 -0.563 3.218 0.167 0.22 0.003803 20000 1.000000
241.198000 39.627100 -4.741 -0.2 0.172 0.22 0.052623 20000 1.000000
241.723000 34.019500 -6.406 13.719 0.165 0.196 0.049298 20000 1.000000
243.915000 33.030100 -8.874 5.399 0.17 0.198 0.050715 20000 1.000000
240.516000 34.851500 -11.562 6.037 0.181 0.215 0.058771 20000 1.000000
238.053000 38.394500 -6.715 3.092 0.167 0.211 0.031341 20000 1.000000
241.780000 34.178600 -10.981 6.589 0.213 0.229 0.134321 20000 1.000000
241.486000 34.126400 -8.739 9.745 0.168 0.199 0.061545 20000 1.000000
241.516000 34.293200 -11.085 7.225 0.171 0.201 0.052660 20000 1.000000
239.384000 34.556300 -11.485 11.615 0.167 0.2 0.049551 20000 1.000000
241.879000 34.501500 -7.442 4.923 0.184 0.212 0.071584 20000 1.000000
241.706000 33.712600 -12.64 8.188 0.193 0.226 0.011959 20000 1.000000
242.807000 33.225000 -10.839 7.444 0.167 0.195 0.060933 20000 1.000000
241.443000 35.738400 -8.44 2.88 0.607 0.742 0.379583 20000 1.000000
241.346000 37.664300 -5.801 -0.007 0.179 0.224 0.056499 20000 1.000000
241.016000 35.010800 -7.172 3.685 0.22 0.26 0.010665 20000 1.000000
241.648000 35.695000 -5.437 1.889 0.191 0.231 -0.002411 20000 1.000000
243.608000 33.934800 -5.442 1.705 0.182 0.212 0.056867 20000 1.000000
241.258000 34.568500 -10.823 5.774 0.184 0.216 0.181514 20000 1.000000
241.586000 34.259400 -10.593 6.368 0.198 0.237 0.030019 20000 1.000000
244.418000 33.038300 -6.631 1.565 0.217 0.247 0.012102 20000 1.000000
243.068000 34.669000 -5.337 2.891 0.185 0.218 -0.058041 20000 1.000000
241.758000 35.695600 -4.785 2.232 0.296 0.35 0.193766 20000 1.000000
241.572000 33.958200 -11.321 8.6 0.236 0.253 -0.258880 20000 1.000000
244.421000 33.278800 -3.947 -0.713 0.194 0.222 0.030154 20000 1.000000
243.346000 33.955300 -6.529 2.982 0.173 0.201 0.049972 20000 1.000000
243.111000 35.425200 -6.257 5.169 0.184 0.219 0.048507 20000 1.000000
243.920000 35.287000 -4.011 -1.999 0.173 0.205 0.050163 20000 1.000000
