242.907000 34.116400 -10.142 0.549 0.862 0.572 -0.021500 20000 1.000000
242.555000 33.274300 -12.79 4.833 0.17 0.198 -0.012209 20000 1.000000
242.555000 33.274300 -12.648 4.837 0.169 0.197 -0.009344 20000 1.000000
243.571000 34.594300 -6.202 -2.317 0.169 0.199 -0.005293 20000 1.000000
242.675000 33.341900 -12.224 4.782 0.169 0.198 0.012521 20000 1.000000
242.524000 33.381100 -12.542 4.861 0.17 0.196 -0.005066 20000 1.000000
242.103000 34.126000 -10.459 3.844 0.225 0.245 -0.044188 20000 1.000000
242.795000 40.412800 -4.765 -3.777 0.166 0.21 -0.015957 20000 1.000000
240.970000 33.480500 -14.378 6.322 0.188 0.212 -0.039263 20000 1.000000
243.116000 34.264300 -7.068 0.394 0.195 0.23 0.040285 20000 1.000000
243.379000 37.039900 -4.518 -3.068 0.177 0.214 0.021156 20000 1.000000
244.002000 34.000500 -5.51 -2.847 0.172 0.2 -0.025913 20000 1.000000
242.935000 33.578200 -11.519 3.733 0.18 0.207 -0.022873 20000 1.000000
243.920000 35.287000 -4.542 -2.284 0.173 0.205 -0.008758 20000 1.000000
245.285000 33.610400 -2.763 -0.785 1.005 0.566 -0.033485 20000 1.000000
243.947000 34.251400 -5.365 -2.44 0.173 0.201 -0.012769 20000 1.000000
241.723000 34.184900 -11.911 2.899 0.197 0.227 0.013167 20000 1.000000
242.988000 34.918600 -6.225 -1.166 0.171 0.203 0.014913 20000 1.000000
241.812000 34.292800 -11.64 4.408 0.268 0.279 -0.322059 20000 1.000000
242.156000 42.779500 -4.987 -3.03 0.178 0.234 -0.008719 20000 1.000000
240.653000 35.157300 -9.865 0.006 0.175 0.211 0.013209 20000 1.000000
235.437000 42.836100 -1.894 -0.69 0.162 0.212 -0.018665 20000 1.000000
244.010000 33.655100 -7.295 -0.238 0.177 0.209 0.021935 20000 1.000000
239.566000 35.939400 -8.5 0.427 0.169 0.204 -0.020050 20000 1.000000
239.569000 35.888400 -9.886 4.158 0.192 0.224 -0.006879 20000 1.000000
241.666000 33.311600 -12.699 5.013 0.168 0.195 0.000376 20000 1.000000
241.517000 33.445800 -12.621 5.591 0.17 0.2 -0.026252 20000 1.000000
241.370000 34.138600 -12.601 4.907 0.211 0.225 0.092767 20000 1.000000
242.329000 35.565300 -7.077 -0.84 0.175 0.212 -0.005586 20000 1.000000
243.664000 34.829500 -5.304 -3.407 0.185 0.21 -0.030048 20000 1.000000
241.974000 34.333400 -12.82 1.438 1.013 0.553 0.030039 20000 1.000000
242.172000 34.640500 -7.983 0.312 0.178 0.216 0.036882 20000 1.000000
241.063000 34.109600 -13.919 5.484 0.184 0.222 0.001290 20000 1.000000
241.873000 34.136700 -19.427 1.924 0.181 0.217 0.027507 20000 1.000000
242.576000 34.271200 -19.704 10.603 0.174 0.198 -0.014683 20000 1.000000
242.521000 34.313800 -7.196 3.327 0.961 0.543 0.050893 20000 1.000000
241.856000 34.530300 -8.098 1.871 0.183 0.208 -0.103539 20000 1.000000
242.291000 34.109900 -8.366 3.469 1.062 0.558 -0.023607 20000 1.000000
245.126000 40.558400 -5.017 -3.463 0.18 0.214 0.033674 20000 1.000000
244.877000 32.863500 -4.199 -4.402 0.924 0.529 -0.011113 20000 1.000000
240.120000 34.414900 -12.383 6.163 0.169 0.199 -0.019381 20000 1.000000
242.427000 35.071700 -6.337 0.017 0.176 0.206 0.040856 20000 1.000000
239.249000 35.791600 -12.264 6.462 0.177 0.209 -0.022919 20000 1.000000
242.900000 34.039100 -10.255 0.208 0.74 0.526 -0.026779 20000 1.000000
240.275000 35.242100 -11.12 2.078 0.166 0.197 0.000882 20000 1.000000
244.265000 33.069800 -9.286 2.128 0.174 0.201 -0.008559 20000 1.000000
240.961000 34.168400 -12.865 5.176 0.171 0.202 0.007753 20000 1.000000
241.743000 33.861500 -10.794 3.705 0.966 0.549 -0.006796 20000 1.000000
241.476000 34.253600 -11.34 4.23 1.053 0.559 0.014781 20000 1.000000
240.629000 34.408100 -13.006 3.788 0.196 0.233 -0.012420 20000 1.000000
241.387000 34.516500 -9.805 3.264 0.176 0.204 -0.030187 20000 1.000000
243.630000 34.124100 -5.65 -0.567 0.189 0.222 -0.079509 20000 1.000000
242.098000 34.082000 -5.495 1.335 1.087 0.567 -0.039800 20000 1.000000
241.603000 34.334000 -12.29 2.832 0.264 0.26 -0.166244 20000 1.000000
244.212000 33.389800 -7.375 -1.291 0.179 0.207 -0.016495 20000 1.000000
242.154000 35.267500 -5.581 -0.197 0.979 0.6 -0.018692 20000 1.000000
242.140000 34.413400 -10.723 3.975 0.181 0.228 -0.002395 20000 1.000000
241.873000 33.938300 -10.998 1.974 0.998 0.548 -0.003861 20000 1.000000
242.588000 33.647700 -11.171 3.48 0.167 0.195 -0.004677 20000 1.000000
241.170000 34.946200 -11.551 -2.045 0.179 0.217 0.001518 20000 1.000000
245.061000 39.345200 -4.941 -3.317 0.172 0.213 -0.007772 20000 1.000000
244.183000 40.914700 -5.297 -4.788 0.163 0.209 -0.009847 20000 1.000000
241.871000 33.583500 -15.53 4.34 0.606 0.619 -0.058879 20000 1.000000
242.574000 33.649100 -11.203 2.147 1.018 0.549 -0.024922 20000 1.000000
241.574000 34.703100 -11.939 -2.159 0.626 0.525 -0.003680 20000 1.000000
242.474000 34.104200 -10.602 1.25 0.2 0.232 -0.017424 20000 1.000000
239.991000 34.733000 -12.743 4.717 0.172 0.201 0.020975 20000 1.000000
243.064000 34.093600 -11.042 -0.276 0.218 0.309 0.068129 20000 1.000000
241.116000 34.356300 -12.398 3.357 0.172 0.2 -0.012592 20000 1.000000
246.195000 39.369400 -4.971 -3.47 0.175 0.213 -0.027348 20000 1.000000
244.200000 32.945000 -11.3 5.332 1.323 0.664 -0.020967 20000 1.000000
241.107000 34.800200 -8.054 0.498 0.178 0.21 0.005512 20000 1.000000
240.644000 40.416500 -6.762 -3.128 0.168 0.216 -0.044038 20000 1.000000
244.479000 33.274800 -5.888 -4.095 0.177 0.202 -0.012455 20000 1.000000
243.617000 34.291400 -2.859 -2.11 0.896 0.544 -0.020132 20000 1.000000
245.173000 33.051100 -4.164 -3.675 0.174 0.202 -0.072023 20000 1.000000
244.340000 34.784000 -4.94 -3.324 0.19 0.229 -0.066370 20000 1.000000
245.810000 34.308600 -4.127 -3.536 0.172 0.201 -0.026220 20000 1.000000
245.820000 40.640200 -3.172 -5.236 0.167 0.211 0.003717 20000 1.000000
239.584000 36.399000 -6.787 -0.915 0.211 0.249 -0.035248 20000 1.000000
241.887000 34.047400 -11.419 2.65 1.041 0.561 -0.004995 20000 1.000000
242.701000 35.011500 -4.638 -0.059 0.907 0.548 -0.035456 20000 1.000000
241.714000 33.783600 -11.792 4.675 1.316 0.661 -0.059085 20000 1.000000
243.570000 34.754800 -6.056 -2.813 0.171 0.202 0.002588 20000 1.000000
242.999000 33.708100 -10.447 3.326 0.417 0.321 0.002427 20000 1.000000
244.365000 33.705000 -5.001 -3.443 0.193 0.232 -0.032586 20000 1.000000
239.520000 35.866700 -12.837 4.284 0.21 0.264 0.012446 20000 1.000000
242.155000 34.458200 -8.234 2.192 0.981 0.571 -0.014231 20000 1.000000
239.598000 35.880800 -8.131 1.99 0.188 0.219 0.079128 20000 1.000000
240.812000 34.441200 -11.776 2.575 0.181 0.212 -0.002870 20000 1.000000
244.089000 34.727300 -5.184 -3.397 0.175 0.207 -0.002721 20000 1.000000
243.779000 33.796800 -7.295 0.323 0.186 0.219 0.019065 20000 1.000000
244.855000 34.157600 -4.207 -3.589 0.169 0.2 0.016039 20000 1.000000
241.526000 35.662300 -6.781 -0.783 0.178 0.212 -0.080072 20000 1.000000
242.045000 34.449100 -11.398 2.219 0.168 0.205 -0.017146 20000 1.000000
240.992000 34.398500 -8.301 5.418 0.171 0.203 -0.017645 20000 1.000000
243.241000 33.236000 -14.518 4.168 0.935 0.532 0.013335 20000 1.000000
242.165000 34.485500 -8.614 1.437 0.732 0.529 -0.004249 20000 1.000000
242.609000 33.744200 -11.825 4.191 0.21 0.232 0.063940 20000 1.000000
243.060000 35.090200 -5.189 -0.72 0.175 0.204 -0.005348 20000 1.000000
239.553000 34.691000 -13.561 4.904 1.082 0.569 -0.007699 20000 1.000000
242.246000 34.133300 -11.408 2.763 0.173 0.202 0.006432 20000 1.000000
239.406000 35.828700 -12.871 5.847 0.175 0.21 0.014993 20000 1.000000
242.454000 34.314900 -7.683 2.803 0.193 0.228 0.064969 20000 1.000000
241.970000 34.527100 -8.668 2.142 0.178 0.215 -0.045323 20000 1.000000
240.896000 34.733600 -12.158 2.326 1.084 0.624 -0.010333 20000 1.000000
239.557000 35.832600 -11.923 4.383 0.172 0.205 -0.001925 20000 1.000000
242.563000 33.856800 -11.407 3.629 0.171 0.197 -0.016883 20000 1.000000
238.778000 42.418300 -5.056 -3.812 0.247 0.345 0.021825 20000 1.000000
244.021000 36.632500 -4.326 -2.741 0.169 0.206 0.030957 20000 1.000000
239.649000 34.038300 -15.151 7.657 0.217 0.257 -0.034023 20000 1.000000
243.904000 40.148400 -4.601 -1.28 0.174 0.222 -0.090150 20000 1.000000
242.682000 33.918400 -11.169 3.265 0.171 0.198 -0.001616 20000 1.000000
239.566000 35.969500 -8.3 -0.304 0.178 0.204 -0.042608 20000 1.000000
244.588000 40.710700 -5.524 -2.713 0.169 0.225 -0.022716 20000 1.000000
241.122000 34.295500 -12.521 4.588 0.193 0.221 0.010977 20000 1.000000
243.352000 34.038500 -4.368 0.005 0.187 0.221 0.099128 20000 1.000000
245.381000 34.767700 -4.447 -3.118 0.172 0.204 -0.024080 20000 1.000000
242.491000 39.685600 -6.039 -3.168 0.17 0.213 -0.017842 20000 1.000000
240.859000 34.498700 -12.124 3.862 0.169 0.198 -0.006875 20000 1.000000
243.932000 34.141000 -6.088 -2.117 0.17 0.199 0.006829 20000 1.000000
242.653000 33.240700 -13.098 3.412 0.197 0.21 -0.138663 20000 1.000000
244.082000 34.369900 -4.298 -3.075 0.172 0.205 -0.046607 20000 1.000000
243.708000 34.533000 -5.187 -2.676 0.182 0.208 -0.023062 20000 1.000000
243.185000 34.674900 -5.916 -0.898 0.182 0.217 0.076920 20000 1.000000
240.647000 34.683400 -12.461 5.271 0.18 0.215 -0.028376 20000 1.000000
242.814000 39.521100 -4.956 -3.686 0.168 0.209 -0.011934 20000 1.000000
245.995000 32.722500 -4.111 -3.411 0.176 0.201 0.024810 20000 1.000000
244.721000 39.910200 -5.411 -3.006 0.183 0.218 -0.003649 20000 1.000000
245.543000 36.154200 -3.681 -3.951 0.17 0.202 -0.013845 20000 1.000000
245.180000 41.724200 -6.732 -3.776 0.166 0.214 -0.031081 20000 1.000000
242.670000 41.428700 -5.239 -3.689 0.165 0.213 0.000950 20000 1.000000
235.925000 40.876300 -4.02 0.544 0.218 0.272 0.035823 20000 1.000000
236.274000 38.928300 -12.819 6.756 0.166 0.205 -0.013618 20000 1.000000
237.585000 40.997600 -7.346 -3.194 0.195 0.256 -0.078030 20000 1.000000
243.830000 32.616500 -12.302 5.358 0.17 0.196 -0.013473 20000 1.000000
238.997000 35.551800 -13.112 7.133 0.172 0.206 0.014550 20000 1.000000
242.015000 39.305600 -5.28 -3.913 0.173 0.218 -0.045131 20000 1.000000
242.395000 39.287900 -4.757 -4.269 0.17 0.208 -0.015960 20000 1.000000
243.576000 39.500500 -4.882 -3.744 0.165 0.213 0.009761 20000 1.000000
243.950000 39.546400 -3.82 -2.138 0.169 0.207 0.006494 20000 1.000000
244.111000 39.374200 -4.512 -3.132 0.166 0.208 0.005437 20000 1.000000
244.487000 39.536100 -4.92 -3.28 0.165 0.208 -0.009371 20000 1.000000
244.568000 39.388600 -4.702 -3.502 0.162 0.204 -0.009389 20000 1.000000
242.120000 40.433400 -5.424 -3.452 0.167 0.212 0.013900 20000 1.000000
245.308000 39.255200 -5.115 -3.139 0.172 0.21 0.040303 20000 1.000000
245.723000 39.119400 -5.645 -3.19 0.168 0.214 -0.012610 20000 1.000000
246.129000 39.067300 -5.008 -6.244 0.19 0.236 -0.027326 20000 1.000000
246.495000 39.268900 -5.236 -3.999 0.166 0.212 0.004519 20000 1.000000
242.532000 40.320600 -4.019 -4.587 0.172 0.214 -0.049308 20000 1.000000
246.946000 40.494000 -4.704 -3.053 0.164 0.21 0.006312 20000 1.000000
243.264000 40.495500 -4.431 -3.4 0.173 0.217 -0.045879 20000 1.000000
243.721000 40.363200 -4.536 -3.275 0.165 0.211 0.013264 20000 1.000000
240.200000 39.572800 -6.068 -3.342 0.168 0.21 -0.023305 20000 1.000000
242.469000 36.614300 -5.862 -2.257 0.166 0.2 -0.008859 20000 1.000000
242.593000 36.804200 -5.209 -2.107 0.163 0.198 -0.006755 20000 1.000000
242.006000 36.606000 -6.969 -2.234 0.177 0.208 0.080228 20000 1.000000
242.296000 37.200800 -6.03 -3.208 0.168 0.204 -0.006253 20000 1.000000
240.463000 39.698400 -5.827 -1.162 0.176 0.218 -0.017884 20000 1.000000
240.694000 39.795600 -5.97 -1.591 0.176 0.226 0.040679 20000 1.000000
241.126000 39.838800 -5.795 -2.501 0.175 0.215 -0.034205 20000 1.000000
241.316000 39.888900 -5.855 -3.278 0.171 0.215 -0.020520 20000 1.000000
241.841000 39.212300 -5.016 -2.843 0.163 0.204 0.000165 20000 1.000000
246.706000 41.856800 -5.942 -4.792 0.176 0.227 0.003213 20000 1.000000
246.958000 39.345100 -5.11 -2.719 0.17 0.21 -0.010818 20000 1.000000
246.988000 41.817300 -6.098 -3.373 0.165 0.213 -0.023621 20000 1.000000
246.722000 40.671300 -5.2 -3.329 0.174 0.222 -0.015921 20000 1.000000
240.400000 39.499200 -5.678 -2.883 0.184 0.219 0.045347 20000 1.000000
240.931000 39.486100 -5.986 -2.827 0.172 0.213 -0.006256 20000 1.000000
241.550000 39.133900 -5.348 -3.503 0.166 0.208 -0.001229 20000 1.000000
241.062000 39.268000 -5.905 -1.871 0.167 0.208 -0.020168 20000 1.000000
241.649000 39.454700 -5.312 -2.97 0.169 0.21 0.037245 20000 1.000000
241.995000 38.728800 -5.789 -3.647 0.168 0.207 -0.001229 20000 1.000000
241.540000 38.724600 -5.132 -1.455 0.167 0.209 -0.008692 20000 1.000000
241.070000 38.980900 -6.419 -2.441 0.164 0.209 -0.002361 20000 1.000000
240.985000 38.704600 -28.684 -21.523 0.195 0.229 -0.001000 20000 1.000000
240.541000 38.761400 -7.122 -2.798 0.182 0.217 -0.091201 20000 1.000000
240.523000 40.779800 -6.287 -2.693 0.232 0.286 0.082531 20000 1.000000
240.990000 40.242200 -5.536 -2.994 0.19 0.22 -0.094325 20000 1.000000
240.278000 39.908200 -5.991 -2.372 0.169 0.213 0.019799 20000 1.000000
239.307000 38.829200 -7.725 -1.405 0.189 0.215 0.090508 20000 1.000000
239.614000 39.046600 -8.501 0.23 0.189 0.231 -0.042911 20000 1.000000
240.189000 39.123500 -7.093 -0.548 0.172 0.216 -0.072581 20000 1.000000
240.376000 41.357700 -6.131 -2.778 0.166 0.215 -0.003667 20000 1.000000
239.716000 39.937400 -6.523 -2.194 0.161 0.204 -0.011149 20000 1.000000
239.194000 40.418600 -6.945 -1.882 0.215 0.263 0.042581 20000 1.000000
239.923000 40.288900 -6.431 -2.388 0.168 0.213 -0.000012 20000 1.000000
235.692000 40.247500 -11.033 4.56 0.167 0.211 -0.006424 20000 1.000000
235.867000 40.551300 -3.452 2.161 0.186 0.235 -0.010637 20000 1.000000
235.787000 40.637400 -2.879 3.296 0.186 0.235 -0.011764 20000 1.000000
235.943000 40.219600 -8.217 5.044 0.168 0.213 0.005914 20000 1.000000
236.307000 40.119300 -6.705 -0.515 0.179 0.229 0.020344 20000 1.000000
238.207000 36.485500 -11.87 9.141 0.169 0.202 -0.009292 20000 1.000000
238.710000 35.945700 -11.669 7.268 0.179 0.214 0.029832 20000 1.000000
238.949000 36.302100 -13.392 6.062 0.199 0.238 0.002478 20000 1.000000
238.865000 36.425900 -12.626 6.133 0.168 0.203 0.004837 20000 1.000000
237.668000 37.534500 -9.622 3.871 0.215 0.225 -0.109053 20000 1.000000
237.623000 37.914500 -10.261 3.952 0.176 0.214 0.001212 20000 1.000000
236.819000 38.495000 -12.059 5.487 0.17 0.212 -0.070989 20000 1.000000
236.291000 39.117200 -12.61 4.914 0.176 0.219 -0.001309 20000 1.000000
236.652000 38.987400 -11.845 4.465 0.177 0.214 0.065311 20000 1.000000
236.796000 39.242000 -9.421 1.511 0.166 0.208 -0.008622 20000 1.000000
236.368000 42.275400 -3.424 -1.346 0.175 0.223 -0.007423 20000 1.000000
236.895000 39.319700 -9.143 -1.371 0.173 0.213 0.033445 20000 1.000000
237.041000 38.664700 -10.078 3.032 0.228 0.28 0.146954 20000 1.000000
237.233000 38.428600 -9.593 3.319 0.169 0.212 0.001372 20000 1.000000
237.548000 38.239800 -8.492 2.1 0.172 0.212 -0.001309 20000 1.000000
237.083000 38.866100 -8.988 0.03 0.164 0.205 -0.008013 20000 1.000000
237.037000 39.398100 -5.474 -3.937 0.385 0.441 -0.076081 20000 1.000000
237.424000 38.777800 -7.206 1.23 0.172 0.224 -0.046852 20000 1.000000
237.696000 39.109300 -6.894 -1.39 0.174 0.216 -0.020777 20000 1.000000
237.873000 37.069200 -13.483 5.572 0.206 0.241 0.208248 20000 1.000000
238.137000 36.962000 -12.715 6.36 0.243 0.274 -0.024631 20000 1.000000
238.009000 37.201700 -10.95 5.428 0.199 0.233 -0.073386 20000 1.000000
238.203000 37.001000 -11.631 4.511 0.267 0.287 0.088167 20000 1.000000
238.274000 37.002400 -12.105 4.679 0.19 0.235 0.011918 20000 1.000000
238.349000 37.104500 -9.765 2.39 0.205 0.228 -0.117228 20000 1.000000
238.286000 37.203500 -15.237 -1.365 0.176 0.209 0.044440 20000 1.000000
237.786000 37.329900 -12.801 4.752 0.167 0.202 0.001416 20000 1.000000
237.901000 37.336900 -10.654 7.004 0.175 0.221 -0.028980 20000 1.000000
237.900000 37.722000 -9.872 1.15 0.166 0.202 -0.007759 20000 1.000000
237.781000 37.863900 -9.619 0.752 0.176 0.223 0.016172 20000 1.000000
237.942000 37.713900 -9.487 2.755 0.193 0.231 -0.082662 20000 1.000000
238.174000 37.336800 -10.34 3.242 0.168 0.205 -0.014509 20000 1.000000
238.210000 37.533000 -8.462 -0.516 0.17 0.206 0.003854 20000 1.000000
238.313000 37.601800 -7.085 1.074 0.173 0.209 0.038303 20000 1.000000
238.022000 37.749400 -7.66 1.088 0.169 0.206 -0.009918 20000 1.000000
238.214000 37.819000 -8.898 -3.799 0.174 0.209 -0.000520 20000 1.000000
238.095000 36.621700 -13.076 6.977 0.168 0.205 -0.021925 20000 1.000000
238.421000 36.724000 -13.119 5.425 0.169 0.203 -0.015571 20000 1.000000
238.580000 36.800400 -9.434 5.687 0.168 0.203 -0.012804 20000 1.000000
238.409000 36.858500 -13.1 5.632 0.168 0.204 -0.019561 20000 1.000000
238.459000 36.814300 -12.802 6.336 0.171 0.204 -0.002983 20000 1.000000
238.445000 36.903500 -10.414 3.711 0.171 0.204 -0.020982 20000 1.000000
238.613000 36.637000 -14.47 6.529 0.18 0.214 -0.064359 20000 1.000000
238.458000 37.007800 -9.912 3.304 0.169 0.216 0.014135 20000 1.000000
238.426000 37.213000 -9.818 -1.012 0.169 0.203 0.000190 20000 1.000000
238.665000 36.918200 -8.02 -0.943 0.166 0.201 -0.003836 20000 1.000000
238.645000 37.010800 -8.15 -1.571 0.179 0.219 -0.040650 20000 1.000000
240.294000 37.713100 -8.051 -3.424 0.175 0.213 -0.018614 20000 1.000000
238.812000 36.559500 -11.842 7.286 0.165 0.2 -0.012789 20000 1.000000
238.131000 37.975600 -7.121 -1.322 0.167 0.205 0.002820 20000 1.000000
238.936000 36.611600 -12.519 -0.546 0.165 0.2 -0.006054 20000 1.000000
238.732000 36.950000 -7.377 -2.019 0.168 0.204 0.014013 20000 1.000000
238.652000 36.811400 -8.067 0.257 0.169 0.205 -0.010014 20000 1.000000
238.942000 37.169600 -6.934 -1.708 0.172 0.21 -0.003261 20000 1.000000
238.347000 37.478400 -8.494 -0.989 0.184 0.223 -0.008881 20000 1.000000
238.531000 37.489600 -6.929 -1.741 0.166 0.203 -0.015015 20000 1.000000
238.675000 37.581900 -6.73 -0.45 0.169 0.209 -0.017312 20000 1.000000
238.395000 37.932000 -8.225 -1.784 0.167 0.205 -0.008663 20000 1.000000
238.536000 37.755300 -7.174 -2.106 0.172 0.208 -0.004438 20000 1.000000
238.717000 37.385400 -7.17 -1.385 0.171 0.212 -0.025617 20000 1.000000
237.782000 38.153000 -6.762 0.225 0.166 0.204 -0.028940 20000 1.000000
237.904000 38.025100 -6.737 2.054 0.174 0.215 -0.077628 20000 1.000000
237.805000 38.444200 -7.531 -0.79 0.179 0.231 -0.001351 20000 1.000000
237.645000 38.999500 -6.598 -2.444 0.203 0.223 0.067989 20000 1.000000
238.905000 38.645300 -5.268 -1.5 0.165 0.204 -0.009712 20000 1.000000
239.652000 35.544100 -11.492 6.598 0.176 0.209 -0.011820 20000 1.000000
239.611000 35.841100 -10.575 3.504 0.177 0.208 -0.038155 20000 1.000000
239.655000 35.837800 -7.256 2.611 0.174 0.212 -0.003594 20000 1.000000
239.715000 35.806700 -7.465 2.429 0.182 0.218 -0.019352 20000 1.000000
239.093000 35.933300 -12.583 4.704 0.167 0.201 -0.005226 20000 1.000000
239.019000 36.417200 -7.229 -0.056 0.167 0.202 -0.003231 20000 1.000000
239.147000 36.515900 -6.98 -0.725 0.178 0.217 -0.023605 20000 1.000000
239.302000 36.024800 -12.43 5.973 0.169 0.209 0.000126 20000 1.000000
239.121000 36.140200 -13.175 5.791 0.169 0.202 -0.006314 20000 1.000000
239.251000 36.106800 -11.839 6.203 0.165 0.199 -0.003489 20000 1.000000
239.272000 36.178900 -7.659 -1.314 0.166 0.199 -0.002711 20000 1.000000
239.355000 35.922800 -12.451 5.924 0.168 0.201 -0.018716 20000 1.000000
239.525000 36.007500 -9.099 -1.758 0.205 0.224 -0.034717 20000 1.000000
239.457000 36.089400 -8.687 -4.211 0.167 0.201 -0.006738 20000 1.000000
239.560000 36.123200 -6.096 -1.037 0.168 0.202 -0.009692 20000 1.000000
239.158000 35.697100 -13.909 6.551 0.173 0.201 0.036410 20000 1.000000
239.637000 36.051700 -7.036 1.845 0.172 0.202 -0.009223 20000 1.000000
239.448000 35.974100 -11.813 5.935 0.183 0.212 -0.052491 20000 1.000000
239.706000 36.015800 -6.03 1.986 0.169 0.203 -0.018582 20000 1.000000
239.723000 36.304400 -7.562 -1.385 0.169 0.204 -0.007483 20000 1.000000
239.257000 36.806300 -6.116 -1.82 0.169 0.206 -0.005877 20000 1.000000
239.803000 37.352200 -7.147 -1.395 0.177 0.215 -0.023338 20000 1.000000
239.356000 37.795200 -7.625 -1.226 0.175 0.209 -0.017428 20000 1.000000
240.160000 37.901100 -6.149 0.329 0.191 0.216 -0.120312 20000 1.000000
239.049000 38.090000 -8.285 -1.157 0.171 0.21 -0.014944 20000 1.000000
239.666000 38.735600 -7.659 -1.177 0.195 0.22 0.049551 20000 1.000000
241.480000 37.177600 -5.509 -0.86 0.165 0.201 -0.000795 20000 1.000000
236.283000 39.863600 -10.501 2.372 0.203 0.249 -0.108918 20000 1.000000
236.448000 39.905700 -9.889 -0.325 0.25 0.326 -0.051105 20000 1.000000
236.628000 39.452400 -10.431 -0.13 0.17 0.215 0.010424 20000 1.000000
236.705000 39.707100 -10.451 -1.532 0.18 0.222 -0.077877 20000 1.000000
236.813000 39.492800 -9.236 -0.009 0.179 0.245 0.033348 20000 1.000000
236.817000 39.962100 -8.093 -3.312 0.166 0.21 -0.059521 20000 1.000000
236.344000 40.256800 -7.754 -0.288 0.169 0.214 0.021981 20000 1.000000
236.117000 41.151700 -5.607 -2.981 0.169 0.215 -0.000635 20000 1.000000
236.301000 40.575300 -7.324 -2.621 0.176 0.22 0.065752 20000 1.000000
236.427000 40.478900 -7.999 -1.382 0.207 0.26 0.190521 20000 1.000000
236.548000 40.082200 -9.887 -1.191 0.163 0.207 -0.007475 20000 1.000000
236.864000 40.324100 -8.964 -3.319 0.208 0.264 -0.018815 20000 1.000000
236.676000 40.732900 -7.204 -3.369 0.166 0.211 -0.037901 20000 1.000000
236.826000 40.546700 -7.544 -3.208 0.188 0.239 -0.023672 20000 1.000000
237.024000 39.621400 -10.836 -3.371 0.181 0.213 0.050263 20000 1.000000
237.264000 39.493600 -12.315 -2.977 0.167 0.207 -0.019082 20000 1.000000
237.077000 40.747600 -6.001 -2.22 0.173 0.218 -0.034071 20000 1.000000
237.332000 40.034100 -5.44 -1.276 0.172 0.213 -0.017223 20000 1.000000
236.666000 40.887100 -8.109 -2.18 0.163 0.21 0.001153 20000 1.000000
237.729000 40.271200 -8.036 -1.915 0.181 0.222 -0.085536 20000 1.000000
239.132000 39.794700 -13.545 -2.857 0.167 0.214 -0.043625 20000 1.000000
239.052000 41.183300 -6.496 -2.691 0.167 0.216 -0.033361 20000 1.000000
237.681000 40.731100 -7.14 -2.004 0.195 0.227 0.037986 20000 1.000000
235.774000 42.209100 -5.866 -2.07 0.19 0.237 0.004577 20000 1.000000
236.617000 42.503500 -3.535 -0.953 0.166 0.216 -0.008176 20000 1.000000
237.344000 42.191000 -3.308 -2.04 0.195 0.25 -0.035644 20000 1.000000
238.220000 42.259700 -4.033 -2.8 0.165 0.211 -0.013607 20000 1.000000
239.622000 42.468800 -4.328 -1.79 0.164 0.216 -0.028357 20000 1.000000
241.588000 42.254600 -5.413 -3.488 0.162 0.211 -0.013511 20000 1.000000
243.371000 36.071300 -5.02 -2.448 0.177 0.216 0.048310 20000 1.000000
242.835000 36.022500 -6.123 -2.285 0.176 0.204 -0.010274 20000 1.000000
242.590000 36.159000 -4.532 -1.302 0.178 0.212 0.036186 20000 1.000000
241.868000 36.466800 -3.345 -3.363 0.191 0.235 -0.213610 20000 1.000000
242.211000 36.531200 -6.704 -2.572 0.163 0.199 -0.013841 20000 1.000000
241.909000 36.570200 -4.865 -0.791 0.188 0.213 -0.068343 20000 1.000000
241.882000 36.975700 -6.568 -2.276 0.165 0.201 -0.004383 20000 1.000000
242.064000 37.231400 -5.481 -2.143 0.187 0.217 0.046247 20000 1.000000
242.606000 34.462400 -8.204 0.516 0.18 0.208 -0.002293 20000 1.000000
242.459000 33.562100 -11.547 4.749 0.168 0.196 0.009782 20000 1.000000
242.895000 32.889200 -13.264 4.264 0.173 0.197 -0.025600 20000 1.000000
243.050000 32.733800 -13.335 4.612 0.166 0.191 -0.009836 20000 1.000000
242.756000 32.666400 -13.327 5.507 0.181 0.2 0.062828 20000 1.000000
242.810000 33.439600 -12.079 3.931 0.168 0.196 0.008805 20000 1.000000
242.928000 33.235700 -12.734 4.634 0.182 0.202 0.033231 20000 1.000000
243.217000 33.493300 -11.07 3.831 0.169 0.196 -0.009517 20000 1.000000
243.651000 32.976000 -13.817 3.965 0.174 0.201 -0.003335 20000 1.000000
243.989000 32.822200 -12.475 4.235 0.176 0.2 -0.056898 20000 1.000000
243.329000 33.240200 -11.008 4.389 0.177 0.202 -0.008254 20000 1.000000
243.431000 33.059200 -13.22 4.122 0.168 0.193 -0.016192 20000 1.000000
243.379000 33.375600 -11.486 3.599 0.173 0.2 0.028382 20000 1.000000
243.591000 33.210200 -10.377 3.613 0.184 0.214 0.000024 20000 1.000000
243.817000 33.213500 -10.656 2.495 0.169 0.196 -0.009280 20000 1.000000
243.921000 33.201000 -10.395 1.452 0.17 0.197 -0.002703 20000 1.000000
243.888000 33.296200 -9.047 0.523 0.174 0.201 -0.064865 20000 1.000000
243.574000 33.523500 -12.34 -0.038 0.183 0.207 0.049605 20000 1.000000
243.773000 33.574700 -8.292 0.576 0.178 0.213 0.006829 20000 1.000000
244.031000 32.887000 -11.386 3.853 0.173 0.199 -0.006664 20000 1.000000
244.175000 32.954700 -11.145 2.929 0.17 0.195 -0.012876 20000 1.000000
244.268000 32.759700 -10.268 3.374 0.178 0.206 -0.001191 20000 1.000000
244.404000 32.750600 -10.309 3.355 0.187 0.208 -0.017197 20000 1.000000
244.423000 32.834700 -8.382 2.274 0.176 0.203 -0.005099 20000 1.000000
244.430000 32.898400 -8.388 1.407 0.177 0.202 0.007236 20000 1.000000
244.700000 32.690000 -5.14 -1.561 0.17 0.197 -0.013964 20000 1.000000
244.602000 32.875800 -5.287 -2.212 0.177 0.205 0.006175 20000 1.000000
244.578000 32.982500 -4.474 -3.35 0.175 0.201 0.013632 20000 1.000000
244.280000 32.948900 -9.108 2.505 0.174 0.2 -0.012163 20000 1.000000
244.313000 33.423900 -5.548 -2.993 0.176 0.203 0.036746 20000 1.000000
244.571000 33.247800 -4.912 -3.442 0.174 0.202 -0.016151 20000 1.000000
244.657000 33.143600 -4.805 -2.848 0.172 0.198 -0.021750 20000 1.000000
244.704000 33.886900 -4.817 -3.397 0.177 0.201 -0.005038 20000 1.000000
240.305000 37.562600 -5.987 -0.308 0.184 0.21 0.095148 20000 1.000000
239.350000 34.907300 -13.438 6.386 0.166 0.196 -0.009862 20000 1.000000
239.590000 35.010700 -13.306 5.612 0.172 0.202 -0.007885 20000 1.000000
239.760000 34.870600 -12.751 6.168 0.169 0.198 0.013355 20000 1.000000
239.617000 35.106200 -12.389 7.142 0.177 0.206 0.065045 20000 1.000000
241.822000 34.376400 -14.757 2.339 0.196 0.225 -0.020650 20000 1.000000
239.925000 35.020000 -13.193 6.566 0.166 0.196 -0.006087 20000 1.000000
240.208000 34.507800 -13.698 5.567 0.174 0.197 -0.009584 20000 1.000000
240.384000 34.630500 -11.256 5.18 0.166 0.195 -0.005025 20000 1.000000
240.185000 34.888600 -15.154 2.615 0.165 0.195 0.000898 20000 1.000000
240.464000 35.086600 -10.575 1.439 0.166 0.197 -0.002376 20000 1.000000
239.192000 35.425800 -13.062 6.795 0.167 0.199 -0.012845 20000 1.000000
239.455000 35.327800 -12.349 6.005 0.171 0.204 0.037519 20000 1.000000
239.520000 35.624800 -11.819 7.067 0.17 0.203 0.009696 20000 1.000000
239.463000 35.792700 -12.208 5.576 0.17 0.204 0.001375 20000 1.000000
239.733000 35.633800 -11.11 4.368 0.172 0.201 0.018561 20000 1.000000
239.629000 35.747900 -10.382 4.709 0.174 0.206 0.002887 20000 1.000000
237.762000 37.061200 -13.193 6.009 0.168 0.204 -0.005954 20000 1.000000
239.899000 35.235100 -12.339 4.52 0.19 0.215 0.040438 20000 1.000000
239.975000 35.279800 -11.764 5.089 0.177 0.216 -0.045879 20000 1.000000
240.065000 35.316800 -10.911 3.57 0.172 0.205 -0.014209 20000 1.000000
239.887000 35.534200 -10.85 3.09 0.169 0.203 -0.006565 20000 1.000000
239.818000 35.702700 -9.225 1.792 0.184 0.218 0.010316 20000 1.000000
239.869000 35.801300 -7.126 0.971 0.178 0.206 0.003354 20000 1.000000
239.999000 35.686700 -7.911 0.637 0.176 0.206 -0.049527 20000 1.000000
239.707000 35.688900 -10.75 4.469 0.168 0.201 -0.015192 20000 1.000000
240.287000 35.319000 -7.637 2.532 0.18 0.214 -0.034127 20000 1.000000
240.091000 35.934700 -6.964 -0.734 0.168 0.2 -0.006125 20000 1.000000
240.496000 34.466800 -12.848 3.765 0.166 0.194 -0.000854 20000 1.000000
240.885000 34.660100 -11.917 3.396 0.174 0.203 0.052743 20000 1.000000
240.845000 34.856200 -9.321 4.031 0.251 0.338 -0.123961 20000 1.000000
239.755000 35.686700 -10.852 5.073 0.171 0.201 -0.010478 20000 1.000000
241.121000 34.835100 -9.352 1.773 0.169 0.198 0.007838 20000 1.000000
241.152000 34.792300 -8.274 3.535 0.175 0.209 -0.010425 20000 1.000000
241.331000 34.695000 -10.938 2.864 0.174 0.206 0.052485 20000 1.000000
241.454000 34.771100 -9.554 3.38 0.171 0.203 0.002136 20000 1.000000
241.344000 34.944400 -6.727 0.123 0.175 0.207 -0.054149 20000 1.000000
241.388000 35.138600 -7.695 0.652 0.167 0.199 -0.029750 20000 1.000000
241.459000 34.821800 -9.194 2.461 0.179 0.206 -0.016032 20000 1.000000
241.876000 35.378000 -9.1 -0.737 0.169 0.2 -0.014474 20000 1.000000
241.740000 35.667300 -7.351 -1.127 0.176 0.204 0.004825 20000 1.000000
241.233000 36.231400 -8.072 -1.457 0.173 0.203 0.051627 20000 1.000000
241.045000 36.585500 -7.438 -0.771 0.165 0.2 -0.008587 20000 1.000000
241.740000 36.093100 -5.123 -0.178 0.17 0.201 -0.007849 20000 1.000000
241.994000 35.038800 -6.96 0.807 0.17 0.2 0.000626 20000 1.000000
242.271000 34.509700 -8.819 1.147 0.17 0.2 -0.013291 20000 1.000000
242.451000 34.634300 -7.601 0.486 0.168 0.2 -0.021973 20000 1.000000
242.457000 34.987000 -6.526 -0.504 0.173 0.202 0.027295 20000 1.000000
243.048000 33.892600 -8.755 1.276 0.232 0.271 -0.006837 20000 1.000000
243.454000 34.019300 -7.693 0.313 0.169 0.197 -0.020930 20000 1.000000
242.719000 34.534800 -7.62 0.092 0.195 0.21 -0.116934 20000 1.000000
241.969000 34.332200 -11.694 2.818 0.17 0.2 0.009807 20000 1.000000
242.635000 35.116800 -5.763 -0.487 0.168 0.199 -0.019591 20000 1.000000
241.983000 35.152400 -7.07 0.677 0.169 0.201 -0.013351 20000 1.000000
242.697000 35.238500 -6.191 -0.186 0.171 0.201 -0.004801 20000 1.000000
242.795000 35.387900 -6.306 -1.145 0.165 0.197 0.001063 20000 1.000000
242.610000 35.896700 -4.25 -1.017 0.184 0.22 -0.028367 20000 1.000000
242.597000 35.697600 -5.837 -1.656 0.169 0.201 -0.009728 20000 1.000000
243.111000 35.998200 -5.164 -2.881 0.179 0.205 -0.014682 20000 1.000000
243.112000 35.710600 -4.727 -1.767 0.167 0.201 -0.000012 20000 1.000000
243.290000 34.192500 -5.727 -0.132 0.172 0.199 -0.017973 20000 1.000000
243.463000 34.217200 -5.925 -0.054 0.172 0.198 0.005164 20000 1.000000
243.788000 33.865800 -7.174 -1.061 0.167 0.196 0.003721 20000 1.000000
243.920000 33.959300 -4.762 -1.546 0.17 0.197 -0.007224 20000 1.000000
239.772000 35.729200 -8.204 3.016 0.171 0.201 0.007496 20000 1.000000
243.971000 34.716900 -5.387 -3.033 0.182 0.209 -0.049520 20000 1.000000
243.329000 34.936800 -7.069 -2.445 0.175 0.208 0.005776 20000 1.000000
242.063000 34.341100 -11.79 2.299 0.185 0.224 -0.011140 20000 1.000000
243.120000 34.462100 -7.308 -0.632 0.172 0.202 -0.012853 20000 1.000000
244.179000 33.741000 -5.615 -2.467 0.189 0.217 -0.011677 20000 1.000000
243.107000 34.062700 -9.245 -0.901 0.185 0.218 -0.039089 20000 1.000000
244.236000 34.425700 -4.892 -2.708 0.206 0.221 0.029476 20000 1.000000
244.350000 35.204800 -4.729 -3.194 0.174 0.205 -0.044263 20000 1.000000
242.685000 34.187400 -9.472 0.845 0.172 0.203 0.033309 20000 1.000000
242.950000 34.196200 -16.681 -8.561 0.204 0.208 0.075294 20000 1.000000
244.750000 34.731800 -4.886 -3.279 0.216 0.256 -0.027871 20000 1.000000
243.237000 35.204600 -5.279 -1.579 0.168 0.199 -0.001724 20000 1.000000
242.107000 35.424600 -7.931 0.209 0.168 0.198 -0.013885 20000 1.000000
243.428000 35.320600 -6.17 -2.463 0.17 0.205 -0.007432 20000 1.000000
243.896000 35.141900 -5.085 -3.526 0.181 0.204 -0.039997 20000 1.000000
243.878000 35.526000 -4.413 -2.452 0.171 0.203 -0.023267 20000 1.000000
243.855000 35.785400 -5.13 -3.58 0.169 0.202 -0.024520 20000 1.000000
244.456000 35.472800 -4.701 -2.741 0.169 0.205 -0.015089 20000 1.000000
244.634000 35.163000 -4.313 -3.247 0.172 0.204 -0.048755 20000 1.000000
245.401000 34.188900 -4.68 -3.347 0.171 0.201 -0.014356 20000 1.000000
245.035000 34.844400 -3.827 -3.451 0.171 0.201 -0.026163 20000 1.000000
244.762000 35.291100 -4.647 -3.185 0.169 0.201 -0.013635 20000 1.000000
241.621000 37.973100 -5.292 -3.373 0.166 0.206 -0.036844 20000 1.000000
241.000000 37.613000 -6.184 3.727 0.17 0.207 -0.044628 20000 1.000000
241.084000 37.605300 -5.066 -0.287 0.175 0.224 -0.020637 20000 1.000000
240.914000 37.785700 -3.498 1.108 0.206 0.233 -0.124176 20000 1.000000
240.967000 37.913500 -6.595 -0.602 0.165 0.203 -0.006304 20000 1.000000
240.974000 37.696600 -10.702 -1.241 0.204 0.23 0.121736 20000 1.000000
240.862000 37.839300 -7.148 -0.833 0.182 0.214 0.006928 20000 1.000000
240.853000 37.962800 -6.186 -0.957 0.168 0.204 -0.015651 20000 1.000000
240.916000 37.914100 -3.567 -0.483 0.169 0.204 -0.011458 20000 1.000000
241.056000 37.734300 -4.938 2.422 0.169 0.207 -0.010094 20000 1.000000
241.131000 37.654600 -3.491 0.565 0.169 0.208 -0.012849 20000 1.000000
241.040000 37.891700 -7.606 -1.317 0.175 0.21 -0.019082 20000 1.000000
241.148000 37.878200 -5.438 0.305 0.169 0.206 -0.024368 20000 1.000000
241.183000 37.591400 -3.724 2.151 0.172 0.222 0.063737 20000 1.000000
241.302000 37.561600 -3.713 0.21 0.176 0.231 -0.006847 20000 1.000000
241.316000 37.495400 -4.691 0.045 0.163 0.2 -0.008442 20000 1.000000
241.406000 37.541300 -5.138 -0.943 0.169 0.206 -0.001535 20000 1.000000
241.180000 37.677000 -3.765 -1.089 0.17 0.208 -0.004739 20000 1.000000
241.232000 37.754400 -5.784 -1.119 0.175 0.22 0.030888 20000 1.000000
240.981000 37.800000 -6.31 1.299 0.17 0.207 0.034140 20000 1.000000
241.264000 37.903500 -4.3 0.456 0.166 0.205 -0.015619 20000 1.000000
241.445000 37.891300 -5.859 -1.169 0.179 0.21 0.064427 20000 1.000000
241.762000 37.589200 -6.096 -2.24 0.167 0.204 -0.009511 20000 1.000000
241.528000 37.737500 -5.205 -2.025 0.172 0.207 0.009904 20000 1.000000
240.850000 38.057900 -3.599 -0.741 0.173 0.21 -0.001324 20000 1.000000
237.804000 41.344800 -29.498 87.684 0.289 0.393 0.072696 20000 1.000000
237.706000 41.381200 -4.752 -4.008 0.176 0.216 0.050609 20000 1.000000
237.809000 41.479200 -6.364 -1.582 0.472 0.607 -0.045761 20000 1.000000
237.687000 41.463600 -5.866 -4.185 0.168 0.226 -0.047247 20000 1.000000
237.847000 41.531900 -6.665 -5.459 0.595 0.655 0.070306 20000 1.000000
238.493000 41.711600 -5.462 -2.744 0.164 0.212 -0.013358 20000 1.000000
246.132000 42.878900 -4.812 -3.107 0.163 0.215 -0.015019 20000 1.000000
241.275000 37.380400 -4.783 -1.585 0.276 0.306 0.165732 20000 1.000000
241.439000 37.439500 -4.387 -1.615 0.178 0.211 -0.012172 20000 1.000000
240.254000 37.088900 -7.015 -1.795 0.172 0.207 0.041651 20000 1.000000
241.853000 37.280500 -6.021 -2.75 0.17 0.206 0.001723 20000 1.000000
239.172000 41.359200 -6.645 -2.93 0.23 0.283 -0.071197 20000 1.000000
239.527000 41.332500 -5.589 -3.688 0.209 0.261 -0.004452 20000 1.000000
235.587000 42.442000 -2.256 -1.498 0.17 0.221 -0.078893 20000 1.000000
235.707000 42.076600 -2.952 -0.871 0.173 0.216 -0.000721 20000 1.000000
238.120000 42.579800 -4.994 -2.76 0.172 0.22 -0.020878 20000 1.000000
240.341000 42.546100 -4.378 -2.762 0.174 0.228 -0.018882 20000 1.000000
242.275000 42.020200 -4.39 -2.738 0.168 0.216 -0.015189 20000 1.000000
243.397000 33.495500 -9.358 3.725 0.174 0.203 0.002804 20000 1.000000
244.492000 32.829400 -7.254 1.443 0.173 0.198 -0.008064 20000 1.000000
237.579000 41.830800 -3.801 -2.224 0.201 0.258 0.020042 20000 1.000000
236.019000 41.845500 -3.552 -1.097 0.186 0.268 -0.069764 20000 1.000000
238.521000 36.744300 -12.619 6.179 0.182 0.213 0.031585 20000 1.000000
239.528000 35.946600 -8.2 1.968 0.19 0.219 0.053018 20000 1.000000
239.485000 35.929100 -11.205 5.654 0.277 0.342 0.007589 20000 1.000000
236.427000 40.478800 -8.886 -0.555 0.263 0.325 0.213928 20000 1.000000
237.036000 39.845700 -7.444 -4.085 0.166 0.21 -0.033473 20000 1.000000
243.852000 34.508100 -4.669 -2.829 0.167 0.197 -0.012465 20000 1.000000
245.241000 32.497900 -4.912 -3.093 0.18 0.2 -0.006150 20000 1.000000
243.407000 33.537300 -10.083 3.497 0.181 0.214 0.046723 20000 1.000000
241.651000 34.021700 -12.775 5.025 0.176 0.212 0.016126 20000 1.000000
241.379000 34.836000 -8.476 0.716 0.172 0.203 -0.006494 20000 1.000000
241.983000 35.152400 -7.173 1.218 0.171 0.203 -0.011036 20000 1.000000
241.983000 35.152500 -7.686 0.603 0.171 0.203 -0.005544 20000 1.000000
235.946000 42.861900 -1.889 -1.034 0.193 0.238 0.145982 20000 1.000000
242.968000 33.389000 -9.884 4.106 0.961 0.549 0.017234 20000 1.000000
243.936000 31.559100 -13.639 5.541 0.176 0.196 0.062070 20000 1.000000
238.728000 35.709000 -14.494 5.972 0.189 0.222 -0.010912 20000 1.000000
242.077000 34.508200 -9.471 1.703 0.177 0.206 0.000606 20000 1.000000
239.233000 36.180500 -12.392 6.108 0.173 0.205 0.000752 20000 1.000000
244.450000 32.490100 -9.206 4.284 0.173 0.207 -0.043469 20000 1.000000
242.305000 34.925400 -6.728 0.252 0.173 0.203 -0.043491 20000 1.000000
244.116000 32.417000 -13.544 4.563 0.185 0.208 -0.013292 20000 1.000000
243.076000 33.687100 -8.811 0.734 0.987 0.588 -0.009950 20000 1.000000
239.522000 35.919900 -10.728 6.22 0.174 0.208 0.022607 20000 1.000000
242.818000 33.835700 -11.039 3.474 0.189 0.212 -0.014436 20000 1.000000
242.193000 34.091800 -11.248 3.646 0.914 0.562 -0.019850 20000 1.000000
244.165000 31.313100 -13.366 5.528 0.168 0.191 -0.018306 20000 1.000000
241.596000 33.743300 -11.248 4.276 0.987 0.547 -0.006797 20000 1.000000
241.628000 33.779500 -13.971 5.887 0.284 0.226 0.051320 20000 1.000000
238.863000 36.161100 -12.393 8.557 0.174 0.206 0.013530 20000 1.000000
239.056000 39.974600 -7.312 -0.984 0.207 0.257 -0.053457 20000 1.000000
243.849000 34.683200 -5.276 -3.326 0.206 0.244 -0.011634 20000 1.000000
242.317000 35.338700 -5.636 -0.386 0.17 0.2 -0.004067 20000 1.000000
240.280000 34.500000 -13.818 5.315 0.172 0.202 -0.005358 20000 1.000000
242.413000 33.444100 -15.001 6.114 0.196 0.22 0.000179 20000 1.000000
243.375000 34.643900 -7.193 -1.461 0.173 0.199 -0.031269 20000 1.000000
241.974000 34.019100 -11.802 2.193 0.19 0.221 -0.045001 20000 1.000000
242.391000 33.674100 -6.473 -3.691 1.045 0.555 0.019150 20000 1.000000
242.445000 33.485800 -12.395 4.947 0.174 0.2 0.024434 20000 1.000000
239.475000 35.900000 -26.909 7.311 0.178 0.218 -0.025897 20000 1.000000
241.807000 34.875100 -6.983 0.819 0.18 0.21 0.001827 20000 1.000000
240.816000 34.541500 -13.094 3.607 0.189 0.221 0.064076 20000 1.000000
244.877000 40.617200 -4.974 -3.57 0.17 0.221 0.002629 20000 1.000000
243.350000 36.316300 -4.657 -2.96 0.327 0.392 0.003209 20000 1.000000
238.442000 37.666500 -7.004 -1.75 0.171 0.207 -0.013986 20000 1.000000
241.245000 34.459800 -11.413 0.347 0.188 0.226 -0.017349 20000 1.000000
239.775000 40.591700 -6.602 -2.469 0.172 0.221 -0.032353 20000 1.000000
240.984000 41.868400 -5.538 -3.584 0.179 0.23 0.050345 20000 1.000000
243.701000 35.971300 -5.113 -3.494 0.183 0.214 -0.041021 20000 1.000000
241.521000 34.438600 -11.031 3.207 0.206 0.233 -0.061553 20000 1.000000
240.116000 39.314300 -7.505 -3.575 0.169 0.215 -0.033524 20000 1.000000
244.022000 33.292200 -8.862 0.586 0.172 0.199 -0.005403 20000 1.000000
240.936000 34.319900 -12.805 4.857 0.166 0.195 -0.003512 20000 1.000000
242.151000 33.992700 -12.39 4.17 0.18 0.208 -0.006617 20000 1.000000
239.935000 34.004300 -13.897 7.458 0.177 0.203 -0.010400 20000 1.000000
239.930000 34.607300 -13.331 5.451 1.081 0.569 -0.035250 20000 1.000000
239.640000 35.917400 -13.576 -3.128 0.191 0.217 0.041649 20000 1.000000
241.585000 35.158200 -7.002 -0.371 0.168 0.2 -0.009328 20000 1.000000
243.923000 33.650600 -7.194 -0.817 0.172 0.202 0.027784 20000 1.000000
242.233000 33.549600 -12.406 4.708 0.195 0.211 -0.037284 20000 1.000000
243.770000 36.934800 -4.069 -3.762 0.18 0.219 0.007743 20000 1.000000
239.867000 34.483500 -13.942 5.137 0.177 0.21 -0.006367 20000 1.000000
243.839000 33.641200 -9.329 0.996 0.191 0.217 0.003566 20000 1.000000
246.368000 31.335500 -3.586 -3.859 0.17 0.191 -0.023255 20000 1.000000
242.951000 39.542200 -4.878 -3.576 0.175 0.211 0.074361 20000 1.000000
242.816000 38.097200 -3.937 -3.5 0.166 0.204 -0.014894 20000 1.000000
241.669000 33.797800 -11.065 4.641 0.894 0.582 0.004112 20000 1.000000
241.163000 34.248000 -12.125 5.392 0.176 0.203 0.050140 20000 1.000000
241.771000 34.878900 -5.799 0.729 0.917 0.555 -0.038383 20000 1.000000
235.849000 41.053900 -3.356 0.088 0.167 0.212 -0.024201 20000 1.000000
241.558000 34.069100 -12.885 3.17 0.451 0.437 0.015962 20000 1.000000
241.198000 39.627100 -6.181 -3.676 0.164 0.206 0.000096 20000 1.000000
241.723000 34.019500 -15.964 -1.037 0.841 0.483 -0.003214 20000 1.000000
243.915000 33.030100 -11.836 3.686 0.17 0.196 -0.010227 20000 1.000000
238.053000 38.394500 -5.092 0.182 0.17 0.21 -0.016516 20000 1.000000
241.780000 34.178600 -10.69 2.907 0.224 0.237 0.060019 20000 1.000000
241.486000 34.126400 -12.111 4.398 0.169 0.198 0.016314 20000 1.000000
241.516000 34.293200 -11.22 3.206 0.172 0.199 -0.008232 20000 1.000000
239.384000 34.556300 -14.118 7.531 0.168 0.199 -0.001884 20000 1.000000
241.879000 34.501500 -11.431 3.004 0.79 0.541 -0.015441 20000 1.000000
241.706000 33.712600 -11.147 3.931 1.041 0.554 -0.001524 20000 1.000000
242.807000 33.225000 -12.58 4.892 0.168 0.195 0.002242 20000 1.000000
241.443000 35.738400 -9.066 -3.114 0.607 0.724 0.298075 20000 1.000000
241.346000 37.664300 -4.67 -1.401 0.178 0.219 -0.014946 20000 1.000000
241.016000 35.010800 -8.729 1.763 0.186 0.223 -0.040479 20000 1.000000
241.648000 35.695000 -5.317 -1.529 0.911 0.566 -0.031927 20000 1.000000
243.608000 33.934800 2.934 10.81 0.805 0.535 -0.028073 20000 1.000000
241.258000 34.568500 -8.53 2.059 0.185 0.214 0.114298 20000 1.000000
241.586000 34.259400 -14.474 5.354 1.128 0.632 -0.034811 20000 1.000000
244.418000 33.038300 -5.731 -1.905 1.061 0.55 -0.005106 20000 1.000000
243.068000 34.669000 -6.812 -1.254 0.187 0.221 -0.118787 20000 1.000000
241.758000 35.695600 -6.216 -0.299 1.352 0.74 0.093728 20000 1.000000
241.572000 33.958200 -10.866 3.759 1.113 0.603 -0.219026 20000 1.000000
244.421000 33.278800 -6.014 -4.918 0.904 0.547 -0.021069 20000 1.000000
243.346000 33.955300 -6.5 0.054 0.877 0.544 -0.003879 20000 1.000000
243.111000 35.425200 -5.336 -2.807 0.187 0.221 -0.011868 20000 1.000000
243.532000 36.840400 -5.404 -3.723 0.164 0.2 0.003886 20000 1.000000
243.920000 35.287000 -4.542 -2.284 0.173 0.205 -0.008758 20000 1.000000
