242.907000 34.116400 -9.698 2.022 0.247 0.354 -0.004412 20000 1.000000
243.571000 34.594300 -6.868 -0.222 0.168 0.208 0.037679 20000 1.000000
241.305000 34.824500 -10.926 3.783 0.176 0.215 0.046696 20000 1.000000
242.103000 34.126000 -13.361 4.767 0.259 0.288 0.096369 20000 1.000000
242.795000 40.412800 -7.237 -1.648 0.166 0.216 0.046612 20000 1.000000
240.970000 33.480500 -14.521 8.158 0.193 0.228 0.009421 20000 1.000000
243.116000 34.264300 -8.548 2.659 0.19 0.237 0.120845 20000 1.000000
240.594000 34.920500 -11.442 4.127 0.168 0.207 0.024008 20000 1.000000
244.002000 34.000500 -6.336 -1.284 0.17 0.205 0.042166 20000 1.000000
242.935000 33.578200 -12.704 5.406 0.172 0.205 0.043521 20000 1.000000
243.920000 35.287000 -6.579 -3.423 0.172 0.211 0.062596 20000 1.000000
245.285000 33.610400 -5.353 -3.758 0.17 0.207 0.032552 20000 1.000000
243.947000 34.251400 -5.65 -1.508 0.171 0.206 0.053799 20000 1.000000
241.723000 34.184900 -13.282 5.675 0.204 0.245 0.077776 20000 1.000000
242.988000 34.918600 -8.026 0.345 0.171 0.21 0.066860 20000 1.000000
241.812000 34.292800 -11.287 4.066 0.252 0.266 -0.270859 20000 1.000000
242.156000 42.779500 -5.871 -0.812 0.167 0.229 0.042910 20000 1.000000
240.653000 35.157300 -11.112 1.871 0.173 0.215 0.070112 20000 1.000000
235.437000 42.836100 -2.028 0.68 0.175 0.236 0.032670 20000 1.000000
244.010000 33.655100 -7.085 -0.49 0.17 0.206 0.062600 20000 1.000000
239.566000 35.939400 -9.105 3.292 0.167 0.209 0.021950 20000 1.000000
239.569000 35.888400 -11.086 6.443 0.193 0.232 0.043146 20000 1.000000
241.666000 33.311600 -14.3 8.313 0.167 0.202 0.053621 20000 1.000000
241.517000 33.445800 -14.192 8.186 0.17 0.207 0.019032 20000 1.000000
241.370000 34.138600 -13.945 6.048 0.213 0.239 0.129070 20000 1.000000
242.329000 35.565300 -7.602 0.929 0.174 0.215 0.048153 20000 1.000000
241.789000 33.876300 -10.578 5.243 0.179 0.218 0.113470 20000 1.000000
240.987000 34.806400 -11.493 4.063 0.187 0.249 -0.082505 20000 1.000000
243.664000 34.829500 -6.425 -1.148 0.185 0.217 0.042401 20000 1.000000
242.035000 34.244000 -13.682 3.915 0.201 0.257 -0.086195 20000 1.000000
237.881000 37.724100 -9.392 3.765 0.202 0.256 0.048576 20000 1.000000
241.974000 34.333400 -12.536 5.041 0.2 0.231 0.110038 20000 1.000000
242.172000 34.640500 -9.199 2.991 0.176 0.218 0.067666 20000 1.000000
241.063000 34.109600 -13.984 7.247 0.184 0.232 0.089313 20000 1.000000
241.873000 34.136700 -13.183 5.368 0.171 0.209 0.035980 20000 1.000000
242.521000 34.313800 -10.291 3.411 0.196 0.235 0.174616 20000 1.000000
242.291000 34.109900 -10.685 5.561 0.19 0.228 0.021145 20000 1.000000
245.126000 40.558400 -6.501 -1.299 0.18 0.221 0.096927 20000 1.000000
240.120000 34.414900 -14.065 7.844 0.174 0.213 0.009950 20000 1.000000
242.427000 35.071700 -7.754 1.617 0.175 0.212 0.101870 20000 1.000000
239.249000 35.791600 -13.478 8.119 0.174 0.214 0.035746 20000 1.000000
244.265000 33.069800 -8.868 1.989 0.178 0.214 0.039845 20000 1.000000
240.961000 34.168400 -13.548 7.248 0.169 0.206 0.063711 20000 1.000000
241.743000 33.861500 -13.578 6.274 0.17 0.208 0.045514 20000 1.000000
241.476000 34.253600 -13.181 6.774 0.18 0.222 0.073523 20000 1.000000
240.629000 34.408100 -13.821 5.871 0.194 0.239 0.027364 20000 1.000000
241.387000 34.516500 -12.545 4.267 0.175 0.211 0.039080 20000 1.000000
243.630000 34.124100 -6.985 1.042 0.183 0.219 0.016208 20000 1.000000
242.098000 34.082000 -13.039 5.176 0.177 0.218 -0.011318 20000 1.000000
244.212000 33.389800 -7.931 0.172 0.189 0.228 0.055299 20000 1.000000
242.140000 34.413400 -10.469 4.377 0.17 0.221 0.044878 20000 1.000000
242.588000 33.647700 -13.174 5.965 0.166 0.201 0.053324 20000 1.000000
241.170000 34.946200 -9.742 3.384 0.178 0.22 0.051333 20000 1.000000
245.061000 39.345200 -5.88 -1.396 0.178 0.224 0.043818 20000 1.000000
244.183000 40.914700 -7.349 -1.838 0.164 0.216 0.057299 20000 1.000000
241.574000 34.703100 -10.39 6.066 0.177 0.218 0.044226 20000 1.000000
242.474000 34.104200 -12.025 4.465 0.191 0.236 0.079002 20000 1.000000
239.991000 34.733000 -14.383 7.429 0.171 0.208 0.075684 20000 1.000000
243.064000 34.093600 -8.142 3.191 0.201 0.299 0.134109 20000 1.000000
241.116000 34.356300 -13.477 6.932 0.171 0.206 0.047093 20000 1.000000
246.195000 39.369400 -6.283 -0.733 0.172 0.217 0.046832 20000 1.000000
241.107000 34.800200 -11.6 3.575 0.195 0.236 0.043394 20000 1.000000
240.644000 40.416500 -7.266 -0.665 0.169 0.222 0.009142 20000 1.000000
240.136000 35.189400 -11.264 6.717 0.171 0.215 0.037915 20000 1.000000
244.479000 33.274800 -6.026 -3.06 0.178 0.211 0.057690 20000 1.000000
245.173000 33.051100 -4.591 -2.678 0.222 0.249 -0.043396 20000 1.000000
244.340000 34.784000 -5.53 -2.355 0.193 0.24 0.048434 20000 1.000000
245.810000 34.308600 -5.242 -1.349 0.175 0.209 0.065064 20000 1.000000
243.111000 35.425200 -6.459 1.964 0.172 0.212 0.038132 20000 1.000000
245.820000 40.640200 -6.096 -0.932 0.167 0.216 0.063477 20000 1.000000
239.584000 36.399000 -8.43 0.098 0.209 0.254 0.032713 20000 1.000000
241.887000 34.047400 -14.345 3.855 0.174 0.212 0.074160 20000 1.000000
239.318000 34.469400 -18.303 4.637 0.218 0.269 0.056141 20000 1.000000
243.570000 34.754800 -7.299 -1.274 0.171 0.208 0.069844 20000 1.000000
238.530000 40.815900 -9.365 -1.672 0.167 0.221 0.036149 20000 1.000000
244.365000 33.705000 -6.074 -1.976 0.189 0.235 0.035137 20000 1.000000
239.520000 35.866700 -12.18 6.588 0.197 0.254 0.063317 20000 1.000000
242.155000 34.458200 -10.804 3.277 0.174 0.213 0.037168 20000 1.000000
239.598000 35.880800 -9.742 3.576 0.181 0.222 0.136427 20000 1.000000
240.812000 34.441200 -13.907 5.263 0.179 0.222 0.036941 20000 1.000000
244.089000 34.727300 -5.714 -2.082 0.173 0.212 0.068508 20000 1.000000
243.779000 33.796800 -8.012 0.546 0.178 0.218 0.085599 20000 1.000000
244.855000 34.157600 -6.403 -1.891 0.172 0.21 0.096750 20000 1.000000
241.526000 35.662300 -8.244 0.576 0.185 0.232 0.011684 20000 1.000000
240.992000 34.398500 -14.596 5.196 0.182 0.222 0.060952 20000 1.000000
243.827000 33.925400 -7.148 0.03 0.183 0.22 0.055920 20000 1.000000
242.165000 34.485500 -9.934 3.611 0.179 0.22 0.036104 20000 1.000000
243.060000 35.090200 -7.205 0.262 0.172 0.209 0.056567 20000 1.000000
242.246000 34.133300 -12.557 4.809 0.173 0.209 0.079294 20000 1.000000
239.406000 35.828700 -12.568 7.689 0.176 0.219 0.081410 20000 1.000000
242.454000 34.314900 -10.901 3.792 0.214 0.266 0.133704 20000 1.000000
240.896000 34.733600 -12.393 4.224 0.17 0.213 0.035519 20000 1.000000
239.557000 35.832600 -12.219 6.623 0.17 0.212 0.052385 20000 1.000000
242.563000 33.856800 -12.299 5.536 0.17 0.207 0.026285 20000 1.000000
238.778000 42.418300 -6.711 -1.542 0.228 0.304 -0.001073 20000 1.000000
239.241000 36.186900 -8.346 2.541 0.173 0.212 0.106206 20000 1.000000
239.233000 36.180500 -13.822 8.26 0.172 0.213 0.056501 20000 1.000000
239.649000 34.038300 -14.905 9.638 0.174 0.212 -0.000834 20000 1.000000
243.904000 40.148400 -6.644 -1.688 0.172 0.225 -0.014520 20000 1.000000
242.682000 33.918400 -11.776 5.477 0.172 0.206 0.065830 20000 1.000000
239.566000 35.969500 -9.663 2.253 0.176 0.21 -0.001056 20000 1.000000
244.588000 40.710700 -6.706 -1.26 0.17 0.232 0.038525 20000 1.000000
241.122000 34.295500 -13.971 6.58 0.195 0.231 0.035809 20000 1.000000
242.118000 34.175200 -11.645 4.956 0.241 0.267 -0.271419 20000 1.000000
242.790000 34.230800 -9.346 3.473 0.228 0.248 0.227054 20000 1.000000
245.381000 34.767700 -5.669 -1.545 0.185 0.223 0.058318 20000 1.000000
242.491000 39.685600 -7.434 -1.91 0.174 0.224 0.044537 20000 1.000000
240.859000 34.498700 -13.502 4.986 0.168 0.206 0.039945 20000 1.000000
243.932000 34.141000 -5.913 -1.268 0.171 0.207 0.078980 20000 1.000000
244.082000 34.369900 -5.584 -1.732 0.173 0.21 0.010954 20000 1.000000
243.695000 34.427700 -5.99 -0.645 0.175 0.216 -0.004958 20000 1.000000
243.708000 34.533000 -6.133 -0.277 0.176 0.213 0.027287 20000 1.000000
243.185000 34.674900 -7.889 0.99 0.169 0.207 0.069018 20000 1.000000
241.793000 34.128800 -13.553 4.988 0.167 0.205 0.046828 20000 1.000000
240.647000 34.683400 -13.447 5.323 0.194 0.239 -0.004287 20000 1.000000
242.814000 39.521100 -6.605 -1.635 0.17 0.218 0.056404 20000 1.000000
245.995000 32.722500 -5.429 -1.545 0.176 0.207 0.099533 20000 1.000000
244.721000 39.910200 -6.359 -1.48 0.187 0.23 0.031562 20000 1.000000
245.543000 36.154200 -6.49 -2.484 0.17 0.208 0.053941 20000 1.000000
245.180000 41.724200 -6.993 -0.868 0.168 0.221 0.027307 20000 1.000000
242.670000 41.428700 -6.666 -1.813 0.166 0.221 0.066818 20000 1.000000
242.935000 42.981700 -5.819 -1.46 0.164 0.224 0.029712 20000 1.000000
235.925000 40.876300 -4.208 1.931 0.22 0.271 0.090867 20000 1.000000
236.274000 38.928300 -12.215 9.648 0.166 0.215 0.009448 20000 1.000000
237.585000 40.997600 -8.037 -1.34 0.207 0.288 -0.046869 20000 1.000000
235.986000 42.967400 -2.938 -0.258 0.171 0.236 0.074372 20000 1.000000
243.830000 32.616500 -14.386 6.53 0.169 0.202 0.044574 20000 1.000000
238.997000 35.551800 -13.561 9.441 0.169 0.211 0.056579 20000 1.000000
242.015000 39.305600 -6.889 -1.621 0.171 0.226 0.040688 20000 1.000000
242.395000 39.287900 -6.672 -1.833 0.171 0.217 0.048820 20000 1.000000
243.576000 39.500500 -6.575 -1.577 0.165 0.22 0.070022 20000 1.000000
243.950000 39.546400 -6.163 -1.407 0.17 0.215 0.079901 20000 1.000000
244.111000 39.374200 -6.747 -1.325 0.167 0.214 0.070861 20000 1.000000
244.487000 39.536100 -6.276 -1.754 0.167 0.218 0.056782 20000 1.000000
244.568000 39.388600 -4.781 -0.938 0.162 0.21 0.056471 20000 1.000000
242.120000 40.433400 -7.116 -1.967 0.169 0.22 0.084768 20000 1.000000
245.308000 39.255200 -5.774 -1.756 0.171 0.215 0.104343 20000 1.000000
245.723000 39.119400 -7.008 -1.004 0.172 0.224 0.062291 20000 1.000000
246.129000 39.067300 -6.55 -1.69 0.167 0.216 0.047274 20000 1.000000
246.495000 39.268900 -6.374 -1.171 0.166 0.217 0.069040 20000 1.000000
242.532000 40.320600 -7.019 -1.413 0.174 0.223 0.012051 20000 1.000000
246.946000 40.494000 -6.168 -0.201 0.166 0.216 0.075107 20000 1.000000
243.264000 40.495500 -6.657 -1.916 0.175 0.225 0.012618 20000 1.000000
243.721000 40.363200 -6.385 -1.884 0.165 0.216 0.070518 20000 1.000000
240.200000 39.572800 -8.284 -0.854 0.167 0.217 0.045035 20000 1.000000
242.469000 36.614300 -7.266 -0.696 0.166 0.206 0.050126 20000 1.000000
242.593000 36.804200 -6.488 -2.347 0.163 0.205 0.054947 20000 1.000000
242.006000 36.606000 -7.384 -0.444 0.179 0.218 0.150152 20000 1.000000
242.296000 37.200800 -5.729 -1.384 0.168 0.211 0.056261 20000 1.000000
240.463000 39.698400 -7.612 -0.624 0.175 0.227 0.056302 20000 1.000000
240.694000 39.795600 -7.634 -1.73 0.179 0.237 0.122423 20000 1.000000
241.126000 39.838800 -7.463 -1.186 0.174 0.223 0.024644 20000 1.000000
241.316000 39.888900 -7.369 -1.337 0.17 0.222 0.037620 20000 1.000000
241.841000 39.212300 -7.096 -1.612 0.167 0.216 0.062553 20000 1.000000
246.706000 41.856800 -7.114 -1.145 0.176 0.233 0.094983 20000 1.000000
246.958000 39.345100 -6.427 -0.909 0.17 0.216 0.058794 20000 1.000000
246.988000 41.817300 -5.721 -1.305 0.167 0.22 0.050046 20000 1.000000
246.722000 40.671300 -6.56 -0.904 0.171 0.222 0.059630 20000 1.000000
240.400000 39.499200 -8.03 -0.946 0.184 0.228 0.097997 20000 1.000000
240.931000 39.486100 -7.188 -1.246 0.17 0.22 0.056683 20000 1.000000
241.550000 39.133900 -7.248 -1.859 0.169 0.221 0.046479 20000 1.000000
241.062000 39.268000 -7.045 -0.749 0.191 0.249 0.038795 20000 1.000000
241.649000 39.454700 -7.036 -1.364 0.171 0.223 0.086082 20000 1.000000
241.995000 38.728800 -6.478 -1.367 0.171 0.218 0.070039 20000 1.000000
241.540000 38.724600 -6.952 -0.781 0.169 0.219 0.057313 20000 1.000000
241.070000 38.980900 -7.988 -0.501 0.164 0.215 0.057499 20000 1.000000
240.985000 38.704600 -7.562 -0.464 0.174 0.225 -0.017625 20000 1.000000
240.541000 38.761400 -8.086 -0.579 0.174 0.219 -0.015769 20000 1.000000
240.523000 40.779800 -8.065 -1.299 0.183 0.231 0.131306 20000 1.000000
240.990000 40.242200 -7.21 -1.55 0.187 0.226 -0.009671 20000 1.000000
240.278000 39.908200 -7.48 -0.761 0.171 0.222 0.105797 20000 1.000000
239.307000 38.829200 -8.34 0.498 0.191 0.223 0.153814 20000 1.000000
239.614000 39.046600 -8.692 -0.383 0.189 0.237 -0.025586 20000 1.000000
240.189000 39.123500 -7.906 -0.493 0.17 0.221 -0.005251 20000 1.000000
239.107000 39.466700 -8.476 0.007 0.184 0.227 0.145143 20000 1.000000
240.376000 41.357700 -7.131 -1.056 0.167 0.224 0.036020 20000 1.000000
239.716000 39.937400 -7.881 0.698 0.161 0.211 0.044320 20000 1.000000
239.194000 40.418600 -8.181 -0.684 0.173 0.218 0.031271 20000 1.000000
239.923000 40.288900 -8.168 -0.561 0.168 0.22 0.066214 20000 1.000000
235.692000 40.247500 -11.408 8.167 0.201 0.264 0.038269 20000 1.000000
235.867000 40.551300 -4.815 3.617 0.168 0.22 0.028901 20000 1.000000
235.787000 40.637400 -3.117 4.052 0.189 0.245 0.025548 20000 1.000000
235.943000 40.219600 -9.502 4.262 0.17 0.224 0.046518 20000 1.000000
236.307000 40.119300 -11.336 1.649 0.178 0.239 0.098289 20000 1.000000
238.207000 36.485500 -13.734 7.822 0.163 0.205 0.042814 20000 1.000000
238.710000 35.945700 -14.226 8.967 0.172 0.215 0.101942 20000 1.000000
238.949000 36.302100 -13.454 8.878 0.166 0.209 0.047155 20000 1.000000
238.865000 36.425900 -13.628 8.605 0.172 0.216 0.074596 20000 1.000000
237.668000 37.534500 -11.769 6.725 0.194 0.226 -0.049617 20000 1.000000
237.623000 37.914500 -10.79 4.801 0.173 0.222 0.053020 20000 1.000000
236.819000 38.495000 -11.413 7.857 0.168 0.219 -0.020938 20000 1.000000
236.291000 39.117200 -11.679 7.407 0.192 0.247 0.028009 20000 1.000000
236.652000 38.987400 -10.156 5.912 0.177 0.224 0.123598 20000 1.000000
236.796000 39.242000 -10.502 2.995 0.168 0.219 0.058492 20000 1.000000
236.368000 42.275400 -5.154 0.078 0.174 0.233 0.038530 20000 1.000000
236.895000 39.319700 -9.929 1.588 0.173 0.222 0.067950 20000 1.000000
237.041000 38.664700 -10.585 5.223 0.185 0.26 0.079951 20000 1.000000
237.233000 38.428600 -8.557 6.984 0.17 0.22 0.068791 20000 1.000000
237.548000 38.239800 -8.892 3.554 0.17 0.218 0.044754 20000 1.000000
237.083000 38.866100 -9.168 2.652 0.163 0.21 0.035137 20000 1.000000
237.037000 39.398100 -9.336 -1.74 0.194 0.244 -0.008641 20000 1.000000
237.424000 38.777800 -8.626 2.291 0.177 0.236 0.035257 20000 1.000000
237.281000 39.260000 -9.024 -0.132 0.166 0.215 0.075646 20000 1.000000
237.696000 39.109300 -8.035 -0.161 0.172 0.222 0.039541 20000 1.000000
237.873000 37.069200 -13.742 8.76 0.195 0.243 0.203140 20000 1.000000
238.137000 36.962000 -12.972 7.801 0.189 0.224 0.005875 20000 1.000000
238.009000 37.201700 -12.517 6.096 0.195 0.239 -0.020644 20000 1.000000
238.203000 37.001000 -12.504 6.853 0.257 0.285 0.160445 20000 1.000000
238.274000 37.002400 -12.166 5.96 0.179 0.234 0.067239 20000 1.000000
238.349000 37.104500 -11.695 4.844 0.196 0.238 -0.037014 20000 1.000000
238.286000 37.203500 -10.929 5.238 0.175 0.216 0.102880 20000 1.000000
237.786000 37.329900 -12.372 6.475 0.166 0.21 0.057832 20000 1.000000
237.901000 37.336900 -11.589 6.084 0.17 0.222 0.032080 20000 1.000000
237.900000 37.722000 -9.759 3.511 0.166 0.209 0.039762 20000 1.000000
237.781000 37.863900 -9.167 4.368 0.167 0.214 -0.008875 20000 1.000000
237.942000 37.713900 -9.679 3.013 0.179 0.224 0.000695 20000 1.000000
238.174000 37.336800 -8.876 5.777 0.171 0.22 0.060919 20000 1.000000
238.210000 37.533000 -8.872 1.132 0.167 0.212 0.039946 20000 1.000000
238.313000 37.601800 -8.416 -1.682 0.176 0.218 0.106201 20000 1.000000
238.022000 37.749400 -10.002 2.144 0.169 0.212 0.041132 20000 1.000000
238.214000 37.819000 -8.284 0.588 0.172 0.218 0.024211 20000 1.000000
238.095000 36.621700 -13.742 7.931 0.168 0.212 0.034211 20000 1.000000
238.421000 36.724000 -13.019 8.661 0.168 0.211 0.033032 20000 1.000000
238.580000 36.800400 -10.683 5.696 0.167 0.209 0.030543 20000 1.000000
238.409000 36.858500 -13.638 7.81 0.168 0.212 0.030356 20000 1.000000
238.459000 36.814300 -13.314 7.661 0.173 0.213 0.056066 20000 1.000000
238.445000 36.903500 -11.767 6.452 0.171 0.212 0.022556 20000 1.000000
238.613000 36.637000 -12.983 8.433 0.175 0.221 0.001144 20000 1.000000
238.458000 37.007800 -11.339 4.205 0.167 0.211 0.051196 20000 1.000000
238.426000 37.213000 -9.422 0.979 0.168 0.21 0.045582 20000 1.000000
238.665000 36.918200 -8.653 0.997 0.166 0.209 0.050549 20000 1.000000
238.645000 37.010800 -8.397 0.612 0.18 0.227 0.002700 20000 1.000000
240.294000 37.713100 -7.265 2.327 0.174 0.221 0.025723 20000 1.000000
238.812000 36.559500 -14.231 8.302 0.164 0.206 0.036526 20000 1.000000
238.131000 37.975600 -8.855 0.83 0.168 0.213 0.062932 20000 1.000000
238.936000 36.611600 -7.631 0.505 0.163 0.205 0.042047 20000 1.000000
238.732000 36.950000 -8.521 0.733 0.176 0.22 0.074971 20000 1.000000
238.652000 36.811400 -8.514 1.877 0.169 0.212 0.037906 20000 1.000000
238.942000 37.169600 -8.703 0.418 0.174 0.218 0.058639 20000 1.000000
238.347000 37.478400 -8.437 0.288 0.179 0.229 0.043713 20000 1.000000
238.531000 37.489600 -8.676 1.006 0.164 0.208 0.036253 20000 1.000000
238.675000 37.581900 -8.783 -0.335 0.169 0.216 0.029908 20000 1.000000
238.395000 37.932000 -7.675 0.14 0.167 0.214 0.042706 20000 1.000000
238.536000 37.755300 -9.732 1.725 0.169 0.213 0.059477 20000 1.000000
238.717000 37.385400 -8.144 -0.207 0.175 0.227 0.058655 20000 1.000000
237.782000 38.153000 -9.419 1.999 0.165 0.212 0.024146 20000 1.000000
237.904000 38.025100 -9.161 1.773 0.169 0.219 -0.006933 20000 1.000000
237.805000 38.444200 -8.496 1.727 0.176 0.236 0.069389 20000 1.000000
237.645000 38.999500 -7.823 -0.545 0.205 0.231 0.141686 20000 1.000000
238.905000 38.645300 -8.684 -0.499 0.165 0.212 0.047810 20000 1.000000
239.652000 35.544100 -12.682 6.549 0.172 0.212 0.044000 20000 1.000000
239.611000 35.841100 -12.833 6.165 0.174 0.215 0.022794 20000 1.000000
239.655000 35.837800 -9.202 3.294 0.171 0.216 0.032655 20000 1.000000
239.715000 35.806700 -9.599 3.031 0.181 0.224 0.039348 20000 1.000000
239.093000 35.933300 -13.589 7.034 0.166 0.208 0.041140 20000 1.000000
239.019000 36.417200 -8.843 1.79 0.167 0.212 0.055618 20000 1.000000
239.147000 36.515900 -8.102 1.081 0.173 0.22 0.024940 20000 1.000000
239.302000 36.024800 -12.917 8.101 0.166 0.212 0.039015 20000 1.000000
239.121000 36.140200 -13.124 7.857 0.167 0.208 0.043243 20000 1.000000
239.251000 36.106800 -13.892 8.085 0.164 0.204 0.046861 20000 1.000000
239.272000 36.178900 -7.666 1.106 0.164 0.205 0.043922 20000 1.000000
239.355000 35.922800 -13.284 8.122 0.165 0.207 0.034617 20000 1.000000
239.525000 36.007500 -11.163 3.395 0.181 0.217 0.055204 20000 1.000000
239.457000 36.089400 -5.23 0.789 0.164 0.206 0.042697 20000 1.000000
239.560000 36.123200 -8.198 2.177 0.165 0.206 0.046892 20000 1.000000
239.158000 35.697100 -13.264 8.025 0.171 0.208 0.090755 20000 1.000000
239.637000 36.051700 -7.963 1.89 0.168 0.206 0.044707 20000 1.000000
239.448000 35.974100 -11.96 7.526 0.183 0.219 0.000270 20000 1.000000
239.706000 36.015800 -7.814 2.276 0.167 0.208 0.034318 20000 1.000000
239.723000 36.304400 -9.121 0.195 0.169 0.212 0.047740 20000 1.000000
239.257000 36.806300 -8.867 0.458 0.166 0.21 0.046111 20000 1.000000
239.803000 37.352200 -8.163 0.386 0.176 0.225 0.040444 20000 1.000000
239.356000 37.795200 -7.608 -0.45 0.18 0.221 0.053207 20000 1.000000
240.160000 37.901100 -9.576 -0.688 0.184 0.223 -0.035540 20000 1.000000
239.049000 38.090000 -9.18 -0.082 0.171 0.218 0.039197 20000 1.000000
239.666000 38.735600 -8.553 0.662 0.179 0.217 0.070249 20000 1.000000
241.480000 37.177600 -9.76 -1.771 0.165 0.211 0.036827 20000 1.000000
236.283000 39.863600 -10.919 4.774 0.204 0.264 -0.020009 20000 1.000000
236.448000 39.905700 -10.373 1.202 0.188 0.258 0.012712 20000 1.000000
236.628000 39.452400 -10.082 2.194 0.166 0.216 0.037887 20000 1.000000
236.705000 39.707100 -10.873 0.305 0.176 0.228 -0.040897 20000 1.000000
236.813000 39.492800 -10.176 1.598 0.184 0.258 0.062113 20000 1.000000
236.817000 39.962100 -9.006 -1.35 0.165 0.217 -0.005667 20000 1.000000
236.344000 40.256800 -8.531 1.442 0.166 0.222 0.056163 20000 1.000000
236.117000 41.151700 -5.24 0.148 0.167 0.221 0.055336 20000 1.000000
236.301000 40.575300 -7.579 -1.36 0.176 0.231 0.087962 20000 1.000000
236.427000 40.478900 -7.924 -0.648 0.203 0.267 0.259482 20000 1.000000
236.548000 40.082200 -9.348 0.328 0.163 0.214 0.045111 20000 1.000000
236.864000 40.324100 -8.863 -0.512 0.163 0.215 0.033705 20000 1.000000
236.676000 40.732900 -8.642 -1.94 0.164 0.216 0.013093 20000 1.000000
236.826000 40.546700 -8.211 -0.342 0.168 0.224 0.020147 20000 1.000000
237.024000 39.621400 -9.207 -0.678 0.176 0.22 0.090873 20000 1.000000
237.264000 39.493600 -7.919 0.876 0.173 0.224 0.012049 20000 1.000000
237.126000 39.726200 -8.276 -0.251 0.168 0.221 0.096298 20000 1.000000
237.077000 40.747600 -8.416 -0.243 0.171 0.224 0.027879 20000 1.000000
237.332000 40.034100 -8.599 -1.374 0.168 0.217 0.029358 20000 1.000000
237.393000 40.650700 -9.253 -0.755 0.172 0.232 -0.001914 20000 1.000000
236.666000 40.887100 -7.917 -2.017 0.162 0.215 0.033465 20000 1.000000
237.729000 40.271200 -8.421 -0.584 0.174 0.228 -0.020966 20000 1.000000
239.132000 39.794700 -7.36 0.069 0.165 0.22 0.011832 20000 1.000000
239.052000 41.183300 -7.917 -1.358 0.166 0.223 0.026080 20000 1.000000
237.681000 40.731100 -8.669 -0.995 0.2 0.241 0.062502 20000 1.000000
235.774000 42.209100 -0.737 0.387 0.169 0.22 0.023336 20000 1.000000
235.946000 42.860100 -3.467 -0.134 0.189 0.251 0.114454 20000 1.000000
236.617000 42.503500 -4.871 0.144 0.167 0.225 0.042277 20000 1.000000
237.344000 42.191000 -6.258 -1.504 0.17 0.23 0.001737 20000 1.000000
238.220000 42.259700 -8.179 -1.022 0.167 0.219 0.035659 20000 1.000000
239.622000 42.468800 -6.975 -0.797 0.172 0.234 -0.015929 20000 1.000000
241.588000 42.254600 -5.63 -1.185 0.163 0.219 0.040111 20000 1.000000
243.371000 36.071300 -6.499 -1.243 0.177 0.225 0.122638 20000 1.000000
242.835000 36.022500 -6.376 -0.511 0.176 0.211 0.033922 20000 1.000000
242.590000 36.159000 -6.623 -0.377 0.179 0.224 0.087320 20000 1.000000
241.868000 36.466800 -10.355 1.922 0.186 0.239 -0.145448 20000 1.000000
242.211000 36.531200 -7.876 -0.777 0.163 0.207 0.052454 20000 1.000000
241.909000 36.570200 -7.835 0.633 0.188 0.22 0.001567 20000 1.000000
241.882000 36.975700 -7.851 -0.663 0.164 0.206 0.052785 20000 1.000000
242.064000 37.231400 -6.883 -1.354 0.171 0.212 0.094698 20000 1.000000
242.606000 34.462400 -9.38 2.136 0.178 0.212 0.048742 20000 1.000000
242.459000 33.562100 -13.638 6.619 0.169 0.204 0.078832 20000 1.000000
242.895000 32.889200 -14.14 6.78 0.172 0.204 0.042134 20000 1.000000
243.050000 32.733800 -14.247 6.69 0.166 0.198 0.048763 20000 1.000000
242.756000 32.666400 -14.717 7.062 0.183 0.211 0.144494 20000 1.000000
242.810000 33.439600 -14.564 6.115 0.168 0.203 0.057235 20000 1.000000
242.928000 33.235700 -13.197 5.93 0.178 0.208 0.104717 20000 1.000000
243.217000 33.493300 -12.194 5.14 0.168 0.203 0.051660 20000 1.000000
243.651000 32.976000 -13.583 5.944 0.172 0.206 0.060528 20000 1.000000
243.989000 32.822200 -13.326 5.04 0.173 0.207 0.001197 20000 1.000000
243.329000 33.240200 -12.659 5.685 0.178 0.212 0.053049 20000 1.000000
243.431000 33.059200 -13.207 6.16 0.167 0.199 0.047604 20000 1.000000
243.591000 33.210200 -11.959 5.53 0.183 0.22 0.055217 20000 1.000000
243.817000 33.213500 -11.5 3.712 0.17 0.202 0.056645 20000 1.000000
243.921000 33.201000 -11.126 3.683 0.17 0.205 0.047163 20000 1.000000
243.888000 33.296200 -10.027 1.957 0.174 0.209 -0.006808 20000 1.000000
243.574000 33.523500 -11.325 2.08 0.18 0.21 0.120487 20000 1.000000
243.773000 33.574700 -9.723 1.746 0.175 0.217 0.077690 20000 1.000000
244.031000 32.887000 -13.102 4.339 0.173 0.209 0.031704 20000 1.000000
244.175000 32.954700 -11.825 3.611 0.169 0.201 0.054730 20000 1.000000
244.268000 32.759700 -11.898 3.985 0.178 0.215 0.073432 20000 1.000000
244.404000 32.750600 -10.661 2.161 0.178 0.208 0.047123 20000 1.000000
244.423000 32.834700 -8.735 2.161 0.177 0.213 0.041786 20000 1.000000
244.430000 32.898400 -9.154 2.073 0.181 0.213 0.080121 20000 1.000000
244.700000 32.690000 -5.099 -1.886 0.169 0.201 0.053129 20000 1.000000
244.602000 32.875800 -4.601 -3.105 0.176 0.21 0.071170 20000 1.000000
244.578000 32.982500 -5.135 -2.746 0.178 0.217 0.094796 20000 1.000000
244.280000 32.948900 -9.802 3.332 0.174 0.209 0.024796 20000 1.000000
244.234000 33.516400 -7.27 -1.279 0.178 0.213 0.121934 20000 1.000000
244.313000 33.423900 -7.001 -1.849 0.177 0.212 0.101159 20000 1.000000
244.571000 33.247800 -5.844 -2.378 0.175 0.208 0.045818 20000 1.000000
244.657000 33.143600 -5.008 -3.371 0.175 0.21 0.008655 20000 1.000000
244.704000 33.886900 -5.729 -2.091 0.178 0.209 0.066548 20000 1.000000
240.305000 37.562600 -9.415 -1.135 0.184 0.219 0.158310 20000 1.000000
239.350000 34.907300 -14.525 8.609 0.164 0.203 0.047289 20000 1.000000
239.590000 35.010700 -14.079 8.69 0.173 0.211 0.048691 20000 1.000000
239.760000 34.870600 -14.686 8.164 0.169 0.206 0.067600 20000 1.000000
239.617000 35.106200 -14.017 7.905 0.177 0.215 0.133139 20000 1.000000
241.822000 34.376400 -12.173 4.788 0.169 0.207 0.060071 20000 1.000000
239.925000 35.020000 -13.415 7.123 0.166 0.204 0.041516 20000 1.000000
240.208000 34.507800 -14.424 7.257 0.172 0.204 0.041041 20000 1.000000
240.384000 34.630500 -14.99 5.868 0.165 0.204 0.036202 20000 1.000000
240.185000 34.888600 -13.332 6.999 0.166 0.206 0.032175 20000 1.000000
240.464000 35.086600 -11.196 3.804 0.169 0.211 0.035693 20000 1.000000
239.192000 35.425800 -13.626 8.828 0.167 0.206 0.030179 20000 1.000000
239.455000 35.327800 -13.503 8.174 0.171 0.213 0.105599 20000 1.000000
239.646000 35.440500 -13.639 7.56 0.168 0.208 0.041547 20000 1.000000
239.520000 35.624800 -13.551 6.489 0.167 0.207 0.054704 20000 1.000000
239.463000 35.792700 -12.91 7.444 0.169 0.212 0.074184 20000 1.000000
239.733000 35.633800 -11.769 5.891 0.174 0.21 0.089585 20000 1.000000
239.629000 35.747900 -12.797 6.484 0.17 0.211 0.057000 20000 1.000000
237.762000 37.061200 -13.46 7.913 0.168 0.213 0.066364 20000 1.000000
239.899000 35.235100 -12.808 7.099 0.19 0.223 0.097583 20000 1.000000
239.975000 35.279800 -12.481 6.3 0.175 0.219 0.014533 20000 1.000000
240.065000 35.316800 -11.845 5.244 0.171 0.213 0.062541 20000 1.000000
239.887000 35.534200 -12.066 4.107 0.196 0.237 0.051880 20000 1.000000
239.818000 35.702700 -9.799 4.391 0.167 0.207 0.052789 20000 1.000000
239.869000 35.801300 -8.5 2.536 0.175 0.211 0.060269 20000 1.000000
239.999000 35.686700 -9.044 2.97 0.172 0.21 0.001076 20000 1.000000
239.707000 35.688900 -11.669 6.141 0.166 0.206 0.043993 20000 1.000000
240.287000 35.319000 -10.338 3.165 0.182 0.226 0.033781 20000 1.000000
240.091000 35.934700 -8.052 1.813 0.167 0.207 0.054585 20000 1.000000
240.496000 34.466800 -14.142 6.012 0.165 0.201 0.048167 20000 1.000000
240.674000 34.599600 -13.84 6.02 0.176 0.218 0.137395 20000 1.000000
240.885000 34.660100 -13.238 5.311 0.176 0.213 0.119208 20000 1.000000
240.845000 34.856200 -11.631 3.923 0.236 0.352 -0.011061 20000 1.000000
239.755000 35.686700 -11.276 4.981 0.168 0.206 0.035258 20000 1.000000
241.121000 34.835100 -11.227 3.682 0.168 0.205 0.060206 20000 1.000000
241.152000 34.792300 -12.005 3.372 0.173 0.218 0.052891 20000 1.000000
241.331000 34.695000 -11.306 3.988 0.176 0.216 0.129761 20000 1.000000
241.454000 34.771100 -9.832 3.763 0.168 0.207 0.053807 20000 1.000000
241.344000 34.944400 -10.525 1.991 0.174 0.214 0.015356 20000 1.000000
241.388000 35.138600 -9.063 1.911 0.167 0.205 0.031178 20000 1.000000
241.382000 34.838900 -9.463 2.178 0.175 0.214 0.057425 20000 1.000000
241.459000 34.821800 -9.831 2.329 0.178 0.216 0.072852 20000 1.000000
241.811000 34.982100 -8.696 1.831 0.168 0.208 0.029978 20000 1.000000
241.876000 35.378000 -8.04 1.279 0.168 0.206 0.041034 20000 1.000000
241.740000 35.667300 -8.383 1.455 0.174 0.21 0.052989 20000 1.000000
241.233000 36.231400 -8.169 1.964 0.174 0.213 0.105262 20000 1.000000
241.045000 36.585500 -8.018 0.249 0.165 0.207 0.046280 20000 1.000000
241.740000 36.093100 -8.887 1.177 0.17 0.209 0.036915 20000 1.000000
241.994000 35.038800 -8.033 2.256 0.167 0.205 0.056564 20000 1.000000
242.271000 34.509700 -9.403 2.672 0.169 0.205 0.043312 20000 1.000000
242.451000 34.634300 -8.763 2.462 0.17 0.208 0.052422 20000 1.000000
242.457000 34.987000 -7.546 1.832 0.182 0.223 0.097805 20000 1.000000
243.048000 33.892600 -10.29 3.8 0.166 0.201 0.053141 20000 1.000000
243.454000 34.019300 -7.958 2.235 0.168 0.203 0.046181 20000 1.000000
242.719000 34.534800 -8.995 2.12 0.192 0.214 -0.036870 20000 1.000000
241.969000 34.332200 -12.281 4.492 0.17 0.207 0.075139 20000 1.000000
242.635000 35.116800 -7.742 1.476 0.169 0.207 0.045782 20000 1.000000
241.983000 35.152400 -8.182 2.172 0.169 0.208 0.055058 20000 1.000000
242.697000 35.238500 -7.202 0.81 0.17 0.208 0.048166 20000 1.000000
242.795000 35.387900 -6.75 1.051 0.165 0.203 0.060787 20000 1.000000
242.610000 35.896700 -7.199 0.623 0.182 0.227 0.047211 20000 1.000000
242.597000 35.697600 -7.829 0.496 0.167 0.207 0.050886 20000 1.000000
243.111000 35.998200 -7.113 -1.059 0.177 0.211 0.054486 20000 1.000000
243.112000 35.710600 -6.493 -0.562 0.166 0.206 0.056300 20000 1.000000
243.290000 34.192500 -8.407 1.664 0.172 0.206 0.034835 20000 1.000000
243.463000 34.217200 -7.622 1.842 0.173 0.207 0.064686 20000 1.000000
243.788000 33.865800 -7.877 0.964 0.167 0.203 0.067904 20000 1.000000
243.920000 33.959300 -6.69 -0.719 0.169 0.203 0.055255 20000 1.000000
239.772000 35.729200 -9.747 3.721 0.17 0.209 0.067576 20000 1.000000
243.971000 34.716900 -6.066 -2.396 0.174 0.209 0.024307 20000 1.000000
243.329000 34.936800 -6.171 -0.051 0.17 0.209 0.061497 20000 1.000000
242.063000 34.341100 -11.944 4.051 0.181 0.222 0.030890 20000 1.000000
243.120000 34.462100 -7.958 1.548 0.168 0.204 0.053791 20000 1.000000
244.179000 33.741000 -6.51 -1.458 0.175 0.211 0.042320 20000 1.000000
243.107000 34.062700 -7.767 3.489 0.207 0.253 0.009777 20000 1.000000
244.236000 34.425700 -5.64 -2.295 0.211 0.227 0.088626 20000 1.000000
244.350000 35.204800 -6.096 -1.785 0.174 0.21 0.026185 20000 1.000000
242.685000 34.187400 -10.658 4.306 0.171 0.209 0.097484 20000 1.000000
242.950000 34.196200 -7.48 5.374 0.204 0.215 0.125121 20000 1.000000
244.750000 34.731800 -6.033 -2.127 0.205 0.259 0.134215 20000 1.000000
243.237000 35.204600 -6.833 -0.272 0.168 0.205 0.057869 20000 1.000000
242.107000 35.424600 -7.808 1.106 0.167 0.206 0.051093 20000 1.000000
243.428000 35.320600 -6.193 -1.323 0.167 0.207 0.044870 20000 1.000000
243.896000 35.141900 -6.192 -2.012 0.178 0.209 0.030719 20000 1.000000
243.878000 35.526000 -7.267 -2.015 0.173 0.214 0.036928 20000 1.000000
243.855000 35.785400 -5.2 -1.85 0.167 0.207 0.040574 20000 1.000000
244.456000 35.472800 -5.682 -1.347 0.169 0.21 0.067610 20000 1.000000
244.634000 35.163000 -5.984 -1.712 0.175 0.215 0.038165 20000 1.000000
245.401000 34.188900 -5.602 -1.97 0.173 0.21 0.067848 20000 1.000000
245.035000 34.844400 -5.638 -1.949 0.172 0.208 0.051126 20000 1.000000
244.762000 35.291100 -5.693 -1.912 0.169 0.208 0.059095 20000 1.000000
241.621000 37.973100 -6.823 -0.989 0.167 0.216 0.001677 20000 1.000000
241.000000 37.613000 -10.962 -6.733 0.17 0.213 0.009681 20000 1.000000
241.084000 37.605300 -10.083 -6.453 0.174 0.23 0.012953 20000 1.000000
240.914000 37.785700 -11.193 0.416 0.208 0.246 -0.043694 20000 1.000000
240.967000 37.913500 -9.308 0.546 0.163 0.208 0.050482 20000 1.000000
240.974000 37.696600 -10.647 0.295 0.193 0.23 0.167831 20000 1.000000
240.862000 37.839300 -9.433 0.46 0.183 0.225 0.049007 20000 1.000000
240.853000 37.962800 -9.308 0.847 0.165 0.208 0.052060 20000 1.000000
240.916000 37.914100 -9.668 0.057 0.187 0.231 0.056676 20000 1.000000
241.056000 37.734300 -9.295 2.287 0.166 0.211 0.058682 20000 1.000000
241.131000 37.654600 -6.322 -2.502 0.166 0.213 0.051111 20000 1.000000
241.040000 37.891700 -8.079 1.288 0.176 0.216 0.039142 20000 1.000000
241.148000 37.878200 -7.803 1.244 0.166 0.21 0.041671 20000 1.000000
241.183000 37.591400 -9.526 -5.099 0.17 0.225 0.102308 20000 1.000000
241.302000 37.561600 -7.444 -1.233 0.171 0.234 0.016797 20000 1.000000
241.316000 37.495400 -9.849 -1.69 0.163 0.206 0.051283 20000 1.000000
241.406000 37.541300 -7.658 -1.041 0.166 0.211 0.054646 20000 1.000000
241.180000 37.677000 -5.491 -1.127 0.165 0.21 0.054549 20000 1.000000
241.232000 37.754400 -6.586 1.118 0.18 0.239 0.109623 20000 1.000000
240.981000 37.800000 -9.962 0.796 0.168 0.212 0.079932 20000 1.000000
241.264000 37.903500 -6.675 1.552 0.185 0.232 0.047449 20000 1.000000
241.445000 37.891300 -6.762 -0.472 0.176 0.219 0.101835 20000 1.000000
241.762000 37.589200 -7.595 -0.736 0.165 0.209 0.055268 20000 1.000000
241.528000 37.737500 -7.28 -0.719 0.172 0.215 0.075505 20000 1.000000
240.850000 38.057900 -10.684 0.867 0.172 0.215 0.050081 20000 1.000000
237.706000 41.381200 -8.074 -1.543 0.174 0.222 0.090917 20000 1.000000
237.809000 41.479200 -8.015 0.19 0.165 0.23 0.004640 20000 1.000000
237.687000 41.463600 -8.472 -1.607 0.168 0.232 -0.006838 20000 1.000000
237.847000 41.531900 -7.694 -1.936 0.202 0.243 0.088388 20000 1.000000
238.493000 41.711600 -7.582 -1.441 0.165 0.22 0.046891 20000 1.000000
246.132000 42.878900 -6.792 -1.152 0.164 0.222 0.045629 20000 1.000000
241.275000 37.380400 -13.969 -2.896 0.233 0.269 0.202857 20000 1.000000
241.439000 37.439500 -8.895 -0.543 0.181 0.223 0.045897 20000 1.000000
240.254000 37.088900 -8.192 0.114 0.172 0.215 0.109962 20000 1.000000
241.853000 37.280500 -7.287 -1.14 0.169 0.216 0.046934 20000 1.000000
239.172000 41.359200 -6.887 -1.294 0.189 0.248 -0.022467 20000 1.000000
239.527000 41.332500 -7.888 -1.025 0.169 0.222 0.049280 20000 1.000000
235.587000 42.442000 -2.605 1.149 0.168 0.228 -0.016611 20000 1.000000
235.707000 42.076600 -3.887 0.631 0.201 0.257 0.056343 20000 1.000000
238.120000 42.579800 -6.197 -0.954 0.17 0.225 0.041266 20000 1.000000
237.390000 42.727100 -7.468 -2.227 0.248 0.306 0.201782 20000 1.000000
240.341000 42.546100 -4.904 -1.427 0.165 0.224 0.032847 20000 1.000000
242.275000 42.020200 -5.889 -1.578 0.168 0.223 0.046415 20000 1.000000
243.404000 33.598200 -9.612 2.806 0.242 0.299 -0.076023 20000 1.000000
243.397000 33.495500 -11.619 3.845 0.174 0.21 0.063407 20000 1.000000
244.492000 32.829400 -12.059 5.411 0.176 0.209 0.019223 20000 1.000000
238.928000 37.699000 -8.406 -0.133 0.171 0.217 0.028590 20000 1.000000
239.784000 35.693800 -9.921 5.687 0.19 0.228 0.087286 20000 1.000000
237.579000 41.830800 -9.146 0.372 0.18 0.246 0.103938 20000 1.000000
236.019000 41.845500 -4.607 0.937 0.185 0.274 -0.049521 20000 1.000000
238.521000 36.744300 -14.977 8.943 0.279 0.32 0.070575 20000 1.000000
239.528000 35.946600 -7.775 2.37 0.185 0.224 0.109432 20000 1.000000
239.485000 35.929100 -11.921 7.608 0.238 0.313 0.046958 20000 1.000000
236.427000 40.478800 -7.579 -1.497 0.203 0.269 0.251007 20000 1.000000
243.852000 34.508100 -5.995 -1.387 0.168 0.207 0.034535 20000 1.000000
245.241000 32.497900 -3.959 -0.983 0.172 0.204 0.053779 20000 1.000000
243.407000 33.537300 -10.622 4.161 0.18 0.217 0.106865 20000 1.000000
241.651000 34.021700 -13.111 6.191 0.175 0.217 0.072804 20000 1.000000
243.936000 31.559100 -14.07 8.537 0.178 0.208 0.107658 20000 1.000000
238.728000 35.709000 -13.542 9.866 0.195 0.241 0.011630 20000 1.000000
242.077000 34.508200 -10.276 3.262 0.175 0.212 0.056036 20000 1.000000
242.305000 34.925400 -7.751 1.995 0.179 0.218 0.016080 20000 1.000000
244.116000 32.417000 -15.942 7.071 0.169 0.201 0.042844 20000 1.000000
239.522000 35.919900 -11.814 5.937 0.188 0.234 0.108055 20000 1.000000
242.818000 33.835700 -11.689 5.045 0.191 0.218 0.050397 20000 1.000000
243.506000 33.819200 -9.102 1.674 0.177 0.214 0.037326 20000 1.000000
242.193000 34.091800 -12.905 4.869 0.176 0.226 0.008785 20000 1.000000
244.165000 31.313100 -14.894 7.342 0.171 0.204 0.026431 20000 1.000000
244.543000 32.377900 -11.473 6.779 0.167 0.198 0.053710 20000 1.000000
241.596000 33.743300 -14.385 7.926 0.166 0.201 0.054080 20000 1.000000
241.628000 33.779500 -13.846 7.094 0.207 0.258 0.062020 20000 1.000000
238.863000 36.161100 -14.252 8.12 0.175 0.215 0.082461 20000 1.000000
241.755000 34.628700 -9.749 4.327 0.2 0.247 0.019312 20000 1.000000
239.056000 39.974600 -9.279 -1.059 0.173 0.226 0.007364 20000 1.000000
242.317000 35.338700 -7.405 0.916 0.167 0.206 0.056786 20000 1.000000
240.280000 34.500000 -14.324 6.33 0.172 0.212 0.023183 20000 1.000000
243.375000 34.643900 -7.106 0.444 0.17 0.204 0.040825 20000 1.000000
241.974000 34.019100 -12.965 4.1 0.192 0.23 -0.003400 20000 1.000000
239.475000 35.900000 -8.006 6.65 0.177 0.222 0.006312 20000 1.000000
241.807000 34.875100 -8.452 2.522 0.177 0.216 0.059739 20000 1.000000
240.816000 34.541500 -14.273 4.805 0.191 0.23 0.128450 20000 1.000000
244.877000 40.617200 -6.831 -0.511 0.168 0.225 0.063336 20000 1.000000
238.442000 37.666500 -8.451 -0.143 0.167 0.212 0.030348 20000 1.000000
241.245000 34.459800 -13.219 5.566 0.187 0.236 0.068610 20000 1.000000
242.138000 34.205600 -13.383 5.115 0.217 0.231 -0.049298 20000 1.000000
239.775000 40.591700 -7.358 -1.318 0.173 0.23 0.029285 20000 1.000000
240.984000 41.868400 -6.958 -1.838 0.175 0.232 0.111176 20000 1.000000
243.701000 35.971300 -5.881 -1.826 0.177 0.212 0.014734 20000 1.000000
241.521000 34.438600 -11.419 3.993 0.196 0.238 0.031124 20000 1.000000
240.116000 39.314300 -10.924 -1.956 0.166 0.218 0.025796 20000 1.000000
244.022000 33.292200 -8.086 2.309 0.174 0.206 0.067854 20000 1.000000
240.476000 33.247900 -10.788 6.501 0.184 0.23 0.013503 20000 1.000000
240.936000 34.319900 -13.749 6.979 0.167 0.204 0.049230 20000 1.000000
241.354000 34.059300 -13.839 7.859 0.17 0.206 0.018606 20000 1.000000
242.151000 33.992700 -13.556 5.181 0.188 0.221 0.069698 20000 1.000000
239.935000 34.004300 -14.16 8.52 0.175 0.211 0.032291 20000 1.000000
239.640000 35.917400 -8.343 4.013 0.194 0.243 0.103873 20000 1.000000
241.585000 35.158200 -8.516 1.622 0.166 0.206 0.050346 20000 1.000000
239.867000 34.483500 -14.999 8.319 0.178 0.221 0.025199 20000 1.000000
243.839000 33.641200 -8.356 0.911 0.176 0.211 0.056890 20000 1.000000
242.951000 39.542200 -6.851 -1.365 0.174 0.22 0.139292 20000 1.000000
242.816000 38.097200 -6.127 -1.879 0.166 0.211 0.042049 20000 1.000000
241.669000 33.797800 -13.641 6.904 0.175 0.211 0.034951 20000 1.000000
241.163000 34.248000 -14.228 7.665 0.176 0.212 0.104759 20000 1.000000
235.849000 41.053900 -3.823 3.024 0.169 0.222 -0.003846 20000 1.000000
240.156000 34.413300 -12.308 7.369 0.223 0.245 -0.052240 20000 1.000000
241.198000 39.627100 -7.521 -1.025 0.165 0.215 0.067264 20000 1.000000
241.715000 34.024000 -11.709 7.169 0.239 0.287 0.183577 20000 1.000000
243.915000 33.030100 -11.749 4.688 0.172 0.209 0.036642 20000 1.000000
240.516000 34.851500 -14.007 4.775 0.184 0.225 0.035793 20000 1.000000
241.780000 34.178600 -13.618 5.236 0.223 0.239 0.150830 20000 1.000000
241.486000 34.126400 -13.897 6.231 0.168 0.205 0.073029 20000 1.000000
241.516000 34.293200 -13.491 6.249 0.175 0.209 0.052448 20000 1.000000
239.384000 34.556300 -10.542 8.086 0.208 0.243 0.045141 20000 1.000000
241.879000 34.501500 -10.471 1.922 0.181 0.217 0.044068 20000 1.000000
241.706000 33.712600 -10.988 6.238 0.183 0.224 0.033885 20000 1.000000
241.346000 37.664300 -9.548 -0.57 0.163 0.208 0.055060 20000 1.000000
241.016000 35.010800 -9.623 1.788 0.192 0.231 0.037353 20000 1.000000
243.608000 33.934800 -7.844 1.362 0.207 0.249 0.000887 20000 1.000000
241.258000 34.568500 -13.723 3.957 0.183 0.223 0.181419 20000 1.000000
241.586000 34.259400 -12.755 5.144 0.197 0.244 0.017478 20000 1.000000
243.068000 34.669000 -7.739 0.896 0.187 0.223 -0.061639 20000 1.000000
241.572000 33.958200 -13.122 6.245 0.236 0.253 -0.273424 20000 1.000000
243.346000 33.955300 -8.064 2.754 0.173 0.207 0.038692 20000 1.000000
243.111000 35.425200 -6.425 1.758 0.18 0.221 0.042625 20000 1.000000
243.920000 35.287000 -6.579 -3.423 0.172 0.211 0.062596 20000 1.000000
