242.907000 34.116400 -7.26 1.186 0.178 0.223 0.002355 20000 1.000000
242.555000 33.274300 -11.376 4.238 0.168 0.201 0.042908 20000 1.000000
243.571000 34.594300 -4.442 -2.13 0.167 0.202 0.054565 20000 1.000000
241.305000 34.824500 -7.324 -1.078 0.173 0.211 0.031450 20000 1.000000
242.675000 33.341900 -11.208 3.388 0.166 0.201 0.056000 20000 1.000000
242.524000 33.381100 -11.466 3.669 0.167 0.199 0.047768 20000 1.000000
242.103000 34.126000 -11.825 0.732 0.288 0.308 0.155734 20000 1.000000
242.795000 40.412800 -3.78 -5.26 0.163 0.212 0.034130 20000 1.000000
240.970000 33.480500 -11.942 5.701 0.184 0.215 0.004743 20000 1.000000
243.116000 34.264300 -6.556 -0.884 0.194 0.233 0.123287 20000 1.000000
240.594000 34.920500 -9.348 1.764 0.174 0.212 0.015588 20000 1.000000
243.379000 37.039900 -3.362 -4.567 0.17 0.213 0.041328 20000 1.000000
244.002000 34.000500 -3.876 -3.259 0.169 0.202 0.030055 20000 1.000000
242.935000 33.578200 -10.472 2.706 0.176 0.209 0.044292 20000 1.000000
243.920000 35.287000 -3.525 -4.002 0.17 0.208 0.046010 20000 1.000000
245.285000 33.610400 -2.654 -2.896 0.169 0.201 0.039522 20000 1.000000
243.947000 34.251400 -3.65 -3.86 0.17 0.204 0.044765 20000 1.000000
241.723000 34.184900 -10.538 0.866 0.191 0.228 0.075277 20000 1.000000
242.988000 34.918600 -4.965 -2.093 0.172 0.209 0.027002 20000 1.000000
241.812000 34.292800 -10.728 1.551 0.257 0.272 -0.299929 20000 1.000000
242.156000 42.779500 -4.26 -5.699 0.167 0.226 0.041212 20000 1.000000
240.653000 35.157300 -6.773 -0.166 0.17 0.213 0.062650 20000 1.000000
235.437000 42.836100 -2.474 -1.027 0.172 0.232 0.019081 20000 1.000000
244.010000 33.655100 -5.544 -2.656 0.199 0.241 0.066572 20000 1.000000
239.566000 35.939400 -6.791 0.09 0.164 0.205 0.020532 20000 1.000000
239.569000 35.888400 -12.599 3.37 0.19 0.228 0.052137 20000 1.000000
241.666000 33.311600 -12.014 4.803 0.163 0.198 0.049818 20000 1.000000
241.517000 33.445800 -12.314 4.769 0.168 0.204 0.018749 20000 1.000000
241.370000 34.138600 -11.772 3.585 0.206 0.229 0.138926 20000 1.000000
242.329000 35.565300 -5.789 -1.863 0.17 0.211 0.042561 20000 1.000000
240.987000 34.806400 -9.246 2.471 0.183 0.242 -0.081774 20000 1.000000
243.664000 34.829500 -3.955 -4.865 0.18 0.211 0.036247 20000 1.000000
242.035000 34.244000 -9.369 1.536 0.195 0.246 -0.069737 20000 1.000000
241.974000 34.333400 -9.812 0.575 0.185 0.213 0.103094 20000 1.000000
242.172000 34.640500 -6.968 -0.546 0.176 0.219 0.097329 20000 1.000000
241.063000 34.109600 -12.115 4.477 0.181 0.227 0.075283 20000 1.000000
241.873000 34.136700 -7.873 4.982 0.17 0.203 0.073088 20000 1.000000
242.576000 34.271200 -7.496 1.587 0.169 0.199 0.032065 20000 1.000000
242.521000 34.313800 -9.552 -0.209 0.183 0.216 0.148803 20000 1.000000
241.856000 34.530300 -9.909 3.945 0.185 0.214 -0.104482 20000 1.000000
242.291000 34.109900 -10.902 1.984 0.174 0.209 0.027055 20000 1.000000
245.126000 40.558400 -4.016 -4.59 0.277 0.337 0.080697 20000 1.000000
244.877000 32.863500 -3.264 -5.054 0.17 0.199 0.036716 20000 1.000000
244.272000 32.850500 -10.674 2.258 0.171 0.2 0.045928 20000 1.000000
240.120000 34.414900 -13.188 4.734 0.172 0.208 0.008203 20000 1.000000
242.427000 35.071700 -4.669 -1.296 0.172 0.209 0.091243 20000 1.000000
239.249000 35.791600 -11.431 4.96 0.172 0.211 0.024032 20000 1.000000
242.900000 34.039100 -7.961 0.459 0.168 0.199 0.077106 20000 1.000000
240.275000 35.242100 -8.004 1.258 0.162 0.2 0.041333 20000 1.000000
244.265000 33.069800 -6.57 0.969 0.177 0.209 0.053115 20000 1.000000
240.961000 34.168400 -12.318 4.698 0.168 0.206 0.063365 20000 1.000000
241.743000 33.861500 -10.727 2.661 0.167 0.204 0.032172 20000 1.000000
241.476000 34.253600 -11.857 2.261 0.172 0.209 0.082664 20000 1.000000
240.629000 34.408100 -12.249 2.708 0.192 0.236 0.023978 20000 1.000000
241.387000 34.516500 -10.042 1.717 0.172 0.207 0.027515 20000 1.000000
243.630000 34.124100 -4.518 -2.879 0.181 0.216 0.009567 20000 1.000000
242.098000 34.082000 -11.946 1.677 0.179 0.215 -0.032702 20000 1.000000
241.603000 34.334800 -4.939 1.647 0.323 0.316 -0.006887 20000 1.000000
241.603000 34.334000 -10.565 0.645 0.264 0.261 -0.131055 20000 1.000000
244.212000 33.389800 -5.798 -2.063 0.178 0.211 0.044842 20000 1.000000
242.140000 34.413400 -9.019 -0.161 0.168 0.216 0.032417 20000 1.000000
241.873000 33.938300 -10.665 3.347 0.166 0.198 0.042530 20000 1.000000
242.588000 33.647700 -10.075 3.27 0.164 0.198 0.045429 20000 1.000000
241.170000 34.946200 -8.275 -1.728 0.175 0.217 0.041515 20000 1.000000
245.061000 39.345200 -4.126 -5.218 0.17 0.215 0.043648 20000 1.000000
244.183000 40.914700 -4.012 -5.264 0.163 0.215 0.048299 20000 1.000000
241.871000 33.583500 -11.427 3.644 0.18 0.212 0.062584 20000 1.000000
242.574000 33.649100 -12.123 2.783 0.167 0.203 0.011671 20000 1.000000
241.574000 34.703100 -8.377 -2.574 0.164 0.199 0.034176 20000 1.000000
242.474000 34.104200 -10.271 2.254 0.192 0.234 0.056270 20000 1.000000
239.991000 34.733000 -13.561 4.113 0.168 0.204 0.067053 20000 1.000000
243.064000 34.093600 -7.467 -1.04 0.193 0.281 0.136605 20000 1.000000
241.116000 34.356300 -12.024 4.283 0.168 0.202 0.034458 20000 1.000000
246.195000 39.369400 -3.703 -5.187 0.17 0.213 0.027348 20000 1.000000
244.200000 32.945000 -8.728 0.353 0.194 0.215 0.062448 20000 1.000000
241.107000 34.800200 -9.164 1.127 0.172 0.209 0.039448 20000 1.000000
240.644000 40.416500 -4.961 -4.575 0.166 0.218 -0.000370 20000 1.000000
240.136000 35.189400 -11.032 2.073 0.167 0.207 0.027311 20000 1.000000
244.479000 33.274800 -4.686 -4.32 0.174 0.205 0.044025 20000 1.000000
245.173000 33.051100 -2.777 -4.372 0.218 0.247 -0.033589 20000 1.000000
244.340000 34.784000 -3.82 -4.127 0.188 0.233 0.017203 20000 1.000000
245.810000 34.308600 -3.624 -5.587 0.174 0.207 0.047302 20000 1.000000
243.111000 35.425200 -5.55 -3.324 0.17 0.208 0.024689 20000 1.000000
245.820000 40.640200 -3.758 -5.722 0.164 0.212 0.054360 20000 1.000000
239.584000 36.399000 -3.668 -0.81 0.202 0.245 0.017885 20000 1.000000
241.887000 34.047400 -11.323 2.252 0.167 0.203 0.083769 20000 1.000000
241.714000 33.783600 -9.507 3.351 0.191 0.234 -0.030604 20000 1.000000
243.570000 34.754800 -4.201 -3.683 0.169 0.205 0.064216 20000 1.000000
238.530000 40.815900 -4.262 -3.283 0.165 0.219 0.031356 20000 1.000000
242.999000 33.708100 -10.267 2.276 0.165 0.199 0.046273 20000 1.000000
244.365000 33.705000 -4.34 -5.418 0.188 0.236 0.020882 20000 1.000000
239.520000 35.866700 -11.157 4.196 0.192 0.25 0.050579 20000 1.000000
242.155000 34.458200 -8.108 0.945 0.174 0.211 0.027785 20000 1.000000
239.598000 35.880800 -7.717 0.621 0.179 0.219 0.132040 20000 1.000000
240.812000 34.441200 -11.831 2.337 0.18 0.22 0.043833 20000 1.000000
244.089000 34.727300 -3.638 -4.981 0.172 0.21 0.060747 20000 1.000000
243.779000 33.796800 -5.779 -1.232 0.172 0.208 0.083334 20000 1.000000
244.855000 34.157600 -3.309 -4.583 0.168 0.205 0.077494 20000 1.000000
241.526000 35.662300 -6.412 -1.176 0.176 0.22 -0.008245 20000 1.000000
242.045000 34.449100 -8.729 1.444 0.162 0.203 0.022770 20000 1.000000
240.992000 34.398500 -11.019 1.359 0.171 0.21 0.041825 20000 1.000000
243.827000 33.925400 -4.86 -1.923 0.175 0.209 0.055292 20000 1.000000
242.165000 34.485500 -8.192 0.747 0.171 0.208 0.029940 20000 1.000000
242.609000 33.744200 -10.217 2.657 0.247 0.274 0.123206 20000 1.000000
242.555000 33.817400 -10.688 2.512 0.169 0.202 0.058331 20000 1.000000
243.060000 35.090200 -3.842 -2.308 0.17 0.206 0.051626 20000 1.000000
242.246000 34.133300 -10.231 1.419 0.172 0.208 0.070591 20000 1.000000
239.406000 35.828700 -11.845 4.552 0.169 0.211 0.058483 20000 1.000000
242.454000 34.314900 -7.841 0.02 0.183 0.224 0.122153 20000 1.000000
241.970000 34.527100 -7.72 0.997 0.174 0.214 -0.010193 20000 1.000000
240.896000 34.733600 -10.003 1.313 0.168 0.209 0.034751 20000 1.000000
239.557000 35.832600 -10.346 4.045 0.166 0.206 0.043139 20000 1.000000
242.563000 33.856800 -10.079 3.177 0.169 0.202 0.039491 20000 1.000000
238.778000 42.418300 -3.428 -2.834 0.242 0.326 0.016330 20000 1.000000
239.241000 36.186900 -7.626 -3.969 0.17 0.208 0.089186 20000 1.000000
239.233000 36.180500 -12.188 4.546 0.168 0.207 0.043884 20000 1.000000
244.021000 36.632500 -4.179 -5.469 0.166 0.208 0.079120 20000 1.000000
239.649000 34.038300 -12.751 6.418 0.168 0.206 -0.005850 20000 1.000000
241.874000 34.136800 -10.707 1.669 0.168 0.202 0.062991 20000 1.000000
243.904000 40.148400 -4.634 -4.416 0.171 0.222 -0.034696 20000 1.000000
242.682000 33.918400 -10.544 2.476 0.169 0.202 0.058600 20000 1.000000
239.566000 35.969500 -5.828 -0.097 0.173 0.206 -0.013725 20000 1.000000
244.588000 40.710700 -4.097 -5.331 0.168 0.227 0.030958 20000 1.000000
241.122000 34.295500 -13.189 3.428 0.281 0.329 0.048359 20000 1.000000
242.118000 34.175200 -11.949 1.006 0.229 0.254 -0.246598 20000 1.000000
243.352000 34.038500 -5.045 -0.567 0.183 0.223 0.158348 20000 1.000000
242.790000 34.230800 -9.034 -0.15 0.247 0.254 0.252940 20000 1.000000
241.755000 34.055200 -12.385 1.72 0.234 0.234 0.257138 20000 1.000000
245.381000 34.767700 -3.428 -5.361 0.183 0.221 0.054174 20000 1.000000
242.491000 39.685600 -4.193 -5.099 0.17 0.218 0.035464 20000 1.000000
240.859000 34.498700 -11.072 2.291 0.165 0.201 0.035297 20000 1.000000
243.932000 34.141000 -3.906 -4.154 0.17 0.205 0.076332 20000 1.000000
242.653000 33.240700 -12.93 4.933 0.186 0.21 -0.078670 20000 1.000000
244.082000 34.369900 -3.266 -4.332 0.17 0.207 0.009392 20000 1.000000
243.695000 34.427700 -3.342 -2.748 0.172 0.21 0.013295 20000 1.000000
243.708000 34.533000 -0.707 -2.902 0.177 0.209 0.045878 20000 1.000000
243.185000 34.674900 -5.494 -2.199 0.174 0.211 0.109142 20000 1.000000
241.793000 34.128800 -11.196 2.374 0.165 0.198 0.034660 20000 1.000000
240.647000 34.683400 -11.609 1.413 0.206 0.254 -0.000576 20000 1.000000
242.814000 39.521100 -4.137 -4.902 0.172 0.22 0.047256 20000 1.000000
245.995000 32.722500 -2.021 -4.742 0.177 0.207 0.093125 20000 1.000000
244.721000 39.910200 -4.3 -5.686 0.183 0.22 0.041522 20000 1.000000
245.543000 36.154200 -2.812 -4.814 0.17 0.205 0.043360 20000 1.000000
245.180000 41.724200 -4.09 -6.32 0.165 0.215 0.012419 20000 1.000000
242.670000 41.428700 -4.086 -4.706 0.165 0.218 0.060850 20000 1.000000
242.935000 42.981700 -3.694 -5.214 0.162 0.219 0.016561 20000 1.000000
235.925000 40.876300 -2.998 -0.366 0.22 0.275 0.090949 20000 1.000000
236.274000 38.928300 -12.38 5.035 0.161 0.207 0.019610 20000 1.000000
237.585000 40.997600 -5.808 -3.416 0.19 0.263 -0.057772 20000 1.000000
235.986000 42.967400 -4.812 -3.907 0.168 0.232 0.066565 20000 1.000000
243.830000 32.616500 -12.028 3.11 0.167 0.198 0.033329 20000 1.000000
238.997000 35.551800 -12.456 5.976 0.166 0.208 0.044207 20000 1.000000
242.015000 39.305600 -3.945 -4.817 0.174 0.227 0.014284 20000 1.000000
242.395000 39.287900 -3.79 -5.152 0.176 0.223 0.037651 20000 1.000000
243.576000 39.500500 -4.216 -5.056 0.162 0.215 0.057261 20000 1.000000
243.950000 39.546400 -3.686 -5.187 0.167 0.211 0.062629 20000 1.000000
244.111000 39.374200 -3.927 -5.36 0.164 0.21 0.056841 20000 1.000000
244.487000 39.536100 -4.232 -5.025 0.164 0.213 0.044801 20000 1.000000
244.568000 39.388600 -5.629 -5.945 0.16 0.206 0.041935 20000 1.000000
242.120000 40.433400 -4.279 -5.287 0.166 0.216 0.071206 20000 1.000000
245.308000 39.255200 -4.363 -5.057 0.168 0.212 0.094366 20000 1.000000
245.723000 39.119400 -4.317 -5.414 0.168 0.218 0.049755 20000 1.000000
246.129000 39.067300 -3.806 -4.853 0.165 0.212 0.029767 20000 1.000000
246.495000 39.268900 -3.861 -5.228 0.164 0.213 0.051719 20000 1.000000
242.532000 40.320600 -3.956 -5.673 0.17 0.218 -0.004689 20000 1.000000
246.946000 40.494000 -4.507 -5.436 0.163 0.212 0.056875 20000 1.000000
243.264000 40.495500 -4.041 -5.198 0.174 0.223 -0.006020 20000 1.000000
243.721000 40.363200 -3.886 -4.972 0.162 0.212 0.058970 20000 1.000000
240.200000 39.572800 -4.354 -3.945 0.165 0.214 0.031123 20000 1.000000
242.469000 36.614300 -3.976 -3.424 0.164 0.203 0.035918 20000 1.000000
242.593000 36.804200 -4.138 -3.086 0.16 0.201 0.040557 20000 1.000000
242.006000 36.606000 -5.319 -3.321 0.174 0.211 0.132934 20000 1.000000
242.296000 37.200800 -5.278 -4.697 0.171 0.214 0.043201 20000 1.000000
240.463000 39.698400 -4.583 -3.859 0.172 0.221 0.034816 20000 1.000000
240.694000 39.795600 -4.734 -4.121 0.189 0.249 0.106953 20000 1.000000
241.126000 39.838800 -4.044 -4.18 0.172 0.218 0.003454 20000 1.000000
241.316000 39.888900 -4.409 -4.451 0.168 0.218 0.024907 20000 1.000000
241.841000 39.212300 -4.052 -4.206 0.16 0.206 0.041416 20000 1.000000
246.706000 41.856800 -4.291 -5.559 0.173 0.229 0.081031 20000 1.000000
246.958000 39.345100 -3.89 -5.274 0.167 0.211 0.045891 20000 1.000000
246.988000 41.817300 -5.336 -5.703 0.164 0.215 0.032600 20000 1.000000
246.722000 40.671300 -4.165 -5.315 0.168 0.218 0.041090 20000 1.000000
240.400000 39.499200 -4.658 -3.943 0.181 0.222 0.089330 20000 1.000000
240.931000 39.486100 -3.737 -4.092 0.168 0.216 0.041013 20000 1.000000
241.550000 39.133900 -4.112 -4.008 0.164 0.212 0.052179 20000 1.000000
241.062000 39.268000 -4.328 -4.176 0.224 0.284 0.037176 20000 1.000000
241.649000 39.454700 -4.38 -4.342 0.166 0.214 0.087082 20000 1.000000
241.995000 38.728800 -4.324 -4.343 0.165 0.209 0.044229 20000 1.000000
241.540000 38.724600 -4.111 -3.957 0.166 0.213 0.043949 20000 1.000000
241.070000 38.980900 -4.379 -3.098 0.161 0.213 0.043769 20000 1.000000
240.985000 38.704600 -7.706 -0.751 0.215 0.259 0.076758 20000 1.000000
240.541000 38.761400 -5.229 -3.95 0.174 0.218 -0.033817 20000 1.000000
240.990000 40.242200 -3.779 -4.264 0.183 0.222 -0.034568 20000 1.000000
240.278000 39.908200 -3.613 -3.817 0.172 0.224 0.080149 20000 1.000000
239.307000 38.829200 -6.419 -3.298 0.234 0.271 0.143290 20000 1.000000
239.614000 39.046600 -5.128 -2.124 0.186 0.23 -0.037794 20000 1.000000
240.189000 39.123500 -4.852 -2.847 0.168 0.216 -0.024428 20000 1.000000
239.107000 39.466700 -5.727 -3.694 0.182 0.223 0.140264 20000 1.000000
239.716000 39.937400 -4.835 -3.738 0.159 0.208 0.031546 20000 1.000000
239.194000 40.418600 -4.415 -2.956 0.196 0.24 0.091916 20000 1.000000
239.923000 40.288900 -4.59 -4 0.166 0.216 0.050936 20000 1.000000
235.692000 40.247500 -10.187 5.256 0.161 0.211 0.023239 20000 1.000000
235.867000 40.551300 -4.728 1.39 0.162 0.212 0.017318 20000 1.000000
235.787000 40.637400 -3.633 1.643 0.187 0.24 0.042925 20000 1.000000
235.943000 40.219600 -8.611 1.977 0.166 0.218 0.042790 20000 1.000000
236.307000 40.119300 -8.138 -0.082 0.177 0.235 0.077902 20000 1.000000
238.207000 36.485500 -13.44 5.133 0.161 0.202 0.027238 20000 1.000000
238.710000 35.945700 -11.945 4.957 0.168 0.21 0.088667 20000 1.000000
238.949000 36.302100 -12.113 5.307 0.164 0.205 0.040220 20000 1.000000
238.865000 36.425900 -12.657 5.552 0.169 0.21 0.074320 20000 1.000000
237.668000 37.534500 -16.731 5.743 0.205 0.225 -0.052096 20000 1.000000
237.623000 37.914500 -9.17 2.843 0.17 0.217 0.043245 20000 1.000000
236.819000 38.495000 -9.487 3.061 0.166 0.215 -0.031794 20000 1.000000
236.291000 39.117200 -11.975 4.441 0.165 0.214 0.037566 20000 1.000000
236.652000 38.987400 -11.155 2.214 0.174 0.219 0.110521 20000 1.000000
236.796000 39.242000 -9.727 0.128 0.164 0.214 0.043076 20000 1.000000
236.368000 42.275400 -3.032 -1.186 0.172 0.229 0.031109 20000 1.000000
236.895000 39.319700 -8.931 -1.067 0.169 0.217 0.054862 20000 1.000000
237.041000 38.664700 -9.123 2.553 0.194 0.266 0.107545 20000 1.000000
237.233000 38.428600 -11.27 1.636 0.166 0.216 0.055502 20000 1.000000
237.548000 38.239800 -9.835 1.442 0.165 0.213 0.030055 20000 1.000000
237.083000 38.866100 -8.926 -0.157 0.16 0.207 0.022619 20000 1.000000
237.037000 39.398100 -9.139 4.079 0.216 0.265 -0.006454 20000 1.000000
237.424000 38.777800 -7.308 -0.854 0.174 0.232 0.029317 20000 1.000000
237.281000 39.260000 -6.545 -4.986 0.164 0.212 0.070124 20000 1.000000
237.696000 39.109300 -6.213 -2.669 0.169 0.217 0.025804 20000 1.000000
237.873000 37.069200 -11.682 4.668 0.195 0.242 0.213068 20000 1.000000
238.137000 36.962000 -12.097 4.88 0.186 0.218 -0.005995 20000 1.000000
238.009000 37.201700 -10.405 3.381 0.192 0.234 -0.033462 20000 1.000000
238.203000 37.001000 -12.158 4.048 0.253 0.287 0.117972 20000 1.000000
238.274000 37.002400 -11.729 3.174 0.179 0.231 0.061062 20000 1.000000
238.349000 37.104500 -10.291 1.564 0.201 0.237 -0.070099 20000 1.000000
238.286000 37.203500 -11.48 0.266 0.171 0.212 0.083584 20000 1.000000
237.786000 37.329900 -10.836 4.576 0.162 0.205 0.040555 20000 1.000000
237.901000 37.336900 -10.901 3.209 0.168 0.22 0.007788 20000 1.000000
237.900000 37.722000 -8.553 0.219 0.162 0.205 0.024272 20000 1.000000
237.781000 37.863900 -9.201 -0.337 0.167 0.216 0.010531 20000 1.000000
237.942000 37.713900 -8.006 -0.494 0.182 0.225 -0.028727 20000 1.000000
238.174000 37.336800 -9.177 2.171 0.166 0.213 0.046417 20000 1.000000
238.210000 37.533000 -6.726 -0.746 0.163 0.207 0.039701 20000 1.000000
238.313000 37.601800 -6.613 -2.126 0.17 0.211 0.085575 20000 1.000000
238.022000 37.749400 -7.821 -1.088 0.163 0.206 0.025452 20000 1.000000
238.214000 37.819000 -7.493 -2.644 0.168 0.211 0.035904 20000 1.000000
238.095000 36.621700 -12.888 5.905 0.165 0.207 0.021008 20000 1.000000
238.421000 36.724000 -13.271 5.553 0.166 0.207 0.022385 20000 1.000000
238.580000 36.800400 -8.762 2.373 0.163 0.204 0.024896 20000 1.000000
238.409000 36.858500 -12.473 4.401 0.165 0.207 0.014146 20000 1.000000
238.459000 36.814300 -12.879 6.212 0.166 0.206 0.037815 20000 1.000000
238.445000 36.903500 -10.561 2.448 0.167 0.208 0.014112 20000 1.000000
238.613000 36.637000 -13.177 4.877 0.174 0.217 -0.018517 20000 1.000000
238.458000 37.007800 -8.45 1.882 0.18 0.23 0.040906 20000 1.000000
238.426000 37.213000 -6.848 -0.868 0.165 0.206 0.030082 20000 1.000000
238.665000 36.918200 -7.765 -2.614 0.162 0.203 0.033539 20000 1.000000
238.645000 37.010800 -7.007 -2.649 0.186 0.227 -0.017144 20000 1.000000
240.294000 37.713100 -6.427 -5.313 0.171 0.217 0.019339 20000 1.000000
238.812000 36.559500 -11.099 6.754 0.162 0.203 0.024777 20000 1.000000
238.131000 37.975600 -6.474 -2.916 0.165 0.209 0.047098 20000 1.000000
238.936000 36.611600 -5.171 -1.203 0.16 0.201 0.027783 20000 1.000000
238.732000 36.950000 -5.631 -3.231 0.229 0.278 0.064820 20000 1.000000
238.652000 36.811400 -7.436 -1.712 0.164 0.206 0.026572 20000 1.000000
238.942000 37.169600 -5.868 -2.962 0.169 0.213 0.048133 20000 1.000000
238.347000 37.478400 -7.621 -1.363 0.179 0.226 0.036434 20000 1.000000
238.531000 37.489600 -6.599 -1.395 0.161 0.205 0.021790 20000 1.000000
238.675000 37.581900 -4.879 -1.381 0.167 0.213 0.022134 20000 1.000000
238.395000 37.932000 -7.208 -3.3 0.163 0.208 0.029875 20000 1.000000
238.536000 37.755300 -5.339 -3.641 0.197 0.247 0.018832 20000 1.000000
238.717000 37.385400 -6.365 -2.25 0.174 0.224 0.043338 20000 1.000000
237.782000 38.153000 -5.956 0.154 0.162 0.207 0.009718 20000 1.000000
237.904000 38.025100 -7.606 -0.696 0.176 0.226 -0.021199 20000 1.000000
237.805000 38.444200 -7.421 -3.097 0.173 0.231 0.046890 20000 1.000000
237.645000 38.999500 -6.788 -3.104 0.203 0.228 0.132143 20000 1.000000
238.905000 38.645300 -6.164 -3.356 0.163 0.208 0.035090 20000 1.000000
239.652000 35.544100 -9.122 4.021 0.168 0.208 0.026318 20000 1.000000
239.611000 35.841100 -9.08 3.852 0.17 0.209 0.011690 20000 1.000000
239.655000 35.837800 -7.602 0.444 0.174 0.22 0.028926 20000 1.000000
239.715000 35.806700 -7.661 1.092 0.173 0.216 0.021514 20000 1.000000
239.093000 35.933300 -10.679 4.536 0.162 0.202 0.028365 20000 1.000000
239.019000 36.417200 -6.495 -0.648 0.165 0.208 0.046765 20000 1.000000
239.147000 36.515900 -5.722 -1.71 0.171 0.216 0.019897 20000 1.000000
239.302000 36.024800 -11.898 5.1 0.164 0.21 0.030774 20000 1.000000
239.121000 36.140200 -12.973 5.902 0.163 0.203 0.030561 20000 1.000000
239.251000 36.106800 -11.668 5.218 0.161 0.2 0.032192 20000 1.000000
239.272000 36.178900 -6.139 -1.234 0.161 0.201 0.031246 20000 1.000000
239.355000 35.922800 -11.139 5.331 0.163 0.202 0.020180 20000 1.000000
239.525000 36.007500 -3.047 1.326 0.193 0.229 0.030874 20000 1.000000
239.457000 36.089400 -7.034 -3.212 0.162 0.202 0.029875 20000 1.000000
239.560000 36.123200 -5.033 -1.704 0.162 0.202 0.030850 20000 1.000000
239.158000 35.697100 -12.244 5.27 0.169 0.204 0.075836 20000 1.000000
239.637000 36.051700 -5.56 -0.681 0.165 0.203 0.030071 20000 1.000000
239.448000 35.974100 -11.079 4.479 0.181 0.215 -0.006733 20000 1.000000
239.706000 36.015800 -5.596 -0.498 0.165 0.204 0.020039 20000 1.000000
239.723000 36.304400 3.897 0.611 0.165 0.207 0.030066 20000 1.000000
239.257000 36.806300 -4.696 -3.088 0.164 0.207 0.037644 20000 1.000000
239.803000 37.352200 -6.248 -2.925 0.174 0.221 0.016413 20000 1.000000
239.356000 37.795200 -8.406 -2.175 0.179 0.216 0.056332 20000 1.000000
240.160000 37.901100 -4.208 -0.689 0.182 0.218 -0.051068 20000 1.000000
239.049000 38.090000 -7.55 -2.861 0.166 0.213 0.027704 20000 1.000000
239.666000 38.735600 -5.312 -3.455 0.183 0.216 0.063426 20000 1.000000
241.480000 37.177600 -4.337 -1.272 0.161 0.203 0.041882 20000 1.000000
236.283000 39.863600 -10.79 0.589 0.203 0.26 -0.045656 20000 1.000000
236.448000 39.905700 -10.566 -1.151 0.192 0.259 -0.025629 20000 1.000000
236.628000 39.452400 -9.92 -1.292 0.164 0.215 0.038045 20000 1.000000
236.705000 39.707100 -9.998 -2.152 0.175 0.224 -0.051556 20000 1.000000
236.817000 39.962100 -7.856 -3.224 0.184 0.239 -0.012751 20000 1.000000
236.344000 40.256800 -7.5 -0.593 0.164 0.217 0.045735 20000 1.000000
236.117000 41.151700 -4.028 -1.311 0.166 0.218 0.049149 20000 1.000000
236.301000 40.575300 -5.281 -1.777 0.174 0.225 0.083782 20000 1.000000
236.427000 40.478900 -6.172 -2.533 0.202 0.262 0.245708 20000 1.000000
236.548000 40.082200 -8.401 -1.1 0.161 0.211 0.034262 20000 1.000000
236.864000 40.324100 -7.72 -3.641 0.16 0.211 0.022107 20000 1.000000
236.676000 40.732900 -6.763 -2.202 0.162 0.214 -0.000515 20000 1.000000
236.826000 40.546700 -6.945 -4.046 0.165 0.219 0.012400 20000 1.000000
237.024000 39.621400 -8.134 -3.782 0.176 0.216 0.086522 20000 1.000000
237.264000 39.493600 -7.831 -4.605 0.162 0.208 0.017708 20000 1.000000
237.126000 39.726200 -7.583 -3.709 0.166 0.217 0.073988 20000 1.000000
237.077000 40.747600 -5.751 -3.238 0.17 0.223 0.016483 20000 1.000000
237.393000 40.650700 -5.545 -2.989 0.17 0.227 -0.008775 20000 1.000000
236.666000 40.887100 -5.524 -1.243 0.16 0.212 0.025704 20000 1.000000
237.729000 40.271200 -6.954 -3.742 0.174 0.224 -0.032813 20000 1.000000
239.132000 39.794700 -4.388 -3.004 0.162 0.216 0.000989 20000 1.000000
239.052000 41.183300 -4.601 -3.665 0.165 0.22 0.010021 20000 1.000000
237.681000 40.731100 -5.77 -4.407 0.198 0.235 0.085437 20000 1.000000
235.774000 42.209100 -4.81 -1.917 0.168 0.217 0.022786 20000 1.000000
235.946000 42.860100 -3.031 -3.252 0.188 0.247 0.101608 20000 1.000000
236.617000 42.503500 -4.382 -1.209 0.166 0.222 0.035733 20000 1.000000
237.344000 42.191000 -2.957 -2.549 0.167 0.225 -0.003259 20000 1.000000
238.220000 42.259700 -2.528 -3.662 0.164 0.216 0.024876 20000 1.000000
239.622000 42.468800 -3.101 -4.14 0.166 0.224 0.005994 20000 1.000000
241.588000 42.254600 -4.355 -5.297 0.16 0.215 0.029679 20000 1.000000
243.371000 36.071300 -3.372 -4.183 0.227 0.27 0.108796 20000 1.000000
242.835000 36.022500 -4.843 -3.546 0.173 0.207 0.025038 20000 1.000000
242.590000 36.159000 -3.951 -3.539 0.176 0.217 0.091878 20000 1.000000
241.868000 36.466800 -4.516 -2.633 0.188 0.237 -0.167134 20000 1.000000
242.211000 36.531200 -4.406 -3.193 0.161 0.203 0.037472 20000 1.000000
241.909000 36.570200 -4.553 -2.626 0.184 0.216 -0.015818 20000 1.000000
241.882000 36.975700 -4.433 -2.71 0.161 0.203 0.044173 20000 1.000000
242.064000 37.231400 -4.025 -3.471 0.168 0.208 0.084321 20000 1.000000
242.606000 34.462400 -6.782 -0.477 0.178 0.211 0.038591 20000 1.000000
242.459000 33.562100 -11.391 1.117 0.257 0.291 0.078141 20000 1.000000
242.895000 32.889200 -11.526 3.93 0.168 0.199 0.031749 20000 1.000000
243.050000 32.733800 -11.904 3.66 0.163 0.195 0.036881 20000 1.000000
242.756000 32.666400 -12.658 4.487 0.181 0.206 0.135420 20000 1.000000
242.810000 33.439600 -10.611 3.065 0.165 0.199 0.047062 20000 1.000000
242.928000 33.235700 -11.746 3.842 0.175 0.203 0.080718 20000 1.000000
243.217000 33.493300 -9.756 2.147 0.166 0.199 0.040912 20000 1.000000
243.651000 32.976000 -11.436 3.334 0.17 0.203 0.045769 20000 1.000000
243.989000 32.822200 -11.292 2.575 0.169 0.2 0.011591 20000 1.000000
243.329000 33.240200 -10.778 3.038 0.174 0.205 0.044697 20000 1.000000
243.431000 33.059200 -11.175 3.186 0.166 0.196 0.033503 20000 1.000000
243.379000 33.375600 -10.672 1.696 0.171 0.204 0.079463 20000 1.000000
243.591000 33.210200 -11.18 2.183 0.18 0.214 0.050945 20000 1.000000
243.817000 33.213500 -9.186 1.303 0.167 0.199 0.044580 20000 1.000000
243.921000 33.201000 -8.844 0.941 0.167 0.199 0.050282 20000 1.000000
243.888000 33.296200 -8.058 0.751 0.171 0.204 -0.006049 20000 1.000000
243.574000 33.523500 -7.305 1.19 0.179 0.206 0.126772 20000 1.000000
243.773000 33.574700 -7.23 -0.424 0.181 0.222 0.058537 20000 1.000000
244.031000 32.887000 -9.961 2.139 0.169 0.201 0.041355 20000 1.000000
244.175000 32.954700 -9.436 1.897 0.169 0.2 0.045472 20000 1.000000
244.268000 32.759700 -9.32 2.706 0.174 0.207 0.052111 20000 1.000000
244.404000 32.750600 -8.019 1.147 0.178 0.205 0.048051 20000 1.000000
244.423000 32.834700 -7.239 0.813 0.174 0.205 0.044829 20000 1.000000
244.430000 32.898400 -7.117 0.556 0.176 0.208 0.064826 20000 1.000000
244.700000 32.690000 -4.022 -3.226 0.167 0.199 0.039572 20000 1.000000
244.602000 32.875800 -3.535 -4.148 0.174 0.206 0.058449 20000 1.000000
244.578000 32.982500 -3.524 -4.877 0.173 0.206 0.054115 20000 1.000000
244.280000 32.948900 -8.238 1.266 0.171 0.203 0.037510 20000 1.000000
244.234000 33.516400 -5.279 -4.721 0.176 0.209 0.103041 20000 1.000000
244.313000 33.423900 -4.177 -4.172 0.176 0.208 0.091662 20000 1.000000
244.571000 33.247800 -4.003 -4.705 0.172 0.205 0.041352 20000 1.000000
244.657000 33.143600 -3.907 -3.87 0.174 0.206 -0.006369 20000 1.000000
244.704000 33.886900 -3.842 -4.796 0.176 0.205 0.049555 20000 1.000000
240.305000 37.562600 -4.708 -0.824 0.185 0.215 0.146614 20000 1.000000
239.350000 34.907300 -12.906 5.894 0.162 0.199 0.032725 20000 1.000000
239.590000 35.010700 -12.604 4.93 0.17 0.207 0.027303 20000 1.000000
239.760000 34.870600 -12.749 4.695 0.167 0.202 0.062189 20000 1.000000
239.617000 35.106200 -12.142 4.719 0.175 0.211 0.118657 20000 1.000000
241.822000 34.376400 -9.604 2.08 0.166 0.204 0.047690 20000 1.000000
239.925000 35.020000 -12.011 5.658 0.162 0.199 0.029939 20000 1.000000
240.208000 34.507800 -12.476 3.633 0.17 0.2 0.020481 20000 1.000000
240.384000 34.630500 -12.274 4.418 0.161 0.198 0.033746 20000 1.000000
240.185000 34.888600 -11.758 3.562 0.161 0.198 0.037771 20000 1.000000
240.464000 35.086600 -8.632 0.806 0.166 0.205 0.070483 20000 1.000000
239.192000 35.425800 -12.863 5.47 0.164 0.202 0.014092 20000 1.000000
239.455000 35.327800 -12.117 5.065 0.167 0.208 0.083262 20000 1.000000
239.646000 35.440500 -10.948 4.82 0.166 0.204 0.019574 20000 1.000000
239.520000 35.624800 -9.208 8.287 0.186 0.23 0.045422 20000 1.000000
239.463000 35.792700 -11.607 4.52 0.166 0.207 0.055407 20000 1.000000
239.733000 35.633800 -10.389 3.383 0.17 0.204 0.068811 20000 1.000000
239.629000 35.747900 -10.258 3.891 0.167 0.206 0.042726 20000 1.000000
237.762000 37.061200 -12.458 5.812 0.165 0.208 0.051259 20000 1.000000
239.899000 35.235100 -11.709 3.891 0.189 0.219 0.088063 20000 1.000000
239.975000 35.279800 -10.734 3.205 0.17 0.213 0.011648 20000 1.000000
240.065000 35.316800 -10.033 2.991 0.168 0.21 0.033113 20000 1.000000
239.887000 35.534200 -9.294 2.553 0.173 0.215 0.035435 20000 1.000000
239.818000 35.702700 -7.822 1.145 0.163 0.202 0.034490 20000 1.000000
239.869000 35.801300 -6.065 -0.276 0.171 0.206 0.042098 20000 1.000000
239.999000 35.686700 -6.878 -0.901 0.169 0.205 -0.009397 20000 1.000000
239.707000 35.688900 -9.827 3.533 0.163 0.202 0.025433 20000 1.000000
240.287000 35.319000 -8.349 0.839 0.173 0.214 0.031165 20000 1.000000
240.091000 35.934700 -5.725 -0.542 0.165 0.203 0.038980 20000 1.000000
240.496000 34.466800 -12.858 2.9 0.161 0.197 0.035712 20000 1.000000
240.674000 34.599600 -11.691 1.593 0.172 0.213 0.117890 20000 1.000000
240.885000 34.660100 -11.185 0.61 0.173 0.207 0.111818 20000 1.000000
240.845000 34.856200 -9.953 0.517 0.235 0.341 -0.028663 20000 1.000000
239.755000 35.686700 -10.28 3.738 0.165 0.203 0.022138 20000 1.000000
241.121000 34.835100 -8.285 0.482 0.165 0.201 0.049014 20000 1.000000
241.152000 34.792300 -9.976 0.52 0.17 0.212 0.038654 20000 1.000000
241.331000 34.695000 -10.311 0.18 0.173 0.211 0.113296 20000 1.000000
241.454000 34.771100 -8.739 1.2 0.166 0.204 0.045956 20000 1.000000
241.344000 34.944400 -7.031 -0.565 0.171 0.211 0.000617 20000 1.000000
241.388000 35.138600 -6.914 -1.122 0.165 0.203 0.015443 20000 1.000000
241.459000 34.821800 -7.607 -0.276 0.173 0.208 0.036521 20000 1.000000
241.811000 34.982100 -4.7 -0.265 0.164 0.2 0.037792 20000 1.000000
241.876000 35.378000 -5.654 -1.364 0.165 0.202 0.029324 20000 1.000000
241.740000 35.667300 -5.337 -2.399 0.172 0.206 0.041529 20000 1.000000
241.233000 36.231400 -4.758 -2.746 0.172 0.208 0.103317 20000 1.000000
241.045000 36.585500 -5.52 -1.791 0.163 0.205 0.038787 20000 1.000000
241.740000 36.093100 -5.672 -2.155 0.166 0.203 0.036443 20000 1.000000
241.994000 35.038800 -5.232 -0.519 0.165 0.201 0.047106 20000 1.000000
242.271000 34.509700 -7.061 0.518 0.166 0.202 0.036669 20000 1.000000
242.451000 34.634300 -6.448 -0.38 0.165 0.202 0.041078 20000 1.000000
242.457000 34.987000 -5.313 -1.032 0.168 0.205 0.083798 20000 1.000000
243.048000 33.892600 -8.326 0.959 0.164 0.198 0.044182 20000 1.000000
243.454000 34.019300 -6.019 0.499 0.166 0.199 0.036389 20000 1.000000
242.719000 34.534800 -6.36 -0.709 0.189 0.212 -0.055015 20000 1.000000
241.969000 34.332200 -10.483 1.344 0.169 0.206 0.049791 20000 1.000000
242.635000 35.116800 -4.732 -1.549 0.169 0.206 0.030168 20000 1.000000
241.983000 35.152400 -5.531 -0.843 0.165 0.203 0.036626 20000 1.000000
242.697000 35.238500 -4.789 -2.014 0.167 0.202 0.055345 20000 1.000000
242.795000 35.387900 -3.99 -2.316 0.162 0.2 0.047656 20000 1.000000
242.610000 35.896700 -4.567 -3.791 0.179 0.221 0.015058 20000 1.000000
242.597000 35.697600 -4.408 -2.637 0.165 0.203 0.040883 20000 1.000000
243.111000 35.998200 -3.726 -3.303 0.174 0.207 0.035056 20000 1.000000
243.112000 35.710600 -3.904 -4.157 0.2 0.246 0.047989 20000 1.000000
243.290000 34.192500 -6.122 -1.185 0.169 0.202 0.023783 20000 1.000000
243.463000 34.217200 -5.065 -1.272 0.169 0.201 0.057225 20000 1.000000
243.788000 33.865800 -5.783 -2.557 0.166 0.2 0.058728 20000 1.000000
243.920000 33.959300 -4.147 -2.974 0.168 0.2 0.045385 20000 1.000000
239.772000 35.729200 -7.814 1.207 0.165 0.202 0.042427 20000 1.000000
243.971000 34.716900 -3.82 -4.789 0.171 0.205 0.021554 20000 1.000000
243.329000 34.936800 -4.869 -3.345 0.17 0.208 0.056139 20000 1.000000
242.063000 34.341100 -9.311 1.377 0.179 0.222 0.026250 20000 1.000000
243.120000 34.462100 -6.125 -1.213 0.165 0.201 0.045505 20000 1.000000
244.179000 33.741000 -4.793 -3.916 0.178 0.212 0.059830 20000 1.000000
243.107000 34.062700 -7.652 -0.456 0.18 0.219 0.003459 20000 1.000000
244.236000 34.425700 -3.679 -5.088 0.209 0.224 0.076351 20000 1.000000
244.350000 35.204800 -3.674 -4.939 0.17 0.205 0.021796 20000 1.000000
242.685000 34.187400 -9.361 0.693 0.173 0.21 0.084101 20000 1.000000
242.950000 34.196200 -6.798 0.369 0.201 0.209 0.123899 20000 1.000000
244.750000 34.731800 -4.044 -4.824 0.209 0.259 0.106773 20000 1.000000
243.237000 35.204600 -3.703 -3.148 0.165 0.201 0.051330 20000 1.000000
242.107000 35.424600 -5.401 -1.322 0.165 0.203 0.041981 20000 1.000000
243.428000 35.320600 -4.369 -3.855 0.165 0.204 0.038999 20000 1.000000
243.896000 35.141900 -4.002 -4.392 0.177 0.207 0.021564 20000 1.000000
243.878000 35.526000 -2.829 -3.376 0.174 0.212 0.034287 20000 1.000000
243.855000 35.785400 -4.004 -5.428 0.166 0.204 0.032494 20000 1.000000
244.456000 35.472800 -3.709 -5.35 0.166 0.206 0.051337 20000 1.000000
244.634000 35.163000 -3.114 -6.12 0.174 0.214 0.035033 20000 1.000000
245.401000 34.188900 -3.442 -4.83 0.171 0.207 0.055752 20000 1.000000
245.035000 34.844400 -3.297 -5.271 0.171 0.207 0.039309 20000 1.000000
244.762000 35.291100 -3.237 -5.221 0.167 0.204 0.041482 20000 1.000000
241.621000 37.973100 -4.254 -3.878 0.167 0.214 0.013977 20000 1.000000
241.000000 37.613000 -5.331 -0.836 0.168 0.21 -0.002371 20000 1.000000
241.084000 37.605300 -5.171 -2.001 0.172 0.225 0.007092 20000 1.000000
240.914000 37.785700 -5.386 -2.187 0.2 0.235 -0.066150 20000 1.000000
240.967000 37.913500 -5.061 -1.569 0.162 0.206 0.036201 20000 1.000000
240.974000 37.696600 -5.862 -2.134 0.195 0.229 0.167757 20000 1.000000
240.862000 37.839300 -4.035 -2.43 0.175 0.215 0.058523 20000 1.000000
240.853000 37.962800 -4.905 -2.487 0.163 0.205 0.034509 20000 1.000000
240.916000 37.914100 -4.74 -1.904 0.165 0.206 0.038465 20000 1.000000
241.056000 37.734300 -6.277 -0.578 0.163 0.207 0.036743 20000 1.000000
241.131000 37.654600 -3.393 -2.525 0.165 0.21 0.035629 20000 1.000000
241.040000 37.891700 -4.64 -1.76 0.172 0.211 0.022403 20000 1.000000
241.148000 37.878200 -4.43 -1.586 0.164 0.207 0.029291 20000 1.000000
241.183000 37.591400 -3.563 -1.705 0.167 0.22 0.090971 20000 1.000000
241.302000 37.561600 -4.538 -2.59 0.169 0.23 0.016897 20000 1.000000
241.316000 37.495400 -3.994 -2.626 0.16 0.202 0.038028 20000 1.000000
241.406000 37.541300 -3.552 -3.489 0.243 0.31 0.045363 20000 1.000000
241.180000 37.677000 -2.701 -2.039 0.163 0.208 0.039164 20000 1.000000
241.232000 37.754400 -3.611 -2.457 0.172 0.225 0.089222 20000 1.000000
240.981000 37.800000 -5.016 -1.558 0.167 0.21 0.069903 20000 1.000000
241.264000 37.903500 -3.542 -1.976 0.166 0.21 0.029580 20000 1.000000
241.445000 37.891300 -4.15 -2.69 0.173 0.211 0.099392 20000 1.000000
241.762000 37.589200 -4.852 -4.197 0.162 0.206 0.040185 20000 1.000000
241.528000 37.737500 -3.672 -3.403 0.172 0.212 0.062097 20000 1.000000
240.850000 38.057900 -4.794 -2.729 0.17 0.211 0.035547 20000 1.000000
237.804000 41.344800 -13.939 52.503 0.194 0.262 0.095978 20000 1.000000
237.706000 41.381200 -4.244 -3.59 0.174 0.221 0.089469 20000 1.000000
237.809000 41.479200 -4.042 -1.454 0.163 0.227 -0.010663 20000 1.000000
237.687000 41.463600 -4.46 -4.19 0.166 0.229 -0.010086 20000 1.000000
237.847000 41.531900 -3.818 -3.553 0.203 0.238 0.083847 20000 1.000000
238.493000 41.711600 -3.405 -3.193 0.162 0.216 0.030711 20000 1.000000
246.132000 42.878900 -3.717 -5.332 0.161 0.218 0.027796 20000 1.000000
241.275000 37.380400 -2.555 -1.85 0.23 0.261 0.200701 20000 1.000000
241.439000 37.439500 -4.129 -2.944 0.176 0.216 0.050498 20000 1.000000
240.254000 37.088900 -5.816 -2.06 0.169 0.211 0.089203 20000 1.000000
241.853000 37.280500 -4.898 -3.554 0.166 0.208 0.053000 20000 1.000000
239.172000 41.359200 -4.296 -3.894 0.185 0.239 -0.040227 20000 1.000000
239.527000 41.332500 -4.916 -3.879 0.166 0.218 0.036908 20000 1.000000
235.587000 42.442000 -2.252 -1.986 0.166 0.225 -0.036371 20000 1.000000
235.707000 42.076600 -3.069 -2.187 0.171 0.221 0.047590 20000 1.000000
238.120000 42.579800 -3.603 -3.959 0.166 0.22 0.011999 20000 1.000000
240.341000 42.546100 -2.892 -4.462 0.164 0.221 0.023834 20000 1.000000
242.275000 42.020200 -5.563 -6.696 0.166 0.219 0.035630 20000 1.000000
243.404000 33.598200 -12.305 0.082 0.241 0.295 -0.064617 20000 1.000000
243.397000 33.495500 -10.173 1.809 0.189 0.227 0.055934 20000 1.000000
244.492000 32.829400 -7.404 1.598 0.17 0.2 0.041543 20000 1.000000
239.784000 35.693800 -8.571 1.312 0.178 0.216 0.060143 20000 1.000000
237.579000 41.830800 1.333 -2.832 0.176 0.235 0.086906 20000 1.000000
236.019000 41.845500 -2.741 -2.087 0.182 0.268 -0.049626 20000 1.000000
238.521000 36.744300 -9.645 6.101 0.181 0.22 0.089273 20000 1.000000
239.528000 35.946600 -8.036 1.536 0.181 0.219 0.089994 20000 1.000000
239.485000 35.929100 -11.08 2.695 0.217 0.29 0.040047 20000 1.000000
236.427000 40.478800 -3.971 -1.964 0.197 0.26 0.241115 20000 1.000000
237.036000 39.845700 -7.817 -3.376 0.16 0.21 0.006932 20000 1.000000
243.852000 34.508100 -3.923 -4.156 0.165 0.2 0.042444 20000 1.000000
245.241000 32.497900 -2.477 -5.156 0.174 0.201 0.046000 20000 1.000000
243.407000 33.537300 -9.4 1.499 0.177 0.214 0.095618 20000 1.000000
241.651000 34.021700 -10.95 2.976 0.174 0.216 0.066477 20000 1.000000
241.379000 34.836000 -7.889 0.603 0.167 0.204 0.036883 20000 1.000000
241.983000 35.152400 -5.313 -0.173 0.168 0.206 0.035776 20000 1.000000
241.983000 35.152500 -5.869 -1.002 0.168 0.205 0.041211 20000 1.000000
243.936000 31.559100 -13.316 4.8 0.174 0.199 0.114496 20000 1.000000
238.728000 35.709000 -12.999 5.704 0.187 0.231 0.027166 20000 1.000000
242.077000 34.508200 -8.312 1.068 0.172 0.209 0.053523 20000 1.000000
244.450000 32.490100 -8.559 2.985 0.171 0.208 0.006158 20000 1.000000
242.305000 34.925400 -5.159 -0.854 0.17 0.206 -0.002380 20000 1.000000
244.116000 32.417000 -11.85 3.181 0.166 0.196 0.044466 20000 1.000000
243.076000 33.687100 -9.1 1.038 0.162 0.194 0.040539 20000 1.000000
239.522000 35.919900 -17.847 -2.029 0.171 0.211 0.077823 20000 1.000000
242.818000 33.835700 -10.251 2.461 0.189 0.216 0.045025 20000 1.000000
243.506000 33.819200 -6.599 0.493 0.179 0.211 0.041425 20000 1.000000
242.193000 34.091800 -10.726 1.94 0.204 0.26 0.030625 20000 1.000000
244.165000 31.313100 -13.172 5.612 0.166 0.194 0.033920 20000 1.000000
244.543000 32.377900 -8.611 2.6 0.164 0.194 0.037677 20000 1.000000
241.596000 33.743300 -11.436 3.368 0.165 0.198 0.037541 20000 1.000000
238.863000 36.161100 -12.648 5.646 0.168 0.207 0.048383 20000 1.000000
241.755000 34.628700 -7.676 0.055 0.184 0.224 -0.001571 20000 1.000000
239.056000 39.974600 -4.123 -2.502 0.176 0.228 -0.012052 20000 1.000000
242.317000 35.338700 -4.708 -1.606 0.165 0.202 0.046026 20000 1.000000
240.280000 34.500000 -12.83 3.32 0.167 0.206 0.030200 20000 1.000000
243.375000 34.643900 -4.968 -2.773 0.167 0.2 0.031258 20000 1.000000
241.974000 34.019100 -11.536 1.875 0.19 0.228 -0.011463 20000 1.000000
242.391000 33.674100 -14.551 3.468 0.31 0.375 0.056993 20000 1.000000
242.445000 33.485800 -11.06 3.736 0.17 0.202 0.064710 20000 1.000000
239.475000 35.900000 -16.94 5.364 0.176 0.222 0.002981 20000 1.000000
241.807000 34.875100 -5.941 -0.217 0.177 0.213 0.069450 20000 1.000000
240.816000 34.541500 -11.647 0.419 0.188 0.225 0.117590 20000 1.000000
244.877000 40.617200 -3.052 -5.086 0.258 0.346 0.052070 20000 1.000000
243.350000 36.316300 -2.817 -3.025 0.237 0.291 0.064085 20000 1.000000
238.442000 37.666500 -6.598 -2.909 0.164 0.208 0.020584 20000 1.000000
241.245000 34.459800 -10.667 1.823 0.186 0.232 0.048462 20000 1.000000
242.138000 34.205600 -10.121 1.886 0.214 0.223 -0.034979 20000 1.000000
244.274000 32.649300 -9.77 1.822 0.195 0.232 0.023506 20000 1.000000
239.775000 40.591700 -4.587 -3.745 0.17 0.225 0.013146 20000 1.000000
240.984000 41.868400 -3.668 -4.91 0.177 0.232 0.121610 20000 1.000000
243.701000 35.971300 -3.632 -4.924 0.176 0.21 -0.000770 20000 1.000000
241.521000 34.438600 -8.927 2.861 0.204 0.244 0.019949 20000 1.000000
243.746000 33.192600 -8.729 2.533 0.166 0.197 0.034470 20000 1.000000
240.116000 39.314300 -3.511 -3.901 0.165 0.216 0.010426 20000 1.000000
244.022000 33.292200 -6.771 -0.41 0.174 0.204 0.056245 20000 1.000000
240.476000 33.247900 -13.909 7.21 0.169 0.212 -0.001952 20000 1.000000
240.936000 34.319900 -11.688 3.7 0.164 0.199 0.033511 20000 1.000000
241.354000 34.059300 -12.089 2.701 0.168 0.2 0.000054 20000 1.000000
242.151000 33.992700 -10.498 2.4 0.178 0.211 0.066948 20000 1.000000
239.935000 34.004300 -12.309 6.176 0.173 0.206 0.029939 20000 1.000000
239.640000 35.917400 -9.171 -2.726 0.196 0.23 0.121554 20000 1.000000
241.585000 35.158200 -5.632 -1.056 0.164 0.203 0.038464 20000 1.000000
243.923000 33.650600 -5.618 -1.958 0.17 0.204 0.074712 20000 1.000000
242.233000 33.549600 -11.711 3.726 0.201 0.226 0.027682 20000 1.000000
243.770000 36.934800 -3.178 -4.041 0.162 0.203 0.059216 20000 1.000000
239.867000 34.483500 -12.277 4.477 0.172 0.212 0.028284 20000 1.000000
243.839000 33.641200 -7.36 0.44 0.181 0.21 0.055317 20000 1.000000
246.368000 31.335500 -3.813 -5.587 0.171 0.195 0.022888 20000 1.000000
242.951000 39.542200 -4.096 -5.211 0.172 0.215 0.124145 20000 1.000000
242.816000 38.097200 -3.946 -4.322 0.163 0.207 0.033447 20000 1.000000
241.669000 33.797800 -11.949 3.445 0.171 0.205 0.030144 20000 1.000000
241.163000 34.248000 -11.849 3.897 0.172 0.206 0.101505 20000 1.000000
235.849000 41.053900 -2.643 -0.276 0.168 0.219 -0.004154 20000 1.000000
241.558000 34.069100 -11.677 2.796 0.182 0.209 0.069616 20000 1.000000
240.156000 34.413300 -13.404 3.865 0.175 0.214 -0.015023 20000 1.000000
241.198000 39.627100 -4.497 -4.887 0.17 0.22 0.048905 20000 1.000000
241.715000 34.024000 -14.024 0.915 0.682 0.668 -0.097430 20000 1.000000
243.915000 33.030100 -9.967 2.091 0.169 0.201 0.050658 20000 1.000000
240.516000 34.851500 -9.62 1.78 0.18 0.218 0.056371 20000 1.000000
238.053000 38.394500 -5.244 -3.97 0.166 0.213 0.019053 20000 1.000000
241.780000 34.178600 -10.575 1.954 0.215 0.233 0.137746 20000 1.000000
241.486000 34.126400 -17.569 1.319 0.165 0.2 0.056115 20000 1.000000
241.516000 34.293200 -10.174 2.393 0.171 0.204 0.040523 20000 1.000000
239.384000 34.556300 -12.831 5.728 0.598 0.657 0.054585 20000 1.000000
241.879000 34.501500 -9.291 1.67 0.178 0.212 0.053153 20000 1.000000
241.706000 33.712600 -11.279 4.593 0.168 0.203 0.021648 20000 1.000000
242.807000 33.225000 -11.214 4.076 0.17 0.204 0.058694 20000 1.000000
241.346000 37.664300 -3.189 -2.914 0.174 0.22 0.045244 20000 1.000000
241.016000 35.010800 -8.208 2.077 0.189 0.225 0.021203 20000 1.000000
243.608000 33.934800 -5.426 -1.679 0.177 0.211 0.037535 20000 1.000000
241.258000 34.568500 -9.958 0.237 0.182 0.218 0.172538 20000 1.000000
241.586000 34.259400 -10.959 1.896 0.198 0.242 0.033843 20000 1.000000
244.418000 33.038300 -6.471 -3.048 0.168 0.199 0.040961 20000 1.000000
243.068000 34.669000 -5.691 -1.546 0.183 0.22 -0.062025 20000 1.000000
241.572000 33.958200 -11.177 3.208 0.232 0.251 -0.282857 20000 1.000000
244.421000 33.278800 -4.452 -5.249 0.17 0.201 0.036560 20000 1.000000
243.346000 33.955300 -6.02 1.223 0.169 0.2 0.031830 20000 1.000000
243.111000 35.425200 -5.731 -3.638 0.179 0.218 0.031728 20000 1.000000
243.920000 35.287000 -3.525 -4.002 0.17 0.208 0.046010 20000 1.000000
