242.907000 34.116400 -6.528 5.242 0.245 0.27 -0.085817 20000 1.000000
243.571000 34.594300 -4.481 -0.537 0.174 0.216 0.004739 20000 1.000000
241.305000 34.824500 -6.719 0.036 0.224 0.277 0.031108 20000 1.000000
245.068000 36.319100 -4.007 -1.904 0.193 0.24 0.090040 20000 1.000000
242.103000 34.126000 -10.064 3.014 0.257 0.294 -0.056856 20000 1.000000
242.795000 40.412800 -3.331 -3.242 0.167 0.222 0.016030 20000 1.000000
240.970000 33.480500 -12.027 7.631 0.191 0.225 -0.026109 20000 1.000000
243.116000 34.264300 -5.763 2.25 0.189 0.239 0.050650 20000 1.000000
240.594000 34.920500 -10.213 3.527 0.176 0.217 0.011637 20000 1.000000
243.379000 37.039900 -3.468 -3.288 0.171 0.219 0.036793 20000 1.000000
244.002000 34.000500 -3.552 -1.179 0.171 0.21 0.012899 20000 1.000000
242.935000 33.578200 -10.455 4.937 0.173 0.209 0.000131 20000 1.000000
243.920000 35.287000 -2.825 -1.582 0.265 0.307 -0.031351 20000 1.000000
245.285000 33.610400 -2.886 -2 0.172 0.211 0.041731 20000 1.000000
243.947000 34.251400 -3.54 -1.1 0.177 0.216 -0.001503 20000 1.000000
243.015000 33.962700 -4.801 3.626 0.181 0.218 0.048138 20000 1.000000
241.723000 34.184900 -11.407 5.381 0.212 0.253 0.013128 20000 1.000000
242.988000 34.918600 -4.739 0.356 0.174 0.216 0.025637 20000 1.000000
241.812000 34.292800 -9.902 3.992 0.255 0.268 -0.295490 20000 1.000000
243.128000 36.917600 -3.534 -1.714 0.19 0.233 0.069426 20000 1.000000
242.156000 42.779500 -4.372 -4.57 0.17 0.236 0.020724 20000 1.000000
240.653000 35.157300 -7.312 1.105 0.172 0.217 0.017277 20000 1.000000
235.437000 42.836100 -2.328 0.378 0.17 0.234 -0.035138 20000 1.000000
244.010000 33.655100 -5.987 0.696 0.254 0.314 0.052187 20000 1.000000
239.566000 35.939400 -5.589 3.129 0.244 0.29 -0.076296 20000 1.000000
239.569000 35.888400 -10.557 7.873 0.187 0.226 -0.001337 20000 1.000000
241.666000 33.311600 -11.876 6.959 0.168 0.207 0.009874 20000 1.000000
241.517000 33.445800 -12.509 7.03 0.172 0.213 -0.021652 20000 1.000000
241.370000 34.138600 -11.154 6.795 0.193 0.233 0.089502 20000 1.000000
242.329000 35.565300 -4.599 0.31 0.18 0.226 0.014677 20000 1.000000
241.789000 33.876300 -7.833 7.042 0.185 0.228 0.077969 20000 1.000000
240.987000 34.806400 -9.389 2.352 0.271 0.355 -0.120281 20000 1.000000
243.664000 34.829500 -4.073 -2.061 0.184 0.219 0.009732 20000 1.000000
242.035000 34.244000 -12.509 0.738 0.201 0.257 -0.115849 20000 1.000000
237.881000 37.724100 -9.69 3.226 0.191 0.239 -0.028165 20000 1.000000
241.974000 34.333400 -9.019 3.267 0.206 0.247 0.041476 20000 1.000000
243.234000 36.746500 -4.272 -2.734 0.19 0.234 0.081306 20000 1.000000
242.172000 34.640500 -0.929 -1.298 0.212 0.248 -0.106961 20000 1.000000
241.063000 34.109600 -12.266 6.469 0.184 0.238 0.036609 20000 1.000000
242.521000 34.313800 -8.216 2.847 0.205 0.244 0.143115 20000 1.000000
242.291000 34.109900 -10.96 4.386 0.188 0.228 0.003767 20000 1.000000
245.126000 40.558400 -4.494 -4.019 0.184 0.229 0.069885 20000 1.000000
240.120000 34.414900 -13.346 6.335 0.173 0.215 -0.024592 20000 1.000000
242.427000 35.071700 -4.757 0.848 0.175 0.217 0.046161 20000 1.000000
243.431000 36.807700 -3.1 -2.473 0.229 0.268 0.090996 20000 1.000000
239.249000 35.791600 -11.783 7.256 0.175 0.221 -0.043590 20000 1.000000
242.900000 34.039100 -7.462 2.802 0.177 0.216 0.063871 20000 1.000000
244.265000 33.069800 -6.498 3.266 0.191 0.232 0.029997 20000 1.000000
240.961000 34.168400 -12.681 6.649 0.169 0.209 0.008481 20000 1.000000
241.743000 33.861500 -11.498 6.028 0.173 0.216 0.036094 20000 1.000000
241.476000 34.253600 -11.638 5.438 0.184 0.231 0.075951 20000 1.000000
240.629000 34.408100 -12.352 5.75 0.19 0.239 -0.017440 20000 1.000000
241.387000 34.516500 -10.25 3.508 0.175 0.215 -0.017340 20000 1.000000
243.630000 34.124100 -4.339 1.127 0.182 0.222 -0.008830 20000 1.000000
242.098000 34.082000 -11.279 4.272 0.2 0.244 -0.031627 20000 1.000000
241.603000 34.334800 0.398 4.379 0.344 0.355 -0.203111 20000 1.000000
241.603000 34.334000 -17.121 0.063 0.306 0.289 -0.087867 20000 1.000000
244.212000 33.389800 -5.695 0.808 0.183 0.221 0.042224 20000 1.000000
242.140000 34.413400 -8.655 3.44 0.178 0.232 0.033612 20000 1.000000
241.874000 33.938000 -16.397 8.644 0.212 0.27 -0.053631 20000 1.000000
242.588000 33.647700 -10.105 5.464 0.168 0.208 0.012796 20000 1.000000
241.170000 34.946200 -6.983 1.766 0.179 0.222 -0.002018 20000 1.000000
245.061000 39.345200 -3.965 -4.045 0.176 0.23 0.023713 20000 1.000000
244.183000 40.914700 -3.363 -3.728 0.167 0.224 0.031309 20000 1.000000
242.474000 34.104200 -9.273 5.316 0.187 0.234 0.000983 20000 1.000000
239.991000 34.733000 -13.306 6.429 0.172 0.211 0.029858 20000 1.000000
241.116000 34.356300 -12.443 5.952 0.169 0.209 0.004551 20000 1.000000
246.195000 39.369400 -3.459 -3.658 0.174 0.225 0.029827 20000 1.000000
241.641000 34.080600 -11.724 4.593 0.207 0.256 -0.036823 20000 1.000000
241.107000 34.800200 -8.124 2.086 0.188 0.23 0.067627 20000 1.000000
240.644000 40.416500 -3.777 -3.031 0.178 0.237 -0.020125 20000 1.000000
240.136000 35.189400 -10.728 3.502 0.176 0.225 0.020161 20000 1.000000
244.479000 33.274800 -3.753 -1.421 0.18 0.216 0.018391 20000 1.000000
245.173000 33.051100 -1.418 -1.453 0.245 0.267 -0.082759 20000 1.000000
244.340000 34.784000 -2.906 -2.394 0.193 0.243 -0.004108 20000 1.000000
245.810000 34.308600 -2.001 -1.801 0.187 0.225 0.032225 20000 1.000000
243.111000 35.425200 -3.943 -2.876 0.176 0.222 0.033512 20000 1.000000
245.820000 40.640200 -3.913 -3.786 0.168 0.224 0.039656 20000 1.000000
239.584000 36.399000 -4.847 0.066 0.199 0.238 -0.032036 20000 1.000000
241.887000 34.047400 -11.039 4.437 0.175 0.217 0.053349 20000 1.000000
239.318000 34.469400 -6.692 18.729 0.165 0.203 0.040228 20000 1.000000
241.714000 33.783600 -11.999 6.066 0.281 0.34 0.016541 20000 1.000000
243.570000 34.754800 -4.166 -1.18 0.171 0.213 0.026113 20000 1.000000
238.530000 40.815900 -2.42 -1.237 0.166 0.224 -0.003608 20000 1.000000
244.365000 33.705000 -3.393 -1.971 0.187 0.234 -0.004805 20000 1.000000
239.520000 35.866700 -10.873 6.097 0.184 0.23 0.018617 20000 1.000000
242.155000 34.458200 -8.237 3.163 0.185 0.228 0.022003 20000 1.000000
239.598000 35.880800 -7.3 2.319 0.179 0.223 0.079299 20000 1.000000
240.812000 34.441200 -12.165 4.783 0.178 0.221 0.013475 20000 1.000000
244.089000 34.727300 -3.27 -2.917 0.173 0.216 0.026273 20000 1.000000
244.855000 34.157600 -2.425 -1.624 0.173 0.216 0.055114 20000 1.000000
241.526000 35.662300 -4.847 -0.223 0.185 0.234 -0.048062 20000 1.000000
243.901000 36.458800 -3.247 -2.736 0.195 0.244 0.136585 20000 1.000000
240.992000 34.398500 -11.602 4.607 0.178 0.22 -0.004225 20000 1.000000
243.827000 33.925400 -4.703 -0.028 0.176 0.213 0.050512 20000 1.000000
241.694000 33.927900 -9.709 6.557 0.184 0.222 0.023984 20000 1.000000
243.692000 36.745900 -3.281 -2.408 0.194 0.238 0.055443 20000 1.000000
242.165000 34.485500 -7.384 2.825 0.177 0.218 0.022853 20000 1.000000
243.060000 35.090200 -7.62 -0.626 0.172 0.213 0.015263 20000 1.000000
242.246000 34.133300 -9.677 3.464 0.172 0.212 0.035291 20000 1.000000
239.406000 35.828700 -11.047 6.43 0.171 0.215 0.014882 20000 1.000000
240.896000 34.733600 -10.193 3.451 0.178 0.226 0.015442 20000 1.000000
239.557000 35.832600 -10.493 6.226 0.168 0.212 -0.000424 20000 1.000000
242.563000 33.856800 -9.259 5.266 0.171 0.209 0.000347 20000 1.000000
238.778000 42.418300 -3.272 -1.897 0.219 0.305 -0.015545 20000 1.000000
239.241000 36.186900 -7.022 -3.653 0.173 0.217 0.053437 20000 1.000000
239.233000 36.180500 -12.715 5.924 0.171 0.215 0.013023 20000 1.000000
244.021000 36.632500 -3.718 -2.675 0.183 0.233 0.104996 20000 1.000000
239.649000 34.038300 -12.081 7.619 0.173 0.214 -0.037251 20000 1.000000
243.904000 40.148400 -3.894 -3.208 0.174 0.232 -0.040473 20000 1.000000
242.682000 33.918400 -9.739 4.891 0.175 0.212 0.014819 20000 1.000000
239.566000 35.969500 -4.299 2.47 0.262 0.317 -0.067546 20000 1.000000
244.588000 40.710700 -3.844 -3.33 0.174 0.24 0.023262 20000 1.000000
241.122000 34.295500 -12.118 6.43 0.187 0.224 -0.043890 20000 1.000000
242.790000 34.230800 -5.903 3.155 0.206 0.239 0.152716 20000 1.000000
243.852000 34.508600 -2.926 -2.281 0.25 0.305 0.002843 20000 1.000000
245.381000 34.767700 -2.827 -2.637 0.179 0.221 0.017799 20000 1.000000
242.491000 39.685600 -3.573 -3.266 0.173 0.227 0.003404 20000 1.000000
240.859000 34.498700 -11.596 5.003 0.169 0.209 -0.001154 20000 1.000000
243.932000 34.141000 -3.187 -0.932 0.173 0.214 0.040120 20000 1.000000
244.082000 34.369900 -2.925 -1.771 0.177 0.218 0.000150 20000 1.000000
243.695000 34.427700 -3.466 -0.659 0.176 0.218 -0.024951 20000 1.000000
243.708000 34.533000 -3.944 -1.064 0.177 0.215 0.011252 20000 1.000000
243.185000 34.674900 -5.641 0.5 0.169 0.211 0.013989 20000 1.000000
241.793000 34.128800 -10.947 4.534 0.176 0.218 0.024618 20000 1.000000
240.647000 34.683400 -10.805 3.981 0.192 0.233 -0.021889 20000 1.000000
242.814000 39.521100 -3.537 -3.457 0.171 0.224 0.021073 20000 1.000000
245.995000 32.722500 -2.504 -1.947 0.177 0.213 0.050379 20000 1.000000
244.721000 39.910200 -3.664 -3.359 0.189 0.233 0.027543 20000 1.000000
245.543000 36.154200 -3.469 -2.877 0.174 0.216 0.024602 20000 1.000000
245.180000 41.724200 -3.713 -3.906 0.169 0.228 0.011258 20000 1.000000
242.670000 41.428700 -3.693 -3.407 0.168 0.228 0.028340 20000 1.000000
242.935000 42.981700 -3.661 -4.303 0.166 0.229 0.018665 20000 1.000000
235.925000 40.876300 -3.563 1.525 0.219 0.27 0.017461 20000 1.000000
236.274000 38.928300 -11.804 6.706 0.166 0.217 -0.019977 20000 1.000000
237.585000 40.997600 -3.515 -1.592 0.196 0.269 -0.105883 20000 1.000000
235.986000 42.967400 -3.13 -1.645 0.171 0.24 0.009514 20000 1.000000
243.830000 32.616500 -11.173 6.35 0.172 0.209 0.004504 20000 1.000000
238.997000 35.551800 -12.055 8.185 0.168 0.212 0.002959 20000 1.000000
242.015000 39.305600 -3.923 -3.045 0.172 0.23 -0.014795 20000 1.000000
242.395000 39.287900 -3.186 -3.28 0.172 0.222 0.017969 20000 1.000000
243.576000 39.500500 -3.687 -3.455 0.167 0.226 0.044680 20000 1.000000
243.950000 39.546400 -3.647 -3.46 0.172 0.222 0.043494 20000 1.000000
244.111000 39.374200 -3.943 -3.939 0.168 0.221 0.035750 20000 1.000000
244.487000 39.536100 -3.786 -3.427 0.169 0.224 0.024200 20000 1.000000
244.568000 39.388600 -5.665 -4.068 0.165 0.218 0.027621 20000 1.000000
242.120000 40.433400 -4.424 -3.283 0.17 0.226 0.047018 20000 1.000000
245.308000 39.255200 -3.574 -3.324 0.174 0.224 0.072506 20000 1.000000
245.723000 39.119400 -3.825 -3.559 0.172 0.228 0.030782 20000 1.000000
246.129000 39.067300 -3.576 -3.137 0.171 0.225 0.019585 20000 1.000000
246.495000 39.268900 -3.739 -3.411 0.168 0.224 0.037885 20000 1.000000
242.532000 40.320600 -3.241 -4.167 0.175 0.229 -0.033970 20000 1.000000
246.946000 40.494000 -4.021 -3.513 0.168 0.225 0.050681 20000 1.000000
243.264000 40.495500 -4.355 -3.319 0.176 0.23 -0.007985 20000 1.000000
243.721000 40.363200 -4.255 -2.846 0.167 0.224 0.040732 20000 1.000000
240.200000 39.572800 -2.906 -1.746 0.169 0.223 0.009277 20000 1.000000
242.469000 36.614300 -3.119 -2.039 0.168 0.213 0.017507 20000 1.000000
242.593000 36.804200 -3.938 -1.297 0.165 0.212 0.017608 20000 1.000000
242.006000 36.606000 -4.845 -1.644 0.176 0.22 0.095149 20000 1.000000
242.296000 37.200800 -4.547 -2.195 0.17 0.218 0.030396 20000 1.000000
240.463000 39.698400 -3.536 -1.863 0.174 0.23 0.011985 20000 1.000000
240.694000 39.795600 -4.015 -2.099 0.176 0.234 0.063143 20000 1.000000
241.126000 39.838800 -4.039 -2.078 0.177 0.229 -0.017742 20000 1.000000
241.316000 39.888900 -3.952 -2.91 0.171 0.227 0.006502 20000 1.000000
241.841000 39.212300 -3.844 -3.188 0.165 0.217 0.022141 20000 1.000000
246.706000 41.856800 -3.031 -4.789 0.177 0.24 0.064808 20000 1.000000
246.988000 41.817300 -4.736 -3.731 0.169 0.228 0.027975 20000 1.000000
246.722000 40.671300 -4.427 -3.713 0.173 0.232 0.017708 20000 1.000000
240.400000 39.499200 -3.713 -1.353 0.185 0.231 0.056301 20000 1.000000
240.931000 39.486100 -3.773 -2.19 0.171 0.225 0.010572 20000 1.000000
241.550000 39.133900 -3.462 -2.357 0.168 0.222 0.032406 20000 1.000000
241.062000 39.268000 -3.635 -2.473 0.169 0.222 0.007203 20000 1.000000
241.649000 39.454700 -4.361 -2.572 0.17 0.224 0.062941 20000 1.000000
241.995000 38.728800 -3.558 -2.736 0.17 0.221 0.023340 20000 1.000000
241.540000 38.724600 -3.783 -2.193 0.169 0.221 0.013231 20000 1.000000
241.070000 38.980900 -3.646 -1.658 0.165 0.221 0.015706 20000 1.000000
240.541000 38.761400 -4.289 -1.696 0.177 0.226 -0.059564 20000 1.000000
240.523000 40.779800 -3.838 -2.222 0.183 0.235 0.084574 20000 1.000000
240.990000 40.242200 -3.663 -2.352 0.189 0.233 -0.050263 20000 1.000000
240.278000 39.908200 -4.093 -1.769 0.171 0.227 0.048566 20000 1.000000
239.307000 38.829200 -6.839 -2.225 0.194 0.228 0.096391 20000 1.000000
239.614000 39.046600 -5.432 -0.729 0.19 0.243 -0.077358 20000 1.000000
240.189000 39.123500 -4.106 0.881 0.21 0.275 -0.048154 20000 1.000000
239.107000 39.466700 -5.822 -2.239 0.182 0.232 0.092746 20000 1.000000
240.376000 41.357700 -3.822 -2.939 0.171 0.231 0.015776 20000 1.000000
239.716000 39.937400 -4.348 -2.006 0.163 0.218 0.004972 20000 1.000000
239.194000 40.418600 -3.639 -2.403 0.175 0.225 -0.011538 20000 1.000000
235.692000 40.247500 -10.318 7.528 0.166 0.221 -0.010803 20000 1.000000
235.867000 40.551300 -5.152 2.921 0.167 0.223 -0.019264 20000 1.000000
235.787000 40.637400 -3.967 2.855 0.186 0.239 -0.033152 20000 1.000000
235.943000 40.219600 -9.411 3.561 0.169 0.226 0.013566 20000 1.000000
236.307000 40.119300 -8.313 0.457 0.176 0.241 0.033096 20000 1.000000
238.207000 36.485500 -11.864 8.021 0.165 0.21 -0.005102 20000 1.000000
238.949000 36.302100 -12.557 6.488 0.168 0.215 0.003929 20000 1.000000
238.865000 36.425900 -12.517 6.725 0.171 0.218 0.021410 20000 1.000000
237.668000 37.534500 -11.05 4.598 0.187 0.224 -0.063829 20000 1.000000
237.623000 37.914500 -9.153 4.409 0.173 0.224 0.000229 20000 1.000000
236.819000 38.495000 -10.687 5.694 0.17 0.224 -0.069236 20000 1.000000
236.291000 39.117200 -11.416 5.963 0.174 0.229 -0.014649 20000 1.000000
236.652000 38.987400 -10.1 3.733 0.176 0.228 0.064149 20000 1.000000
236.796000 39.242000 -9.905 2.47 0.167 0.221 -0.004698 20000 1.000000
236.368000 42.275400 -3.183 -1.511 0.176 0.24 -0.002759 20000 1.000000
236.895000 39.319700 -8.748 0.647 0.174 0.227 0.015482 20000 1.000000
237.041000 38.664700 -8.782 4.016 0.179 0.256 -0.004718 20000 1.000000
237.233000 38.428600 -11.575 2.627 0.168 0.219 -0.005681 20000 1.000000
237.548000 38.239800 -9.76 3.357 0.171 0.221 -0.005914 20000 1.000000
237.083000 38.866100 -6.058 1.037 0.164 0.216 -0.014439 20000 1.000000
237.037000 39.398100 -9.136 3.731 0.191 0.241 -0.030215 20000 1.000000
237.424000 38.777800 -7.138 0.296 0.179 0.241 -0.012878 20000 1.000000
237.696000 39.109300 -6.393 -1.886 0.174 0.228 -0.006400 20000 1.000000
237.873000 37.069200 -11.405 5.645 0.19 0.244 0.139971 20000 1.000000
238.137000 36.962000 -11.655 6.937 0.192 0.231 -0.047229 20000 1.000000
238.009000 37.201700 -10.113 5.309 0.195 0.241 -0.079451 20000 1.000000
238.203000 37.001000 -10.949 7.08 0.619 0.747 -0.011216 20000 1.000000
238.274000 37.002400 -11.382 5.389 0.179 0.237 0.017521 20000 1.000000
238.349000 37.104500 -9.544 3.708 0.19 0.234 -0.068075 20000 1.000000
238.286000 37.203500 -9.723 3.816 0.173 0.22 0.048042 20000 1.000000
237.786000 37.329900 -12.071 6.232 0.166 0.215 0.001941 20000 1.000000
237.901000 37.336900 -10.242 4.888 0.17 0.227 -0.007387 20000 1.000000
237.900000 37.722000 -8.568 1.954 0.169 0.217 -0.009881 20000 1.000000
237.781000 37.863900 -9.151 0.94 0.167 0.218 -0.043303 20000 1.000000
237.942000 37.713900 -9.394 1.336 0.176 0.225 -0.029220 20000 1.000000
238.174000 37.336800 -13.713 2.966 0.172 0.223 0.007808 20000 1.000000
238.210000 37.533000 -7.188 -0.446 0.167 0.215 0.005388 20000 1.000000
238.022000 37.749400 -7.175 1.382 0.237 0.303 0.003543 20000 1.000000
238.214000 37.819000 -6.804 -0.402 0.171 0.22 -0.004210 20000 1.000000
238.095000 36.621700 -12.931 10.69 0.17 0.217 -0.009443 20000 1.000000
238.421000 36.724000 -12.065 7.528 0.168 0.215 -0.011376 20000 1.000000
238.580000 36.800400 -9.196 3.565 0.167 0.213 -0.008900 20000 1.000000
238.409000 36.858500 -12.036 6.877 0.169 0.217 -0.018729 20000 1.000000
238.459000 36.814300 -12.814 6.528 0.169 0.215 0.005723 20000 1.000000
238.445000 36.903500 -10.457 3.979 0.171 0.216 -0.020087 20000 1.000000
238.613000 36.637000 -13.036 6.991 0.178 0.226 -0.051507 20000 1.000000
238.458000 37.007800 -8.232 5.142 0.166 0.213 -0.000596 20000 1.000000
238.426000 37.213000 -5.682 0.541 0.168 0.214 -0.000634 20000 1.000000
238.665000 36.918200 -7.528 -0.623 0.166 0.213 0.001281 20000 1.000000
238.645000 37.010800 -8.378 -1.023 0.177 0.226 -0.031612 20000 1.000000
240.294000 37.713100 -6.443 -5.436 0.183 0.232 -0.016605 20000 1.000000
238.812000 36.559500 -10.497 10.193 0.166 0.212 -0.007194 20000 1.000000
238.131000 37.975600 -6.368 -1.025 0.169 0.218 0.010241 20000 1.000000
238.936000 36.611600 -3.157 2.598 0.165 0.211 -0.002016 20000 1.000000
238.732000 36.950000 -7.912 -1.455 0.171 0.218 0.022062 20000 1.000000
238.652000 36.811400 -7.57 0.442 0.17 0.217 -0.002374 20000 1.000000
238.942000 37.169600 -5.692 -0.693 0.175 0.223 0.015317 20000 1.000000
238.347000 37.478400 -6.854 -0.123 0.181 0.232 -0.012979 20000 1.000000
238.531000 37.489600 -6.564 -0.733 0.166 0.214 -0.006290 20000 1.000000
238.675000 37.581900 -6.335 -0.575 0.169 0.221 -0.006687 20000 1.000000
238.395000 37.932000 -7.724 -2.026 0.168 0.218 0.002941 20000 1.000000
238.536000 37.755300 -6.473 -1.791 0.17 0.22 -0.012351 20000 1.000000
238.717000 37.385400 -5.807 -0.767 0.2 0.252 -0.042819 20000 1.000000
237.782000 38.153000 -8.258 2.426 0.167 0.218 -0.021449 20000 1.000000
237.904000 38.025100 -10.417 0.183 0.17 0.222 -0.045792 20000 1.000000
237.805000 38.444200 -7.452 -0.912 0.177 0.24 0.007645 20000 1.000000
237.645000 38.999500 -6.239 -1.625 0.205 0.236 0.073461 20000 1.000000
238.905000 38.645300 -6.121 -2.49 0.166 0.218 0.001633 20000 1.000000
239.652000 35.544100 -10.515 6.461 0.171 0.216 0.007204 20000 1.000000
239.611000 35.841100 -8.31 6.36 0.172 0.216 -0.009189 20000 1.000000
239.655000 35.837800 -7.16 2.455 0.174 0.22 -0.002932 20000 1.000000
239.715000 35.806700 -6.974 3.136 0.177 0.222 -0.002987 20000 1.000000
239.093000 35.933300 -11.8 6.622 0.168 0.213 -0.002034 20000 1.000000
239.019000 36.417200 -6.712 0.348 0.168 0.215 0.014368 20000 1.000000
239.147000 36.515900 -5.065 -0.576 0.171 0.221 0.001143 20000 1.000000
239.302000 36.024800 -13.116 5.938 0.169 0.219 0.006304 20000 1.000000
239.121000 36.140200 -12.944 7.238 0.168 0.212 -0.000932 20000 1.000000
239.251000 36.106800 -11.9 7.124 0.166 0.21 0.002251 20000 1.000000
239.272000 36.178900 -6.162 -0.362 0.165 0.21 0.000459 20000 1.000000
239.355000 35.922800 -10.853 6.654 0.167 0.212 -0.008436 20000 1.000000
239.525000 36.007500 -3.054 3.486 0.181 0.222 0.026434 20000 1.000000
239.457000 36.089400 -5.785 2.091 0.167 0.212 0.003675 20000 1.000000
239.560000 36.123200 -5.53 0.075 0.167 0.212 0.002529 20000 1.000000
239.158000 35.697100 -11.593 6.809 0.172 0.213 0.041210 20000 1.000000
239.637000 36.051700 -4.845 2.476 0.169 0.212 0.003179 20000 1.000000
239.448000 35.974100 -10.499 6.715 0.183 0.222 -0.046836 20000 1.000000
239.706000 36.015800 -5.324 0.921 0.169 0.213 -0.003292 20000 1.000000
239.723000 36.304400 -2.428 2.899 0.176 0.221 -0.017954 20000 1.000000
239.257000 36.806300 -4.696 -1.079 0.169 0.217 0.006294 20000 1.000000
239.803000 37.352200 -6.126 -1.147 0.177 0.228 0.011792 20000 1.000000
239.356000 37.795200 -6.624 -1.394 0.174 0.221 0.003878 20000 1.000000
240.160000 37.901100 -5.445 -0.451 0.188 0.231 -0.089752 20000 1.000000
239.049000 38.090000 -6.366 -1.561 0.173 0.224 -0.004609 20000 1.000000
239.666000 38.735600 -5.381 -2.052 0.175 0.22 0.019159 20000 1.000000
236.283000 39.863600 -10.988 2.192 0.205 0.262 -0.074222 20000 1.000000
236.448000 39.905700 -10.53 -0.144 0.185 0.254 -0.009475 20000 1.000000
236.628000 39.452400 -9.887 0.277 0.167 0.22 -0.017739 20000 1.000000
236.705000 39.707100 -8.941 -1.61 0.177 0.231 -0.070108 20000 1.000000
236.813000 39.492800 -9.612 0.014 0.185 0.261 0.028677 20000 1.000000
236.344000 40.256800 -7.322 1.037 0.168 0.226 0.005872 20000 1.000000
236.117000 41.151700 -3.44 -0.465 0.168 0.226 0.006831 20000 1.000000
236.301000 40.575300 -4.401 0.452 0.175 0.232 0.053542 20000 1.000000
236.427000 40.478900 -4.6 -0.906 0.21 0.285 0.203123 20000 1.000000
236.548000 40.082200 -8.003 0.237 0.165 0.221 -0.005588 20000 1.000000
236.864000 40.324100 -4.593 -1.228 0.166 0.222 -0.011840 20000 1.000000
236.676000 40.732900 -3.163 -0.856 0.166 0.223 -0.036854 20000 1.000000
236.826000 40.546700 -4.604 -1.663 0.17 0.228 -0.021042 20000 1.000000
237.024000 39.621400 -5.723 -0.229 0.34 0.417 -0.037344 20000 1.000000
237.264000 39.493600 -6.842 -4.234 0.165 0.218 -0.015244 20000 1.000000
237.077000 40.747600 -5.651 -1.639 0.175 0.233 -0.019812 20000 1.000000
237.332000 40.034100 -6.013 -1.01 0.169 0.224 -0.022676 20000 1.000000
237.393000 40.650700 -4.889 -2.168 0.176 0.239 -0.049725 20000 1.000000
236.666000 40.887100 -3.487 -0.868 0.166 0.224 -0.003713 20000 1.000000
237.729000 40.271200 -5.084 -3.194 0.257 0.341 -0.057211 20000 1.000000
239.052000 41.183300 -3.427 -1.622 0.169 0.23 -0.004637 20000 1.000000
237.681000 40.731100 -2.852 -3.179 0.2 0.245 0.011642 20000 1.000000
235.774000 42.209100 -4.643 -0.112 0.17 0.226 -0.024599 20000 1.000000
235.946000 42.860100 -2.46 -1.509 0.188 0.25 0.063234 20000 1.000000
236.617000 42.503500 -3.2 -0.447 0.168 0.232 -0.000972 20000 1.000000
237.344000 42.191000 -2.566 -1.399 0.171 0.235 -0.031315 20000 1.000000
238.220000 42.259700 -1.588 -1.728 0.168 0.227 -0.002726 20000 1.000000
239.622000 42.468800 -2.432 -3.163 0.168 0.233 -0.011946 20000 1.000000
241.588000 42.254600 -4.14 -3.743 0.279 0.389 0.009076 20000 1.000000
243.371000 36.071300 -3.341 -1.904 0.178 0.23 0.075860 20000 1.000000
242.835000 36.022500 -4.109 -2.112 0.18 0.217 0.002348 20000 1.000000
242.590000 36.159000 -3.774 -1.349 0.182 0.226 0.068578 20000 1.000000
241.868000 36.466800 -2.961 -0.752 0.192 0.244 -0.186865 20000 1.000000
242.211000 36.531200 -3.261 -1.423 0.17 0.218 0.008242 20000 1.000000
241.909000 36.570200 -3.317 -1.113 0.188 0.227 -0.034492 20000 1.000000
241.882000 36.975700 -3.914 -1.312 0.166 0.213 0.017154 20000 1.000000
242.064000 37.231400 -3.371 -1.673 0.173 0.22 0.065332 20000 1.000000
242.606000 34.462400 -6.555 2.689 0.179 0.217 0.003951 20000 1.000000
242.459000 33.562100 -10.578 6.006 0.17 0.21 0.034617 20000 1.000000
242.895000 32.889200 -11.236 6.05 0.172 0.208 0.005909 20000 1.000000
243.050000 32.733800 -11.656 6.185 0.168 0.204 0.010582 20000 1.000000
242.756000 32.666400 -11.663 6.727 0.18 0.214 0.086391 20000 1.000000
242.810000 33.439600 -10.961 5.776 0.169 0.208 0.012896 20000 1.000000
242.928000 33.235700 -11.61 6.47 0.179 0.213 0.052346 20000 1.000000
243.217000 33.493300 -9.576 5.059 0.17 0.208 0.013033 20000 1.000000
243.651000 32.976000 -10.059 4.564 0.174 0.212 0.021348 20000 1.000000
243.989000 32.822200 -10.699 5.465 0.174 0.21 -0.017130 20000 1.000000
243.329000 33.240200 -11.072 5.336 0.177 0.215 0.014789 20000 1.000000
243.431000 33.059200 -11.015 5.738 0.169 0.206 0.009201 20000 1.000000
243.379000 33.375600 -9.431 4.638 0.174 0.213 0.051732 20000 1.000000
243.591000 33.210200 -10.242 5.107 0.187 0.225 0.034870 20000 1.000000
243.817000 33.213500 -8.987 3.895 0.172 0.209 0.020597 20000 1.000000
243.921000 33.201000 -8.238 3.13 0.172 0.209 0.022687 20000 1.000000
243.888000 33.296200 -7.279 2.672 0.176 0.214 -0.038609 20000 1.000000
243.574000 33.523500 -6.5 3.115 0.179 0.213 0.086636 20000 1.000000
243.773000 33.574700 -6.646 2.552 0.179 0.223 0.051264 20000 1.000000
244.031000 32.887000 -9.079 6.109 0.175 0.212 0.019465 20000 1.000000
244.175000 32.954700 -8.558 4.489 0.172 0.208 0.019051 20000 1.000000
244.268000 32.759700 -8.556 5.613 0.182 0.218 0.031190 20000 1.000000
244.404000 32.750600 -9.735 5.701 0.178 0.212 0.026174 20000 1.000000
244.423000 32.834700 -6.878 5.091 0.179 0.215 0.017258 20000 1.000000
244.430000 32.898400 -6.193 3.929 0.179 0.215 0.033438 20000 1.000000
244.700000 32.690000 -3.335 1.589 0.173 0.209 0.020390 20000 1.000000
244.602000 32.875800 -2.189 0.117 0.179 0.216 0.033934 20000 1.000000
244.578000 32.982500 -2.708 -1.634 0.18 0.22 0.046993 20000 1.000000
244.280000 32.948900 -7.615 4.087 0.178 0.213 0.013197 20000 1.000000
244.234000 33.516400 -4.691 -0.822 0.179 0.218 0.072562 20000 1.000000
244.313000 33.423900 -3.87 -0.815 0.179 0.218 0.058709 20000 1.000000
244.571000 33.247800 -3.341 -1.766 0.178 0.215 0.015759 20000 1.000000
244.657000 33.143600 -3.667 -1.126 0.178 0.217 -0.033063 20000 1.000000
244.704000 33.886900 -2.935 -1.88 0.181 0.216 0.027116 20000 1.000000
239.350000 34.907300 -13.062 7.046 0.166 0.207 -0.001330 20000 1.000000
239.590000 35.010700 -12.453 7.357 0.17 0.212 0.006013 20000 1.000000
239.760000 34.870600 -12.837 6.727 0.169 0.21 0.015798 20000 1.000000
239.617000 35.106200 -12.759 7.076 0.816 0.909 0.042876 20000 1.000000
239.925000 35.020000 -11.079 8.305 0.167 0.209 -0.004028 20000 1.000000
240.208000 34.507800 -12.093 6.687 0.173 0.21 -0.001478 20000 1.000000
240.384000 34.630500 -12.039 5.906 0.167 0.208 0.004720 20000 1.000000
240.185000 34.888600 -11.882 5.485 0.167 0.208 0.007514 20000 1.000000
239.409000 35.166100 -12.226 7.518 0.167 0.209 0.003446 20000 1.000000
239.192000 35.425800 -12.33 7.689 0.167 0.21 -0.015510 20000 1.000000
239.455000 35.327800 -12.064 7.189 0.172 0.217 0.048268 20000 1.000000
239.646000 35.440500 -10.976 6.572 0.169 0.212 -0.004192 20000 1.000000
239.520000 35.624800 -10.2 8.635 0.168 0.213 0.009120 20000 1.000000
239.463000 35.792700 -11.066 6.619 0.169 0.214 0.013695 20000 1.000000
239.733000 35.633800 -9.652 5.491 0.172 0.213 0.025451 20000 1.000000
239.629000 35.747900 -9.886 5.25 0.171 0.214 0.008467 20000 1.000000
237.762000 37.061200 -12.798 7.48 0.168 0.216 0.009725 20000 1.000000
239.899000 35.235100 -10.681 6.679 0.191 0.227 0.048251 20000 1.000000
239.975000 35.279800 -10.492 5.459 0.174 0.219 -0.020602 20000 1.000000
240.065000 35.316800 -9.953 4.393 0.173 0.217 0.007539 20000 1.000000
239.887000 35.534200 -9.946 4.082 0.175 0.219 -0.000544 20000 1.000000
239.869000 35.801300 -7.08 1.703 0.177 0.217 0.010512 20000 1.000000
239.999000 35.686700 -6.812 1.061 0.172 0.214 -0.028515 20000 1.000000
239.707000 35.688900 -10.168 5.06 0.167 0.211 -0.000916 20000 1.000000
240.287000 35.319000 -7.631 2.67 0.179 0.226 0.006148 20000 1.000000
240.091000 35.934700 -5.344 1.721 0.224 0.273 -0.008670 20000 1.000000
240.496000 34.466800 -12.108 4.559 0.167 0.207 0.006650 20000 1.000000
240.674000 34.599600 -11.999 2.369 0.177 0.224 0.093668 20000 1.000000
240.885000 34.660100 -9.905 2.873 0.175 0.215 0.055028 20000 1.000000
240.845000 34.856200 -9.207 3.69 0.232 0.354 -0.045275 20000 1.000000
239.755000 35.686700 -9.369 4.095 0.169 0.211 -0.005425 20000 1.000000
241.121000 34.835100 -7.854 1.804 0.169 0.211 0.018468 20000 1.000000
241.152000 34.792300 -10.183 3.486 0.173 0.221 0.010652 20000 1.000000
241.331000 34.695000 -10.177 1.987 0.177 0.221 0.067911 20000 1.000000
241.454000 34.771100 -7.017 2.55 0.17 0.213 0.000947 20000 1.000000
241.344000 34.944400 -7.055 2.375 0.174 0.219 -0.028071 20000 1.000000
241.388000 35.138600 -6.068 0.522 0.169 0.212 -0.010676 20000 1.000000
241.382000 34.838900 -7.215 1.623 0.174 0.217 0.006110 20000 1.000000
241.459000 34.821800 -6.917 2.481 0.18 0.228 0.018984 20000 1.000000
241.811000 34.982100 -5.441 1.841 0.168 0.21 0.009026 20000 1.000000
241.876000 35.378000 -4.83 -0.075 0.17 0.212 -0.002381 20000 1.000000
241.740000 35.667300 -4.873 -0.345 0.177 0.216 0.019661 20000 1.000000
241.233000 36.231400 -4.989 -1.536 0.174 0.217 0.068138 20000 1.000000
241.045000 36.585500 -6.007 -0.37 0.168 0.214 0.011756 20000 1.000000
241.994000 35.038800 -5.358 1.446 0.17 0.212 0.014110 20000 1.000000
242.271000 34.509700 -6.885 2.742 0.171 0.211 0.004518 20000 1.000000
242.451000 34.634300 -6.407 1.664 0.17 0.211 0.011751 20000 1.000000
242.457000 34.987000 -5.15 1.158 0.171 0.214 0.045403 20000 1.000000
243.048000 33.892600 -8.057 3.529 0.171 0.21 0.007813 20000 1.000000
243.454000 34.019300 -5.48 3.242 0.17 0.21 0.011027 20000 1.000000
242.719000 34.534800 -6.039 1.371 0.195 0.222 -0.075366 20000 1.000000
241.969000 34.332200 -9.582 2.944 0.171 0.212 0.036101 20000 1.000000
242.635000 35.116800 -4.538 0.055 0.171 0.213 0.007912 20000 1.000000
241.983000 35.152400 -5.462 1.472 0.171 0.214 0.013598 20000 1.000000
242.697000 35.238500 -4.496 -0.096 0.171 0.212 0.019578 20000 1.000000
242.795000 35.387900 -4.503 -0.977 0.167 0.21 0.019092 20000 1.000000
242.610000 35.896700 -4.131 -1.661 0.184 0.231 0.007050 20000 1.000000
242.597000 35.697600 -3.951 -0.991 0.168 0.212 0.016182 20000 1.000000
243.111000 35.998200 -3.774 -2.27 0.179 0.218 0.013643 20000 1.000000
243.112000 35.710600 -3.928 -1.547 0.169 0.214 0.020158 20000 1.000000
243.290000 34.192500 -4.714 2.198 0.175 0.211 -0.005007 20000 1.000000
243.463000 34.217200 -4.69 1.259 0.174 0.212 0.023856 20000 1.000000
243.788000 33.865800 -5.485 0.178 0.169 0.209 0.029394 20000 1.000000
243.920000 33.959300 -3.572 -0.691 0.172 0.21 0.016287 20000 1.000000
239.772000 35.729200 -7.589 2.62 0.19 0.231 -0.014736 20000 1.000000
243.971000 34.716900 -3.369 -2.054 0.175 0.213 0.007079 20000 1.000000
243.329000 34.936800 -7.718 -1.181 0.226 0.268 0.023531 20000 1.000000
242.063000 34.341100 -9.168 3.754 0.18 0.223 -0.018000 20000 1.000000
243.120000 34.462100 -5.692 1.669 0.17 0.211 0.014018 20000 1.000000
244.179000 33.741000 -4.333 -1.573 0.176 0.216 0.007872 20000 1.000000
243.107000 34.062700 -7.082 1.557 0.212 0.247 -0.023949 20000 1.000000
244.236000 34.425700 -2.623 -1.883 0.214 0.232 0.050799 20000 1.000000
244.350000 35.204800 -3.18 -3.198 0.174 0.215 -0.005559 20000 1.000000
242.685000 34.187400 -7.777 3.577 0.173 0.214 0.055042 20000 1.000000
242.950000 34.196200 -6.741 1.129 0.206 0.219 0.082620 20000 1.000000
244.750000 34.731800 -2.893 -2.771 0.202 0.255 0.077693 20000 1.000000
243.237000 35.204600 -3.796 -1.266 0.17 0.212 0.022677 20000 1.000000
242.107000 35.424600 -4.822 -0.465 0.17 0.213 0.005276 20000 1.000000
243.428000 35.320600 -4.049 -1.876 0.169 0.214 0.005856 20000 1.000000
243.896000 35.141900 -3.661 -2.89 0.182 0.217 -0.007294 20000 1.000000
243.855000 35.785400 -4.74 -1.802 0.17 0.215 0.005491 20000 1.000000
244.456000 35.472800 -2.847 -2.748 0.171 0.217 0.029660 20000 1.000000
244.634000 35.163000 -3.375 -2.712 0.175 0.217 -0.014396 20000 1.000000
245.401000 34.188900 -3.065 -2.141 0.198 0.243 0.029158 20000 1.000000
245.035000 34.844400 -2.616 -3.058 0.177 0.218 0.024696 20000 1.000000
244.762000 35.291100 -3.652 -2.016 0.171 0.214 0.023112 20000 1.000000
241.621000 37.973100 -2.745 -1.321 0.168 0.219 -0.010403 20000 1.000000
241.000000 37.613000 -4.551 2.476 0.174 0.221 -0.027262 20000 1.000000
241.084000 37.605300 -3.124 1.633 0.178 0.237 -0.010481 20000 1.000000
240.914000 37.785700 -4.996 -0.305 0.204 0.242 -0.082237 20000 1.000000
240.974000 37.696600 -4.689 0.306 0.189 0.233 0.113123 20000 1.000000
240.862000 37.839300 -3.591 -0.884 0.182 0.225 0.030683 20000 1.000000
240.853000 37.962800 -4.018 -1.005 0.167 0.215 0.009521 20000 1.000000
241.131000 37.654600 -3.065 -0.343 0.169 0.219 0.006193 20000 1.000000
241.040000 37.891700 -4.579 -0.132 0.179 0.223 0.007591 20000 1.000000
241.183000 37.591400 -1.726 1.808 0.173 0.232 0.077468 20000 1.000000
241.302000 37.561600 -4.467 -0.756 0.174 0.242 -0.014653 20000 1.000000
241.316000 37.495400 -2.453 -0.246 0.165 0.213 0.015856 20000 1.000000
241.180000 37.677000 -2.348 0.322 0.168 0.217 0.014324 20000 1.000000
240.981000 37.800000 -5.106 0.889 0.169 0.218 0.029011 20000 1.000000
241.264000 37.903500 -3.319 -0.318 0.171 0.221 0.003171 20000 1.000000
241.445000 37.891300 -3.175 -0.685 0.174 0.222 0.058481 20000 1.000000
241.762000 37.589200 -4.573 -1.737 0.167 0.215 0.017376 20000 1.000000
241.528000 37.737500 -2.57 -0.889 0.175 0.222 0.043244 20000 1.000000
240.850000 38.057900 -4.005 -1.079 0.176 0.224 0.014777 20000 1.000000
237.706000 41.381200 -3.678 -0.835 0.176 0.23 0.046149 20000 1.000000
237.809000 41.479200 -3.029 -1.986 0.167 0.236 -0.032064 20000 1.000000
237.687000 41.463600 -2.633 -1.17 0.172 0.24 -0.045833 20000 1.000000
237.847000 41.531900 -2.974 -0.736 0.203 0.25 0.036444 20000 1.000000
238.493000 41.711600 -2.826 -1.724 0.165 0.226 0.001081 20000 1.000000
246.132000 42.878900 -5.167 -4.705 0.313 0.418 0.029082 20000 1.000000
241.275000 37.380400 0.474 0.487 0.228 0.268 0.149997 20000 1.000000
240.254000 37.088900 -6.021 -0.542 0.173 0.219 0.056964 20000 1.000000
241.853000 37.280500 -3.9 -1.431 0.17 0.218 0.025909 20000 1.000000
239.172000 41.359200 -3.581 -1.874 0.172 0.233 -0.061555 20000 1.000000
239.527000 41.332500 -3.037 -2.341 0.171 0.23 0.010839 20000 1.000000
235.707000 42.076600 -2.671 -0.396 0.173 0.23 0.012435 20000 1.000000
238.120000 42.579800 -2.087 -1.851 0.185 0.251 0.005967 20000 1.000000
240.341000 42.546100 -2.862 -2.655 0.181 0.25 0.006964 20000 1.000000
242.275000 42.020200 -4.158 -3.005 0.188 0.254 0.014086 20000 1.000000
243.397000 33.495500 -10.081 5.691 0.271 0.305 -0.064740 20000 1.000000
244.492000 32.829400 -5.902 4.508 0.174 0.21 0.020406 20000 1.000000
239.784000 35.693800 -8.072 3.692 0.178 0.22 0.010869 20000 1.000000
242.077000 34.508200 -8.049 2.746 0.174 0.214 0.017317 20000 1.000000
243.314000 36.901800 -3.648 -2.82 0.182 0.224 0.064732 20000 1.000000
242.305000 34.925400 -6.019 1.765 0.176 0.219 0.010694 20000 1.000000
243.880000 36.579600 -4.295 -2.585 0.194 0.241 0.046850 20000 1.000000
239.522000 35.919900 -11.914 5.363 0.187 0.237 0.026880 20000 1.000000
242.818000 33.835700 -9.898 4.685 0.191 0.222 -0.005337 20000 1.000000
243.506000 33.819200 -6.393 3.197 0.178 0.214 0.041543 20000 1.000000
242.193000 34.091800 -10.33 4.373 0.176 0.222 0.006085 20000 1.000000
241.596000 33.743300 -10.943 6.49 0.172 0.211 0.039961 20000 1.000000
241.628000 33.779500 -11.597 7.107 0.226 0.282 0.034298 20000 1.000000
238.863000 36.161100 -12.407 6.799 0.173 0.217 0.021000 20000 1.000000
239.056000 39.974600 -3.471 -0.487 0.174 0.23 -0.008510 20000 1.000000
242.317000 35.338700 -4.812 0.901 0.169 0.212 0.014954 20000 1.000000
240.280000 34.500000 -12.667 5.303 0.171 0.212 -0.019776 20000 1.000000
243.375000 34.643900 -5.696 -0.14 0.173 0.212 -0.011867 20000 1.000000
243.446000 36.715400 -3.438 -2.559 0.185 0.231 0.114189 20000 1.000000
241.974000 34.019100 -12.419 3.02 0.197 0.236 -0.036747 20000 1.000000
239.475000 35.900000 -14.417 7.762 0.176 0.223 -0.027499 20000 1.000000
241.807000 34.875100 -5.72 2.169 0.235 0.274 -0.020098 20000 1.000000
240.816000 34.541500 -10.347 2.318 0.193 0.234 0.079263 20000 1.000000
244.877000 40.617200 -3.497 -4.102 0.169 0.232 0.023334 20000 1.000000
243.350000 36.316300 -2.565 -1.989 0.172 0.217 0.022742 20000 1.000000
238.442000 37.666500 -7.424 -1.133 0.186 0.24 0.015109 20000 1.000000
241.245000 34.459800 -10.804 4.585 0.187 0.24 0.004063 20000 1.000000
241.890000 34.090000 -9.443 3.517 0.271 0.293 0.109681 20000 1.000000
239.775000 40.591700 -4.177 -1.48 0.172 0.233 0.006027 20000 1.000000
240.984000 41.868400 -3.751 -3.063 0.175 0.238 0.073662 20000 1.000000
243.701000 35.971300 -3.945 -2.013 0.179 0.219 -0.005614 20000 1.000000
243.789000 36.730500 -3.621 -2.999 0.189 0.235 0.090888 20000 1.000000
241.521000 34.438600 -10.455 4.225 0.187 0.228 -0.049126 20000 1.000000
240.116000 39.314300 -2.994 -1.21 0.178 0.236 -0.033589 20000 1.000000
244.022000 33.292200 -5.476 2.539 0.175 0.212 0.019155 20000 1.000000
244.412000 36.319600 -2.986 -1.839 0.187 0.228 0.040848 20000 1.000000
240.476000 33.247900 -12.947 8.628 0.175 0.214 0.040717 20000 1.000000
240.936000 34.319900 -11.761 6.085 0.171 0.211 0.004898 20000 1.000000
241.354000 34.059300 -11.953 5.68 0.173 0.212 0.003064 20000 1.000000
242.151000 33.992700 -10.271 3.675 0.181 0.22 -0.010419 20000 1.000000
239.935000 34.004300 -12.469 7.725 0.177 0.214 -0.016050 20000 1.000000
243.662000 36.644600 -3.577 -2.073 0.183 0.227 0.062733 20000 1.000000
243.426000 36.931600 -3.737 -2.58 0.184 0.231 0.088692 20000 1.000000
239.640000 35.917400 -8.028 1.361 0.189 0.235 -0.005224 20000 1.000000
241.585000 35.158200 -5.703 0.857 0.167 0.21 0.009221 20000 1.000000
243.770000 36.934800 -3.356 -1.672 0.178 0.223 0.103701 20000 1.000000
239.867000 34.483500 -12.826 7.333 0.176 0.219 -0.036132 20000 1.000000
242.951000 39.542200 -3.292 -3.218 0.176 0.226 0.101609 20000 1.000000
242.816000 38.097200 -3.748 -3.043 0.169 0.218 0.008448 20000 1.000000
241.669000 33.797800 -11.542 6.51 0.177 0.215 0.034639 20000 1.000000
241.163000 34.248000 -11.405 7.217 0.172 0.212 0.031931 20000 1.000000
235.849000 41.053900 -3.335 0.746 0.169 0.226 -0.045616 20000 1.000000
243.470000 34.840000 -4.556 -0.844 0.182 0.234 0.049701 20000 1.000000
241.558000 34.069100 -11.674 5.23 0.188 0.223 0.043495 20000 1.000000
241.198000 39.627100 -3.975 -3.146 0.177 0.234 0.027687 20000 1.000000
241.715000 34.024000 -11.143 5.162 0.238 0.292 0.121915 20000 1.000000
243.915000 33.030100 -10.187 5.578 0.172 0.208 0.012111 20000 1.000000
240.516000 34.851500 -8.649 4.438 0.346 0.424 0.031227 20000 1.000000
241.780000 34.178600 -10.45 4.225 0.222 0.241 0.067487 20000 1.000000
241.486000 34.126400 -10.841 5.048 0.17 0.209 0.012899 20000 1.000000
241.516000 34.293200 -10.302 4.732 0.176 0.214 0.015356 20000 1.000000
239.384000 34.556300 -13.154 6.979 0.233 0.27 -0.035044 20000 1.000000
241.879000 34.501500 -8.433 4.556 0.19 0.224 -0.002492 20000 1.000000
241.706000 33.712600 -11.732 7.496 0.173 0.214 0.024989 20000 1.000000
242.010000 34.030000 -8.568 5.108 0.193 0.241 0.021637 20000 1.000000
241.346000 37.664300 -4.704 -1.254 0.171 0.222 0.039075 20000 1.000000
241.016000 35.010800 -7.738 3.082 0.193 0.23 -0.035377 20000 1.000000
243.608000 33.934800 -5.328 2.44 0.182 0.218 0.017805 20000 1.000000
241.258000 34.568500 -9.886 3.618 0.184 0.226 0.129601 20000 1.000000
241.586000 34.259400 -10.978 5.251 0.193 0.235 0.016217 20000 1.000000
243.068000 34.669000 -5.903 0.735 0.187 0.226 -0.095859 20000 1.000000
241.572000 33.958200 -11.677 6.468 0.254 0.272 -0.313267 20000 1.000000
243.346000 33.955300 -5.494 2.713 0.184 0.22 0.017934 20000 1.000000
243.111000 35.425200 -4.049 -2.75 0.185 0.228 0.018273 20000 1.000000
243.532000 36.840400 -4.091 -2.354 0.18 0.228 0.099713 20000 1.000000
