242.907000 34.116400 -8.629 1.797 0.181 0.226 0.018236 20000 1.000000
242.555000 33.274300 -13.153 4.207 0.17 0.2 0.050935 20000 1.000000
243.571000 34.594300 -6.445 -3.274 0.168 0.202 0.061304 20000 1.000000
241.305000 34.824500 -8.947 -0.109 0.178 0.214 0.046477 20000 1.000000
242.675000 33.341900 -12.572 4.013 0.168 0.2 0.062544 20000 1.000000
242.524000 33.381100 -12.567 4.408 0.169 0.198 0.054417 20000 1.000000
242.103000 34.126000 -13.332 1.495 0.247 0.268 0.158952 20000 1.000000
242.795000 40.412800 -4.805 -5.196 0.164 0.211 0.034305 20000 1.000000
240.970000 33.480500 -14.215 5.619 0.185 0.215 0.009809 20000 1.000000
243.116000 34.264300 -7.73 -1.468 0.195 0.233 0.124456 20000 1.000000
240.594000 34.920500 -11.733 1.756 0.166 0.201 0.029430 20000 1.000000
243.379000 37.039900 -5.003 -4.654 0.172 0.213 0.045243 20000 1.000000
244.002000 34.000500 -5.682 -3.069 0.17 0.201 0.039233 20000 1.000000
242.935000 33.578200 -12.248 2.865 0.179 0.211 0.044417 20000 1.000000
243.920000 35.287000 -5.5 -3.994 0.172 0.208 0.051349 20000 1.000000
245.285000 33.610400 -4.843 -3.574 0.171 0.201 0.043111 20000 1.000000
243.947000 34.251400 -5.564 -3.69 0.171 0.203 0.048057 20000 1.000000
241.723000 34.184900 -11.127 1.452 0.194 0.231 0.085248 20000 1.000000
242.988000 34.918600 -6.153 -1.714 0.173 0.209 0.034383 20000 1.000000
241.812000 34.292800 -12.238 3.118 0.256 0.271 -0.290045 20000 1.000000
242.156000 42.779500 -5.784 -5.775 0.167 0.225 0.041626 20000 1.000000
240.653000 35.157300 -8.883 -0.007 0.172 0.212 0.072868 20000 1.000000
235.437000 42.836100 -4.021 -1.541 0.174 0.234 0.026194 20000 1.000000
244.010000 33.655100 -6.837 -1.785 0.177 0.21 0.077477 20000 1.000000
239.566000 35.939400 -7.83 0.137 0.165 0.204 0.029388 20000 1.000000
239.569000 35.888400 -14.39 4.121 0.191 0.229 0.059882 20000 1.000000
241.666000 33.311600 -13.948 5.259 0.165 0.197 0.056687 20000 1.000000
241.517000 33.445800 -13.671 5.212 0.169 0.203 0.025945 20000 1.000000
241.370000 34.138600 -13.375 4.034 0.208 0.229 0.143709 20000 1.000000
242.329000 35.565300 -6.438 -1.764 0.172 0.212 0.049139 20000 1.000000
240.987000 34.806400 -10.45 2.34 0.184 0.241 -0.083960 20000 1.000000
243.664000 34.829500 -6.148 -4.183 0.182 0.211 0.045294 20000 1.000000
242.035000 34.244000 -11.234 2.024 0.196 0.247 -0.062048 20000 1.000000
241.974000 34.333400 -11.963 0.935 0.187 0.214 0.112130 20000 1.000000
242.172000 34.640500 -8.511 -0.311 0.177 0.219 0.102098 20000 1.000000
241.063000 34.109600 -13.714 3.969 0.182 0.227 0.075563 20000 1.000000
241.873000 34.136700 -11.223 3.819 0.179 0.21 0.075157 20000 1.000000
242.576000 34.271200 -8.643 1.381 0.169 0.198 0.040577 20000 1.000000
242.521000 34.313800 -10.559 -1.255 0.186 0.218 0.153281 20000 1.000000
241.856000 34.530300 -11.881 3.798 0.189 0.216 -0.097376 20000 1.000000
242.291000 34.109900 -12.215 1.894 0.176 0.211 0.030392 20000 1.000000
244.877000 32.863500 -4.212 -4.206 0.174 0.201 0.047686 20000 1.000000
244.272000 32.850500 -12.306 3.297 0.173 0.201 0.055109 20000 1.000000
240.120000 34.414900 -14.646 5.05 0.173 0.208 0.013078 20000 1.000000
242.427000 35.071700 -6.33 -1.082 0.174 0.209 0.095076 20000 1.000000
239.249000 35.791600 -12.967 4.896 0.173 0.212 0.020816 20000 1.000000
242.900000 34.039100 -10.573 0.586 0.17 0.199 0.082470 20000 1.000000
240.275000 35.242100 -10.314 1.245 0.164 0.199 0.048896 20000 1.000000
244.265000 33.069800 -8.008 0.858 0.179 0.21 0.061983 20000 1.000000
240.961000 34.168400 -13.574 4.855 0.169 0.204 0.067225 20000 1.000000
241.743000 33.861500 -11.948 3.644 0.17 0.206 0.045282 20000 1.000000
241.476000 34.253600 -13.685 3.096 0.174 0.211 0.093572 20000 1.000000
240.629000 34.408100 -13.994 2.275 0.193 0.235 0.030418 20000 1.000000
241.387000 34.516500 -11.636 2.435 0.174 0.207 0.031591 20000 1.000000
243.630000 34.124100 -6.659 -1.468 0.182 0.215 0.013278 20000 1.000000
242.098000 34.082000 -13.092 2.042 0.182 0.217 -0.020645 20000 1.000000
241.603000 34.334800 -3.863 0.936 0.326 0.321 0.001888 20000 1.000000
241.603000 34.334000 -12.841 1.974 0.267 0.265 -0.127726 20000 1.000000
244.212000 33.389800 -7.415 -2.058 0.178 0.209 0.049752 20000 1.000000
242.154000 35.267500 -7.329 -0.726 0.217 0.267 0.046011 20000 1.000000
242.140000 34.413400 -10.791 -0.013 0.17 0.217 0.043882 20000 1.000000
241.873000 33.938300 -12.769 2.297 0.168 0.201 0.053766 20000 1.000000
242.588000 33.647700 -11.952 3.441 0.165 0.197 0.048674 20000 1.000000
241.170000 34.946200 -9.95 -1.437 0.176 0.217 0.050748 20000 1.000000
245.061000 39.345200 -5.851 -5.434 0.171 0.215 0.046304 20000 1.000000
244.183000 40.914700 -5.094 -5.005 0.164 0.213 0.052562 20000 1.000000
241.871000 33.583500 -14.598 3.342 0.18 0.212 0.070791 20000 1.000000
242.574000 33.649100 -13.413 4.043 0.17 0.205 0.019047 20000 1.000000
241.574000 34.703100 -8.723 -1.768 0.167 0.202 0.045884 20000 1.000000
242.474000 34.104200 -11.634 1.807 0.193 0.235 0.061996 20000 1.000000
239.991000 34.733000 -14.998 4.065 0.17 0.203 0.074361 20000 1.000000
243.064000 34.093600 -8.277 0.839 0.194 0.28 0.141890 20000 1.000000
241.116000 34.356300 -13.528 4.551 0.173 0.205 0.045051 20000 1.000000
246.195000 39.369400 -4.975 -5.062 0.173 0.213 0.033515 20000 1.000000
241.760000 34.733900 -8.312 1.542 0.175 0.21 0.048378 20000 1.000000
244.200000 32.945000 -10.722 1.062 0.196 0.217 0.071043 20000 1.000000
241.107000 34.800200 -10.321 1.597 0.173 0.211 0.061537 20000 1.000000
240.644000 40.416500 -5.766 -4.153 0.166 0.218 0.006188 20000 1.000000
240.136000 35.189400 -12.985 2.135 0.17 0.209 0.035250 20000 1.000000
244.479000 33.274800 -6.262 -3.862 0.174 0.203 0.049935 20000 1.000000
245.173000 33.051100 -3.997 -4.205 0.223 0.25 -0.023482 20000 1.000000
244.340000 34.784000 -5.211 -3.977 0.19 0.231 0.020934 20000 1.000000
245.810000 34.308600 -5.111 -4.828 0.177 0.209 0.050377 20000 1.000000
243.111000 35.425200 -6.147 -4.075 0.172 0.208 0.028015 20000 1.000000
245.820000 40.640200 -5.335 -5.041 0.166 0.211 0.053275 20000 1.000000
239.584000 36.399000 -5.347 -0.827 0.201 0.244 0.019790 20000 1.000000
241.887000 34.047400 -12.911 2.898 0.17 0.205 0.092781 20000 1.000000
241.714000 33.783600 -11.6 3.528 0.193 0.233 -0.025229 20000 1.000000
243.570000 34.754800 -6.222 -3.049 0.17 0.204 0.069970 20000 1.000000
238.530000 40.815900 -5.187 -3.752 0.166 0.219 0.034639 20000 1.000000
242.999000 33.708100 -11.695 3.159 0.168 0.202 0.065602 20000 1.000000
244.365000 33.705000 -5.521 -4.725 0.188 0.234 0.035088 20000 1.000000
239.520000 35.866700 -12.962 4.274 0.191 0.246 0.064778 20000 1.000000
242.155000 34.458200 -9.692 1.702 0.173 0.208 0.036341 20000 1.000000
239.598000 35.880800 -9.043 0.734 0.18 0.219 0.136765 20000 1.000000
240.812000 34.441200 -13.73 3.419 0.183 0.222 0.052505 20000 1.000000
244.089000 34.727300 -5.135 -4.869 0.172 0.209 0.061581 20000 1.000000
243.779000 33.796800 -7.614 -0.416 0.173 0.208 0.088145 20000 1.000000
244.855000 34.157600 -4.734 -4.206 0.17 0.204 0.082910 20000 1.000000
241.526000 35.662300 -7.486 -2.065 0.178 0.22 -0.000914 20000 1.000000
242.045000 34.449100 -10.177 1.912 0.164 0.204 0.032817 20000 1.000000
240.992000 34.398500 -12.602 2.06 0.173 0.21 0.044961 20000 1.000000
243.827000 33.925400 -7.085 -1.953 0.176 0.208 0.065711 20000 1.000000
242.165000 34.485500 -9.758 0.919 0.167 0.202 0.042743 20000 1.000000
242.609000 33.744200 -12.117 3.841 0.214 0.241 0.135251 20000 1.000000
242.555000 33.817400 -12.311 3.413 0.172 0.203 0.071591 20000 1.000000
243.060000 35.090200 -6.21 -1.895 0.172 0.206 0.056313 20000 1.000000
242.246000 34.133300 -12.012 1.857 0.174 0.208 0.072109 20000 1.000000
239.406000 35.828700 -13.536 4.676 0.171 0.212 0.063238 20000 1.000000
242.454000 34.314900 -9.159 1.025 0.186 0.226 0.129238 20000 1.000000
241.970000 34.527100 -9.356 1.449 0.174 0.214 -0.003360 20000 1.000000
240.896000 34.733600 -12.036 1.592 0.17 0.21 0.046777 20000 1.000000
239.557000 35.832600 -11.807 4.392 0.167 0.206 0.047190 20000 1.000000
242.563000 33.856800 -11.791 3.239 0.171 0.201 0.046419 20000 1.000000
238.778000 42.418300 -4.34 -3.541 0.245 0.327 0.021709 20000 1.000000
239.241000 36.186900 -9.32 -4.512 0.171 0.208 0.096374 20000 1.000000
239.233000 36.180500 -13.719 3.683 0.169 0.206 0.048013 20000 1.000000
244.021000 36.632500 -5.413 -4.947 0.169 0.208 0.083468 20000 1.000000
239.649000 34.038300 -15.268 5.975 0.17 0.207 0.001757 20000 1.000000
241.874000 34.136800 -11.89 2.787 0.168 0.201 0.068225 20000 1.000000
243.904000 40.148400 -4.932 -4.161 0.172 0.221 -0.029084 20000 1.000000
242.682000 33.918400 -11.463 2.846 0.17 0.202 0.066637 20000 1.000000
239.566000 35.969500 -7.013 0.61 0.174 0.205 -0.008200 20000 1.000000
244.588000 40.710700 -5.497 -5.322 0.169 0.227 0.036530 20000 1.000000
241.122000 34.295500 -13.668 4.298 0.189 0.221 0.057279 20000 1.000000
242.118000 34.175200 -14.006 0.287 0.227 0.254 -0.232680 20000 1.000000
243.352000 34.038500 -6.834 -0.474 0.186 0.224 0.166667 20000 1.000000
242.790000 34.230800 -10.725 -1.239 0.251 0.259 0.258305 20000 1.000000
241.755000 34.055200 -13.467 2.34 0.242 0.242 0.277387 20000 1.000000
245.381000 34.767700 -5.452 -4.693 0.184 0.22 0.056223 20000 1.000000
242.491000 39.685600 -4.984 -5.416 0.17 0.217 0.042191 20000 1.000000
240.859000 34.498700 -12.551 2.585 0.166 0.2 0.039447 20000 1.000000
243.932000 34.141000 -5.648 -3.184 0.171 0.204 0.077750 20000 1.000000
242.653000 33.240700 -14.58 4.922 0.19 0.212 -0.075105 20000 1.000000
244.082000 34.369900 -4.958 -3.914 0.171 0.207 0.015643 20000 1.000000
243.695000 34.427700 -6.304 -2.692 0.173 0.21 0.020849 20000 1.000000
243.708000 34.533000 -0.794 -3.486 0.178 0.208 0.050854 20000 1.000000
243.185000 34.674900 -7.667 -1.912 0.179 0.214 0.140637 20000 1.000000
241.793000 34.128800 -12.862 2.522 0.167 0.2 0.045199 20000 1.000000
240.647000 34.683400 -13.143 1.886 0.206 0.254 0.012372 20000 1.000000
242.814000 39.521100 -5.728 -5.114 0.178 0.223 0.050662 20000 1.000000
245.995000 32.722500 -4.125 -4.282 0.178 0.206 0.096130 20000 1.000000
244.721000 39.910200 -5.355 -5.529 0.184 0.22 0.049170 20000 1.000000
245.543000 36.154200 -4.858 -4.367 0.172 0.206 0.048077 20000 1.000000
245.180000 41.724200 -5.407 -5.561 0.165 0.214 0.015252 20000 1.000000
242.670000 41.428700 -5.105 -5.031 0.169 0.222 0.065696 20000 1.000000
242.935000 42.981700 -5.34 -5.317 0.163 0.219 0.019522 20000 1.000000
235.925000 40.876300 -4.856 -0.642 0.221 0.274 0.101857 20000 1.000000
236.274000 38.928300 -13.665 4.838 0.162 0.207 0.024064 20000 1.000000
237.585000 40.997600 -5.792 -4.53 0.19 0.261 -0.051732 20000 1.000000
235.986000 42.967400 -5.249 -4.774 0.17 0.234 0.069326 20000 1.000000
243.830000 32.616500 -13.181 3.939 0.168 0.198 0.037080 20000 1.000000
238.997000 35.551800 -13.736 5.933 0.167 0.207 0.046443 20000 1.000000
242.015000 39.305600 -5.257 -4.941 0.171 0.221 0.018734 20000 1.000000
242.395000 39.287900 -5.019 -4.603 0.172 0.216 0.036111 20000 1.000000
243.576000 39.500500 -5.168 -4.599 0.164 0.214 0.060361 20000 1.000000
243.950000 39.546400 -5.509 -5.479 0.169 0.211 0.071007 20000 1.000000
244.111000 39.374200 -5.129 -5.779 0.165 0.21 0.061285 20000 1.000000
244.487000 39.536100 -5.477 -5.053 0.166 0.213 0.046072 20000 1.000000
244.568000 39.388600 -7.706 -5.372 0.161 0.206 0.046222 20000 1.000000
242.120000 40.433400 -5.71 -4.721 0.167 0.215 0.071431 20000 1.000000
245.308000 39.255200 -5.882 -4.909 0.17 0.211 0.100889 20000 1.000000
245.723000 39.119400 -5.82 -5.068 0.17 0.219 0.053732 20000 1.000000
246.129000 39.067300 -5.15 -4.706 0.167 0.211 0.033856 20000 1.000000
246.495000 39.268900 -5.03 -4.983 0.166 0.214 0.053201 20000 1.000000
242.532000 40.320600 -5.25 -5.264 0.17 0.217 0.000113 20000 1.000000
246.946000 40.494000 -5.446 -5.329 0.164 0.211 0.060471 20000 1.000000
243.264000 40.495500 -5.229 -5.197 0.175 0.222 -0.001161 20000 1.000000
243.721000 40.363200 -5.641 -4.579 0.163 0.212 0.061487 20000 1.000000
240.200000 39.572800 -5.839 -4.619 0.167 0.213 0.036149 20000 1.000000
242.469000 36.614300 -5.471 -3.979 0.167 0.206 0.042908 20000 1.000000
242.593000 36.804200 -5.655 -2.651 0.162 0.2 0.046214 20000 1.000000
242.006000 36.606000 -6.731 -2.951 0.175 0.21 0.135372 20000 1.000000
242.296000 37.200800 -6.578 -3.774 0.167 0.208 0.050694 20000 1.000000
240.463000 39.698400 -5.457 -4.354 0.172 0.22 0.043546 20000 1.000000
240.694000 39.795600 -6.225 -4.194 0.191 0.246 0.109593 20000 1.000000
241.126000 39.838800 -5.885 -4.164 0.172 0.217 0.013257 20000 1.000000
241.316000 39.888900 -5.89 -4.562 0.169 0.217 0.029954 20000 1.000000
241.841000 39.212300 -5.557 -4.115 0.16 0.205 0.048810 20000 1.000000
246.706000 41.856800 -5.372 -5.683 0.174 0.228 0.086621 20000 1.000000
246.958000 39.345100 -5.427 -5.09 0.174 0.215 0.044470 20000 1.000000
246.988000 41.817300 -6.274 -5.053 0.165 0.213 0.033556 20000 1.000000
246.722000 40.671300 -5.731 -5.261 0.169 0.217 0.042489 20000 1.000000
240.400000 39.499200 -5.685 -4.53 0.181 0.221 0.093214 20000 1.000000
240.931000 39.486100 -5.52 -4.111 0.169 0.215 0.048919 20000 1.000000
241.550000 39.133900 -5.502 -4.22 0.165 0.211 0.057493 20000 1.000000
241.062000 39.268000 -5.43 -3.677 0.277 0.33 0.041170 20000 1.000000
241.649000 39.454700 -5.718 -4.45 0.167 0.213 0.091454 20000 1.000000
241.995000 38.728800 -5.352 -4.012 0.166 0.209 0.050729 20000 1.000000
241.540000 38.724600 -5.607 -4.476 0.167 0.213 0.049641 20000 1.000000
241.070000 38.980900 -5.992 -3.86 0.163 0.212 0.050288 20000 1.000000
240.985000 38.704600 -11.536 -7.448 0.24 0.283 0.082209 20000 1.000000
240.541000 38.761400 -6.107 -3.403 0.177 0.218 -0.032758 20000 1.000000
240.990000 40.242200 -5.257 -3.703 0.184 0.221 -0.033647 20000 1.000000
240.278000 39.908200 -5.631 -3.79 0.183 0.232 0.089978 20000 1.000000
239.614000 39.046600 -6.433 -3.058 0.187 0.23 -0.033558 20000 1.000000
240.189000 39.123500 -5.157 -3.442 0.171 0.217 -0.023760 20000 1.000000
239.107000 39.466700 -6.97 -4.115 0.183 0.222 0.142791 20000 1.000000
239.716000 39.937400 -5.816 -4.016 0.16 0.207 0.037906 20000 1.000000
239.194000 40.418600 -5.992 -3.297 0.187 0.23 0.083776 20000 1.000000
239.923000 40.288900 -5.584 -3.848 0.167 0.216 0.055361 20000 1.000000
235.692000 40.247500 -11.771 5.674 0.162 0.212 0.029176 20000 1.000000
235.867000 40.551300 -6.474 0.655 0.162 0.212 0.024916 20000 1.000000
235.787000 40.637400 -5.438 0.89 0.186 0.239 0.041745 20000 1.000000
235.943000 40.219600 -9.742 1.438 0.167 0.218 0.047729 20000 1.000000
236.307000 40.119300 -9.698 -1.105 0.178 0.236 0.079455 20000 1.000000
238.207000 36.485500 -13.73 5.568 0.162 0.201 0.035433 20000 1.000000
238.710000 35.945700 -13.789 5.348 0.169 0.209 0.091543 20000 1.000000
238.949000 36.302100 -13.982 4.768 0.165 0.205 0.048036 20000 1.000000
238.865000 36.425900 -13.811 5.192 0.17 0.21 0.078846 20000 1.000000
237.668000 37.534500 -17.879 5.068 0.209 0.227 -0.054575 20000 1.000000
237.623000 37.914500 -10.531 2.894 0.171 0.216 0.045669 20000 1.000000
236.819000 38.495000 -10.681 2.585 0.167 0.215 -0.030821 20000 1.000000
236.291000 39.117200 -13.046 3.827 0.166 0.214 0.043827 20000 1.000000
236.652000 38.987400 -12.02 2.01 0.175 0.218 0.114319 20000 1.000000
236.796000 39.242000 -11.286 -0.253 0.165 0.213 0.043467 20000 1.000000
236.368000 42.275400 -4.027 -2.461 0.171 0.226 0.035784 20000 1.000000
236.895000 39.319700 -10.457 -1.722 0.171 0.217 0.061278 20000 1.000000
237.041000 38.664700 -10.795 1.669 0.196 0.266 0.116881 20000 1.000000
237.233000 38.428600 -13.696 0.677 0.167 0.215 0.058965 20000 1.000000
237.548000 38.239800 -11.532 1.738 0.168 0.214 0.032215 20000 1.000000
237.083000 38.866100 -10.22 -0.316 0.161 0.207 0.029706 20000 1.000000
237.037000 39.398100 -10.875 3.057 0.21 0.259 -0.001482 20000 1.000000
237.424000 38.777800 -8.598 -1.399 0.175 0.232 0.036647 20000 1.000000
237.281000 39.260000 -7.243 -4.578 0.165 0.212 0.074371 20000 1.000000
237.696000 39.109300 -7.549 -3.647 0.17 0.217 0.031438 20000 1.000000
237.873000 37.069200 -13.021 3.96 0.197 0.243 0.218543 20000 1.000000
238.137000 36.962000 -13.616 4.339 0.188 0.222 0.001132 20000 1.000000
238.009000 37.201700 -11.771 3.161 0.192 0.234 -0.029170 20000 1.000000
238.203000 37.001000 -13.682 3.542 0.254 0.285 0.130605 20000 1.000000
238.274000 37.002400 -13.347 3.118 0.18 0.231 0.060122 20000 1.000000
238.349000 37.104500 -11.446 1.355 0.203 0.237 -0.065437 20000 1.000000
238.286000 37.203500 -13.187 0.598 0.171 0.211 0.088603 20000 1.000000
237.786000 37.329900 -12.39 3.501 0.163 0.204 0.042242 20000 1.000000
237.901000 37.336900 -11.785 2.876 0.168 0.218 0.016087 20000 1.000000
237.900000 37.722000 -10.355 0.077 0.163 0.204 0.028576 20000 1.000000
237.781000 37.863900 -10.737 -1.35 0.168 0.216 0.020772 20000 1.000000
237.942000 37.713900 -9.264 -1.428 0.182 0.224 -0.028491 20000 1.000000
238.174000 37.336800 -10.383 2.249 0.168 0.214 0.046347 20000 1.000000
238.210000 37.533000 -8.733 -1.081 0.164 0.205 0.038623 20000 1.000000
238.313000 37.601800 -7.811 -2.171 0.171 0.211 0.084641 20000 1.000000
238.022000 37.749400 -9.514 -0.786 0.164 0.206 0.032128 20000 1.000000
238.214000 37.819000 -9.406 -3.07 0.169 0.211 0.035404 20000 1.000000
238.095000 36.621700 -14.284 5.466 0.165 0.207 0.032330 20000 1.000000
238.421000 36.724000 -14.479 5.249 0.166 0.206 0.028406 20000 1.000000
238.580000 36.800400 -10.071 2.097 0.164 0.204 0.030294 20000 1.000000
238.409000 36.858500 -13.681 4.157 0.165 0.206 0.022485 20000 1.000000
238.459000 36.814300 -13.617 5.067 0.168 0.206 0.049620 20000 1.000000
238.445000 36.903500 -12.096 2.135 0.168 0.207 0.019873 20000 1.000000
238.613000 36.637000 -14.62 4.213 0.175 0.217 -0.011840 20000 1.000000
238.458000 37.007800 -10.64 1.49 0.18 0.226 0.048156 20000 1.000000
238.426000 37.213000 -7.799 -0.871 0.166 0.205 0.037444 20000 1.000000
238.665000 36.918200 -9.056 -2.752 0.163 0.203 0.039382 20000 1.000000
238.645000 37.010800 -9.235 -2.52 0.187 0.226 -0.008030 20000 1.000000
240.294000 37.713100 -8.275 -5.487 0.172 0.216 0.023321 20000 1.000000
238.812000 36.559500 -12.675 6.463 0.163 0.202 0.034121 20000 1.000000
238.131000 37.975600 -7.455 -3.149 0.166 0.209 0.054447 20000 1.000000
238.936000 36.611600 -5.816 -0.822 0.161 0.201 0.033183 20000 1.000000
238.732000 36.950000 -7.178 -3.588 0.179 0.22 0.071147 20000 1.000000
238.652000 36.811400 -9.272 -2.067 0.166 0.208 0.033351 20000 1.000000
238.942000 37.169600 -7.184 -3.213 0.173 0.215 0.053213 20000 1.000000
238.347000 37.478400 -8.839 -1.878 0.18 0.225 0.039614 20000 1.000000
238.531000 37.489600 -8.923 -0.897 0.162 0.205 0.028653 20000 1.000000
238.675000 37.581900 -7.044 -2.089 0.168 0.213 0.025495 20000 1.000000
238.395000 37.932000 -8.657 -3.56 0.165 0.208 0.035071 20000 1.000000
238.536000 37.755300 -7.414 -3.564 0.168 0.212 0.019228 20000 1.000000
238.717000 37.385400 -8.471 -2.755 0.172 0.22 0.042962 20000 1.000000
237.782000 38.153000 -7.099 -0.31 0.163 0.207 0.014905 20000 1.000000
237.904000 38.025100 -9.426 -0.54 0.17 0.216 -0.018765 20000 1.000000
237.805000 38.444200 -8.133 -3.573 0.174 0.231 0.052438 20000 1.000000
237.645000 38.999500 -8.533 -3.346 0.203 0.227 0.131041 20000 1.000000
238.905000 38.645300 -7.221 -3.667 0.163 0.208 0.038576 20000 1.000000
239.652000 35.544100 -11.699 4.621 0.17 0.209 0.028316 20000 1.000000
239.611000 35.841100 -10.244 4.007 0.172 0.209 0.013380 20000 1.000000
239.655000 35.837800 -8.821 0.753 0.17 0.213 0.032981 20000 1.000000
239.715000 35.806700 -8.721 0.98 0.179 0.22 0.032125 20000 1.000000
239.093000 35.933300 -12.605 4.765 0.164 0.203 0.037975 20000 1.000000
239.019000 36.417200 -8.401 -1.245 0.166 0.208 0.053305 20000 1.000000
239.147000 36.515900 -7.247 -1.885 0.172 0.216 0.023851 20000 1.000000
239.302000 36.024800 -13.122 4.727 0.165 0.21 0.033259 20000 1.000000
239.121000 36.140200 -14.567 5.421 0.164 0.202 0.037049 20000 1.000000
239.251000 36.106800 -13.273 5.101 0.162 0.2 0.039933 20000 1.000000
239.272000 36.178900 -7.558 -1.764 0.162 0.201 0.037604 20000 1.000000
239.355000 35.922800 -12.428 5.043 0.164 0.202 0.026632 20000 1.000000
239.525000 36.007500 -2.662 2.826 0.182 0.215 0.037476 20000 1.000000
239.457000 36.089400 -8.395 -3.413 0.163 0.202 0.038227 20000 1.000000
239.560000 36.123200 -6.824 -1.887 0.164 0.203 0.033410 20000 1.000000
239.158000 35.697100 -13.887 5.289 0.17 0.203 0.078893 20000 1.000000
239.637000 36.051700 -6.978 -1.007 0.167 0.203 0.038146 20000 1.000000
239.448000 35.974100 -12.452 4.238 0.181 0.215 -0.003364 20000 1.000000
239.706000 36.015800 -7.109 -0.674 0.166 0.204 0.028083 20000 1.000000
239.723000 36.304400 1.866 1.553 0.168 0.208 0.034001 20000 1.000000
239.257000 36.806300 -5.874 -3.15 0.165 0.207 0.040072 20000 1.000000
239.803000 37.352200 -7.798 -2.805 0.176 0.221 0.021624 20000 1.000000
239.356000 37.795200 -9.412 -2.257 0.178 0.216 0.056950 20000 1.000000
240.160000 37.901100 -6.023 -1.045 0.183 0.219 -0.045940 20000 1.000000
239.049000 38.090000 -7.824 -2.923 0.171 0.215 0.030935 20000 1.000000
239.666000 38.735600 -6.734 -3.805 0.184 0.216 0.070556 20000 1.000000
241.480000 37.177600 -5.794 -1.471 0.163 0.202 0.047809 20000 1.000000
236.283000 39.863600 -12.696 -0.064 0.203 0.261 -0.035403 20000 1.000000
236.448000 39.905700 -12.125 -2.097 0.205 0.274 -0.027124 20000 1.000000
236.628000 39.452400 -11.359 -1.794 0.165 0.214 0.037812 20000 1.000000
236.705000 39.707100 -11.37 -3.179 0.176 0.224 -0.050254 20000 1.000000
236.813000 39.492800 -11.017 -2.424 0.187 0.259 0.082132 20000 1.000000
236.817000 39.962100 -8.572 -3.597 0.191 0.25 -0.014542 20000 1.000000
236.344000 40.256800 -8.528 -1.065 0.165 0.217 0.048425 20000 1.000000
236.117000 41.151700 -5.257 -1.63 0.168 0.219 0.055871 20000 1.000000
236.301000 40.575300 -6.802 -2.112 0.175 0.225 0.086135 20000 1.000000
236.427000 40.478900 -7.863 -3.91 0.204 0.263 0.252147 20000 1.000000
236.548000 40.082200 -9.956 -1.49 0.161 0.211 0.039462 20000 1.000000
236.864000 40.324100 -7.874 -3.412 0.161 0.211 0.027193 20000 1.000000
236.676000 40.732900 -8.107 -3.472 0.163 0.214 0.005646 20000 1.000000
236.826000 40.546700 -7.715 -4.769 0.165 0.219 0.016282 20000 1.000000
237.024000 39.621400 -9.151 -3.448 0.176 0.215 0.090249 20000 1.000000
237.264000 39.493600 -9.084 -5.328 0.162 0.208 0.024883 20000 1.000000
237.126000 39.726200 -8.443 -3.991 0.167 0.216 0.079064 20000 1.000000
237.077000 40.747600 -7.168 -4.449 0.17 0.221 0.017342 20000 1.000000
237.393000 40.650700 -7.12 -4.622 0.171 0.228 -0.009749 20000 1.000000
236.666000 40.887100 -7.127 -1.731 0.16 0.211 0.030095 20000 1.000000
237.729000 40.271200 -7.904 -4.235 0.174 0.224 -0.028404 20000 1.000000
239.132000 39.794700 -5.476 -3.166 0.163 0.216 0.005562 20000 1.000000
239.052000 41.183300 -5.802 -3.827 0.166 0.22 0.018710 20000 1.000000
237.681000 40.731100 -6.624 -4.968 0.197 0.234 0.086913 20000 1.000000
235.774000 42.209100 -6.556 -2.206 0.168 0.216 0.026610 20000 1.000000
235.946000 42.860100 -4.628 -4.265 0.188 0.246 0.113955 20000 1.000000
236.617000 42.503500 -5.112 -1.836 0.166 0.221 0.037095 20000 1.000000
237.344000 42.191000 -4.331 -2.958 0.166 0.224 0.003851 20000 1.000000
238.220000 42.259700 -3.012 -4.29 0.164 0.215 0.030690 20000 1.000000
239.622000 42.468800 -4.603 -5.207 0.165 0.223 0.013848 20000 1.000000
241.588000 42.254600 -5.429 -5.305 0.161 0.214 0.034895 20000 1.000000
243.371000 36.071300 -4.692 -4.597 0.177 0.22 0.110734 20000 1.000000
242.835000 36.022500 -6.001 -3.729 0.174 0.206 0.033386 20000 1.000000
242.590000 36.159000 -6.431 -2.769 0.177 0.216 0.097822 20000 1.000000
241.868000 36.466800 -5.518 -2.506 0.188 0.236 -0.156507 20000 1.000000
242.211000 36.531200 -5.476 -3.113 0.162 0.202 0.043672 20000 1.000000
241.909000 36.570200 -5.896 -2.599 0.186 0.216 -0.019491 20000 1.000000
241.882000 36.975700 -5.937 -2.698 0.162 0.202 0.049133 20000 1.000000
242.064000 37.231400 -6.204 -3.296 0.17 0.208 0.090125 20000 1.000000
242.606000 34.462400 -8.682 -0.239 0.178 0.208 0.041257 20000 1.000000
242.459000 33.562100 -12.536 3.709 0.238 0.267 0.079076 20000 1.000000
242.895000 32.889200 -13.774 3.77 0.17 0.199 0.035917 20000 1.000000
243.050000 32.733800 -13.797 4.18 0.165 0.194 0.042228 20000 1.000000
242.756000 32.666400 -13.883 4.648 0.182 0.205 0.139597 20000 1.000000
242.810000 33.439600 -12.771 3.729 0.166 0.198 0.050765 20000 1.000000
242.928000 33.235700 -13.588 4.246 0.177 0.203 0.085763 20000 1.000000
243.217000 33.493300 -11.676 2.369 0.168 0.198 0.047040 20000 1.000000
243.651000 32.976000 -12.573 3.393 0.171 0.202 0.050421 20000 1.000000
243.989000 32.822200 -13.325 3.495 0.17 0.199 0.014419 20000 1.000000
243.329000 33.240200 -12.854 2.983 0.174 0.204 0.050251 20000 1.000000
243.431000 33.059200 -14.037 3.493 0.166 0.196 0.040137 20000 1.000000
243.379000 33.375600 -12.414 2.651 0.172 0.203 0.083034 20000 1.000000
243.591000 33.210200 -12.394 3.427 0.181 0.214 0.053641 20000 1.000000
243.817000 33.213500 -10.876 1.641 0.168 0.198 0.049733 20000 1.000000
243.921000 33.201000 -10.118 0.878 0.169 0.199 0.053780 20000 1.000000
243.888000 33.296200 -9.452 0.149 0.172 0.203 -0.004352 20000 1.000000
243.574000 33.523500 -8.687 1.635 0.179 0.205 0.124114 20000 1.000000
243.773000 33.574700 -9.069 -0.73 0.189 0.227 0.063544 20000 1.000000
244.031000 32.887000 -11.489 2.719 0.171 0.201 0.045163 20000 1.000000
244.175000 32.954700 -11.329 2.226 0.171 0.199 0.048840 20000 1.000000
244.268000 32.759700 -10.801 2.638 0.175 0.206 0.058848 20000 1.000000
244.404000 32.750600 -10.099 1.669 0.18 0.207 0.062355 20000 1.000000
244.423000 32.834700 -9.145 1.411 0.177 0.206 0.053490 20000 1.000000
244.430000 32.898400 -10.01 1.277 0.178 0.209 0.071320 20000 1.000000
244.700000 32.690000 -5.46 -2.67 0.169 0.199 0.047938 20000 1.000000
244.602000 32.875800 -4.969 -3.732 0.177 0.208 0.070904 20000 1.000000
244.578000 32.982500 -5.187 -4.46 0.174 0.206 0.064390 20000 1.000000
244.280000 32.948900 -9.727 1.232 0.175 0.204 0.047652 20000 1.000000
244.234000 33.516400 -6.93 -3.483 0.178 0.209 0.109790 20000 1.000000
244.313000 33.423900 -5.205 -3.826 0.177 0.208 0.095613 20000 1.000000
244.571000 33.247800 -5.529 -4.287 0.174 0.205 0.045294 20000 1.000000
244.657000 33.143600 -5.525 -3.465 0.176 0.206 -0.005226 20000 1.000000
244.704000 33.886900 -5.87 -4.355 0.178 0.205 0.055879 20000 1.000000
240.305000 37.562600 -5.369 -0.548 0.186 0.214 0.154751 20000 1.000000
239.350000 34.907300 -14.619 5.398 0.163 0.198 0.036878 20000 1.000000
239.590000 35.010700 -14.537 5.201 0.171 0.207 0.033217 20000 1.000000
239.760000 34.870600 -14.174 4.642 0.167 0.201 0.066053 20000 1.000000
239.617000 35.106200 -13.449 4.885 0.176 0.21 0.123578 20000 1.000000
241.822000 34.376400 -11.868 2.565 0.168 0.203 0.051020 20000 1.000000
239.925000 35.020000 -12.92 5.375 0.163 0.198 0.038723 20000 1.000000
240.208000 34.507800 -13.754 4.818 0.171 0.2 0.028982 20000 1.000000
240.384000 34.630500 -13.823 3.679 0.163 0.198 0.041208 20000 1.000000
240.185000 34.888600 -12.617 3.563 0.162 0.198 0.045730 20000 1.000000
240.464000 35.086600 -10.873 0.599 0.167 0.204 0.075728 20000 1.000000
239.192000 35.425800 -13.982 5.56 0.165 0.201 0.018589 20000 1.000000
239.455000 35.327800 -13.65 5.172 0.168 0.208 0.090283 20000 1.000000
239.646000 35.440500 -12.607 4.714 0.167 0.204 0.024211 20000 1.000000
239.520000 35.624800 -10.946 7.61 0.177 0.217 0.048516 20000 1.000000
239.463000 35.792700 -13.211 4.525 0.167 0.207 0.065168 20000 1.000000
239.733000 35.633800 -11.849 3.534 0.172 0.205 0.077460 20000 1.000000
239.629000 35.747900 -11.411 3.459 0.168 0.206 0.050071 20000 1.000000
237.762000 37.061200 -13.942 5.513 0.166 0.208 0.057151 20000 1.000000
239.899000 35.235100 -13.099 3.964 0.189 0.219 0.098134 20000 1.000000
239.975000 35.279800 -12.595 3.151 0.173 0.215 0.022235 20000 1.000000
240.065000 35.316800 -11.469 2.8 0.169 0.21 0.039731 20000 1.000000
239.887000 35.534200 -11.726 2.562 0.175 0.217 0.035432 20000 1.000000
239.818000 35.702700 -10.074 0.548 0.165 0.202 0.040731 20000 1.000000
239.869000 35.801300 -7.682 -0.665 0.174 0.207 0.050583 20000 1.000000
239.999000 35.686700 -8.476 -0.863 0.17 0.206 -0.006420 20000 1.000000
239.707000 35.688900 -11.368 3.328 0.165 0.203 0.029083 20000 1.000000
240.287000 35.319000 -9.699 0.324 0.175 0.215 0.040753 20000 1.000000
240.091000 35.934700 -7.432 -0.83 0.167 0.203 0.045861 20000 1.000000
240.496000 34.466800 -14.805 2.724 0.163 0.197 0.041711 20000 1.000000
240.674000 34.599600 -13.665 1.814 0.174 0.213 0.125367 20000 1.000000
240.885000 34.660100 -12.724 1.471 0.174 0.207 0.114721 20000 1.000000
240.845000 34.856200 -11.62 0.684 0.24 0.344 -0.024191 20000 1.000000
239.755000 35.686700 -11.963 3.686 0.171 0.207 0.030383 20000 1.000000
241.121000 34.835100 -9.893 0.537 0.166 0.201 0.054435 20000 1.000000
241.152000 34.792300 -10.34 2.867 0.171 0.212 0.045617 20000 1.000000
241.331000 34.695000 -12.244 1.891 0.175 0.211 0.116430 20000 1.000000
241.454000 34.771100 -9.93 1.401 0.168 0.204 0.051396 20000 1.000000
241.344000 34.944400 -8.585 0.052 0.172 0.21 0.002325 20000 1.000000
241.388000 35.138600 -7.852 -0.838 0.166 0.202 0.020335 20000 1.000000
241.459000 34.821800 -8.917 0.067 0.175 0.208 0.043054 20000 1.000000
241.811000 34.982100 -6.932 0.056 0.166 0.2 0.041388 20000 1.000000
241.876000 35.378000 -7.594 -1.531 0.167 0.202 0.033320 20000 1.000000
241.740000 35.667300 -6.67 -1.955 0.173 0.206 0.048315 20000 1.000000
241.233000 36.231400 -6.528 -2.751 0.173 0.206 0.107651 20000 1.000000
241.045000 36.585500 -7.066 -1.93 0.164 0.203 0.044200 20000 1.000000
241.740000 36.093100 -7.065 -1.857 0.167 0.202 0.044260 20000 1.000000
241.994000 35.038800 -6.675 -0.737 0.166 0.201 0.053591 20000 1.000000
242.271000 34.509700 -8.893 0.741 0.168 0.201 0.042378 20000 1.000000
242.451000 34.634300 -7.735 -0.173 0.166 0.202 0.046599 20000 1.000000
242.457000 34.987000 -7.12 -1.124 0.17 0.205 0.086550 20000 1.000000
243.048000 33.892600 -9.749 1.308 0.165 0.197 0.047912 20000 1.000000
243.454000 34.019300 -7.909 0.343 0.167 0.199 0.037697 20000 1.000000
242.719000 34.534800 -8.358 -0.322 0.191 0.212 -0.054580 20000 1.000000
241.969000 34.332200 -11.854 1.603 0.17 0.205 0.056937 20000 1.000000
242.635000 35.116800 -6.246 -1.149 0.172 0.207 0.032969 20000 1.000000
241.983000 35.152400 -6.921 -0.486 0.167 0.202 0.040835 20000 1.000000
242.697000 35.238500 -6.321 -1.614 0.169 0.203 0.062905 20000 1.000000
242.795000 35.387900 -6.185 -2.39 0.164 0.199 0.053061 20000 1.000000
242.610000 35.896700 -6.281 -3.353 0.181 0.222 0.020561 20000 1.000000
242.597000 35.697600 -6.121 -2.882 0.169 0.205 0.046782 20000 1.000000
243.111000 35.998200 -5.651 -3.528 0.175 0.206 0.041168 20000 1.000000
243.112000 35.710600 -6.123 -2.952 0.165 0.203 0.051299 20000 1.000000
243.290000 34.192500 -7.873 -0.541 0.17 0.201 0.028034 20000 1.000000
243.463000 34.217200 -6.472 -0.842 0.17 0.201 0.063763 20000 1.000000
243.788000 33.865800 -7.04 -2.12 0.166 0.199 0.059946 20000 1.000000
243.920000 33.959300 -6.001 -2.821 0.169 0.199 0.051426 20000 1.000000
239.772000 35.729200 -9.85 0.82 0.167 0.203 0.054442 20000 1.000000
243.971000 34.716900 -5.401 -3.963 0.173 0.205 0.021523 20000 1.000000
243.329000 34.936800 -6.557 -2.749 0.17 0.206 0.060251 20000 1.000000
242.063000 34.341100 -10.993 1.587 0.181 0.221 0.033378 20000 1.000000
243.120000 34.462100 -7.812 -0.427 0.167 0.2 0.051131 20000 1.000000
244.179000 33.741000 -6.42 -3.015 0.179 0.211 0.066180 20000 1.000000
243.107000 34.062700 -8.682 0.186 0.181 0.219 0.009262 20000 1.000000
244.236000 34.425700 -5.384 -3.95 0.209 0.223 0.081681 20000 1.000000
244.350000 35.204800 -5.252 -4.298 0.172 0.205 0.027113 20000 1.000000
242.685000 34.187400 -10.332 0.871 0.172 0.207 0.093006 20000 1.000000
242.950000 34.196200 -8.132 1.022 0.201 0.209 0.124692 20000 1.000000
244.750000 34.731800 -6.367 -4.44 0.212 0.258 0.104201 20000 1.000000
243.237000 35.204600 -5.321 -3.202 0.167 0.201 0.055435 20000 1.000000
242.107000 35.424600 -7.479 -0.814 0.168 0.203 0.046109 20000 1.000000
243.428000 35.320600 -5.835 -3.557 0.167 0.204 0.043431 20000 1.000000
243.896000 35.141900 -5.737 -4.271 0.178 0.207 0.025371 20000 1.000000
243.878000 35.526000 -3.873 -3.789 0.169 0.205 0.047187 20000 1.000000
243.855000 35.785400 -5.453 -4.81 0.168 0.204 0.035884 20000 1.000000
244.456000 35.472800 -5.504 -4.533 0.167 0.205 0.057122 20000 1.000000
244.634000 35.163000 -5.133 -4.995 0.176 0.213 0.039408 20000 1.000000
245.401000 34.188900 -5.08 -4.084 0.173 0.206 0.061060 20000 1.000000
245.035000 34.844400 -4.808 -4.452 0.174 0.208 0.040052 20000 1.000000
244.762000 35.291100 -5.16 -4.543 0.168 0.203 0.044860 20000 1.000000
241.621000 37.973100 -5.314 -3.458 0.172 0.216 0.018693 20000 1.000000
241.000000 37.613000 -6.944 -1.028 0.168 0.209 0.004096 20000 1.000000
241.084000 37.605300 -7.021 -2.94 0.173 0.225 0.016443 20000 1.000000
240.914000 37.785700 -6.957 -2.246 0.202 0.234 -0.062964 20000 1.000000
240.967000 37.913500 -6.211 -0.768 0.163 0.205 0.045031 20000 1.000000
240.974000 37.696600 -7.734 -2.122 0.201 0.234 0.169704 20000 1.000000
240.862000 37.839300 -5.934 -2.617 0.177 0.215 0.063954 20000 1.000000
240.853000 37.962800 -5.864 -1.849 0.164 0.204 0.044991 20000 1.000000
240.916000 37.914100 -4.828 -1.442 0.165 0.206 0.048306 20000 1.000000
241.056000 37.734300 -6.755 -0.487 0.164 0.207 0.044318 20000 1.000000
241.131000 37.654600 -4.262 -1.678 0.166 0.21 0.042938 20000 1.000000
241.040000 37.891700 -6.384 -1.459 0.173 0.211 0.031631 20000 1.000000
241.148000 37.878200 -5.884 -2.006 0.165 0.206 0.035026 20000 1.000000
241.183000 37.591400 -5.388 -1.433 0.168 0.221 0.100464 20000 1.000000
241.302000 37.561600 -5.405 -2.389 0.172 0.231 0.030936 20000 1.000000
241.316000 37.495400 -4.92 -2.376 0.162 0.202 0.044492 20000 1.000000
241.180000 37.677000 -4.645 -1.819 0.165 0.208 0.043819 20000 1.000000
241.232000 37.754400 -4.767 -2.594 0.174 0.225 0.096847 20000 1.000000
240.981000 37.800000 -6.663 -1.596 0.169 0.21 0.079593 20000 1.000000
241.264000 37.903500 -4.716 -1.379 0.167 0.209 0.031606 20000 1.000000
241.445000 37.891300 -6.08 -2.848 0.174 0.21 0.103861 20000 1.000000
241.762000 37.589200 -5.837 -4.063 0.164 0.205 0.046523 20000 1.000000
241.528000 37.737500 -4.974 -3.134 0.174 0.214 0.067720 20000 1.000000
240.850000 38.057900 -5.905 -3.056 0.172 0.211 0.046578 20000 1.000000
237.804000 41.344800 -13.501 20.374 0.186 0.253 0.094876 20000 1.000000
237.706000 41.381200 -5.73 -3.568 0.174 0.22 0.095165 20000 1.000000
237.809000 41.479200 -5.637 -4.594 0.163 0.226 -0.003264 20000 1.000000
237.687000 41.463600 -5.29 -4.086 0.166 0.228 -0.003832 20000 1.000000
237.847000 41.531900 -5.285 -3.752 0.202 0.236 0.085720 20000 1.000000
238.493000 41.711600 -4.897 -4.345 0.163 0.215 0.037920 20000 1.000000
246.132000 42.878900 -4.907 -4.917 0.163 0.217 0.030393 20000 1.000000
241.275000 37.380400 -2.468 -1.646 0.233 0.26 0.211957 20000 1.000000
241.439000 37.439500 -5.143 -2.797 0.178 0.216 0.059513 20000 1.000000
240.254000 37.088900 -7.478 -2.222 0.171 0.21 0.097805 20000 1.000000
241.853000 37.280500 -5.715 -3.826 0.166 0.207 0.062439 20000 1.000000
239.172000 41.359200 -5.719 -4.21 0.187 0.241 -0.034634 20000 1.000000
239.527000 41.332500 -6.094 -3.921 0.166 0.217 0.041049 20000 1.000000
235.587000 42.442000 -3.776 -2.725 0.168 0.225 -0.034544 20000 1.000000
235.707000 42.076600 -4.548 -3.102 0.171 0.22 0.055712 20000 1.000000
238.120000 42.579800 -4.514 -4.573 0.167 0.22 0.019876 20000 1.000000
237.390000 42.727100 -3.179 -3.434 0.279 0.351 0.148444 20000 1.000000
240.341000 42.546100 -5.16 -4.956 0.164 0.22 0.029054 20000 1.000000
242.275000 42.020200 -7.26 -6.19 0.167 0.219 0.041809 20000 1.000000
243.404000 33.598200 -11.042 0.296 0.244 0.297 -0.079331 20000 1.000000
243.397000 33.495500 -14.106 2.811 0.23 0.273 0.059378 20000 1.000000
244.492000 32.829400 -11.663 2.432 0.172 0.2 0.045322 20000 1.000000
239.784000 35.693800 -10.053 1.195 0.184 0.22 0.087972 20000 1.000000
237.579000 41.830800 0.241 -3.93 0.176 0.231 0.085093 20000 1.000000
236.019000 41.845500 -4.342 -2.576 0.184 0.271 -0.038177 20000 1.000000
238.521000 36.744300 -11.529 4.774 0.177 0.216 0.077155 20000 1.000000
239.528000 35.946600 -9.885 1.702 0.183 0.218 0.093211 20000 1.000000
239.485000 35.929100 -12.256 1.802 0.218 0.289 0.055267 20000 1.000000
236.427000 40.478800 -5.212 -3.341 0.199 0.259 0.242023 20000 1.000000
237.036000 39.845700 -7.663 -2.867 0.161 0.211 0.010291 20000 1.000000
243.852000 34.508100 -5.504 -3.742 0.166 0.199 0.047704 20000 1.000000
245.241000 32.497900 -3.826 -4.787 0.176 0.201 0.054365 20000 1.000000
243.407000 33.537300 -11.492 1.773 0.178 0.214 0.103541 20000 1.000000
241.651000 34.021700 -12.934 3.702 0.175 0.216 0.065616 20000 1.000000
241.379000 34.836000 -8.422 0.159 0.169 0.205 0.042528 20000 1.000000
241.983000 35.152400 -6.287 0.405 0.169 0.205 0.045109 20000 1.000000
241.983000 35.152500 -6.917 -0.619 0.169 0.205 0.047940 20000 1.000000
243.936000 31.559100 -15.755 4.786 0.175 0.199 0.120029 20000 1.000000
238.728000 35.709000 -14.193 5.355 0.187 0.229 0.034779 20000 1.000000
242.077000 34.508200 -9.613 1.535 0.173 0.209 0.056693 20000 1.000000
244.450000 32.490100 -10.659 3.927 0.172 0.208 0.013277 20000 1.000000
242.305000 34.925400 -7.605 -0.103 0.172 0.208 0.012369 20000 1.000000
244.116000 32.417000 -13.062 4.361 0.167 0.195 0.047607 20000 1.000000
243.076000 33.687100 -10.71 1.922 0.164 0.195 0.049784 20000 1.000000
239.522000 35.919900 -17.259 -0.488 0.172 0.211 0.083994 20000 1.000000
242.818000 33.835700 -11.829 2.644 0.189 0.215 0.049622 20000 1.000000
243.506000 33.819200 -8.279 0.467 0.178 0.209 0.046111 20000 1.000000
242.193000 34.091800 -12.291 2.377 0.17 0.213 0.040031 20000 1.000000
244.165000 31.313100 -15.195 6.548 0.167 0.194 0.038709 20000 1.000000
244.543000 32.377900 -10.631 2.891 0.166 0.194 0.042803 20000 1.000000
241.596000 33.743300 -13.153 4.377 0.168 0.199 0.055660 20000 1.000000
238.863000 36.161100 -13.854 5.019 0.17 0.207 0.054512 20000 1.000000
241.755000 34.628700 -9.887 1.125 0.187 0.226 0.011229 20000 1.000000
239.056000 39.974600 -4.337 -2.369 0.185 0.239 0.002339 20000 1.000000
242.317000 35.338700 -6.537 -0.67 0.166 0.202 0.050048 20000 1.000000
240.280000 34.500000 -14.556 3.509 0.169 0.205 0.035189 20000 1.000000
243.375000 34.643900 -7.436 -2.074 0.169 0.2 0.035227 20000 1.000000
241.974000 34.019100 -13.219 2.555 0.192 0.227 0.002764 20000 1.000000
242.391000 33.674100 -16.23 4.273 0.177 0.21 0.069082 20000 1.000000
242.445000 33.485800 -12.779 4.094 0.172 0.202 0.068732 20000 1.000000
239.475000 35.900000 -19.337 5.429 0.178 0.222 0.013484 20000 1.000000
241.807000 34.875100 -7.882 0.23 0.178 0.212 0.072008 20000 1.000000
240.816000 34.541500 -13.028 0.678 0.19 0.224 0.121063 20000 1.000000
243.350000 36.316300 -5.455 -3.692 0.245 0.291 0.036134 20000 1.000000
238.442000 37.666500 -7.878 -2.654 0.166 0.208 0.024128 20000 1.000000
241.245000 34.459800 -11.904 2.087 0.188 0.232 0.052676 20000 1.000000
242.138000 34.205600 -11.359 1.533 0.214 0.222 -0.027133 20000 1.000000
244.274000 32.649300 -11.946 2.568 0.198 0.235 0.038020 20000 1.000000
239.775000 40.591700 -6.015 -3.769 0.17 0.224 0.018231 20000 1.000000
240.984000 41.868400 -5.475 -5.11 0.177 0.23 0.118715 20000 1.000000
243.701000 35.971300 -5.615 -4.632 0.178 0.21 0.001684 20000 1.000000
241.521000 34.438600 -11.041 2.587 0.205 0.242 0.028991 20000 1.000000
243.746000 33.192600 -10.846 2.821 0.168 0.199 0.043202 20000 1.000000
240.116000 39.314300 -5.606 -3.965 0.166 0.216 0.018238 20000 1.000000
244.022000 33.292200 -8.558 0.239 0.176 0.204 0.058264 20000 1.000000
240.476000 33.247900 -20.02 10.295 0.172 0.213 0.017368 20000 1.000000
240.936000 34.319900 -13.133 4.146 0.165 0.199 0.041691 20000 1.000000
241.354000 34.059300 -13.665 3.163 0.17 0.202 0.010868 20000 1.000000
242.151000 33.992700 -11.861 2.652 0.179 0.211 0.072276 20000 1.000000
239.935000 34.004300 -14.563 6.141 0.175 0.206 0.034617 20000 1.000000
239.640000 35.917400 -11.275 -2.431 0.198 0.228 0.129935 20000 1.000000
241.585000 35.158200 -7.215 -0.826 0.165 0.202 0.045403 20000 1.000000
243.923000 33.650600 -6.848 -1.415 0.172 0.204 0.082374 20000 1.000000
242.233000 33.549600 -13.237 3.767 0.229 0.252 0.034900 20000 1.000000
243.770000 36.934800 -5.088 -4.104 0.164 0.202 0.065545 20000 1.000000
239.867000 34.483500 -13.722 3.568 0.173 0.212 0.034342 20000 1.000000
243.839000 33.641200 -8.076 1.307 0.175 0.205 0.056780 20000 1.000000
246.368000 31.335500 -5.022 -4.827 0.172 0.194 0.032366 20000 1.000000
242.951000 39.542200 -5.096 -5.116 0.173 0.214 0.126270 20000 1.000000
242.816000 38.097200 -5.849 -4.213 0.164 0.207 0.035721 20000 1.000000
241.669000 33.797800 -13.458 4.27 0.174 0.208 0.044008 20000 1.000000
241.163000 34.248000 -13.319 4.251 0.173 0.205 0.104059 20000 1.000000
241.771000 34.878900 -8.087 0.335 0.178 0.219 -0.014593 20000 1.000000
235.849000 41.053900 -4.106 -1.156 0.167 0.219 0.004285 20000 1.000000
241.558000 34.069100 -13.79 3.008 0.186 0.213 0.084000 20000 1.000000
240.156000 34.413300 -14.608 4.351 0.191 0.234 -0.005122 20000 1.000000
241.198000 39.627100 -5.877 -4.768 0.17 0.218 0.053968 20000 1.000000
243.915000 33.030100 -12.184 2.678 0.17 0.201 0.056532 20000 1.000000
240.516000 34.851500 -11.282 2.393 0.181 0.218 0.058347 20000 1.000000
238.053000 38.394500 -6.545 -5.074 0.166 0.212 0.026216 20000 1.000000
241.780000 34.178600 -12.076 2.143 0.215 0.231 0.141699 20000 1.000000
241.486000 34.126400 -16.266 1.1 0.166 0.201 0.063350 20000 1.000000
241.516000 34.293200 -11.616 2.754 0.184 0.217 0.048898 20000 1.000000
239.384000 34.556300 -14.487 10.392 0.17 0.205 0.056308 20000 1.000000
241.879000 34.501500 -11.001 2.163 0.181 0.214 0.062184 20000 1.000000
241.706000 33.712600 -12.86 5.028 0.171 0.205 0.031333 20000 1.000000
242.807000 33.225000 -12.938 4.159 0.189 0.223 0.064186 20000 1.000000
241.346000 37.664300 -5.042 -2.715 0.184 0.23 0.067631 20000 1.000000
241.016000 35.010800 -9.974 1.858 0.19 0.226 0.010918 20000 1.000000
243.608000 33.934800 -6.768 -1.014 0.185 0.218 0.043464 20000 1.000000
241.258000 34.568500 -11.765 -0.088 0.183 0.218 0.175882 20000 1.000000
241.586000 34.259400 -12.674 2.578 0.198 0.241 0.042363 20000 1.000000
244.418000 33.038300 -7.603 -1.657 0.171 0.202 0.057731 20000 1.000000
243.068000 34.669000 -7.632 -1.496 0.184 0.22 -0.058780 20000 1.000000
241.572000 33.958200 -12.558 4.22 0.235 0.254 -0.267660 20000 1.000000
244.421000 33.278800 -5.557 -4.417 0.174 0.204 0.044904 20000 1.000000
243.346000 33.955300 -8.667 0.479 0.174 0.204 0.035428 20000 1.000000
243.111000 35.425200 -6.221 -4.287 0.183 0.22 0.043418 20000 1.000000
243.920000 35.287000 -5.5 -3.994 0.172 0.208 0.051349 20000 1.000000
