242.907000 34.116400 -6.125 5.793 0.214 0.25 -0.024140 20000 1.000000
243.571000 34.594300 -6.393 -0.951 0.167 0.206 0.026264 20000 1.000000
241.305000 34.824500 -9.297 1.698 0.175 0.214 0.032997 20000 1.000000
242.103000 34.126000 -11.842 4.481 0.269 0.307 0.042261 20000 1.000000
242.795000 40.412800 -5.21 -3.159 0.165 0.214 0.040900 20000 1.000000
240.970000 33.480500 -14.247 7.922 0.192 0.226 -0.007981 20000 1.000000
243.116000 34.264300 -7.917 1.486 0.189 0.235 0.111772 20000 1.000000
240.594000 34.920500 -11.417 4.463 0.166 0.205 0.014339 20000 1.000000
244.002000 34.000500 -5.793 -1.492 0.169 0.204 0.038039 20000 1.000000
242.935000 33.578200 -12.34 5.302 0.171 0.203 0.032556 20000 1.000000
243.920000 35.287000 -5.427 -3.954 0.171 0.21 0.053832 20000 1.000000
245.285000 33.610400 -4.846 -3.354 0.169 0.205 0.028892 20000 1.000000
243.947000 34.251400 -5.315 -1.96 0.17 0.205 0.043968 20000 1.000000
241.723000 34.184900 -8.406 3.056 0.293 0.332 0.001995 20000 1.000000
242.988000 34.918600 -6.173 0.975 0.171 0.209 0.059147 20000 1.000000
241.812000 34.292800 -9.565 1.815 0.247 0.259 -0.278008 20000 1.000000
242.156000 42.779500 -6.289 -3.855 0.167 0.227 0.040591 20000 1.000000
240.653000 35.157300 -10.398 1.688 0.171 0.213 0.055506 20000 1.000000
235.437000 42.836100 -3.569 1.459 0.173 0.232 0.022867 20000 1.000000
244.010000 33.655100 -7.472 -0.868 0.279 0.314 0.044730 20000 1.000000
239.566000 35.939400 -7.179 3.67 0.167 0.208 0.009099 20000 1.000000
239.569000 35.888400 -11.167 8.01 0.195 0.232 0.036817 20000 1.000000
241.666000 33.311600 -14.071 7.242 0.165 0.199 0.045707 20000 1.000000
241.517000 33.445800 -14.443 7.452 0.168 0.205 0.012365 20000 1.000000
241.370000 34.138600 -12.816 6.531 0.212 0.238 0.141948 20000 1.000000
242.329000 35.565300 -6.272 -0.386 0.173 0.214 0.038349 20000 1.000000
241.789000 33.876300 -15.328 7.285 0.177 0.216 0.101105 20000 1.000000
240.987000 34.806400 -10.918 3.673 0.185 0.245 -0.088789 20000 1.000000
243.664000 34.829500 -7.539 -2.537 0.183 0.217 0.012795 20000 1.000000
242.035000 34.244000 -13.224 -0.635 0.197 0.254 -0.081786 20000 1.000000
237.881000 37.724100 -10.538 2.109 0.201 0.252 0.036248 20000 1.000000
241.974000 34.333400 -11.453 4.363 0.196 0.23 0.082874 20000 1.000000
242.172000 34.640500 -10.083 3.372 0.183 0.224 0.011439 20000 1.000000
241.063000 34.109600 -13.614 6.381 0.183 0.23 0.081361 20000 1.000000
241.873000 34.136700 -12.802 3.728 0.167 0.203 0.035957 20000 1.000000
242.521000 34.313800 -9.329 3.349 0.194 0.232 0.163320 20000 1.000000
242.291000 34.109900 -12.401 6.143 0.197 0.235 0.009765 20000 1.000000
245.126000 40.558400 -6.345 -3.885 0.18 0.221 0.092294 20000 1.000000
240.120000 34.414900 -14.666 6.047 0.172 0.21 -0.007775 20000 1.000000
242.427000 35.071700 -6.485 0.648 0.174 0.21 0.086957 20000 1.000000
239.249000 35.791600 -12.958 7.668 0.172 0.211 0.028306 20000 1.000000
244.265000 33.069800 -8.265 0.916 0.177 0.213 0.028589 20000 1.000000
240.961000 34.168400 -14.671 6.82 0.167 0.203 0.047559 20000 1.000000
241.743000 33.861500 -14.8 6.107 0.167 0.205 0.037950 20000 1.000000
241.476000 34.253600 -12.816 5.087 0.179 0.219 0.065365 20000 1.000000
240.629000 34.408100 -14.12 5.315 0.189 0.234 0.015970 20000 1.000000
241.387000 34.516500 -12.173 3.662 0.173 0.209 0.027940 20000 1.000000
243.630000 34.124100 -5.759 0.427 0.182 0.218 0.008791 20000 1.000000
242.098000 34.082000 -11.51 4.755 0.19 0.234 -0.012665 20000 1.000000
244.212000 33.389800 -7.866 -0.82 0.186 0.226 0.042987 20000 1.000000
242.140000 34.413400 -11.597 3.26 0.169 0.22 0.036009 20000 1.000000
242.588000 33.647700 -13.508 6.226 0.165 0.2 0.042010 20000 1.000000
241.170000 34.946200 -9.96 1.779 0.177 0.219 0.039277 20000 1.000000
245.061000 39.345200 -6.105 -3.194 0.176 0.222 0.031106 20000 1.000000
244.183000 40.914700 -5.234 -3.468 0.163 0.215 0.048071 20000 1.000000
241.574000 34.703100 -8.545 1.356 0.174 0.213 0.042701 20000 1.000000
242.474000 34.104200 -11.413 4.091 0.188 0.232 0.062918 20000 1.000000
239.991000 34.733000 -14.996 7.531 0.17 0.205 0.064028 20000 1.000000
243.064000 34.093600 -7.571 2.587 0.198 0.294 0.137094 20000 1.000000
241.116000 34.356300 -13.699 5.986 0.167 0.203 0.033335 20000 1.000000
246.195000 39.369400 -5.886 -3.703 0.17 0.215 0.041418 20000 1.000000
241.641000 34.080600 -13.371 5.346 0.32 0.388 -0.030216 20000 1.000000
241.107000 34.800200 -10.869 3.016 0.189 0.229 0.053884 20000 1.000000
240.644000 40.416500 -5.326 -2.12 0.168 0.221 0.005647 20000 1.000000
240.136000 35.189400 -12.244 6.042 0.169 0.213 0.015755 20000 1.000000
244.479000 33.274800 -5.334 -3.045 0.176 0.21 0.046300 20000 1.000000
245.173000 33.051100 -4.711 -3.09 0.23 0.259 -0.046726 20000 1.000000
244.340000 34.784000 -4.892 -3.477 0.191 0.238 0.035656 20000 1.000000
245.810000 34.308600 -5.108 -2.601 0.174 0.209 0.056864 20000 1.000000
243.111000 35.425200 -5.31 0.684 0.173 0.213 0.022770 20000 1.000000
245.820000 40.640200 -5.599 -3.334 0.165 0.215 0.054844 20000 1.000000
239.584000 36.399000 -8.254 -0.178 0.209 0.253 0.027610 20000 1.000000
241.887000 34.047400 -13.229 4.95 0.177 0.214 0.068443 20000 1.000000
239.318000 34.469400 -16.887 9.863 0.164 0.201 0.044414 20000 1.000000
241.714000 33.783600 -13.727 5.942 0.197 0.246 -0.028224 20000 1.000000
243.570000 34.754800 -6.021 -1.457 0.17 0.207 0.063679 20000 1.000000
238.530000 40.815900 -4.924 -0.861 0.168 0.222 0.028475 20000 1.000000
244.365000 33.705000 -6.118 -2.396 0.188 0.23 0.028868 20000 1.000000
239.520000 35.866700 -11.645 5.881 0.194 0.25 0.063903 20000 1.000000
242.155000 34.458200 -9.132 4.185 0.174 0.213 0.034929 20000 1.000000
239.598000 35.880800 -8.95 2.972 0.18 0.221 0.134469 20000 1.000000
240.812000 34.441200 -13.724 4.498 0.176 0.218 0.029199 20000 1.000000
244.089000 34.727300 -5.025 -3.154 0.172 0.211 0.063368 20000 1.000000
243.779000 33.796800 -6.633 0.667 0.176 0.216 0.082607 20000 1.000000
244.855000 34.157600 -4.555 -3.292 0.172 0.209 0.085497 20000 1.000000
241.526000 35.662300 -7.19 -0.544 0.187 0.234 0.002637 20000 1.000000
240.992000 34.398500 -14.572 7.607 0.18 0.219 0.052929 20000 1.000000
243.827000 33.925400 -6.775 -1.291 0.18 0.218 0.045534 20000 1.000000
242.165000 34.485500 -9.078 2.7 0.173 0.211 0.028896 20000 1.000000
243.060000 35.090200 -6.961 -0.446 0.171 0.207 0.047075 20000 1.000000
242.246000 34.133300 -12.042 4.194 0.172 0.208 0.070602 20000 1.000000
239.406000 35.828700 -12.805 6.319 0.172 0.213 0.069191 20000 1.000000
242.454000 34.314900 -10.066 2.204 0.189 0.235 0.126102 20000 1.000000
240.896000 34.733600 -9.551 2.32 0.171 0.216 0.022174 20000 1.000000
239.557000 35.832600 -11.865 5.849 0.169 0.209 0.038729 20000 1.000000
242.563000 33.856800 -11.842 4.967 0.169 0.205 0.014421 20000 1.000000
238.778000 42.418300 -5.441 -1.414 0.234 0.317 0.037991 20000 1.000000
239.241000 36.186900 -9.748 -0.879 0.173 0.211 0.094521 20000 1.000000
239.233000 36.180500 -14.086 7.199 0.171 0.21 0.046380 20000 1.000000
239.649000 34.038300 -14.745 7.064 0.172 0.211 -0.022162 20000 1.000000
243.904000 40.148400 -5.764 -3.305 0.171 0.224 -0.022235 20000 1.000000
242.682000 33.918400 -11.658 4.661 0.17 0.204 0.055501 20000 1.000000
239.566000 35.969500 -7.353 2.4 0.175 0.208 -0.010249 20000 1.000000
244.588000 40.710700 -5.74 -3.467 0.169 0.231 0.036875 20000 1.000000
241.122000 34.295500 -13.159 6.229 0.193 0.229 0.028069 20000 1.000000
242.118000 34.175200 -11.737 4.107 0.239 0.267 -0.258520 20000 1.000000
242.790000 34.230800 -9.375 1.649 0.225 0.246 0.222750 20000 1.000000
245.381000 34.767700 -5.01 -3.478 0.185 0.224 0.053792 20000 1.000000
242.491000 39.685600 -5.859 -2.846 0.171 0.22 0.033312 20000 1.000000
240.859000 34.498700 -13.355 5.206 0.167 0.205 0.017318 20000 1.000000
243.932000 34.141000 -5.093 -1.169 0.171 0.206 0.071283 20000 1.000000
244.082000 34.369900 -5.216 -2.804 0.172 0.209 0.000999 20000 1.000000
243.695000 34.427700 -5.287 -1.408 0.174 0.215 -0.015075 20000 1.000000
243.708000 34.533000 -5.995 -1.154 0.173 0.211 0.018038 20000 1.000000
243.185000 34.674900 -7.702 0.588 0.168 0.205 0.056182 20000 1.000000
241.793000 34.128800 -13.294 3.187 0.171 0.209 0.029528 20000 1.000000
240.647000 34.683400 -13.7 4.449 0.192 0.237 -0.014257 20000 1.000000
242.814000 39.521100 -5.93 -3.597 0.168 0.216 0.046409 20000 1.000000
245.995000 32.722500 -4.27 -2.367 0.174 0.206 0.086940 20000 1.000000
244.721000 39.910200 -6.295 -3.888 0.187 0.229 0.020928 20000 1.000000
245.543000 36.154200 -0.19 -2.779 0.181 0.215 0.048141 20000 1.000000
245.180000 41.724200 -5.38 -3.649 0.165 0.218 0.024733 20000 1.000000
242.670000 41.428700 -5.672 -3.509 0.164 0.218 0.050139 20000 1.000000
242.935000 42.981700 -5.943 -3.476 0.163 0.223 0.018519 20000 1.000000
235.925000 40.876300 -5.337 1.832 0.218 0.27 0.079768 20000 1.000000
236.274000 38.928300 -13.824 7.58 0.165 0.211 0.006563 20000 1.000000
237.585000 40.997600 -6.455 -1.434 0.229 0.312 -0.052437 20000 1.000000
235.986000 42.967400 -3.648 0.372 0.17 0.234 0.063080 20000 1.000000
243.830000 32.616500 -15.225 6.01 0.168 0.2 0.035286 20000 1.000000
238.997000 35.551800 -13.868 8.656 0.167 0.207 0.042831 20000 1.000000
242.015000 39.305600 -5.687 -2.864 0.171 0.223 0.021887 20000 1.000000
242.395000 39.287900 -5.235 -3.028 0.168 0.214 0.040801 20000 1.000000
243.576000 39.500500 -5.38 -2.989 0.164 0.218 0.061401 20000 1.000000
243.950000 39.546400 -6.221 -3.412 0.168 0.214 0.068029 20000 1.000000
244.111000 39.374200 -5.363 -3.893 0.165 0.213 0.060944 20000 1.000000
244.487000 39.536100 -5.688 -2.547 0.198 0.256 0.073152 20000 1.000000
244.568000 39.388600 -6.916 -3.142 0.161 0.21 0.044948 20000 1.000000
242.120000 40.433400 -6.249 -2.542 0.168 0.218 0.077251 20000 1.000000
245.308000 39.255200 -7.549 -4.159 0.17 0.215 0.100819 20000 1.000000
245.723000 39.119400 -3.719 -1.64 0.17 0.222 0.061623 20000 1.000000
246.129000 39.067300 -5.036 -3.017 0.166 0.214 0.039461 20000 1.000000
246.495000 39.268900 -5.761 -3.161 0.165 0.217 0.060681 20000 1.000000
242.532000 40.320600 -5.626 -3.333 0.172 0.22 0.006234 20000 1.000000
246.946000 40.494000 -6.863 -3.671 0.164 0.215 0.059437 20000 1.000000
243.264000 40.495500 -6.499 -3.104 0.172 0.221 0.014892 20000 1.000000
243.721000 40.363200 -6.397 -3.299 0.165 0.217 0.051434 20000 1.000000
240.200000 39.572800 -5.356 -1.473 0.167 0.216 0.033293 20000 1.000000
242.469000 36.614300 -5.641 -1.436 0.166 0.206 0.038663 20000 1.000000
242.593000 36.804200 -5.816 -1.701 0.162 0.204 0.043969 20000 1.000000
242.006000 36.606000 -6.159 -1.27 0.179 0.217 0.139048 20000 1.000000
242.296000 37.200800 -5.982 -2.588 0.167 0.21 0.046689 20000 1.000000
240.463000 39.698400 -5.531 -2.349 0.174 0.224 0.048500 20000 1.000000
240.694000 39.795600 -5.692 -2.217 0.177 0.232 0.109915 20000 1.000000
241.126000 39.838800 -5.314 -2.438 0.173 0.221 0.019470 20000 1.000000
241.316000 39.888900 -5.638 -2.119 0.169 0.22 0.026891 20000 1.000000
241.841000 39.212300 -6.09 -2.473 0.163 0.211 0.051356 20000 1.000000
246.706000 41.856800 -5.385 -2.909 0.174 0.231 0.089395 20000 1.000000
246.958000 39.345100 -5.877 -3.605 0.168 0.214 0.050317 20000 1.000000
246.988000 41.817300 -6.352 -2.918 0.165 0.218 0.039863 20000 1.000000
246.722000 40.671300 -6.135 -3.545 0.169 0.221 0.048282 20000 1.000000
240.400000 39.499200 -4.991 -0.997 0.184 0.226 0.092722 20000 1.000000
240.931000 39.486100 -6.321 -2.114 0.169 0.218 0.043277 20000 1.000000
241.550000 39.133900 -5.44 -1.539 0.167 0.217 0.046013 20000 1.000000
241.062000 39.268000 -5.605 -2.218 0.175 0.224 0.033410 20000 1.000000
241.649000 39.454700 -6.524 -2.46 0.168 0.218 0.082019 20000 1.000000
241.995000 38.728800 -5.606 -2.527 0.168 0.214 0.053485 20000 1.000000
241.540000 38.724600 -6.062 -2.615 0.168 0.217 0.045398 20000 1.000000
241.070000 38.980900 -5.242 -1.728 0.163 0.214 0.045935 20000 1.000000
240.985000 38.704600 -6.38 -1.568 0.172 0.222 -0.020774 20000 1.000000
240.541000 38.761400 -5.763 -0.492 0.173 0.218 -0.026495 20000 1.000000
240.523000 40.779800 -5.749 -2.623 0.183 0.228 0.126647 20000 1.000000
240.990000 40.242200 -5.806 -2.69 0.184 0.224 -0.017319 20000 1.000000
240.278000 39.908200 -5.115 -1.532 0.17 0.221 0.090491 20000 1.000000
239.307000 38.829200 -7.881 -1.375 0.192 0.222 0.149773 20000 1.000000
239.614000 39.046600 -7.765 -1.448 0.189 0.236 -0.030687 20000 1.000000
240.189000 39.123500 -6.833 -1.36 0.17 0.22 -0.014047 20000 1.000000
239.107000 39.466700 -7.746 -0.997 0.183 0.226 0.140129 20000 1.000000
240.376000 41.357700 -5.726 -2.835 0.166 0.222 0.028575 20000 1.000000
239.716000 39.937400 -6.285 -0.697 0.161 0.21 0.034529 20000 1.000000
239.194000 40.418600 -5.794 -1.356 0.172 0.217 0.022066 20000 1.000000
239.923000 40.288900 -5.373 -1.594 0.168 0.219 0.056929 20000 1.000000
235.692000 40.247500 -12.077 6.755 0.183 0.235 0.027705 20000 1.000000
235.867000 40.551300 -7.139 3.265 0.165 0.215 0.018501 20000 1.000000
235.787000 40.637400 -6.567 3.63 0.185 0.239 0.008457 20000 1.000000
235.943000 40.219600 -10.767 4.486 0.168 0.221 0.027386 20000 1.000000
236.307000 40.119300 -8.661 1.802 0.178 0.238 0.088765 20000 1.000000
238.207000 36.485500 -13.385 7.959 0.163 0.203 0.029619 20000 1.000000
238.710000 35.945700 -13.808 7.922 0.169 0.211 0.072184 20000 1.000000
238.949000 36.302100 -14.008 7.302 0.166 0.207 0.031785 20000 1.000000
238.865000 36.425900 -14.107 7.851 0.168 0.21 0.058870 20000 1.000000
237.668000 37.534500 -12.584 5.058 0.193 0.224 -0.058348 20000 1.000000
237.623000 37.914500 -11.36 3.934 0.172 0.218 0.043061 20000 1.000000
236.819000 38.495000 -12.016 6.525 0.168 0.218 -0.032959 20000 1.000000
236.291000 39.117200 -13.107 6.823 0.187 0.24 0.018470 20000 1.000000
236.652000 38.987400 -12.566 4.63 0.176 0.221 0.112795 20000 1.000000
236.796000 39.242000 -11.265 2.523 0.165 0.215 0.034459 20000 1.000000
236.368000 42.275400 -4.699 -0.424 0.171 0.227 0.022714 20000 1.000000
236.895000 39.319700 -10.452 1.543 0.172 0.221 0.068741 20000 1.000000
237.041000 38.664700 -10.899 4.022 0.185 0.259 0.064301 20000 1.000000
237.233000 38.428600 -10.834 4.752 0.169 0.217 0.050528 20000 1.000000
237.548000 38.239800 -10.69 2.739 0.168 0.215 0.036923 20000 1.000000
237.083000 38.866100 -10.637 1.343 0.162 0.209 0.024844 20000 1.000000
237.037000 39.398100 -11.311 4.607 0.195 0.245 -0.020534 20000 1.000000
237.424000 38.777800 -9.752 0.307 0.176 0.234 0.025669 20000 1.000000
237.281000 39.260000 -6.622 -2.958 0.166 0.214 0.065505 20000 1.000000
237.696000 39.109300 -8.673 -1.443 0.171 0.22 0.026781 20000 1.000000
237.873000 37.069200 -12.999 6.176 0.191 0.238 0.196995 20000 1.000000
238.137000 36.962000 -13.76 6.161 0.188 0.222 0.003033 20000 1.000000
238.009000 37.201700 -12.334 5.83 0.193 0.237 -0.034010 20000 1.000000
238.203000 37.001000 -9.578 0.709 0.384 0.423 0.154208 20000 1.000000
238.274000 37.002400 -12.586 5.541 0.178 0.231 0.059396 20000 1.000000
238.349000 37.104500 -11.341 3.913 0.198 0.237 -0.050599 20000 1.000000
238.286000 37.203500 -11.36 4.463 0.172 0.215 0.071898 20000 1.000000
237.786000 37.329900 -13.532 5.979 0.164 0.207 0.038944 20000 1.000000
237.901000 37.336900 -12.134 5.342 0.168 0.222 0.014129 20000 1.000000
237.900000 37.722000 -10.005 1.945 0.165 0.209 0.024432 20000 1.000000
237.781000 37.863900 -10.226 2.489 0.167 0.212 -0.020850 20000 1.000000
237.942000 37.713900 -10.189 1.099 0.178 0.222 -0.010981 20000 1.000000
238.174000 37.336800 -11.371 3.939 0.17 0.217 0.048274 20000 1.000000
238.210000 37.533000 -9.142 0.441 0.167 0.212 0.014110 20000 1.000000
238.313000 37.601800 -8.899 2.91 0.173 0.216 0.072587 20000 1.000000
238.022000 37.749400 -9.514 1.189 0.166 0.209 0.030987 20000 1.000000
238.214000 37.819000 -9.151 -0.94 0.173 0.217 0.014408 20000 1.000000
238.095000 36.621700 -14.682 8.147 0.167 0.21 0.022346 20000 1.000000
238.421000 36.724000 -14.078 7.893 0.166 0.208 0.021401 20000 1.000000
238.580000 36.800400 -10.66 4.586 0.165 0.207 0.021435 20000 1.000000
238.409000 36.858500 -13.703 6.728 0.165 0.208 0.021302 20000 1.000000
238.459000 36.814300 -13.2 7.662 0.171 0.21 0.042287 20000 1.000000
238.445000 36.903500 -12.584 4.137 0.168 0.208 0.012925 20000 1.000000
238.613000 36.637000 -14.599 7.61 0.174 0.221 -0.004123 20000 1.000000
238.458000 37.007800 -11.544 3.721 0.165 0.209 0.037831 20000 1.000000
238.426000 37.213000 -8.696 0.726 0.167 0.208 0.036471 20000 1.000000
238.665000 36.918200 -9.041 -0.127 0.165 0.206 0.037694 20000 1.000000
238.645000 37.010800 -9.508 -0.739 0.178 0.224 -0.002871 20000 1.000000
240.294000 37.713100 -9.43 -1.935 0.173 0.219 0.020991 20000 1.000000
238.812000 36.559500 -13.771 9.388 0.163 0.205 0.025331 20000 1.000000
238.131000 37.975600 -8.629 -0.66 0.167 0.212 0.051488 20000 1.000000
238.936000 36.611600 -5.092 2.198 0.162 0.203 0.030776 20000 1.000000
238.732000 36.950000 -9.042 -0.148 0.173 0.215 0.060339 20000 1.000000
238.652000 36.811400 -9.105 0.498 0.168 0.21 0.023758 20000 1.000000
238.942000 37.169600 -7.705 -1.021 0.173 0.217 0.051931 20000 1.000000
238.347000 37.478400 -8.962 0.735 0.179 0.226 0.027144 20000 1.000000
238.531000 37.489600 -9.107 -0.208 0.164 0.209 0.015976 20000 1.000000
238.675000 37.581900 -8.405 -0.556 0.168 0.214 0.024587 20000 1.000000
238.395000 37.932000 -8.417 -1.407 0.166 0.211 0.031739 20000 1.000000
238.536000 37.755300 -10.482 2.482 0.18 0.224 0.041409 20000 1.000000
238.717000 37.385400 -9.76 -0.631 0.172 0.224 0.046503 20000 1.000000
237.782000 38.153000 -10.09 2.372 0.164 0.21 0.014795 20000 1.000000
237.904000 38.025100 -9.582 0.89 0.168 0.216 -0.014961 20000 1.000000
237.805000 38.444200 -8.841 -0.203 0.174 0.233 0.057416 20000 1.000000
237.645000 38.999500 -8.448 -1.634 0.206 0.23 0.134118 20000 1.000000
238.905000 38.645300 -8.411 -1.987 0.164 0.21 0.035670 20000 1.000000
239.652000 35.544100 -13.96 5.933 0.206 0.255 0.055312 20000 1.000000
239.611000 35.841100 -9.726 5.557 0.172 0.212 0.010362 20000 1.000000
239.655000 35.837800 -9.447 3.005 0.171 0.215 0.027198 20000 1.000000
239.715000 35.806700 -9.392 3.068 0.178 0.22 0.029255 20000 1.000000
239.093000 35.933300 -13.883 7.531 0.164 0.205 0.027917 20000 1.000000
239.019000 36.417200 -8.624 1.208 0.166 0.209 0.043609 20000 1.000000
239.147000 36.515900 -5.86 0.606 0.171 0.217 0.023483 20000 1.000000
239.302000 36.024800 -13.291 6.016 0.166 0.212 0.026767 20000 1.000000
239.121000 36.140200 -13.919 7.466 0.165 0.205 0.032702 20000 1.000000
239.251000 36.106800 -13.201 7.11 0.163 0.203 0.035677 20000 1.000000
239.272000 36.178900 -7.954 1.296 0.163 0.203 0.031913 20000 1.000000
239.355000 35.922800 -12.478 6.842 0.165 0.207 0.014841 20000 1.000000
239.525000 36.007500 -4.111 2.69 0.18 0.216 0.043051 20000 1.000000
239.457000 36.089400 -8.605 3.699 0.164 0.205 0.031668 20000 1.000000
239.560000 36.123200 -7.723 0.97 0.164 0.205 0.035066 20000 1.000000
239.158000 35.697100 -13.457 7.147 0.17 0.206 0.074590 20000 1.000000
239.637000 36.051700 -7.912 1.057 0.168 0.205 0.035109 20000 1.000000
239.448000 35.974100 -11.634 5.968 0.183 0.218 -0.019017 20000 1.000000
239.706000 36.015800 -8.316 1.115 0.167 0.207 0.025041 20000 1.000000
239.723000 36.304400 -8.919 -0.81 0.169 0.211 0.038129 20000 1.000000
239.257000 36.806300 -8.115 -0.583 0.167 0.212 0.023718 20000 1.000000
239.803000 37.352200 -8.535 -1.966 0.175 0.223 0.036094 20000 1.000000
239.356000 37.795200 -8.856 -1.678 0.181 0.221 0.042428 20000 1.000000
240.160000 37.901100 -8.074 -1.65 0.184 0.223 -0.049222 20000 1.000000
239.049000 38.090000 -8.707 -1.682 0.169 0.216 0.026085 20000 1.000000
239.666000 38.735600 -7.851 -1.707 0.179 0.215 0.056480 20000 1.000000
241.480000 37.177600 -4.445 1.137 0.165 0.21 0.023130 20000 1.000000
236.283000 39.863600 -13.238 3.202 0.208 0.273 -0.009895 20000 1.000000
236.448000 39.905700 -12.414 1.307 0.188 0.258 0.000845 20000 1.000000
236.628000 39.452400 -12.019 0.995 0.166 0.215 0.028859 20000 1.000000
236.705000 39.707100 -11.308 0.404 0.177 0.227 -0.053868 20000 1.000000
236.813000 39.492800 -11.265 0.382 0.182 0.257 0.041058 20000 1.000000
236.817000 39.962100 -7.879 0.501 0.164 0.216 -0.016634 20000 1.000000
236.344000 40.256800 -8.825 1.362 0.166 0.22 0.046258 20000 1.000000
236.117000 41.151700 -6.078 -0.452 0.166 0.218 0.042855 20000 1.000000
236.301000 40.575300 -6.502 1.075 0.175 0.229 0.077976 20000 1.000000
236.427000 40.478900 -6.936 -1.23 0.205 0.267 0.246551 20000 1.000000
236.548000 40.082200 -9.483 1.6 0.163 0.212 0.032469 20000 1.000000
236.864000 40.324100 -5.907 -0.916 0.162 0.213 0.024699 20000 1.000000
236.676000 40.732900 -5.572 -0.771 0.164 0.215 0.001952 20000 1.000000
236.826000 40.546700 -6.559 -1.411 0.167 0.223 0.016893 20000 1.000000
237.024000 39.621400 -8.021 -0.906 0.175 0.218 0.082125 20000 1.000000
237.126000 39.726200 -6.96 -0.411 0.168 0.221 0.093093 20000 1.000000
237.077000 40.747600 -7.637 -1.147 0.17 0.222 0.009739 20000 1.000000
237.332000 40.034100 -8.081 -0.271 0.168 0.216 0.017866 20000 1.000000
237.393000 40.650700 -5.774 -1.499 0.172 0.231 -0.008278 20000 1.000000
236.666000 40.887100 -5.519 -0.662 0.162 0.213 0.022772 20000 1.000000
237.729000 40.271200 -7.004 -2.299 0.175 0.227 -0.036749 20000 1.000000
239.132000 39.794700 -5.798 -0.606 0.165 0.219 0.000181 20000 1.000000
239.052000 41.183300 -5.284 -0.962 0.166 0.222 0.021182 20000 1.000000
237.681000 40.731100 -5.945 -2.117 0.199 0.242 0.051772 20000 1.000000
235.774000 42.209100 -6.373 1.091 0.169 0.218 0.014868 20000 1.000000
235.946000 42.860100 -4.404 0.097 0.187 0.245 0.115211 20000 1.000000
236.617000 42.503500 -5.181 -0.727 0.165 0.222 0.032510 20000 1.000000
237.344000 42.191000 -5.046 -1.595 0.167 0.225 -0.000565 20000 1.000000
238.220000 42.259700 -3.482 -2.019 0.165 0.217 0.028413 20000 1.000000
239.622000 42.468800 -5.08 -2.507 0.168 0.227 0.000520 20000 1.000000
241.588000 42.254600 -5.862 -3.108 0.162 0.217 0.033460 20000 1.000000
243.371000 36.071300 -4.884 -2.084 0.176 0.223 0.114867 20000 1.000000
242.835000 36.022500 -5.64 -2.138 0.176 0.21 0.028006 20000 1.000000
242.590000 36.159000 -5.666 -2.126 0.179 0.223 0.068223 20000 1.000000
241.868000 36.466800 -4.097 -2.082 0.187 0.237 -0.154782 20000 1.000000
242.211000 36.531200 -5.279 -2.119 0.163 0.205 0.041844 20000 1.000000
241.909000 36.570200 -3.366 -0.221 0.187 0.219 -0.009584 20000 1.000000
241.882000 36.975700 -4.386 -1.499 0.163 0.205 0.042098 20000 1.000000
242.064000 37.231400 -5.502 -2.305 0.169 0.21 0.081465 20000 1.000000
242.606000 34.462400 -8.822 2.357 0.177 0.21 0.034673 20000 1.000000
242.459000 33.562100 -13.21 6.241 0.167 0.202 0.070111 20000 1.000000
242.895000 32.889200 -14.079 6.313 0.169 0.2 0.035315 20000 1.000000
243.050000 32.733800 -14.678 6.206 0.164 0.197 0.038603 20000 1.000000
242.756000 32.666400 -13.444 6.881 0.186 0.214 0.127630 20000 1.000000
242.810000 33.439600 -12.282 5.528 0.166 0.201 0.050693 20000 1.000000
242.928000 33.235700 -13.595 6.415 0.179 0.206 0.098539 20000 1.000000
243.217000 33.493300 -11.779 4.831 0.167 0.201 0.043252 20000 1.000000
243.651000 32.976000 -13.422 4.103 0.172 0.206 0.050781 20000 1.000000
243.989000 32.822200 -12.586 4.288 0.172 0.207 -0.012606 20000 1.000000
243.329000 33.240200 -12.915 4.806 0.177 0.21 0.040413 20000 1.000000
243.431000 33.059200 -13.334 5.805 0.165 0.198 0.040340 20000 1.000000
243.591000 33.210200 -13.454 3.578 0.183 0.222 0.038625 20000 1.000000
243.817000 33.213500 -10.88 3.873 0.169 0.202 0.046366 20000 1.000000
243.921000 33.201000 -10.354 2.174 0.17 0.206 0.028323 20000 1.000000
243.888000 33.296200 -10.485 2.115 0.174 0.211 -0.029588 20000 1.000000
243.574000 33.523500 -9.311 2.94 0.179 0.21 0.102375 20000 1.000000
243.773000 33.574700 -8.898 1.389 0.176 0.217 0.066618 20000 1.000000
244.031000 32.887000 -12.102 4.265 0.173 0.208 0.019507 20000 1.000000
244.175000 32.954700 -10.387 2.873 0.169 0.201 0.043629 20000 1.000000
244.268000 32.759700 -24.629 0.279 0.178 0.215 0.057911 20000 1.000000
244.404000 32.750600 -8.798 2.31 0.177 0.206 0.037322 20000 1.000000
244.423000 32.834700 -8.061 1.335 0.176 0.211 0.028716 20000 1.000000
244.430000 32.898400 -6.814 1.227 0.18 0.213 0.072385 20000 1.000000
244.700000 32.690000 -4.635 -1.882 0.168 0.2 0.040317 20000 1.000000
244.602000 32.875800 -4.994 -3.448 0.176 0.21 0.066404 20000 1.000000
244.578000 32.982500 -4.425 -3.24 0.176 0.214 0.082267 20000 1.000000
244.280000 32.948900 -9.667 1.656 0.175 0.21 0.018243 20000 1.000000
244.234000 33.516400 -6.251 -1.274 0.178 0.212 0.109673 20000 1.000000
244.313000 33.423900 -5.076 -1.735 0.176 0.211 0.089432 20000 1.000000
244.571000 33.247800 -5.108 -3.465 0.173 0.207 0.035196 20000 1.000000
244.657000 33.143600 -4.93 -3.077 0.174 0.209 -0.004629 20000 1.000000
244.704000 33.886900 -5.147 -3.144 0.177 0.208 0.055914 20000 1.000000
240.305000 37.562600 -6.617 0.681 0.185 0.218 0.150148 20000 1.000000
239.350000 34.907300 -14.746 7.576 0.163 0.201 0.034174 20000 1.000000
239.590000 35.010700 -14.26 8.161 0.169 0.206 0.037025 20000 1.000000
239.760000 34.870600 -14.616 7.103 0.166 0.203 0.050239 20000 1.000000
239.617000 35.106200 -13.97 7.126 0.176 0.212 0.119993 20000 1.000000
241.822000 34.376400 -12.388 3.938 0.168 0.208 0.040238 20000 1.000000
239.925000 35.020000 -12.464 7.769 0.165 0.202 0.030945 20000 1.000000
240.208000 34.507800 -13.853 7.08 0.171 0.202 0.025996 20000 1.000000
240.384000 34.630500 -13.767 6.074 0.165 0.204 0.013215 20000 1.000000
240.185000 34.888600 -12.363 6.457 0.164 0.203 0.028692 20000 1.000000
240.464000 35.086600 -10.798 2.813 0.167 0.207 0.029507 20000 1.000000
239.192000 35.425800 -13.415 8.619 0.165 0.203 0.026118 20000 1.000000
239.455000 35.327800 -13.294 7.605 0.169 0.21 0.080566 20000 1.000000
239.646000 35.440500 -12.089 7.561 0.167 0.205 0.030446 20000 1.000000
239.520000 35.624800 -11.719 7.204 0.189 0.234 0.044844 20000 1.000000
239.463000 35.792700 -12.288 6.428 0.167 0.209 0.056652 20000 1.000000
239.733000 35.633800 -11.711 5.471 0.17 0.207 0.066933 20000 1.000000
239.629000 35.747900 -11.894 5.63 0.168 0.208 0.044292 20000 1.000000
237.762000 37.061200 -14.188 7.696 0.166 0.21 0.048072 20000 1.000000
239.899000 35.235100 -12.435 6.372 0.19 0.221 0.088043 20000 1.000000
239.975000 35.279800 -12.178 5.095 0.173 0.216 0.003840 20000 1.000000
240.065000 35.316800 -11.328 5.186 0.17 0.212 0.048173 20000 1.000000
239.887000 35.534200 -11.856 3.987 0.182 0.223 0.028413 20000 1.000000
239.818000 35.702700 -10.813 3.104 0.167 0.207 0.031069 20000 1.000000
239.869000 35.801300 -8.563 2.265 0.174 0.21 0.053089 20000 1.000000
239.999000 35.686700 -8.586 1.75 0.17 0.208 -0.007172 20000 1.000000
239.707000 35.688900 -12.08 5.516 0.165 0.204 0.032562 20000 1.000000
240.287000 35.319000 -8.998 2.565 0.179 0.222 0.028177 20000 1.000000
240.091000 35.934700 -7.801 0.315 0.167 0.206 0.043002 20000 1.000000
240.496000 34.466800 -15.488 4.241 0.164 0.199 0.036622 20000 1.000000
240.674000 34.599600 -13.123 5.439 0.174 0.216 0.124527 20000 1.000000
240.885000 34.660100 -11.95 3.91 0.174 0.21 0.107682 20000 1.000000
240.845000 34.856200 -11.791 2.117 0.232 0.352 -0.017920 20000 1.000000
239.755000 35.686700 -10.842 5.045 0.167 0.205 0.025913 20000 1.000000
241.121000 34.835100 -10.458 3.404 0.167 0.204 0.044789 20000 1.000000
241.152000 34.792300 -11.637 1.806 0.172 0.216 0.044202 20000 1.000000
241.331000 34.695000 -10.972 4.55 0.175 0.214 0.115015 20000 1.000000
241.454000 34.771100 -9.562 3.547 0.167 0.205 0.042945 20000 1.000000
241.344000 34.944400 -10.004 2.573 0.173 0.213 0.004333 20000 1.000000
241.388000 35.138600 -8.371 0.05 0.166 0.204 0.021104 20000 1.000000
241.382000 34.838900 -8.533 1.708 0.173 0.212 0.046465 20000 1.000000
241.459000 34.821800 -9.022 1.571 0.177 0.215 0.065560 20000 1.000000
241.811000 34.982100 -8.257 1.923 0.167 0.207 0.018515 20000 1.000000
241.876000 35.378000 -6.446 0.436 0.167 0.205 0.031485 20000 1.000000
241.740000 35.667300 -5.672 -0.342 0.174 0.209 0.040550 20000 1.000000
241.233000 36.231400 -7.694 -1.465 0.175 0.214 0.085645 20000 1.000000
241.045000 36.585500 -6.897 -0.879 0.219 0.263 0.012357 20000 1.000000
241.740000 36.093100 -6.382 -0.957 0.169 0.21 0.018583 20000 1.000000
241.994000 35.038800 -7.419 1.206 0.167 0.204 0.046000 20000 1.000000
242.271000 34.509700 -9.496 2.498 0.174 0.211 0.036377 20000 1.000000
242.451000 34.634300 -7.911 1.428 0.169 0.207 0.041915 20000 1.000000
242.457000 34.987000 -7.142 1.225 0.182 0.222 0.087739 20000 1.000000
243.048000 33.892600 -9.919 3.352 0.165 0.2 0.045559 20000 1.000000
243.454000 34.019300 -7.496 2.058 0.167 0.202 0.034420 20000 1.000000
242.719000 34.534800 -7.81 1.369 0.189 0.213 -0.042593 20000 1.000000
241.969000 34.332200 -12.644 6.067 0.279 0.319 0.037933 20000 1.000000
242.635000 35.116800 -6.397 0.296 0.169 0.207 0.031491 20000 1.000000
241.983000 35.152400 -6.821 0.792 0.168 0.207 0.042849 20000 1.000000
242.697000 35.238500 -6.423 0.288 0.169 0.208 0.031321 20000 1.000000
242.795000 35.387900 -6.727 -0.585 0.164 0.202 0.047339 20000 1.000000
242.610000 35.896700 -6.634 -0.649 0.181 0.225 0.035842 20000 1.000000
242.597000 35.697600 -6.125 -1.567 0.167 0.206 0.037670 20000 1.000000
243.111000 35.998200 -4.823 -2.739 0.176 0.211 0.042209 20000 1.000000
243.112000 35.710600 -6.041 -0.92 0.165 0.205 0.048190 20000 1.000000
243.290000 34.192500 -8.001 2.352 0.171 0.205 0.027678 20000 1.000000
243.463000 34.217200 -6.851 1.365 0.169 0.203 0.055142 20000 1.000000
243.788000 33.865800 -6.827 0.14 0.166 0.202 0.058396 20000 1.000000
243.920000 33.959300 -6.168 -1.086 0.168 0.202 0.046787 20000 1.000000
239.772000 35.729200 -10.304 3.231 0.167 0.205 0.046889 20000 1.000000
243.971000 34.716900 -5.1 -2.493 0.173 0.208 0.013794 20000 1.000000
242.063000 34.341100 -11.102 3.768 0.182 0.225 0.004966 20000 1.000000
243.120000 34.462100 -7.879 0.501 0.168 0.203 0.044929 20000 1.000000
244.179000 33.741000 -5.859 -2.349 0.173 0.21 0.019044 20000 1.000000
243.107000 34.062700 -9.068 2.255 0.205 0.253 -0.006665 20000 1.000000
244.236000 34.425700 -4.912 -2.633 0.212 0.226 0.090641 20000 1.000000
244.350000 35.204800 -5.415 -3.197 0.172 0.208 0.020320 20000 1.000000
242.685000 34.187400 -8.87 3.373 0.17 0.206 0.091013 20000 1.000000
242.950000 34.196200 -6.591 5.429 0.204 0.213 0.124958 20000 1.000000
244.750000 34.731800 -4.57 -2.981 0.204 0.258 0.115764 20000 1.000000
243.237000 35.204600 -5.952 -1.779 0.167 0.204 0.051419 20000 1.000000
242.107000 35.424600 -6.809 0.047 0.166 0.205 0.039454 20000 1.000000
243.428000 35.320600 -5.585 -2.289 0.166 0.206 0.039256 20000 1.000000
243.896000 35.141900 -5.533 -3.172 0.177 0.209 0.021559 20000 1.000000
243.878000 35.526000 -4.204 -2.737 0.172 0.214 0.020345 20000 1.000000
243.855000 35.785400 -5.476 -3.031 0.167 0.206 0.035856 20000 1.000000
244.456000 35.472800 -5.258 -3.412 0.167 0.208 0.057522 20000 1.000000
244.634000 35.163000 -5.148 -3.202 0.174 0.213 0.031854 20000 1.000000
245.401000 34.188900 -5.045 -2.754 0.172 0.209 0.057320 20000 1.000000
245.035000 34.844400 -5.026 -3.352 0.172 0.208 0.043877 20000 1.000000
244.762000 35.291100 -4.496 -2.882 0.167 0.206 0.049015 20000 1.000000
241.621000 37.973100 -5.392 -0.211 0.167 0.215 -0.010503 20000 1.000000
241.000000 37.613000 -7.908 0.984 0.17 0.212 0.000813 20000 1.000000
241.084000 37.605300 -3.853 4.214 0.174 0.229 0.005399 20000 1.000000
240.914000 37.785700 -6.713 0.689 0.202 0.241 -0.052619 20000 1.000000
240.967000 37.913500 -5.58 1.23 0.163 0.207 0.039721 20000 1.000000
240.974000 37.696600 -6.114 0.295 0.195 0.232 0.156449 20000 1.000000
240.862000 37.839300 -5.575 0.7 0.18 0.221 0.052394 20000 1.000000
240.853000 37.962800 -3.712 0.019 0.165 0.207 0.041076 20000 1.000000
240.916000 37.914100 -5.783 1.124 0.195 0.239 0.046067 20000 1.000000
241.056000 37.734300 -5.494 -0.753 0.165 0.21 0.044519 20000 1.000000
241.131000 37.654600 -5.824 0.82 0.166 0.212 0.038985 20000 1.000000
241.040000 37.891700 -6.315 0.222 0.175 0.214 0.026176 20000 1.000000
241.148000 37.878200 -5.373 -0.592 0.165 0.21 0.022384 20000 1.000000
241.183000 37.591400 -0.985 4.857 0.168 0.223 0.091698 20000 1.000000
241.302000 37.561600 -3.923 0.936 0.17 0.232 0.008221 20000 1.000000
241.316000 37.495400 0.165 2.613 0.163 0.205 0.040641 20000 1.000000
241.406000 37.541300 -4.197 -0.11 0.165 0.209 0.040125 20000 1.000000
241.180000 37.677000 -5.04 1.054 0.164 0.209 0.042602 20000 1.000000
241.232000 37.754400 -5.317 -0.524 0.176 0.233 0.104083 20000 1.000000
240.981000 37.800000 -6.067 1.265 0.167 0.211 0.069392 20000 1.000000
241.264000 37.903500 -5.723 0.278 0.184 0.233 0.027690 20000 1.000000
241.445000 37.891300 -5.499 -0.935 0.177 0.219 0.078655 20000 1.000000
241.762000 37.589200 -5.928 -0.873 0.165 0.21 0.033861 20000 1.000000
241.528000 37.737500 -5.577 -0.423 0.171 0.214 0.065183 20000 1.000000
240.850000 38.057900 -3.991 1.349 0.171 0.213 0.041735 20000 1.000000
237.706000 41.381200 -6.332 -0.773 0.173 0.221 0.081662 20000 1.000000
237.809000 41.479200 -6.101 -1.641 0.165 0.229 -0.002208 20000 1.000000
237.687000 41.463600 -6.005 -0.329 0.168 0.231 -0.015713 20000 1.000000
237.847000 41.531900 -6.044 -0.065 0.204 0.242 0.086503 20000 1.000000
238.493000 41.711600 -5.452 -1.277 0.163 0.218 0.036026 20000 1.000000
246.132000 42.878900 -5.814 -3.95 0.163 0.22 0.038120 20000 1.000000
241.275000 37.380400 3.105 -2.066 0.233 0.271 0.192267 20000 1.000000
241.439000 37.439500 -3.842 -0.283 0.179 0.221 0.037715 20000 1.000000
240.254000 37.088900 -7.689 -0.424 0.172 0.214 0.099144 20000 1.000000
241.853000 37.280500 -5.905 -2.051 0.167 0.212 0.045700 20000 1.000000
239.172000 41.359200 -5.512 -2.055 0.175 0.23 -0.031150 20000 1.000000
239.527000 41.332500 -5.37 -2.053 0.166 0.22 0.039987 20000 1.000000
235.587000 42.442000 -4.593 0.396 0.167 0.226 -0.028867 20000 1.000000
235.707000 42.076600 -4.327 0.256 0.177 0.229 0.050940 20000 1.000000
238.120000 42.579800 -4.11 -2.704 0.168 0.222 0.032216 20000 1.000000
237.390000 42.727100 -3.064 -0.083 0.256 0.313 0.213694 20000 1.000000
240.341000 42.546100 -6.777 -2.924 0.164 0.221 0.030404 20000 1.000000
242.275000 42.020200 -6.771 -3.686 0.166 0.22 0.039192 20000 1.000000
243.404000 33.598200 -10.866 2.726 0.243 0.3 -0.136419 20000 1.000000
243.397000 33.495500 -11.576 4.119 0.172 0.208 0.049895 20000 1.000000
244.492000 32.829400 -2.811 -4.104 0.176 0.208 0.004478 20000 1.000000
238.928000 37.699000 -8.738 -1.378 0.17 0.215 0.022363 20000 1.000000
239.784000 35.693800 -9.931 4.127 0.181 0.219 0.066717 20000 1.000000
237.579000 41.830800 -1.355 -2.23 0.174 0.236 0.071280 20000 1.000000
236.019000 41.845500 -5.307 0.236 0.183 0.271 -0.057393 20000 1.000000
238.521000 36.744300 -11.971 6.823 0.277 0.316 0.042494 20000 1.000000
239.528000 35.946600 -10.237 1.564 0.183 0.223 0.095235 20000 1.000000
239.485000 35.929100 -12.266 5.027 0.237 0.312 0.036746 20000 1.000000
236.427000 40.478800 -7.502 -0.558 0.201 0.267 0.236695 20000 1.000000
243.852000 34.508100 -5.209 -2.267 0.167 0.206 0.025112 20000 1.000000
245.241000 32.497900 -3.424 -2.306 0.171 0.203 0.040544 20000 1.000000
243.407000 33.537300 -11.558 1.588 0.178 0.216 0.101828 20000 1.000000
241.651000 34.021700 -13.102 5.238 0.174 0.215 0.063475 20000 1.000000
243.936000 31.559100 -15.855 6.397 0.175 0.204 0.101312 20000 1.000000
238.728000 35.709000 -14.495 8.048 0.189 0.233 0.012991 20000 1.000000
242.077000 34.508200 -9.888 2.761 0.175 0.212 0.044219 20000 1.000000
242.305000 34.925400 -7.67 1.301 0.176 0.214 0.008775 20000 1.000000
244.116000 32.417000 -15.368 5.647 0.168 0.2 0.031399 20000 1.000000
239.522000 35.919900 -13.697 6.204 0.194 0.24 0.098921 20000 1.000000
242.818000 33.835700 -12.059 4.564 0.19 0.218 0.047518 20000 1.000000
243.506000 33.819200 -9.47 0.992 0.176 0.211 0.031670 20000 1.000000
242.193000 34.091800 -11.828 4.63 0.173 0.221 0.011756 20000 1.000000
244.165000 31.313100 -15.525 8.648 0.169 0.2 0.021954 20000 1.000000
244.543000 32.377900 -10.57 5.624 0.166 0.197 0.042633 20000 1.000000
241.596000 33.743300 -13.818 6.543 0.164 0.199 0.042957 20000 1.000000
241.628000 33.779500 -13.447 6.409 0.205 0.256 0.055247 20000 1.000000
238.863000 36.161100 -13.997 7.167 0.171 0.21 0.054040 20000 1.000000
241.755000 34.628700 -9.538 3.598 0.182 0.226 0.008583 20000 1.000000
239.056000 39.974600 -5.883 -0.639 0.173 0.225 -0.002241 20000 1.000000
242.317000 35.338700 -6.465 0.897 0.166 0.205 0.044188 20000 1.000000
240.280000 34.500000 -14.697 5.488 0.17 0.21 0.000724 20000 1.000000
243.375000 34.643900 -6.954 -0.501 0.168 0.203 0.033546 20000 1.000000
241.974000 34.019100 -13.067 4.605 0.19 0.228 -0.011494 20000 1.000000
239.475000 35.900000 -8.976 5.695 0.177 0.222 -0.007337 20000 1.000000
241.807000 34.875100 -8.009 1.617 0.176 0.214 0.051085 20000 1.000000
240.816000 34.541500 -11.982 3.358 0.19 0.228 0.120771 20000 1.000000
244.877000 40.617200 -5.088 -4.631 0.167 0.224 0.055618 20000 1.000000
238.442000 37.666500 -8.497 -1.044 0.166 0.21 0.022225 20000 1.000000
241.245000 34.459800 -13.168 4.709 0.186 0.233 0.052638 20000 1.000000
242.138000 34.205600 -13.034 4.954 0.217 0.232 -0.057677 20000 1.000000
239.775000 40.591700 -6.255 -1.545 0.171 0.227 0.028447 20000 1.000000
240.984000 41.868400 -5.497 -2.51 0.174 0.229 0.107130 20000 1.000000
243.701000 35.971300 -5.941 -3.161 0.175 0.211 0.011896 20000 1.000000
241.521000 34.438600 -12.454 4.173 0.193 0.236 0.018036 20000 1.000000
240.116000 39.314300 -2.066 1.914 0.166 0.217 0.014992 20000 1.000000
244.022000 33.292200 -8.087 1.511 0.174 0.207 0.057368 20000 1.000000
240.476000 33.247900 -17.785 9.914 0.182 0.229 -0.001497 20000 1.000000
240.936000 34.319900 -13.102 6.264 0.165 0.201 0.038735 20000 1.000000
241.354000 34.059300 -10.261 4.843 0.17 0.205 0.006187 20000 1.000000
242.151000 33.992700 -12.007 4.489 0.185 0.22 0.063718 20000 1.000000
239.935000 34.004300 -14.05 7.637 0.174 0.21 0.010707 20000 1.000000
239.640000 35.917400 -7.519 2.566 0.196 0.242 0.086326 20000 1.000000
241.585000 35.158200 -8.551 0.745 0.165 0.205 0.029660 20000 1.000000
239.867000 34.483500 -14.803 8.538 0.177 0.218 0.012339 20000 1.000000
243.839000 33.641200 -7.692 1.087 0.175 0.21 0.045269 20000 1.000000
242.951000 39.542200 -6.205 -3.253 0.174 0.219 0.128521 20000 1.000000
242.816000 38.097200 -5.473 -3.194 0.166 0.211 0.031592 20000 1.000000
241.669000 33.797800 -14.274 5.981 0.173 0.209 0.017087 20000 1.000000
241.163000 34.248000 -13.558 6.812 0.174 0.21 0.092021 20000 1.000000
235.849000 41.053900 -5.754 -0.239 0.169 0.222 -0.013643 20000 1.000000
240.156000 34.413300 -16.314 5.061 0.202 0.228 -0.053216 20000 1.000000
241.198000 39.627100 -5.549 -2.098 0.165 0.214 0.057751 20000 1.000000
241.715000 34.024000 -13.32 5.582 0.248 0.299 0.163532 20000 1.000000
243.915000 33.030100 -12.2 3.89 0.171 0.205 0.032309 20000 1.000000
240.516000 34.851500 -12.199 4.296 0.182 0.22 0.030298 20000 1.000000
241.780000 34.178600 -12.581 4.714 0.222 0.236 0.136498 20000 1.000000
241.486000 34.126400 -13.246 5.13 0.167 0.202 0.061793 20000 1.000000
241.516000 34.293200 -12.659 5.592 0.172 0.206 0.042790 20000 1.000000
239.384000 34.556300 -14.338 6.404 0.232 0.267 0.013438 20000 1.000000
241.879000 34.501500 -9.618 3.232 0.179 0.216 0.041093 20000 1.000000
241.706000 33.712600 -13.901 7.151 0.174 0.213 0.020927 20000 1.000000
241.346000 37.664300 -4.251 0.454 0.162 0.206 0.044420 20000 1.000000
241.016000 35.010800 -10.032 2.523 0.188 0.228 0.023386 20000 1.000000
243.608000 33.934800 -7.232 -0.051 0.207 0.247 -0.004930 20000 1.000000
241.258000 34.568500 -12.177 4.443 0.183 0.22 0.174580 20000 1.000000
241.586000 34.259400 -12.803 5.763 0.202 0.248 0.018625 20000 1.000000
243.068000 34.669000 -7.396 0.316 0.183 0.22 -0.074085 20000 1.000000
241.572000 33.958200 -10.915 4.551 0.241 0.254 -0.292561 20000 1.000000
243.346000 33.955300 -9.55 2.504 0.171 0.206 0.027360 20000 1.000000
243.111000 35.425200 -5.856 -1.472 0.178 0.218 0.018981 20000 1.000000
243.920000 35.287000 -5.426 -3.953 0.171 0.21 0.053832 20000 1.000000
