242.907000 34.116400 -14.337 -0.027 0.28 0.303 -0.110500 20000 1.000000
243.571000 34.594300 -7.901 -0.734 0.175 0.206 -0.003421 20000 1.000000
241.305000 34.824500 -11.001 2.299 0.178 0.209 -0.002056 20000 1.000000
245.068000 36.319100 -6.694 -3.397 0.196 0.233 0.037541 20000 1.000000
242.103000 34.126000 -14.01 3.149 0.219 0.238 -0.084015 20000 1.000000
242.795000 40.412800 -6.379 -3.719 0.169 0.212 0.003548 20000 1.000000
240.970000 33.480500 -14.899 6.404 0.197 0.216 -0.030583 20000 1.000000
243.116000 34.264300 -9.429 -0.27 0.191 0.225 0.029118 20000 1.000000
240.594000 34.920500 -13.157 1.86 0.178 0.21 -0.011442 20000 1.000000
243.379000 37.039900 -6.493 -3.468 0.174 0.21 0.023483 20000 1.000000
244.002000 34.000500 -7.066 -2.253 0.171 0.199 -0.000578 20000 1.000000
242.935000 33.578200 -13.276 4.208 0.181 0.208 0.000510 20000 1.000000
243.920000 35.287000 -6.3 -4.204 0.269 0.293 -0.038217 20000 1.000000
245.285000 33.610400 -5.938 -3.054 0.174 0.203 0.000420 20000 1.000000
243.947000 34.251400 -6.265 -2.293 0.178 0.206 -0.009414 20000 1.000000
243.015000 33.962700 -10.295 2.391 0.185 0.211 0.007680 20000 1.000000
241.723000 34.184900 -13.857 2.78 0.227 0.251 -0.038957 20000 1.000000
242.988000 34.918600 -8.188 -0.767 0.175 0.206 0.009140 20000 1.000000
241.812000 34.292800 -12.978 3.28 0.259 0.266 -0.315255 20000 1.000000
243.128000 36.917600 -6.893 -3.175 0.194 0.227 0.016656 20000 1.000000
242.156000 42.779500 -5.903 -4.111 0.171 0.226 0.002569 20000 1.000000
240.653000 35.157300 -10.317 1.17 0.173 0.206 0.021537 20000 1.000000
235.437000 42.836100 -3.942 -0.91 0.174 0.226 -0.020030 20000 1.000000
244.010000 33.655100 -8.958 -1.415 0.18 0.21 0.014147 20000 1.000000
239.566000 35.939400 -9.395 -0.236 0.188 0.227 -0.023185 20000 1.000000
239.569000 35.888400 -14.877 5.454 0.186 0.214 -0.009850 20000 1.000000
241.517000 33.445800 -15.082 5.549 0.192 0.221 -0.046898 20000 1.000000
241.666000 33.311600 -14.741 5.834 0.171 0.198 0.002534 20000 1.000000
241.370000 34.138600 -14.994 4.491 0.191 0.223 0.039733 20000 1.000000
242.329000 35.565300 -9.585 1.955 0.18 0.213 0.003292 20000 1.000000
241.789000 33.876300 -13.384 5.085 0.189 0.219 0.049770 20000 1.000000
240.987000 34.806400 -13.114 2.76 0.209 0.263 -0.106215 20000 1.000000
243.664000 34.829500 -7.726 -3.428 0.184 0.208 -0.000416 20000 1.000000
242.035000 34.244000 -11.152 3.825 0.206 0.251 -0.111492 20000 1.000000
237.881000 37.724100 -8.722 1.259 0.194 0.228 -0.031835 20000 1.000000
241.974000 34.333400 -12.715 2.322 0.199 0.23 0.002212 20000 1.000000
243.234000 36.746500 -7.377 -3.505 0.195 0.227 0.050351 20000 1.000000
242.172000 34.640500 -8.829 -0.426 0.189 0.219 -0.039744 20000 1.000000
241.063000 34.109600 -15.002 5.691 0.207 0.249 0.025215 20000 1.000000
241.873000 34.136700 -12.409 3.768 0.177 0.207 0.011784 20000 1.000000
242.521000 34.313800 -11.898 0.803 0.209 0.239 0.106741 20000 1.000000
242.291000 34.109900 -12.579 1.926 0.192 0.22 -0.033624 20000 1.000000
245.126000 40.558400 -6.642 -4.018 0.183 0.218 0.043385 20000 1.000000
240.120000 34.414900 -15.292 5.442 0.176 0.205 -0.024543 20000 1.000000
242.427000 35.071700 -8.71 0.065 0.177 0.207 0.031920 20000 1.000000
243.431000 36.807700 -6.923 -3.965 0.229 0.259 0.045969 20000 1.000000
239.249000 35.791600 -14.09 5.651 0.179 0.212 -0.039844 20000 1.000000
242.900000 34.039100 -10.873 0.889 0.177 0.205 0.024761 20000 1.000000
244.265000 33.069800 -9.653 2.019 0.177 0.203 0.020110 20000 1.000000
240.961000 34.168400 -14.475 5.578 0.172 0.2 0.004855 20000 1.000000
241.743000 33.861500 -16.135 4.304 0.206 0.236 -0.064893 20000 1.000000
241.476000 34.253600 -13.975 4.53 0.184 0.214 0.048216 20000 1.000000
240.629000 34.408100 -16.598 1.702 0.221 0.26 -0.015596 20000 1.000000
241.387000 34.516500 -12.845 3.128 0.178 0.205 -0.022583 20000 1.000000
243.630000 34.124100 -7.549 -0.647 0.185 0.211 -0.023451 20000 1.000000
242.098000 34.082000 -14.852 3.693 0.215 0.25 -0.050372 20000 1.000000
241.603000 34.334800 -12.496 2.701 0.285 0.289 -0.252742 20000 1.000000
241.603000 34.334000 -19.892 -0.985 0.299 0.278 -0.111094 20000 1.000000
244.212000 33.389800 -9.033 -0.944 0.18 0.207 -0.002415 20000 1.000000
242.140000 34.413400 -11.851 2.313 0.184 0.23 0.005316 20000 1.000000
241.874000 33.938000 -20.181 2.964 0.295 0.354 0.011761 20000 1.000000
242.588000 33.647700 -12.872 4.448 0.17 0.198 0.004989 20000 1.000000
241.170000 34.946200 -11.162 2.033 0.179 0.211 -0.005869 20000 1.000000
245.061000 39.345200 -7.305 -3.675 0.176 0.219 0.002115 20000 1.000000
244.183000 40.914700 -6.733 -3.921 0.167 0.215 0.016027 20000 1.000000
242.474000 34.104200 -13.04 3.668 0.189 0.222 -0.000709 20000 1.000000
239.991000 34.733000 -14.907 5.692 0.173 0.201 0.032035 20000 1.000000
241.116000 34.356300 -14.722 5.927 0.172 0.199 0.008792 20000 1.000000
246.195000 39.369400 -6.656 -3.715 0.203 0.244 0.007935 20000 1.000000
244.200000 32.945000 -12.741 3.999 0.2 0.218 -0.023245 20000 1.000000
241.641000 34.080600 -15.316 3.553 0.209 0.241 -0.030422 20000 1.000000
241.107000 34.800200 -11.734 1.766 0.187 0.221 0.049537 20000 1.000000
240.644000 40.416500 -6.982 -3.611 0.179 0.225 -0.021185 20000 1.000000
240.136000 35.189400 -13.414 2.018 0.182 0.219 -0.012015 20000 1.000000
244.479000 33.274800 -7.782 -2.893 0.18 0.205 -0.000888 20000 1.000000
245.173000 33.051100 -6.456 -1.573 0.301 0.332 -0.065067 20000 1.000000
244.340000 34.784000 -7.319 -3.344 0.194 0.232 -0.033792 20000 1.000000
245.810000 34.308600 -6.041 -3.156 0.188 0.214 0.011406 20000 1.000000
243.111000 35.425200 -7.605 -3.981 0.182 0.215 0.000442 20000 1.000000
245.820000 40.640200 -6.79 -4.009 0.17 0.215 0.011083 20000 1.000000
239.584000 36.399000 -9.378 -1.144 0.199 0.236 0.009326 20000 1.000000
241.887000 34.047400 -13.955 3.402 0.18 0.21 0.016835 20000 1.000000
239.318000 34.469400 -15.225 7.932 0.178 0.208 0.009451 20000 1.000000
241.714000 33.783600 -13.591 4.502 0.189 0.217 -0.014919 20000 1.000000
243.570000 34.754800 -7.802 -2.4 0.173 0.203 0.012899 20000 1.000000
238.530000 40.815900 -7.217 -2.289 0.168 0.214 0.000091 20000 1.000000
244.365000 33.705000 -7.168 -3.61 0.186 0.219 -0.027758 20000 1.000000
239.520000 35.866700 -10.195 5.66 0.183 0.216 0.009687 20000 1.000000
242.155000 34.458200 -11.592 1.745 0.179 0.21 -0.014804 20000 1.000000
239.598000 35.880800 -9.516 0.696 0.185 0.218 0.066601 20000 1.000000
240.812000 34.441200 -14.833 4.085 0.18 0.211 0.013098 20000 1.000000
244.089000 34.727300 -6.644 -3.41 0.174 0.206 0.011617 20000 1.000000
244.855000 34.157600 -6.513 -2.943 0.173 0.204 0.035319 20000 1.000000
241.526000 35.662300 -9.49 -0.261 0.187 0.224 -0.038677 20000 1.000000
244.493000 32.829400 -9.954 2.88 0.289 0.328 0.025913 20000 1.000000
243.901000 36.458800 -6.86 -4.201 0.196 0.234 0.082318 20000 1.000000
240.992000 34.398500 -14.17 1.511 0.18 0.209 -0.009618 20000 1.000000
243.827000 33.925400 -7.768 -0.607 0.181 0.208 0.012222 20000 1.000000
241.694000 33.927900 -13.663 4.334 0.189 0.212 -0.042424 20000 1.000000
243.692000 36.745900 -7.211 -3.398 0.202 0.238 0.012415 20000 1.000000
242.165000 34.485500 -11.365 1.453 0.179 0.21 -0.012471 20000 1.000000
243.060000 35.090200 -5.822 0.192 0.175 0.204 -0.002253 20000 1.000000
242.246000 34.133300 -13.175 3.093 0.178 0.209 0.016758 20000 1.000000
239.406000 35.828700 -14.229 6.09 0.173 0.206 0.017743 20000 1.000000
240.896000 34.733600 -13.397 2.619 0.181 0.218 -0.000392 20000 1.000000
239.557000 35.832600 -13.351 5.628 0.178 0.212 0.005919 20000 1.000000
242.563000 33.856800 -13.498 3.6 0.173 0.2 -0.001681 20000 1.000000
238.778000 42.418300 -5.173 -3.868 0.222 0.29 -0.019167 20000 1.000000
239.241000 36.186900 -7.806 -1.358 0.186 0.219 0.032082 20000 1.000000
239.233000 36.180500 -14.523 5.739 0.185 0.217 0.009875 20000 1.000000
244.021000 36.632500 -6.906 -3.39 0.184 0.224 0.042591 20000 1.000000
239.649000 34.038300 -15.519 6.611 0.174 0.203 -0.029765 20000 1.000000
243.904000 40.148400 -7.035 -3.165 0.175 0.22 -0.043032 20000 1.000000
242.682000 33.918400 -12.826 3.663 0.177 0.203 0.003580 20000 1.000000
239.566000 35.969500 -7.968 0.102 0.183 0.208 -0.047328 20000 1.000000
244.588000 40.710700 -6.631 -3.529 0.173 0.229 0.001883 20000 1.000000
241.122000 34.295500 -14.017 4.851 0.186 0.212 -0.022843 20000 1.000000
242.790000 34.230800 -11.421 0.914 0.207 0.23 0.106113 20000 1.000000
243.852000 34.508600 -6.672 -3.069 0.189 0.221 -0.014991 20000 1.000000
245.381000 34.767700 -6.29 -3.425 0.18 0.21 0.001775 20000 1.000000
242.491000 39.685600 -6.558 -3.667 0.191 0.231 -0.001651 20000 1.000000
240.859000 34.498700 -14.732 3.658 0.171 0.199 -0.004280 20000 1.000000
243.932000 34.141000 8.387 0.518 0.193 0.223 -0.014906 20000 1.000000
244.082000 34.369900 -6.082 -2.791 0.22 0.254 -0.005824 20000 1.000000
243.695000 34.427700 -6.476 -0.903 0.178 0.209 -0.029954 20000 1.000000
243.708000 34.533000 -7.46 -1.195 0.18 0.207 0.001700 20000 1.000000
243.185000 34.674900 -8.422 -0.554 0.171 0.201 -0.001839 20000 1.000000
241.793000 34.128800 -13.908 3.955 0.179 0.21 -0.016626 20000 1.000000
240.647000 34.683400 -16.036 0.825 0.207 0.242 -0.000823 20000 1.000000
242.814000 39.521100 -7.059 -3.935 0.172 0.214 0.007036 20000 1.000000
245.995000 32.722500 -6.028 -3.457 0.177 0.202 0.040628 20000 1.000000
244.721000 39.910200 -6.794 -3.84 0.19 0.222 0.014992 20000 1.000000
235.925000 40.876300 -4.498 0.35 0.212 0.254 0.017231 20000 1.000000
236.274000 38.928300 -14.012 6.927 0.168 0.208 -0.007082 20000 1.000000
237.585000 40.997600 -7.486 -3.104 0.212 0.274 -0.096617 20000 1.000000
235.986000 42.967400 -4.582 -0.984 0.172 0.229 0.012504 20000 1.000000
243.830000 32.616500 -14.67 4.431 0.172 0.198 -0.007868 20000 1.000000
238.997000 35.551800 -14.558 7.956 0.172 0.205 0.014578 20000 1.000000
242.015000 39.305600 -6.697 -3.852 0.175 0.22 -0.011144 20000 1.000000
242.395000 39.287900 -6.406 -3.591 0.175 0.214 0.004886 20000 1.000000
243.576000 39.500500 -6.623 -3.422 0.168 0.217 0.033353 20000 1.000000
243.950000 39.546400 -7.001 -4.181 0.172 0.211 0.023948 20000 1.000000
244.111000 39.374200 -5.91 -4.476 0.17 0.211 0.020932 20000 1.000000
244.487000 39.536100 -6.75 -3.571 0.17 0.214 0.010902 20000 1.000000
245.723000 39.119400 -6.578 -3.762 0.172 0.217 0.005648 20000 1.000000
246.129000 39.067300 -6.797 -2.941 0.171 0.213 -0.004639 20000 1.000000
246.495000 39.268900 -6.193 -4.181 0.168 0.215 0.016270 20000 1.000000
246.946000 40.494000 -6.416 -3.863 0.168 0.213 0.024455 20000 1.000000
243.264000 40.495500 -6.604 -4.194 0.176 0.219 -0.011984 20000 1.000000
243.721000 40.363200 -6.572 -3.836 0.168 0.213 0.023919 20000 1.000000
242.593000 36.804200 -7.241 -2.495 0.166 0.201 0.010549 20000 1.000000
242.296000 37.200800 -7.119 -3.614 0.171 0.206 0.022360 20000 1.000000
240.463000 39.698400 -8.223 -3.244 0.178 0.221 0.003028 20000 1.000000
241.841000 39.212300 -6.562 -2.697 0.166 0.208 0.013324 20000 1.000000
246.988000 41.817300 -7.471 -3.689 0.17 0.219 0.003903 20000 1.000000
246.722000 40.671300 -6.682 -3.594 0.172 0.22 -0.014074 20000 1.000000
240.400000 39.499200 -8.653 -2.711 0.187 0.221 0.044461 20000 1.000000
240.931000 39.486100 -7.618 -3.666 0.175 0.216 -0.001400 20000 1.000000
241.062000 39.268000 -7.632 -2.85 0.174 0.216 -0.013417 20000 1.000000
241.995000 38.728800 -6.831 -3.461 0.172 0.21 0.011818 20000 1.000000
241.540000 38.724600 -6.963 -2.996 0.172 0.213 0.013542 20000 1.000000
241.070000 38.980900 -7.534 -2.772 0.167 0.212 0.014180 20000 1.000000
240.985000 38.704600 -7.083 -2.617 0.175 0.217 -0.031088 20000 1.000000
240.541000 38.761400 -7.415 -2.601 0.179 0.216 -0.062988 20000 1.000000
240.278000 39.908200 -7.722 -2.343 0.173 0.216 0.045387 20000 1.000000
239.307000 38.829200 -8.745 -1.505 0.194 0.217 0.099550 20000 1.000000
239.614000 39.046600 -8.78 -2.013 0.195 0.232 -0.070658 20000 1.000000
239.194000 40.418600 -6.993 -4.43 0.176 0.214 -0.002797 20000 1.000000
235.692000 40.247500 -11.247 4.893 0.168 0.212 0.005160 20000 1.000000
235.867000 40.551300 -6.092 2.274 0.169 0.213 -0.004684 20000 1.000000
235.787000 40.637400 -5.458 3.204 0.185 0.228 -0.021520 20000 1.000000
235.943000 40.219600 -9.819 3.704 0.171 0.216 0.022085 20000 1.000000
236.307000 40.119300 -9.879 0.411 0.177 0.227 0.037250 20000 1.000000
238.207000 36.485500 -14.774 6.984 0.168 0.202 0.003154 20000 1.000000
238.949000 36.302100 -14.496 5.561 0.28 0.331 0.002038 20000 1.000000
238.865000 36.425900 -14.929 6.349 0.172 0.206 0.014701 20000 1.000000
237.623000 37.914500 -11.107 3.338 0.175 0.214 0.003975 20000 1.000000
236.819000 38.495000 -12.587 5.849 0.172 0.214 -0.052154 20000 1.000000
236.652000 38.987400 -12.276 4.539 0.179 0.217 0.069302 20000 1.000000
236.796000 39.242000 -11.446 2.056 0.17 0.211 0.009475 20000 1.000000
236.895000 39.319700 -10.447 1.098 0.177 0.217 0.018655 20000 1.000000
237.233000 38.428600 -10.811 3.259 0.169 0.209 0.002508 20000 1.000000
237.548000 38.239800 -9.285 1.391 0.2 0.24 -0.017432 20000 1.000000
237.424000 38.777800 -8.95 1.568 0.178 0.229 -0.013690 20000 1.000000
237.696000 39.109300 -8.616 -2.315 0.19 0.233 -0.013704 20000 1.000000
238.137000 36.962000 -13.707 5.996 0.191 0.215 -0.034517 20000 1.000000
238.009000 37.201700 -12.004 3.857 0.198 0.23 -0.073154 20000 1.000000
238.349000 37.104500 -12.362 2.981 0.187 0.219 -0.057220 20000 1.000000
238.286000 37.203500 -12.642 2.909 0.175 0.21 0.048479 20000 1.000000
237.781000 37.863900 -10.632 2.093 0.169 0.208 -0.027499 20000 1.000000
237.942000 37.713900 -10.192 1.434 0.177 0.214 -0.004815 20000 1.000000
238.174000 37.336800 -13.457 1.991 0.174 0.214 0.017538 20000 1.000000
238.210000 37.533000 -9.148 0.414 0.169 0.206 0.010355 20000 1.000000
238.313000 37.601800 -9.208 -0.89 0.176 0.211 0.049908 20000 1.000000
238.022000 37.749400 -9.532 0.313 0.17 0.207 0.005261 20000 1.000000
238.214000 37.819000 -7.358 -1.003 0.183 0.221 0.024726 20000 1.000000
238.095000 36.621700 -14.917 6.769 0.171 0.206 -0.002731 20000 1.000000
238.580000 36.800400 -11.421 3.554 0.17 0.205 -0.006132 20000 1.000000
238.409000 36.858500 -14.68 5.342 0.171 0.207 -0.009765 20000 1.000000
238.445000 36.903500 -12.613 3.621 0.173 0.206 -0.008469 20000 1.000000
238.458000 37.007800 -12.28 3.05 0.17 0.204 0.004866 20000 1.000000
238.645000 37.010800 -9.538 -1.896 0.181 0.217 -0.025981 20000 1.000000
238.812000 36.559500 -14.606 6.299 0.168 0.202 -0.002266 20000 1.000000
238.936000 36.611600 -8.362 -1.37 0.167 0.201 0.001080 20000 1.000000
238.652000 36.811400 -9.369 -0.182 0.172 0.208 0.002722 20000 1.000000
238.942000 37.169600 -9.004 -1.519 0.176 0.212 0.017215 20000 1.000000
238.675000 37.581900 -8.869 -1.802 0.172 0.212 -0.005105 20000 1.000000
238.395000 37.932000 -8.883 -1.921 0.17 0.209 0.004488 20000 1.000000
238.536000 37.755300 -7.811 -2.726 0.172 0.21 -0.007126 20000 1.000000
238.916000 37.711200 -8.071 -1.946 0.172 0.21 0.007500 20000 1.000000
237.782000 38.153000 -9.818 0.688 0.169 0.208 -0.013650 20000 1.000000
237.904000 38.025100 -10.137 0.085 0.172 0.212 -0.033986 20000 1.000000
237.805000 38.444200 -9.205 -1.546 0.179 0.231 0.006435 20000 1.000000
238.905000 38.645300 -8.547 -1.283 0.168 0.207 0.002324 20000 1.000000
239.652000 35.544100 -12.015 5.451 0.175 0.207 0.005203 20000 1.000000
239.611000 35.841100 -12.14 6.384 0.175 0.207 -0.015444 20000 1.000000
239.655000 35.837800 -9.175 1.485 0.175 0.21 0.001836 20000 1.000000
239.715000 35.806700 -9.269 1.469 0.181 0.214 -0.007293 20000 1.000000
239.093000 35.933300 -14.906 4.833 0.17 0.204 -0.002644 20000 1.000000
239.019000 36.417200 -8.849 -0.173 0.171 0.207 0.015806 20000 1.000000
239.302000 36.024800 -14.97 5.792 0.171 0.208 0.004838 20000 1.000000
239.121000 36.140200 -13.753 6.196 0.172 0.204 -0.000594 20000 1.000000
239.251000 36.106800 -14.015 5.491 0.293 0.346 0.003217 20000 1.000000
239.272000 36.178900 -8.112 -0.891 0.167 0.2 0.003720 20000 1.000000
239.457000 36.089400 -8.312 -0.156 0.168 0.202 0.008415 20000 1.000000
239.560000 36.123200 -8.077 -0.168 0.168 0.202 0.005057 20000 1.000000
239.158000 35.697100 -14.191 6.252 0.174 0.203 0.041481 20000 1.000000
239.637000 36.051700 -8.127 0.326 0.172 0.202 0.002632 20000 1.000000
239.448000 35.974100 -14.072 6.157 0.186 0.212 -0.041778 20000 1.000000
239.706000 36.015800 -8.256 0.31 0.17 0.203 0.000048 20000 1.000000
239.723000 36.304400 -8.897 -1.316 0.179 0.213 -0.024692 20000 1.000000
239.257000 36.806300 -8.417 -1.799 0.171 0.208 0.008081 20000 1.000000
239.803000 37.352200 -8.318 -1.788 0.179 0.218 -0.003653 20000 1.000000
239.356000 37.795200 -8.421 -1.362 0.175 0.21 -0.009236 20000 1.000000
239.049000 38.090000 -8.04 -2.299 0.174 0.213 -0.006629 20000 1.000000
239.666000 38.735600 -8.939 -1.693 0.174 0.209 0.017778 20000 1.000000
236.283000 39.863600 -13.18 1.795 0.202 0.243 -0.063349 20000 1.000000
236.448000 39.905700 -10.669 -0.072 0.186 0.239 -0.010406 20000 1.000000
236.628000 39.452400 -11.223 0.052 0.208 0.251 -0.028326 20000 1.000000
236.705000 39.707100 -10.996 -2.5 0.182 0.224 -0.062087 20000 1.000000
236.344000 40.256800 -8.648 0.032 0.17 0.216 0.014534 20000 1.000000
236.301000 40.575300 -7.544 -2.188 0.176 0.221 0.055480 20000 1.000000
236.826000 40.546700 -7.178 -3.861 0.171 0.216 -0.012998 20000 1.000000
237.077000 40.747600 -6.993 -2.761 0.175 0.222 -0.022929 20000 1.000000
237.393000 40.650700 -7.845 -1.66 0.177 0.227 -0.038637 20000 1.000000
237.729000 40.271200 -7.114 -2.282 0.177 0.222 -0.051812 20000 1.000000
237.681000 40.731100 -7.78 -2.296 0.2 0.232 0.009544 20000 1.000000
236.617000 42.503500 -5.367 -1.115 0.17 0.22 0.012441 20000 1.000000
237.344000 42.191000 -5.086 -2.341 0.172 0.224 -0.022296 20000 1.000000
238.220000 42.259700 -6.133 -2.728 0.171 0.216 -0.003087 20000 1.000000
239.622000 42.468800 -5.928 -3.465 0.171 0.224 -0.020362 20000 1.000000
243.371000 36.071300 -6.654 -3.788 0.178 0.217 0.057010 20000 1.000000
242.590000 36.159000 -7.224 -2.408 0.183 0.217 0.048379 20000 1.000000
241.909000 36.570200 -9.375 -1.423 0.189 0.214 -0.046918 20000 1.000000
241.882000 36.975700 -8.428 -2.262 0.167 0.203 0.009605 20000 1.000000
242.606000 34.462400 -9.942 1.159 0.181 0.207 -0.008863 20000 1.000000
242.459000 33.562100 -13.9 4.864 0.172 0.2 0.021106 20000 1.000000
242.895000 32.889200 -14.722 4.929 0.18 0.205 -0.000329 20000 1.000000
243.050000 32.733800 -14.494 4.655 0.169 0.195 -0.000120 20000 1.000000
242.810000 33.439600 -14.266 4.291 0.171 0.198 0.000112 20000 1.000000
242.928000 33.235700 -14.815 4.674 0.178 0.202 0.031711 20000 1.000000
243.217000 33.493300 -13.016 3.899 0.171 0.198 0.002110 20000 1.000000
243.651000 32.976000 -15.755 3.666 0.173 0.2 0.008852 20000 1.000000
243.329000 33.240200 -13.882 3.971 0.181 0.207 0.006603 20000 1.000000
243.431000 33.059200 -14.264 4.184 0.17 0.196 -0.005259 20000 1.000000
243.379000 33.375600 -13.238 3.677 0.175 0.202 0.032606 20000 1.000000
243.591000 33.210200 -13.993 0.67 0.527 0.535 0.006740 20000 1.000000
243.574000 33.523500 -10.892 1.992 0.181 0.202 0.067890 20000 1.000000
243.773000 33.574700 -10.313 0.955 0.178 0.213 0.035455 20000 1.000000
244.268000 32.759700 -11.249 5.1 0.181 0.206 0.018558 20000 1.000000
244.404000 32.750600 -14.78 6.392 0.178 0.201 0.013109 20000 1.000000
244.423000 32.834700 -10.228 3.371 0.18 0.204 0.003543 20000 1.000000
244.430000 32.898400 -9.909 2.478 0.18 0.203 0.021124 20000 1.000000
244.700000 32.690000 -6.317 -0.405 0.172 0.197 0.009389 20000 1.000000
244.602000 32.875800 -6.814 -1.67 0.18 0.206 0.023022 20000 1.000000
244.578000 32.982500 -7.004 -2.401 0.179 0.207 0.038011 20000 1.000000
244.234000 33.516400 -8.844 -2.878 0.179 0.206 0.051310 20000 1.000000
244.313000 33.423900 -7.749 -2.979 0.2 0.223 0.028177 20000 1.000000
244.571000 33.247800 -7.066 -3.307 0.179 0.205 0.002783 20000 1.000000
244.657000 33.143600 -6.86 -3.305 0.187 0.216 -0.036123 20000 1.000000
244.704000 33.886900 -7.015 -3.274 0.181 0.205 0.008349 20000 1.000000
239.590000 35.010700 -14.842 5.825 0.174 0.203 0.009928 20000 1.000000
239.760000 34.870600 -15.002 5.576 0.172 0.202 0.021416 20000 1.000000
239.617000 35.106200 -14.784 5.387 0.179 0.21 0.066264 20000 1.000000
239.409000 35.166100 -14.374 6.199 0.214 0.251 0.008925 20000 1.000000
239.192000 35.425800 -15.092 6.488 0.17 0.201 -0.008313 20000 1.000000
239.455000 35.327800 -13.569 6.646 0.174 0.207 0.046876 20000 1.000000
239.646000 35.440500 -13.649 6.273 0.173 0.204 -0.005423 20000 1.000000
239.520000 35.624800 -13.512 5.919 0.171 0.204 0.015244 20000 1.000000
239.463000 35.792700 -13.448 5.233 0.212 0.252 0.017951 20000 1.000000
239.733000 35.633800 -12.691 4.618 0.175 0.204 0.024453 20000 1.000000
239.629000 35.747900 -11.535 5.807 0.173 0.204 0.018528 20000 1.000000
239.899000 35.235100 -13.289 5.307 0.192 0.216 0.044372 20000 1.000000
239.975000 35.279800 -13.176 4.23 0.176 0.21 -0.022360 20000 1.000000
240.065000 35.316800 -12.182 3.304 0.174 0.207 0.007680 20000 1.000000
239.887000 35.534200 -11.917 3.515 0.174 0.206 -0.000543 20000 1.000000
239.818000 35.702700 -10.389 2.496 0.17 0.202 0.011947 20000 1.000000
239.869000 35.801300 -9.036 0.685 0.18 0.207 0.000927 20000 1.000000
239.999000 35.686700 -9.54 0.442 0.173 0.204 -0.020551 20000 1.000000
240.287000 35.319000 -10.235 1.967 0.182 0.216 0.007131 20000 1.000000
240.091000 35.934700 -9.11 -0.213 0.172 0.203 0.011463 20000 1.000000
240.674000 34.599600 -14.841 2.599 0.178 0.213 0.089738 20000 1.000000
240.845000 34.856200 -11.893 2.643 0.231 0.332 -0.060480 20000 1.000000
241.121000 34.835100 -12.4 1.434 0.17 0.2 0.013369 20000 1.000000
241.152000 34.792300 -11.507 2.919 0.175 0.211 0.008637 20000 1.000000
241.454000 34.771100 -10.739 1.599 0.173 0.204 0.004161 20000 1.000000
241.344000 34.944400 -10.291 0.241 0.177 0.208 -0.041312 20000 1.000000
241.388000 35.138600 -9.889 0.059 0.17 0.2 -0.010287 20000 1.000000
241.382000 34.838900 -11.112 1.345 0.177 0.208 0.004288 20000 1.000000
241.459000 34.821800 -9.644 0.322 0.181 0.215 0.025393 20000 1.000000
241.811000 34.982100 -8.137 0.475 0.17 0.2 0.003192 20000 1.000000
241.740000 35.667300 -9.652 -1.073 0.179 0.206 0.016925 20000 1.000000
241.233000 36.231400 -8.41 -0.878 0.175 0.206 0.060424 20000 1.000000
241.045000 36.585500 -8.896 -0.766 0.175 0.21 0.006410 20000 1.000000
241.994000 35.038800 -7.973 0.039 0.171 0.201 0.010723 20000 1.000000
242.271000 34.509700 -10.298 1.704 0.172 0.202 -0.010843 20000 1.000000
242.457000 34.987000 -8.592 -0.52 0.173 0.204 0.028833 20000 1.000000
243.048000 33.892600 -11.032 2.251 0.171 0.199 -0.001217 20000 1.000000
242.719000 34.534800 -9.667 0.154 0.195 0.21 -0.088460 20000 1.000000
241.983000 35.152400 -8.654 0.138 0.173 0.204 0.003476 20000 1.000000
242.610000 35.896700 -7.444 -2.289 0.184 0.218 -0.006758 20000 1.000000
242.597000 35.697600 -7.868 -1.095 0.17 0.201 0.009750 20000 1.000000
243.463000 34.217200 -8.236 0.059 0.175 0.202 0.010441 20000 1.000000
243.788000 33.865800 -9.086 -1.114 0.17 0.199 0.014065 20000 1.000000
243.920000 33.959300 -6.821 -2.367 0.172 0.199 0.003647 20000 1.000000
243.120000 34.462100 -8.98 0.046 0.171 0.2 0.000432 20000 1.000000
244.179000 33.741000 -8.052 -2.864 0.177 0.204 0.001002 20000 1.000000
243.107000 34.062700 -9.759 1.204 0.182 0.209 -0.050784 20000 1.000000
244.236000 34.425700 -6.82 -3.801 0.214 0.221 0.042528 20000 1.000000
244.350000 35.204800 -6.887 -3.669 0.203 0.229 -0.022947 20000 1.000000
242.685000 34.187400 -11.922 -0.599 0.174 0.205 0.038193 20000 1.000000
243.237000 35.204600 -7.785 -1.923 0.171 0.202 0.008008 20000 1.000000
243.428000 35.320600 -7.699 -2.723 0.171 0.204 -0.008573 20000 1.000000
243.896000 35.141900 -6.624 -3.435 0.183 0.207 -0.027874 20000 1.000000
244.456000 35.472800 -6.816 -4.214 0.172 0.207 0.018754 20000 1.000000
244.634000 35.163000 -6.187 -4.506 0.177 0.207 -0.041604 20000 1.000000
245.401000 34.188900 -6.196 -3.346 0.175 0.205 0.007625 20000 1.000000
244.762000 35.291100 -6.177 -3.51 0.174 0.207 0.007708 20000 1.000000
241.621000 37.973100 -7.077 -2.203 0.169 0.209 -0.013680 20000 1.000000
241.000000 37.613000 -7.188 -1.594 0.176 0.21 -0.030236 20000 1.000000
241.084000 37.605300 -9.861 -5.11 0.18 0.227 -0.009532 20000 1.000000
240.914000 37.785700 -9.915 -2.09 0.205 0.229 -0.108208 20000 1.000000
241.131000 37.654600 -7.859 -2.246 0.17 0.208 0.005317 20000 1.000000
241.040000 37.891700 -8.162 -1.283 0.182 0.213 0.007614 20000 1.000000
241.183000 37.591400 -9.789 -4.319 0.174 0.222 0.073670 20000 1.000000
241.302000 37.561600 -9.594 -2.146 0.231 0.286 -0.032760 20000 1.000000
241.180000 37.677000 -7.391 -2.415 0.17 0.208 0.013917 20000 1.000000
240.981000 37.800000 -8.715 -1.517 0.17 0.207 0.024558 20000 1.000000
241.264000 37.903500 -7.3 -2.02 0.174 0.212 -0.006488 20000 1.000000
241.445000 37.891300 -7.648 -2.33 0.176 0.211 0.046551 20000 1.000000
241.528000 37.737500 -6.907 -2.372 0.176 0.212 0.027019 20000 1.000000
238.493000 41.711600 -6.883 -2.669 0.167 0.215 0.003544 20000 1.000000
246.132000 42.878900 -6.058 -3.646 0.169 0.224 0.005610 20000 1.000000
240.254000 37.088900 -8.331 -1.104 0.174 0.209 0.051271 20000 1.000000
241.853000 37.280500 -7.347 -2.181 0.171 0.207 0.019741 20000 1.000000
243.404000 33.598200 -12.804 1.074 0.233 0.269 -0.084845 20000 1.000000
243.397000 33.495500 -13.117 1.671 0.444 0.446 -0.112694 20000 1.000000
242.077000 34.508200 -9.848 2.115 0.177 0.207 0.015702 20000 1.000000
243.314000 36.901800 -7.03 -3.99 0.185 0.217 0.019542 20000 1.000000
242.305000 34.925400 -8.447 0.299 0.181 0.214 -0.028656 20000 1.000000
241.850000 33.900000 -13.758 3.109 0.234 0.257 -0.044061 20000 1.000000
243.880000 36.579600 -6.939 -3.895 0.196 0.232 -0.005836 20000 1.000000
239.522000 35.919900 -13.964 5.993 0.179 0.213 0.018256 20000 1.000000
242.818000 33.835700 -12.902 3.667 0.192 0.21 -0.000574 20000 1.000000
243.506000 33.819200 -9.961 1.887 0.181 0.207 -0.002620 20000 1.000000
242.193000 34.091800 -13.559 3.424 0.178 0.218 -0.003305 20000 1.000000
241.596000 33.743300 -14.484 4.262 0.178 0.206 0.000219 20000 1.000000
241.628000 33.779500 -15.079 4.516 0.23 0.269 -0.012738 20000 1.000000
238.863000 36.161100 -14.216 6.371 0.178 0.209 0.026073 20000 1.000000
241.755000 34.628700 -11.199 0.994 0.214 0.249 -0.007088 20000 1.000000
239.056000 39.974600 -8.693 -2.42 0.174 0.219 -0.024967 20000 1.000000
242.317000 35.338700 -8.198 -0.898 0.236 0.257 -0.051083 20000 1.000000
240.280000 34.500000 -14.693 4.927 0.172 0.201 -0.000335 20000 1.000000
243.375000 34.643900 -8.675 -0.902 0.175 0.203 -0.026127 20000 1.000000
243.446000 36.715400 -6.746 -3.892 0.194 0.231 0.068586 20000 1.000000
241.974000 34.019100 -13.911 4.169 0.194 0.224 -0.029483 20000 1.000000
239.475000 35.900000 -19.647 3.87 0.179 0.213 -0.014211 20000 1.000000
241.807000 34.875100 -6.492 1.472 0.177 0.207 0.017731 20000 1.000000
240.816000 34.541500 -14.56 3.116 0.193 0.224 0.087171 20000 1.000000
244.877000 40.617200 -6.464 -4.086 0.172 0.224 -0.001949 20000 1.000000
243.350000 36.316300 -6.981 -3.389 0.172 0.206 0.010264 20000 1.000000
241.245000 34.459800 -13.695 2.746 0.189 0.226 -0.011467 20000 1.000000
242.138000 34.205600 -12.796 2.976 0.231 0.242 -0.025640 20000 1.000000
241.890000 34.090000 -12.466 3.026 0.222 0.228 0.085022 20000 1.000000
239.775000 40.591700 -7.685 -3.35 0.174 0.222 -0.000924 20000 1.000000
240.984000 41.868400 -6.832 -3.95 0.216 0.275 0.082276 20000 1.000000
243.701000 35.971300 -7.103 -4.089 0.19 0.216 -0.025505 20000 1.000000
243.980000 34.620000 -8.956 -1.166 0.198 0.256 0.018203 20000 1.000000
243.789000 36.730500 -7.029 -4.209 0.19 0.226 0.042731 20000 1.000000
241.521000 34.438600 -14.351 3.27 0.188 0.217 -0.062593 20000 1.000000
240.116000 39.314300 -9.567 -3.603 0.182 0.229 -0.034435 20000 1.000000
244.022000 33.292200 -9.788 1.188 0.176 0.201 0.005559 20000 1.000000
244.412000 36.319600 -6.054 -3.059 0.189 0.222 -0.005415 20000 1.000000
240.476000 33.247900 -15.682 7.126 0.175 0.205 0.020173 20000 1.000000
240.936000 34.319900 -14.693 5.071 0.173 0.201 0.012213 20000 1.000000
241.354000 34.059300 -15.458 3.973 0.178 0.205 -0.027897 20000 1.000000
242.151000 33.992700 -13.913 4.794 0.18 0.208 -0.015114 20000 1.000000
243.662000 36.644600 -6.371 -3.1 0.185 0.222 0.021152 20000 1.000000
243.426000 36.931600 -6.684 -3.465 0.184 0.219 0.024376 20000 1.000000
239.640000 35.917400 -8.859 -1.413 0.188 0.222 -0.011175 20000 1.000000
241.585000 35.158200 -7.167 1.14 0.235 0.269 0.006601 20000 1.000000
243.770000 36.934800 -6.29 -3.314 0.186 0.222 0.054762 20000 1.000000
239.867000 34.483500 -15.708 6.083 0.178 0.208 -0.031947 20000 1.000000
243.839000 33.641200 -10.544 0.694 0.211 0.242 -0.000554 20000 1.000000
242.951000 39.542200 -6.515 -2.564 0.184 0.226 0.080453 20000 1.000000
242.816000 38.097200 -6.573 -3.33 0.174 0.212 0.001670 20000 1.000000
241.669000 33.797800 -14.578 4.929 0.183 0.211 0.000799 20000 1.000000
241.163000 34.248000 -13.773 6.091 0.175 0.202 0.026694 20000 1.000000
235.849000 41.053900 -4.04 -0.22 0.171 0.216 -0.032517 20000 1.000000
243.470000 34.840000 -6.848 -3.01 0.197 0.239 0.003778 20000 1.000000
241.558000 34.069100 -14.065 3.291 0.251 0.29 0.008882 20000 1.000000
240.156000 34.413300 -14.094 7.558 0.246 0.27 -0.078256 20000 1.000000
241.198000 39.627100 -7.257 -3.811 0.169 0.211 0.015945 20000 1.000000
241.715000 34.024000 -12.94 1.893 0.23 0.278 0.060060 20000 1.000000
243.915000 33.030100 -12.406 4.03 0.171 0.197 0.001069 20000 1.000000
240.516000 34.851500 -13.588 3.196 0.183 0.213 0.026105 20000 1.000000
241.780000 34.178600 -13.613 2.921 0.226 0.238 0.068208 20000 1.000000
241.486000 34.126400 -11.744 5.026 0.172 0.201 0.005613 20000 1.000000
241.516000 34.293200 -14.219 4.109 0.178 0.204 0.022979 20000 1.000000
241.879000 34.501500 -13.068 3.447 0.194 0.216 -0.035645 20000 1.000000
241.706000 33.712600 -14.52 4.984 0.178 0.207 -0.007744 20000 1.000000
242.010000 34.030000 -10.311 4.479 0.196 0.232 -0.023783 20000 1.000000
241.346000 37.664300 -7.452 -1.565 0.176 0.218 0.019652 20000 1.000000
241.016000 35.010800 -10.739 0.789 0.194 0.221 -0.039123 20000 1.000000
243.608000 33.934800 -9.966 0.436 0.218 0.249 -0.023971 20000 1.000000
241.258000 34.568500 -11.049 2 0.183 0.213 0.111664 20000 1.000000
241.586000 34.259400 -13.654 3.398 0.181 0.212 -0.019812 20000 1.000000
243.068000 34.669000 -8.815 -0.241 0.19 0.217 -0.090977 20000 1.000000
241.572000 33.958200 -13.661 4.467 0.256 0.264 -0.338106 20000 1.000000
243.346000 33.955300 -9.197 2.346 0.185 0.211 -0.014086 20000 1.000000
243.111000 35.425200 -7.532 -3.892 0.188 0.221 -0.019978 20000 1.000000
243.532000 36.840400 -7.109 -3.906 0.188 0.226 0.058230 20000 1.000000
