242.907000 34.116400 -8.012 2.965 0.2 0.251 -0.038928 20000 1.000000
242.555000 33.274300 -12.227 7.41 0.176 0.201 -0.010419 20000 1.000000
242.555000 33.274300 -12.428 7.382 0.169 0.193 -0.013329 20000 1.000000
243.571000 34.594300 -4.984 -0.428 0.168 0.196 -0.011069 20000 1.000000
241.305000 34.824500 -9.17 3.498 0.189 0.217 -0.034788 20000 1.000000
242.675000 33.341900 -12.091 7.185 0.167 0.194 -0.007872 20000 1.000000
242.524000 33.381100 -12.039 7.229 0.17 0.193 -0.017017 20000 1.000000
242.103000 34.126000 -10.714 5.537 0.234 0.253 0.009746 20000 1.000000
242.795000 40.412800 -5.302 -2.11 0.164 0.206 -0.027944 20000 1.000000
240.970000 33.480500 -12.732 8.833 0.187 0.207 -0.056662 20000 1.000000
243.116000 34.264300 -8.061 2.276 0.188 0.225 0.031788 20000 1.000000
240.594000 34.920500 -11.067 4.701 0.168 0.196 -0.028763 20000 1.000000
243.379000 37.039900 -5.236 -1.494 0.175 0.21 0.020314 20000 1.000000
244.002000 34.000500 -5.221 -0.582 0.17 0.196 -0.034984 20000 1.000000
242.935000 33.578200 -11.423 5.983 0.181 0.206 -0.015435 20000 1.000000
243.920000 35.287000 -5.174 -2.934 0.171 0.2 -0.018582 20000 1.000000
245.285000 33.610400 -4.486 -1.907 0.171 0.196 -0.030460 20000 1.000000
243.947000 34.251400 -4.541 -0.706 0.171 0.198 -0.017621 20000 1.000000
242.988000 34.918600 -6.414 1.457 0.171 0.2 -0.026569 20000 1.000000
241.812000 34.292800 -10.616 4.495 0.262 0.265 -0.324623 20000 1.000000
242.156000 42.779500 -4.822 -2.185 0.167 0.218 -0.012006 20000 1.000000
240.653000 35.157300 -10.308 2.166 0.171 0.204 0.009779 20000 1.000000
235.437000 42.836100 -0.896 1.605 0.16 0.208 -0.026507 20000 1.000000
244.010000 33.655100 -6.19 0.745 0.208 0.252 0.012730 20000 1.000000
239.566000 35.939400 -6.286 3.848 0.165 0.197 -0.025806 20000 1.000000
239.569000 35.888400 -9.535 7.673 0.191 0.221 0.011411 20000 1.000000
241.666000 33.311600 -13.237 9.198 0.165 0.191 -0.005791 20000 1.000000
241.517000 33.445800 -11.711 8.988 0.225 0.253 -0.029854 20000 1.000000
241.370000 34.138600 -12.491 7.077 0.206 0.22 0.075197 20000 1.000000
242.329000 35.565300 -5.94 1.186 0.173 0.207 -0.014558 20000 1.000000
243.664000 34.829500 -5.223 -0.179 0.184 0.206 -0.031450 20000 1.000000
242.035000 34.244000 -10.829 4.22 0.196 0.24 -0.125511 20000 1.000000
241.974000 34.333400 -10.285 5.431 0.184 0.207 0.020295 20000 1.000000
242.172000 34.640500 -7.567 3.461 0.176 0.211 0.035600 20000 1.000000
241.063000 34.109600 -12.178 7.756 0.181 0.216 -0.004953 20000 1.000000
241.873000 34.136700 -14.523 1.852 0.202 0.225 -0.004799 20000 1.000000
242.576000 34.271200 1.645 1.334 0.168 0.193 -0.018408 20000 1.000000
242.521000 34.313800 -9.489 4.167 0.21 0.243 0.077870 20000 1.000000
241.856000 34.530300 -10.461 3.137 0.188 0.208 -0.153260 20000 1.000000
242.291000 34.109900 -11.475 5.731 0.181 0.208 -0.051157 20000 1.000000
245.126000 40.558400 -5.031 -1.594 0.177 0.209 0.019620 20000 1.000000
244.877000 32.863500 -3.279 -0.73 0.174 0.196 -0.022375 20000 1.000000
244.272000 32.850500 -10.44 4.047 0.177 0.202 -0.040180 20000 1.000000
240.120000 34.414900 -13.374 8.719 0.172 0.199 -0.047198 20000 1.000000
242.427000 35.071700 -6.317 2.332 0.174 0.201 0.025053 20000 1.000000
239.249000 35.791600 -12.394 9.801 0.173 0.204 -0.027544 20000 1.000000
240.275000 35.242100 -9.937 4.167 0.167 0.197 -0.008129 20000 1.000000
244.265000 33.069800 -7.585 3.476 0.178 0.204 -0.011913 20000 1.000000
240.961000 34.168400 -13.19 7.795 0.169 0.197 0.007562 20000 1.000000
241.743000 33.861500 -12.609 7.322 0.205 0.24 -0.021982 20000 1.000000
241.476000 34.253600 -12.068 6.495 0.18 0.207 0.025483 20000 1.000000
240.629000 34.408100 -12.901 7.057 0.192 0.227 -0.024636 20000 1.000000
241.387000 34.516500 -11.577 4.315 0.175 0.201 -0.035027 20000 1.000000
243.630000 34.124100 -5.985 0.841 0.188 0.218 -0.077266 20000 1.000000
242.098000 34.082000 -10.25 5.006 0.186 0.213 -0.065964 20000 1.000000
241.603000 34.334800 -27.032 5.764 0.358 0.338 -0.057736 20000 1.000000
241.603000 34.334000 -12.647 6.095 0.26 0.253 -0.178216 20000 1.000000
244.212000 33.389800 -7.044 0.192 0.189 0.216 -0.023727 20000 1.000000
242.140000 34.413400 -8.741 5.292 0.17 0.211 -0.010630 20000 1.000000
242.588000 33.647700 -12.212 7.443 0.165 0.191 -0.011720 20000 1.000000
241.170000 34.946200 -7.933 7.094 0.176 0.211 -0.002035 20000 1.000000
245.061000 39.345200 -4.751 -1.657 0.17 0.21 -0.030859 20000 1.000000
244.183000 40.914700 -5.211 -1.754 0.163 0.208 -0.019159 20000 1.000000
241.871000 33.583500 -16.542 9.894 0.18 0.205 0.018621 20000 1.000000
242.574000 33.649100 -12.533 7.366 0.173 0.2 -0.051959 20000 1.000000
241.574000 34.703100 -7.639 4.789 0.168 0.197 -0.009995 20000 1.000000
242.474000 34.104200 -10.712 4.488 0.193 0.226 -0.029751 20000 1.000000
239.991000 34.733000 -12.52 8.478 0.169 0.195 0.009626 20000 1.000000
243.064000 34.093600 -5.681 2.49 0.188 0.267 0.057457 20000 1.000000
241.116000 34.356300 -12.29 7.605 0.171 0.196 -0.013242 20000 1.000000
246.195000 39.369400 -5.131 -1.533 0.171 0.208 -0.028596 20000 1.000000
241.760000 34.733900 -8.333 3.111 0.172 0.199 -0.026811 20000 1.000000
244.200000 32.945000 -9.527 5.276 0.197 0.212 -0.014974 20000 1.000000
241.107000 34.800200 -11.533 3.899 0.175 0.205 -0.005422 20000 1.000000
240.644000 40.416500 -4.027 -0.637 0.167 0.212 -0.054272 20000 1.000000
240.136000 35.189400 -10.428 5.636 0.171 0.204 -0.013834 20000 1.000000
244.479000 33.274800 -4.354 -1.811 0.174 0.197 -0.021279 20000 1.000000
243.617000 34.291400 -5.907 0.054 0.172 0.2 -0.041236 20000 1.000000
245.173000 33.051100 -4.477 -1.795 0.206 0.233 -0.088751 20000 1.000000
244.340000 34.784000 -4.846 -2.192 0.191 0.225 -0.067830 20000 1.000000
245.810000 34.308600 -4.527 -1.452 0.173 0.2 -0.021740 20000 1.000000
243.111000 35.425200 -7.547 3.88 0.17 0.201 -0.036929 20000 1.000000
245.820000 40.640200 -6.318 -1.65 0.179 0.225 -0.002686 20000 1.000000
239.584000 36.399000 -8.21 0.812 0.203 0.237 -0.040433 20000 1.000000
241.887000 34.047400 -12.469 5.711 0.181 0.212 0.039983 20000 1.000000
242.701000 35.011500 -5.504 1.39 0.171 0.199 -0.016460 20000 1.000000
243.570000 34.754800 -6.438 0.225 0.17 0.198 -0.000288 20000 1.000000
238.530000 40.815900 -7.258 -1.592 0.165 0.21 -0.017260 20000 1.000000
242.999000 33.708100 -10.587 5.49 0.171 0.198 -0.003397 20000 1.000000
244.365000 33.705000 -5.828 -1.772 0.232 0.279 -0.050763 20000 1.000000
239.520000 35.866700 -11.777 8.638 0.198 0.245 0.017085 20000 1.000000
242.155000 34.458200 -9.331 3.391 0.18 0.21 -0.035580 20000 1.000000
239.598000 35.880800 -8.323 3.974 0.177 0.208 0.055565 20000 1.000000
240.812000 34.441200 -12.49 5.453 0.181 0.214 -0.013000 20000 1.000000
244.089000 34.727300 -4.742 -1.508 0.173 0.203 -0.006908 20000 1.000000
243.779000 33.796800 -6.016 0.531 0.173 0.201 0.008421 20000 1.000000
244.855000 34.157600 -5.011 -2.368 0.169 0.198 0.007770 20000 1.000000
241.526000 35.662300 -6.998 1.38 0.176 0.21 -0.077587 20000 1.000000
242.045000 34.449100 -9.961 4.221 0.165 0.199 -0.026266 20000 1.000000
240.992000 34.398500 -12.027 5.207 0.171 0.201 -0.021363 20000 1.000000
243.827000 33.925400 -6.109 0.284 0.18 0.204 -0.007789 20000 1.000000
243.241000 33.236000 -10.331 9.581 0.191 0.215 0.061309 20000 1.000000
242.165000 34.485500 -9.191 3.503 0.166 0.194 -0.015122 20000 1.000000
242.609000 33.744200 -11.481 6.117 0.196 0.216 0.052088 20000 1.000000
242.555000 33.817400 -11.259 6.113 0.173 0.199 -0.002058 20000 1.000000
243.060000 35.090200 -5.819 0.541 0.172 0.199 -0.013909 20000 1.000000
239.553000 34.691000 -13.55 9.27 0.171 0.196 -0.016539 20000 1.000000
242.246000 34.133300 -11.442 5.184 0.173 0.2 0.002649 20000 1.000000
239.406000 35.828700 -11.037 9.492 0.173 0.207 0.007734 20000 1.000000
242.454000 34.314900 -9.262 6.214 0.231 0.268 0.045656 20000 1.000000
241.970000 34.527100 -9.98 3.818 0.174 0.207 -0.051057 20000 1.000000
240.896000 34.733600 -11.751 5.316 0.17 0.203 -0.000414 20000 1.000000
239.557000 35.832600 -11.565 7.418 0.168 0.2 -0.014624 20000 1.000000
242.563000 33.856800 -11.031 5.884 0.171 0.194 -0.019400 20000 1.000000
238.778000 42.418300 -5.602 -3.551 0.237 0.319 -0.037656 20000 1.000000
244.021000 36.632500 -4.486 -2.303 0.166 0.2 0.009392 20000 1.000000
239.649000 34.038300 -13.815 10.329 0.172 0.201 -0.054670 20000 1.000000
241.874000 34.136800 -12.654 6.302 0.168 0.195 0.006694 20000 1.000000
243.904000 40.148400 -5.688 -2.424 0.17 0.216 -0.088032 20000 1.000000
242.682000 33.918400 -10.21 5.525 0.17 0.195 -0.003783 20000 1.000000
239.566000 35.969500 -6.762 3.562 0.174 0.198 -0.057366 20000 1.000000
244.588000 40.710700 -5.533 -2.082 0.167 0.22 -0.023820 20000 1.000000
241.122000 34.295500 -12.406 7.237 0.187 0.212 -0.009083 20000 1.000000
242.118000 34.175200 -9.638 6.54 0.234 0.259 -0.286984 20000 1.000000
243.352000 34.038500 -8.141 3.139 0.184 0.216 0.081724 20000 1.000000
242.790000 34.230800 -6.392 4.758 0.265 0.271 0.210348 20000 1.000000
245.381000 34.767700 -4.285 -1.936 0.184 0.215 -0.009650 20000 1.000000
242.491000 39.685600 -5.995 -2.49 0.264 0.328 -0.021017 20000 1.000000
240.859000 34.498700 -11.658 5.298 0.166 0.193 -0.015006 20000 1.000000
243.932000 34.141000 -4.968 -1.037 0.169 0.197 -0.003508 20000 1.000000
242.653000 33.240700 -11.905 6.319 0.189 0.207 -0.133008 20000 1.000000
244.082000 34.369900 -4.961 -1.787 0.171 0.2 -0.051426 20000 1.000000
243.695000 34.427700 -4.252 -0.072 0.172 0.204 -0.039356 20000 1.000000
243.708000 34.533000 -4.587 -0.294 0.181 0.204 -0.030769 20000 1.000000
243.185000 34.674900 -6.342 0.892 0.178 0.208 0.058496 20000 1.000000
241.793000 34.128800 -11.489 5.941 0.169 0.196 -0.020812 20000 1.000000
240.647000 34.683400 -12.177 5.04 0.18 0.212 -0.033160 20000 1.000000
242.814000 39.521100 -4.887 -1.971 0.168 0.206 -0.024648 20000 1.000000
245.995000 32.722500 -5.702 -0.478 0.176 0.199 0.022179 20000 1.000000
244.721000 39.910200 -5.23 -1.897 0.182 0.214 -0.008686 20000 1.000000
245.543000 36.154200 -5.306 -1.723 0.17 0.2 -0.025265 20000 1.000000
245.180000 41.724200 -4.745 -1.743 0.171 0.216 -0.071316 20000 1.000000
242.670000 41.428700 -4.983 -2.197 0.18 0.229 0.002345 20000 1.000000
242.935000 42.981700 -4.821 -1.678 0.16 0.21 -0.020617 20000 1.000000
235.925000 40.876300 -1.983 2.339 0.211 0.263 0.027926 20000 1.000000
236.274000 38.928300 -10.67 10.878 0.162 0.2 -0.022231 20000 1.000000
237.585000 40.997600 -7.025 -1.261 0.19 0.248 -0.103825 20000 1.000000
243.830000 32.616500 -13.163 6.821 0.173 0.198 -0.023332 20000 1.000000
238.997000 35.551800 -12.555 10.634 0.167 0.199 -0.009538 20000 1.000000
242.015000 39.305600 -5.375 -1.568 0.169 0.213 -0.051751 20000 1.000000
242.395000 39.287900 -6.316 -1.486 0.168 0.205 -0.032000 20000 1.000000
243.576000 39.500500 -5.009 -1.807 0.162 0.208 -0.001035 20000 1.000000
243.950000 39.546400 -5.426 -2.038 0.167 0.204 -0.000626 20000 1.000000
244.111000 39.374200 -5.377 -1.461 0.164 0.203 -0.002871 20000 1.000000
244.487000 39.536100 -4.999 -1.933 0.167 0.21 -0.017801 20000 1.000000
244.568000 39.388600 -3.562 -1.148 0.16 0.2 -0.018407 20000 1.000000
242.120000 40.433400 -5.521 -1.802 0.166 0.208 0.012934 20000 1.000000
245.308000 39.255200 -4.499 -2.211 0.167 0.204 0.026101 20000 1.000000
245.723000 39.119400 -4.983 -2.014 0.166 0.21 -0.020377 20000 1.000000
246.129000 39.067300 -5.109 -2.333 0.166 0.206 -0.036649 20000 1.000000
242.532000 40.320600 -5.137 -1.143 0.17 0.21 -0.058287 20000 1.000000
246.946000 40.494000 -5.233 -1.487 0.163 0.207 -0.000651 20000 1.000000
243.264000 40.495500 -5.378 -2.191 0.174 0.217 -0.060610 20000 1.000000
243.721000 40.363200 -5.508 -3.445 0.162 0.206 0.001276 20000 1.000000
240.200000 39.572800 -7.753 -0.648 0.166 0.207 -0.026756 20000 1.000000
242.469000 36.614300 -5.777 -1.085 0.167 0.198 -0.021528 20000 1.000000
242.593000 36.804200 -5.275 -2.093 0.161 0.194 -0.018006 20000 1.000000
242.006000 36.606000 -5.688 0.122 0.173 0.202 0.063453 20000 1.000000
242.296000 37.200800 -4.558 -0.554 0.166 0.2 -0.015602 20000 1.000000
240.463000 39.698400 -7.042 -1.493 0.173 0.214 -0.020727 20000 1.000000
240.694000 39.795600 -5.394 -1.506 0.186 0.237 0.014656 20000 1.000000
241.126000 39.838800 -5.613 -1.928 0.181 0.221 -0.061780 20000 1.000000
241.316000 39.888900 -5.734 -1.252 0.168 0.211 -0.029679 20000 1.000000
241.841000 39.212300 -5.74 -1.53 0.16 0.199 -0.015845 20000 1.000000
246.706000 41.856800 -5.275 -1.561 0.171 0.221 0.011976 20000 1.000000
246.958000 39.345100 -5.327 -2.126 0.28 0.342 -0.012849 20000 1.000000
246.988000 41.817300 -3.396 -2.123 0.164 0.21 -0.026115 20000 1.000000
246.722000 40.671300 -5.234 -1.97 0.168 0.212 -0.028928 20000 1.000000
240.400000 39.499200 -6.557 -0.849 0.212 0.254 0.028562 20000 1.000000
240.931000 39.486100 -6.673 -0.938 0.169 0.209 -0.012493 20000 1.000000
241.550000 39.133900 -5.956 -1.316 0.164 0.204 -0.009031 20000 1.000000
241.062000 39.268000 -6.696 -1.513 0.285 0.343 -0.021439 20000 1.000000
241.649000 39.454700 -6.141 -1.531 0.167 0.207 0.026537 20000 1.000000
241.995000 38.728800 -4.968 -1.205 0.166 0.203 -0.009857 20000 1.000000
241.070000 38.980900 -6.064 -0.838 0.162 0.206 -0.007544 20000 1.000000
240.541000 38.761400 -6.337 0.627 0.179 0.213 -0.101312 20000 1.000000
240.523000 40.779800 -5.735 -1.677 0.18 0.217 0.058283 20000 1.000000
240.990000 40.242200 -5.324 -2.1 0.187 0.216 -0.094820 20000 1.000000
240.278000 39.908200 -7.064 -1.641 0.166 0.208 0.018779 20000 1.000000
239.307000 38.829200 -6.668 0.675 0.186 0.21 0.079354 20000 1.000000
239.614000 39.046600 -7.659 -0.061 0.182 0.22 -0.062295 20000 1.000000
240.189000 39.123500 -9.114 -0.045 0.169 0.211 -0.077574 20000 1.000000
239.107000 39.466700 -7.571 0.986 0.203 0.239 0.047873 20000 1.000000
240.376000 41.357700 -5.911 -1.788 0.164 0.21 -0.013513 20000 1.000000
239.716000 39.937400 -6.599 -0.406 0.159 0.201 -0.018456 20000 1.000000
239.194000 40.418600 -6.398 -3.118 0.202 0.244 0.004461 20000 1.000000
239.923000 40.288900 -6.498 -1.364 0.166 0.209 -0.006550 20000 1.000000
235.692000 40.247500 -9.227 9.112 0.161 0.204 -0.015402 20000 1.000000
235.867000 40.551300 -2.934 3.968 0.175 0.223 -0.027142 20000 1.000000
235.787000 40.637400 -2.29 4.017 0.192 0.24 0.003518 20000 1.000000
235.943000 40.219600 -8.622 4.773 0.167 0.211 0.000736 20000 1.000000
236.307000 40.119300 -8.988 1.992 0.176 0.224 0.022285 20000 1.000000
238.207000 36.485500 -12.397 8.677 0.172 0.206 -0.018058 20000 1.000000
238.710000 35.945700 -13.297 9.502 0.169 0.201 0.029174 20000 1.000000
238.949000 36.302100 -13.008 9.264 0.165 0.199 -0.005310 20000 1.000000
238.865000 36.425900 -13.111 9.738 0.169 0.202 0.020961 20000 1.000000
237.668000 37.534500 -10.946 6.661 0.2 0.213 -0.106878 20000 1.000000
237.623000 37.914500 -9.429 5.113 0.171 0.209 -0.012337 20000 1.000000
236.819000 38.495000 -9.519 9.533 0.166 0.207 -0.075624 20000 1.000000
236.652000 38.987400 -9.515 6.519 0.175 0.21 0.058904 20000 1.000000
236.796000 39.242000 -9.146 3.551 0.165 0.206 -0.008604 20000 1.000000
236.368000 42.275400 -0.381 2.285 0.602 0.545 -0.031388 20000 1.000000
236.895000 39.319700 -8.941 2.865 0.214 0.264 0.008811 20000 1.000000
237.041000 38.664700 -9.589 6.358 0.198 0.255 0.068162 20000 1.000000
237.233000 38.428600 -7.38 7.681 0.167 0.207 -0.005165 20000 1.000000
237.548000 38.239800 -8.168 4.342 0.169 0.208 -0.016926 20000 1.000000
237.083000 38.866100 -11.275 4.263 0.161 0.2 -0.020539 20000 1.000000
237.037000 39.398100 -9.943 -2.029 0.202 0.236 -0.079947 20000 1.000000
237.424000 38.777800 -6.757 2.792 0.169 0.219 -0.050603 20000 1.000000
237.281000 39.260000 -6.747 2.662 0.165 0.204 0.020948 20000 1.000000
237.696000 39.109300 -6.84 -0.498 0.17 0.21 -0.024882 20000 1.000000
237.873000 37.069200 -12.803 10.739 0.2 0.234 0.167170 20000 1.000000
238.137000 36.962000 -12.254 8.901 0.193 0.217 -0.049705 20000 1.000000
238.009000 37.201700 -12.003 6.65 0.194 0.225 -0.081123 20000 1.000000
238.203000 37.001000 -11.249 7.192 0.249 0.269 0.064025 20000 1.000000
238.274000 37.002400 -10.081 7.25 0.178 0.218 0.002129 20000 1.000000
238.349000 37.104500 -10.169 5.249 0.202 0.221 -0.133072 20000 1.000000
238.286000 37.203500 -9.814 6.627 0.173 0.204 0.043609 20000 1.000000
237.786000 37.329900 -12.098 8.144 0.163 0.198 -0.003519 20000 1.000000
237.901000 37.336900 -11.387 6.525 0.17 0.212 -0.027467 20000 1.000000
237.900000 37.722000 -8.301 4.483 0.163 0.198 -0.021720 20000 1.000000
237.781000 37.863900 -6.423 5.985 0.17 0.211 -0.020589 20000 1.000000
237.942000 37.713900 -8.185 3.801 0.184 0.221 -0.079829 20000 1.000000
238.174000 37.336800 -6.636 7.512 0.167 0.207 -0.016578 20000 1.000000
238.210000 37.533000 -6.781 2.02 0.164 0.2 -0.004809 20000 1.000000
238.313000 37.601800 -7.942 1.647 0.17 0.204 0.030917 20000 1.000000
238.022000 37.749400 -8.876 3.535 0.167 0.201 -0.021041 20000 1.000000
238.214000 37.819000 -5.64 1.614 0.17 0.203 -0.012803 20000 1.000000
238.095000 36.621700 -13.092 9.87 0.166 0.2 -0.029422 20000 1.000000
238.421000 36.724000 -11.894 10.858 0.166 0.199 -0.028109 20000 1.000000
238.580000 36.800400 -8.928 6.337 0.164 0.197 -0.024906 20000 1.000000
238.409000 36.858500 -11.487 8.73 0.165 0.199 -0.032079 20000 1.000000
238.459000 36.814300 -12.006 8.351 0.168 0.199 -0.011150 20000 1.000000
238.445000 36.903500 -10.681 6.23 0.169 0.199 -0.030378 20000 1.000000
238.613000 36.637000 -11.475 9.16 0.175 0.208 -0.082334 20000 1.000000
238.458000 37.007800 -10.804 6.091 0.216 0.27 -0.000412 20000 1.000000
238.426000 37.213000 -8.131 1.393 0.165 0.198 -0.014345 20000 1.000000
238.665000 36.918200 -7.428 1.693 0.17 0.205 -0.018233 20000 1.000000
238.645000 37.010800 -7.817 -0.157 0.215 0.262 -0.057287 20000 1.000000
240.294000 37.713100 -6.415 4.391 0.171 0.208 -0.034340 20000 1.000000
238.812000 36.559500 -12.566 8.766 0.162 0.195 -0.022737 20000 1.000000
238.131000 37.975600 -7.845 1.749 0.166 0.202 0.002697 20000 1.000000
238.936000 36.611600 -5.61 1.464 0.161 0.194 -0.019770 20000 1.000000
238.732000 36.950000 -7.555 1.917 0.165 0.199 0.003281 20000 1.000000
238.652000 36.811400 -7.458 2.072 0.166 0.201 -0.028993 20000 1.000000
238.942000 37.169600 -7.793 0.521 0.172 0.206 -0.001565 20000 1.000000
238.347000 37.478400 -6.928 1.515 0.183 0.219 -0.011379 20000 1.000000
238.531000 37.489600 -8.368 0.905 0.162 0.197 -0.022949 20000 1.000000
238.675000 37.581900 -8.238 -0.311 0.168 0.206 -0.026775 20000 1.000000
238.395000 37.932000 -6.416 0.745 0.165 0.201 -0.015814 20000 1.000000
238.536000 37.755300 -8.602 2.016 0.165 0.2 -0.019886 20000 1.000000
238.717000 37.385400 -7.847 1.007 0.168 0.208 -0.021060 20000 1.000000
237.782000 38.153000 -7.563 0.877 0.163 0.2 -0.038990 20000 1.000000
237.904000 38.025100 -8.066 3 0.17 0.21 -0.077863 20000 1.000000
237.805000 38.444200 -7.809 1.399 0.174 0.224 -0.012845 20000 1.000000
237.645000 38.999500 -5.231 -0.202 0.2 0.219 0.061655 20000 1.000000
238.905000 38.645300 -7.613 0.575 0.164 0.201 -0.012980 20000 1.000000
239.652000 35.544100 -12.89 7.463 0.194 0.226 -0.030364 20000 1.000000
239.611000 35.841100 -10.189 7.509 0.175 0.204 -0.044112 20000 1.000000
239.655000 35.837800 -8.544 4.479 0.17 0.205 -0.030058 20000 1.000000
239.715000 35.806700 -8.088 3.834 0.181 0.214 -0.029083 20000 1.000000
239.093000 35.933300 -13.135 8.166 0.164 0.197 -0.019424 20000 1.000000
239.019000 36.417200 -7.453 0.222 0.203 0.239 -0.000043 20000 1.000000
239.147000 36.515900 -7.619 0.726 0.172 0.208 -0.037295 20000 1.000000
239.302000 36.024800 -13.514 8.893 0.165 0.203 -0.017477 20000 1.000000
239.121000 36.140200 -13.977 8.87 0.167 0.197 -0.023614 20000 1.000000
239.251000 36.106800 -13.91 9.454 0.162 0.193 -0.016962 20000 1.000000
239.272000 36.178900 -6.791 1.522 0.162 0.193 -0.019618 20000 1.000000
239.355000 35.922800 -11.795 9.563 0.164 0.195 -0.030361 20000 1.000000
239.525000 36.007500 -6.958 4.193 0.189 0.211 -0.014729 20000 1.000000
239.457000 36.089400 -5.149 5.798 0.163 0.195 -0.017496 20000 1.000000
239.560000 36.123200 -6.992 2.794 0.164 0.195 -0.020401 20000 1.000000
239.158000 35.697100 -12.776 8.944 0.17 0.196 0.024796 20000 1.000000
239.637000 36.051700 -5.811 2.331 0.168 0.195 -0.020541 20000 1.000000
239.448000 35.974100 -10.69 7.994 0.186 0.209 -0.061914 20000 1.000000
239.706000 36.015800 -6.631 2.075 0.166 0.197 -0.026824 20000 1.000000
239.723000 36.304400 -11.231 0.278 0.168 0.201 -0.020844 20000 1.000000
239.257000 36.806300 -7.956 0.576 0.165 0.2 -0.015343 20000 1.000000
239.803000 37.352200 -7.346 0.874 0.176 0.214 -0.022674 20000 1.000000
239.356000 37.795200 -5.792 2.29 0.214 0.251 -0.009187 20000 1.000000
240.160000 37.901100 -9.034 -1.853 0.185 0.211 -0.113054 20000 1.000000
239.049000 38.090000 -6.191 -0.135 0.167 0.205 -0.020736 20000 1.000000
239.666000 38.735600 -7.481 -0.015 0.186 0.211 0.029053 20000 1.000000
241.480000 37.177600 -9.071 0.9 0.179 0.216 -0.010278 20000 1.000000
236.283000 39.863600 -10.592 5.558 0.202 0.248 -0.106324 20000 1.000000
236.448000 39.905700 -8.355 2.322 0.191 0.247 -0.056026 20000 1.000000
236.628000 39.452400 -9.036 3.422 0.165 0.207 -0.006650 20000 1.000000
236.705000 39.707100 -9.137 1.297 0.176 0.218 -0.066733 20000 1.000000
236.813000 39.492800 -9.539 2.297 0.2 0.268 0.026170 20000 1.000000
236.817000 39.962100 -6.855 0.215 0.184 0.233 -0.066911 20000 1.000000
236.344000 40.256800 -7.018 1.678 0.165 0.209 0.000162 20000 1.000000
236.117000 41.151700 -2.03 0.923 0.295 0.371 0.008167 20000 1.000000
236.301000 40.575300 -5.665 -0.342 0.174 0.217 0.062489 20000 1.000000
236.427000 40.478900 -5.259 -0.768 0.199 0.25 0.185518 20000 1.000000
236.548000 40.082200 -8.347 0.944 0.161 0.203 -0.008109 20000 1.000000
236.864000 40.324100 -6.004 0.387 0.161 0.204 -0.021607 20000 1.000000
236.676000 40.732900 -5.505 -0.417 0.163 0.207 -0.041219 20000 1.000000
236.826000 40.546700 -4.991 -0.535 0.165 0.212 -0.034038 20000 1.000000
237.024000 39.621400 -6.91 1.149 0.175 0.208 0.038924 20000 1.000000
237.264000 39.493600 -5.874 2.512 0.163 0.201 -0.030233 20000 1.000000
237.126000 39.726200 -5.873 0.374 0.166 0.209 0.020411 20000 1.000000
237.077000 40.747600 -6.817 0.116 0.276 0.344 -0.022342 20000 1.000000
237.332000 40.034100 -7.165 -0.521 0.167 0.208 -0.027727 20000 1.000000
237.393000 40.650700 -6.44 -1.429 0.171 0.218 -0.063047 20000 1.000000
236.666000 40.887100 -5.349 -1.293 0.16 0.204 -0.017261 20000 1.000000
237.729000 40.271200 -6.085 -1.25 0.176 0.218 -0.085159 20000 1.000000
239.132000 39.794700 -6.824 -0.712 0.163 0.209 -0.052268 20000 1.000000
237.681000 40.731100 -6.477 -0.611 0.195 0.225 0.025732 20000 1.000000
235.774000 42.209100 0.123 -0.791 0.168 0.21 -0.012876 20000 1.000000
235.946000 42.860100 -3.312 -0.524 0.187 0.238 0.042098 20000 1.000000
236.617000 42.503500 -4.098 -2.769 0.166 0.214 -0.009480 20000 1.000000
237.344000 42.191000 -6.482 -1.373 0.169 0.219 -0.046901 20000 1.000000
238.220000 42.259700 -5.848 -1.115 0.166 0.211 -0.022982 20000 1.000000
239.622000 42.468800 -6.639 -2.129 0.166 0.217 -0.051974 20000 1.000000
243.371000 36.071300 -5.016 -1.128 0.174 0.21 0.036565 20000 1.000000
242.835000 36.022500 -4.971 -0.186 0.173 0.199 -0.026864 20000 1.000000
242.590000 36.159000 -5.031 -1.088 0.191 0.224 0.031923 20000 1.000000
241.868000 36.466800 -8.516 1.064 0.187 0.229 -0.202100 20000 1.000000
242.211000 36.531200 -5.218 -1.259 0.166 0.201 -0.019412 20000 1.000000
241.909000 36.570200 -5.193 1.179 0.187 0.21 -0.083814 20000 1.000000
241.882000 36.975700 -6.135 -0.321 0.162 0.197 -0.010610 20000 1.000000
242.064000 37.231400 -5.201 -1.245 0.171 0.202 0.032942 20000 1.000000
242.606000 34.462400 -8.096 2.773 0.179 0.203 -0.024010 20000 1.000000
242.459000 33.562100 -12.22 7.023 0.195 0.215 -0.003201 20000 1.000000
242.895000 32.889200 -12.239 8.068 0.171 0.193 -0.027008 20000 1.000000
243.050000 32.733800 -12.67 7.401 0.165 0.188 -0.018269 20000 1.000000
242.756000 32.666400 -13.096 7.91 0.182 0.198 0.066763 20000 1.000000
242.810000 33.439600 -11.847 7.436 0.166 0.192 -0.013062 20000 1.000000
242.928000 33.235700 -11.732 6.499 0.177 0.195 0.018211 20000 1.000000
243.217000 33.493300 -11.283 5.497 0.168 0.192 -0.013646 20000 1.000000
243.651000 32.976000 -12.274 7.132 0.171 0.196 -0.015175 20000 1.000000
243.989000 32.822200 -10.788 6.273 0.171 0.194 -0.054902 20000 1.000000
243.329000 33.240200 -11.533 6.571 0.176 0.199 -0.016755 20000 1.000000
243.431000 33.059200 -11.292 7.204 0.167 0.19 -0.021382 20000 1.000000
243.379000 33.375600 -10.956 6.082 0.171 0.196 0.014873 20000 1.000000
243.591000 33.210200 -11.349 5.673 0.182 0.209 -0.005819 20000 1.000000
243.817000 33.213500 -11.34 4.314 0.169 0.193 -0.019300 20000 1.000000
243.921000 33.201000 -10.105 4.049 0.169 0.193 -0.015436 20000 1.000000
243.888000 33.296200 -9.043 3.199 0.173 0.198 -0.069704 20000 1.000000
243.574000 33.523500 -9.908 3.573 0.179 0.2 0.046884 20000 1.000000
243.773000 33.574700 -8.028 2.748 0.177 0.21 0.004070 20000 1.000000
244.031000 32.887000 -11.305 5.628 0.171 0.195 -0.021197 20000 1.000000
244.175000 32.954700 -10.281 5.39 0.224 0.242 -0.019071 20000 1.000000
244.268000 32.759700 -10.494 5.012 0.175 0.201 -0.008380 20000 1.000000
244.404000 32.750600 -9.555 4.588 0.255 0.284 -0.011396 20000 1.000000
244.423000 32.834700 -8.154 3.945 0.176 0.198 -0.019089 20000 1.000000
244.430000 32.898400 -7.819 3.961 0.174 0.198 -0.008746 20000 1.000000
244.700000 32.690000 -4.97 -0.046 0.169 0.192 -0.029271 20000 1.000000
244.602000 32.875800 -3.872 -1.188 0.176 0.202 -0.006949 20000 1.000000
244.578000 32.982500 -4.84 -1.193 0.175 0.203 0.002451 20000 1.000000
244.280000 32.948900 -8.687 4.251 0.173 0.197 -0.013253 20000 1.000000
244.234000 33.516400 -6.194 0.079 0.177 0.203 0.032568 20000 1.000000
244.313000 33.423900 -5.454 -0.854 0.175 0.2 0.019459 20000 1.000000
244.571000 33.247800 -4.762 -1.31 0.172 0.197 -0.026937 20000 1.000000
244.657000 33.143600 -3.578 -1.984 0.176 0.201 -0.072975 20000 1.000000
244.704000 33.886900 -3.92 -1.547 0.179 0.2 -0.013540 20000 1.000000
240.305000 37.562600 -8.56 -1.408 0.182 0.205 0.087024 20000 1.000000
239.350000 34.907300 -13.51 10.282 0.188 0.215 -0.004958 20000 1.000000
239.590000 35.010700 -11.971 9.205 0.169 0.197 -0.018609 20000 1.000000
239.760000 34.870600 -13.952 8.766 0.166 0.193 0.003663 20000 1.000000
239.617000 35.106200 -12.708 9.04 0.174 0.201 0.053493 20000 1.000000
241.822000 34.376400 -10.704 4.499 0.168 0.196 -0.010663 20000 1.000000
239.925000 35.020000 -11.906 5.543 0.163 0.191 -0.017076 20000 1.000000
240.208000 34.507800 -12.293 7.388 0.169 0.191 -0.012982 20000 1.000000
240.384000 34.630500 -14.24 6.422 0.163 0.19 -0.014788 20000 1.000000
240.185000 34.888600 -10.94 7.924 0.162 0.19 -0.013052 20000 1.000000
240.464000 35.086600 -8.737 4.47 0.168 0.196 -0.009872 20000 1.000000
239.192000 35.425800 -12.168 10.006 0.166 0.195 -0.036127 20000 1.000000
239.455000 35.327800 -12.638 8.828 0.168 0.2 0.033076 20000 1.000000
239.646000 35.440500 -12.094 7.178 0.168 0.198 -0.028338 20000 1.000000
239.520000 35.624800 -12.931 5.853 0.165 0.197 -0.008325 20000 1.000000
239.463000 35.792700 -11.862 9.109 0.181 0.215 0.033643 20000 1.000000
239.733000 35.633800 -11.07 6.232 0.171 0.197 0.015336 20000 1.000000
239.629000 35.747900 -12.147 7.515 0.17 0.2 -0.003224 20000 1.000000
237.762000 37.061200 -10.238 9.122 0.165 0.199 -0.008587 20000 1.000000
239.899000 35.235100 -12.674 7.085 0.188 0.211 0.038484 20000 1.000000
239.975000 35.279800 -11.908 6.553 0.171 0.207 -0.045408 20000 1.000000
240.065000 35.316800 -10.658 6.095 0.166 0.198 -0.018375 20000 1.000000
239.887000 35.534200 -9.92 5.635 0.172 0.205 -0.018237 20000 1.000000
239.818000 35.702700 -8.913 4.309 0.165 0.195 -0.014614 20000 1.000000
239.869000 35.801300 -7.722 2.553 0.174 0.2 -0.006923 20000 1.000000
239.999000 35.686700 -7.678 3.64 0.172 0.2 -0.064971 20000 1.000000
239.707000 35.688900 -10.266 5.942 0.166 0.196 -0.029950 20000 1.000000
240.287000 35.319000 -9.293 3.581 0.178 0.21 -0.023297 20000 1.000000
240.091000 35.934700 -6.797 1.939 0.167 0.196 -0.011052 20000 1.000000
240.496000 34.466800 -13.661 6.805 0.163 0.19 -0.016539 20000 1.000000
240.674000 34.599600 -12.669 6.398 0.171 0.204 0.054093 20000 1.000000
240.885000 34.660100 -12.314 5.835 0.172 0.198 0.042766 20000 1.000000
240.845000 34.856200 -11.112 2.142 0.245 0.325 -0.114484 20000 1.000000
239.755000 35.686700 -10.033 4.99 0.168 0.196 -0.022846 20000 1.000000
241.121000 34.835100 -9.888 4.175 0.166 0.193 -0.005730 20000 1.000000
241.152000 34.792300 -10.927 3.288 0.171 0.205 -0.017331 20000 1.000000
241.331000 34.695000 -9.524 6.432 0.172 0.202 0.039935 20000 1.000000
241.454000 34.771100 -8.356 3.564 0.168 0.198 -0.015326 20000 1.000000
241.344000 34.944400 -7.861 2.383 0.173 0.204 -0.062913 20000 1.000000
241.388000 35.138600 -6.271 2.51 0.166 0.195 -0.041391 20000 1.000000
241.459000 34.821800 -8.294 2.548 0.175 0.2 -0.021007 20000 1.000000
241.811000 34.982100 -7.478 1.856 0.166 0.194 -0.014752 20000 1.000000
241.876000 35.378000 -6.407 2.089 0.168 0.195 -0.031415 20000 1.000000
241.740000 35.667300 -7.176 1.398 0.174 0.2 -0.011086 20000 1.000000
241.233000 36.231400 -7.303 1.714 0.171 0.198 0.043481 20000 1.000000
241.045000 36.585500 -6.644 0.592 0.164 0.197 -0.016642 20000 1.000000
241.740000 36.093100 -6.298 0.487 0.168 0.196 -0.020672 20000 1.000000
241.994000 35.038800 -6.399 2.057 0.167 0.195 -0.009931 20000 1.000000
242.271000 34.509700 -7.796 3.832 0.168 0.195 -0.019103 20000 1.000000
242.451000 34.634300 -6.91 2.506 0.166 0.194 -0.023003 20000 1.000000
242.457000 34.987000 -6.093 2.751 0.17 0.199 0.015905 20000 1.000000
243.048000 33.892600 -8.505 5.043 0.165 0.191 -0.018674 20000 1.000000
243.454000 34.019300 -6.568 2.215 0.167 0.194 -0.030104 20000 1.000000
242.719000 34.534800 -7.339 3.179 0.193 0.206 -0.126560 20000 1.000000
241.969000 34.332200 -10.816 4.818 0.219 0.257 -0.008324 20000 1.000000
242.635000 35.116800 -6.021 1.767 0.176 0.204 -0.029912 20000 1.000000
241.983000 35.152400 -6.33 1.8 0.167 0.196 -0.018826 20000 1.000000
242.697000 35.238500 -5.319 1.316 0.169 0.196 -0.003239 20000 1.000000
242.795000 35.387900 -5.189 1.189 0.163 0.193 -0.007174 20000 1.000000
242.610000 35.896700 -6.749 0.844 0.181 0.213 -0.050266 20000 1.000000
242.597000 35.697600 -6.621 0.128 0.166 0.195 -0.013890 20000 1.000000
243.111000 35.998200 -4.438 -1.239 0.176 0.2 -0.028607 20000 1.000000
243.112000 35.710600 -4.938 -0.894 0.164 0.196 -0.009595 20000 1.000000
243.290000 34.192500 -7.22 3.239 0.17 0.195 -0.027504 20000 1.000000
243.463000 34.217200 -6.143 2.075 0.171 0.196 0.001949 20000 1.000000
243.788000 33.865800 -5.92 1.971 0.166 0.193 -0.005093 20000 1.000000
243.920000 33.959300 -6.567 -0.522 0.169 0.193 -0.013330 20000 1.000000
239.772000 35.729200 -8.601 3.76 0.167 0.196 -0.003443 20000 1.000000
243.971000 34.716900 -4.962 -1.719 0.175 0.201 -0.050546 20000 1.000000
243.329000 34.936800 -4.628 0.335 0.17 0.2 -0.004221 20000 1.000000
242.063000 34.341100 -10.313 4.475 0.181 0.216 -0.020658 20000 1.000000
243.120000 34.462100 -6.74 2.315 0.167 0.194 -0.016708 20000 1.000000
244.179000 33.741000 -5.247 -0.634 0.181 0.208 -0.013196 20000 1.000000
244.236000 34.425700 -4.457 -1.675 0.205 0.217 0.021531 20000 1.000000
244.350000 35.204800 -4.643 -1.599 0.172 0.2 -0.044289 20000 1.000000
242.685000 34.187400 -8.816 4.83 0.169 0.197 0.018078 20000 1.000000
242.950000 34.196200 -7.596 3.272 0.199 0.202 0.061343 20000 1.000000
244.750000 34.731800 -3.971 -2.402 0.212 0.245 -0.019769 20000 1.000000
243.237000 35.204600 -5.436 0.394 0.166 0.194 -0.009107 20000 1.000000
242.107000 35.424600 -5.767 2.358 0.167 0.196 -0.018201 20000 1.000000
243.428000 35.320600 -4.266 -0.704 0.166 0.197 -0.021057 20000 1.000000
243.896000 35.141900 -4.854 -1.131 0.179 0.2 -0.050831 20000 1.000000
243.878000 35.526000 -5.259 -2.289 0.169 0.199 -0.025264 20000 1.000000
243.855000 35.785400 -4.104 -1.279 0.167 0.198 -0.028748 20000 1.000000
244.456000 35.472800 -5.25 -1.633 0.167 0.2 -0.008420 20000 1.000000
244.634000 35.163000 -4.91 -0.955 0.181 0.212 -0.025134 20000 1.000000
245.401000 34.188900 -4.271 -1.916 0.173 0.202 -0.012064 20000 1.000000
245.035000 34.844400 -4.586 -1.685 0.173 0.201 -0.029376 20000 1.000000
244.762000 35.291100 -4.632 -1.083 0.167 0.198 -0.014807 20000 1.000000
241.000000 37.613000 -7.708 -3.154 0.169 0.203 -0.049352 20000 1.000000
241.084000 37.605300 -8.562 -4.043 0.172 0.219 -0.033777 20000 1.000000
240.914000 37.785700 -9.992 0.351 0.202 0.227 -0.138813 20000 1.000000
240.967000 37.913500 -7.872 1.298 0.163 0.199 -0.015766 20000 1.000000
240.974000 37.696600 -8.256 0.616 0.197 0.22 0.103524 20000 1.000000
240.862000 37.839300 -7.783 1.131 0.178 0.209 0.006249 20000 1.000000
240.853000 37.962800 -9.286 0.608 0.165 0.199 -0.023776 20000 1.000000
240.916000 37.914100 -11.253 0.42 0.166 0.2 -0.019090 20000 1.000000
241.056000 37.734300 -8.258 1.148 0.164 0.201 -0.017062 20000 1.000000
241.131000 37.654600 -6.135 -1.125 0.166 0.204 -0.024417 20000 1.000000
241.040000 37.891700 -5.589 1.474 0.174 0.205 -0.021272 20000 1.000000
241.148000 37.878200 -6.168 1.49 0.165 0.2 -0.031177 20000 1.000000
241.183000 37.591400 -8.599 -3.871 0.169 0.215 0.048513 20000 1.000000
241.302000 37.561600 -6.864 -1.499 0.171 0.224 -0.020231 20000 1.000000
241.316000 37.495400 -8.798 -0.852 0.161 0.196 -0.017285 20000 1.000000
241.406000 37.541300 -6.504 0.333 0.166 0.201 -0.015620 20000 1.000000
241.180000 37.677000 -4.836 0.267 0.164 0.201 -0.017550 20000 1.000000
241.232000 37.754400 -5.424 1.319 0.171 0.215 0.020402 20000 1.000000
240.981000 37.800000 -8.246 0.412 0.167 0.202 0.013992 20000 1.000000
241.264000 37.903500 -5.581 -1.148 0.168 0.204 -0.032291 20000 1.000000
241.445000 37.891300 -4.608 0.996 0.187 0.218 0.050056 20000 1.000000
241.762000 37.589200 -4.969 -0.86 0.163 0.199 -0.016932 20000 1.000000
241.528000 37.737500 -3.917 -0.963 0.217 0.253 -0.009467 20000 1.000000
240.850000 38.057900 -8.713 -0.103 0.183 0.22 -0.013749 20000 1.000000
237.804000 41.344800 6.739 -25.427 0.187 0.239 0.014468 20000 1.000000
237.706000 41.381200 -6.029 -0.888 0.176 0.215 0.044917 20000 1.000000
237.809000 41.479200 -5.966 -2.678 0.163 0.22 -0.057253 20000 1.000000
237.687000 41.463600 -6.796 -0.997 0.165 0.221 -0.053934 20000 1.000000
237.847000 41.531900 -6.846 -1.805 0.245 0.29 0.037643 20000 1.000000
238.493000 41.711600 -6.557 -2.354 0.162 0.208 -0.018423 20000 1.000000
246.132000 42.878900 -5.135 -2.645 0.16 0.212 -0.030297 20000 1.000000
241.275000 37.380400 -10.053 -1.037 0.226 0.245 0.113670 20000 1.000000
241.439000 37.439500 -6.742 0.885 0.177 0.209 -0.017714 20000 1.000000
240.254000 37.088900 -7.438 1.283 0.167 0.201 0.025194 20000 1.000000
241.853000 37.280500 -5.744 -0.395 0.166 0.201 -0.005879 20000 1.000000
239.172000 41.359200 -5.767 -1.694 0.196 0.246 -0.063609 20000 1.000000
239.527000 41.332500 -5.521 -1.554 0.166 0.21 -0.013267 20000 1.000000
235.587000 42.442000 -2.06 1.537 0.165 0.215 -0.075195 20000 1.000000
235.707000 42.076600 -3.012 0.518 0.169 0.211 -0.002512 20000 1.000000
238.120000 42.579800 -4.789 -1.428 0.186 0.236 -0.032995 20000 1.000000
237.390000 42.727100 -7.059 -0.389 0.181 0.22 0.094326 20000 1.000000
240.341000 42.546100 -5.443 -2.532 0.163 0.213 -0.026695 20000 1.000000
242.275000 42.020200 -4.486 -1.781 0.165 0.211 -0.018874 20000 1.000000
243.404000 33.598200 -8.494 4.575 0.245 0.281 -0.164120 20000 1.000000
243.397000 33.495500 -10.035 4.649 0.173 0.2 -0.012382 20000 1.000000
244.492000 32.829400 -6.602 5.349 0.172 0.194 -0.019252 20000 1.000000
239.784000 35.693800 -9.582 5.629 0.187 0.214 0.052251 20000 1.000000
237.579000 41.830800 -8.715 -1.4 0.172 0.219 0.017080 20000 1.000000
236.019000 41.845500 -4.483 -0.402 0.183 0.262 -0.078012 20000 1.000000
238.521000 36.744300 -13.244 9.915 0.188 0.221 0.034371 20000 1.000000
239.528000 35.946600 -7.541 3.135 0.184 0.211 0.043340 20000 1.000000
239.485000 35.929100 -11.789 9.184 0.219 0.267 -0.014270 20000 1.000000
236.427000 40.478800 -5.377 -0.707 0.196 0.248 0.170076 20000 1.000000
237.036000 39.845700 -7.204 0.824 0.161 0.204 -0.042584 20000 1.000000
243.852000 34.508100 -4.853 -0.757 0.165 0.193 -0.013278 20000 1.000000
245.241000 32.497900 -3.759 -0.63 0.176 0.195 -0.014980 20000 1.000000
243.407000 33.537300 -9.897 4.827 0.187 0.218 0.049593 20000 1.000000
241.651000 34.021700 -12.107 7.026 0.176 0.211 -0.002512 20000 1.000000
241.379000 34.836000 -7.681 2.833 0.17 0.198 -0.016577 20000 1.000000
241.983000 35.152400 -5.783 1.782 0.169 0.199 -0.019834 20000 1.000000
241.983000 35.152500 -6.296 1.777 0.169 0.199 -0.013122 20000 1.000000
242.968000 33.389000 -11.823 8.551 0.175 0.201 0.020638 20000 1.000000
243.936000 31.559100 -13.555 8.191 0.174 0.192 0.048373 20000 1.000000
238.728000 35.709000 -12.355 9.658 0.184 0.217 -0.035034 20000 1.000000
242.077000 34.508200 -9.182 3.912 0.172 0.201 -0.010638 20000 1.000000
244.450000 32.490100 -10.193 6.012 0.172 0.203 -0.045928 20000 1.000000
242.305000 34.925400 -6.741 2.42 0.172 0.2 -0.046636 20000 1.000000
243.076000 33.687100 -11.733 5.823 0.166 0.19 -0.021041 20000 1.000000
239.522000 35.919900 -9.646 7.76 0.17 0.202 0.014584 20000 1.000000
242.818000 33.835700 -10.201 5.497 0.187 0.207 -0.018091 20000 1.000000
242.193000 34.091800 -11.063 5.246 0.171 0.208 -0.022132 20000 1.000000
244.543000 32.377900 -11.193 7.074 0.166 0.189 -0.022830 20000 1.000000
241.596000 33.743300 -13.688 8.409 0.175 0.204 -0.055454 20000 1.000000
241.628000 33.779500 -11.841 7.717 0.178 0.2 0.047843 20000 1.000000
238.863000 36.161100 -13.399 9.052 0.173 0.202 0.015855 20000 1.000000
241.755000 34.628700 -8.959 4.34 0.19 0.222 -0.059255 20000 1.000000
239.056000 39.974600 -8.302 -1.631 0.182 0.224 -0.055874 20000 1.000000
243.849000 34.683200 -4.442 -1.871 0.167 0.196 -0.018693 20000 1.000000
242.317000 35.338700 -5.817 1.674 0.168 0.196 -0.009372 20000 1.000000
240.280000 34.500000 -12.936 7.044 0.169 0.198 -0.023286 20000 1.000000
243.375000 34.643900 -4.912 0.229 0.171 0.196 -0.048783 20000 1.000000
241.974000 34.019100 -11.728 4.258 0.189 0.217 -0.053527 20000 1.000000
242.391000 33.674100 -16.228 7.221 0.177 0.203 0.002821 20000 1.000000
242.445000 33.485800 -12.394 7.077 0.183 0.209 0.038123 20000 1.000000
239.475000 35.900000 1.756 6.722 0.176 0.212 -0.038534 20000 1.000000
241.807000 34.875100 -7.238 2.843 0.177 0.205 0.005323 20000 1.000000
240.816000 34.541500 -11.769 5.173 0.186 0.215 0.054053 20000 1.000000
244.877000 40.617200 -5.596 -1.393 0.166 0.216 -0.005879 20000 1.000000
238.442000 37.666500 -7.668 0.945 0.166 0.201 -0.026658 20000 1.000000
241.245000 34.459800 -11.951 5.683 0.187 0.22 -0.034361 20000 1.000000
242.138000 34.205600 -10.739 5.35 0.264 0.261 -0.086973 20000 1.000000
239.775000 40.591700 -6.139 -1.764 0.17 0.217 -0.049765 20000 1.000000
240.984000 41.868400 -5.797 -2.599 0.175 0.225 0.046470 20000 1.000000
243.701000 35.971300 -4.387 -1.164 0.177 0.203 -0.065889 20000 1.000000
241.521000 34.438600 -10.527 3.306 0.203 0.23 -0.063011 20000 1.000000
243.746000 33.192600 -10.476 5.021 0.169 0.194 -0.021309 20000 1.000000
240.116000 39.314300 -6.353 -0.306 0.177 0.226 -0.040098 20000 1.000000
244.022000 33.292200 -7.638 3.131 0.172 0.196 -0.013647 20000 1.000000
240.476000 33.247900 -9.024 6.057 0.177 0.212 -0.042490 20000 1.000000
240.936000 34.319900 -12.268 7.305 0.166 0.193 -0.013751 20000 1.000000
241.354000 34.059300 -12.279 8.761 0.173 0.197 -0.061751 20000 1.000000
242.151000 33.992700 -11.348 5.055 0.177 0.203 0.000501 20000 1.000000
239.935000 34.004300 -13.732 9.863 0.176 0.2 -0.031475 20000 1.000000
239.930000 34.607300 -14.498 8.473 0.175 0.215 -0.048541 20000 1.000000
239.640000 35.917400 -2.378 6.882 0.192 0.215 0.064806 20000 1.000000
241.585000 35.158200 -7.57 2.062 0.165 0.195 -0.016245 20000 1.000000
243.923000 33.650600 -7.974 1.165 0.172 0.2 0.013608 20000 1.000000
242.233000 33.549600 -12.77 8.147 0.191 0.205 -0.032116 20000 1.000000
243.770000 36.934800 -5.547 -2.412 0.166 0.2 -0.000228 20000 1.000000
239.867000 34.483500 -13.301 9.978 0.172 0.204 -0.025413 20000 1.000000
243.839000 33.641200 -8.534 1.071 0.197 0.217 -0.002378 20000 1.000000
246.368000 31.335500 -3.633 -0.549 0.171 0.188 -0.032744 20000 1.000000
242.951000 39.542200 -5.617 -2.286 0.171 0.206 0.056667 20000 1.000000
242.816000 38.097200 -5.061 -2.109 0.164 0.2 -0.025455 20000 1.000000
241.669000 33.797800 -12.071 7.413 0.188 0.214 -0.028382 20000 1.000000
241.163000 34.248000 -12.748 7.367 0.172 0.198 0.033422 20000 1.000000
241.771000 34.878900 -6.771 2.842 0.177 0.209 -0.086248 20000 1.000000
235.849000 41.053900 -1.478 2.758 0.169 0.213 -0.035565 20000 1.000000
241.198000 39.627100 -6.289 -0.718 0.176 0.217 -0.012831 20000 1.000000
241.723000 34.019500 -8.416 11.19 0.165 0.191 -0.016368 20000 1.000000
243.915000 33.030100 -10.614 5.052 0.169 0.193 -0.018602 20000 1.000000
238.053000 38.394500 -8.024 0.798 0.167 0.205 -0.027126 20000 1.000000
241.780000 34.178600 -11.834 5.616 0.213 0.223 0.059168 20000 1.000000
241.486000 34.126400 -12.459 6.457 0.166 0.193 0.005360 20000 1.000000
241.516000 34.293200 -11.867 6.921 0.171 0.195 -0.015379 20000 1.000000
239.384000 34.556300 -12.368 9.172 0.166 0.194 -0.014362 20000 1.000000
241.879000 34.501500 -9.631 3.559 0.183 0.207 0.001855 20000 1.000000
241.706000 33.712600 -13.439 7.151 0.172 0.199 -0.037196 20000 1.000000
242.807000 33.225000 -12.309 6.503 0.166 0.191 -0.005196 20000 1.000000
241.443000 35.738400 -9.342 6.764 0.8 0.867 0.313344 20000 1.000000
241.346000 37.664300 -5.727 -0.653 0.175 0.214 -0.013785 20000 1.000000
241.016000 35.010800 -8.909 2.219 0.185 0.221 -0.055871 20000 1.000000
241.648000 35.695000 -5.86 1.128 0.183 0.215 -0.064899 20000 1.000000
243.608000 33.934800 -6.366 2.072 0.18 0.208 -0.007947 20000 1.000000
241.258000 34.568500 -13.379 4.666 0.18 0.207 0.099311 20000 1.000000
241.586000 34.259400 -11.61 5.125 0.198 0.233 -0.021037 20000 1.000000
244.418000 33.038300 -8.962 0.234 0.173 0.197 -0.019675 20000 1.000000
243.068000 34.669000 -5.758 1.333 0.185 0.214 -0.118483 20000 1.000000
241.758000 35.695600 -7.252 0.156 0.259 0.302 0.144867 20000 1.000000
241.572000 33.958200 -12.173 7.391 0.249 0.262 -0.275092 20000 1.000000
244.421000 33.278800 -4.703 -0.645 0.183 0.206 0.019991 20000 1.000000
243.346000 33.955300 -7.385 2.247 0.172 0.197 -0.023650 20000 1.000000
243.111000 35.425200 -7.572 3.694 0.183 0.214 -0.023342 20000 1.000000
243.920000 35.287000 -5.174 -2.935 0.171 0.2 -0.018582 20000 1.000000
