242.907000 34.116400 -9.066 3.26 0.184 0.23 0.038139 20000 1.000000
242.555000 33.274300 -13.759 6.119 0.17 0.204 0.064644 20000 1.000000
243.571000 34.594300 -6.729 -0.598 0.168 0.205 0.064870 20000 1.000000
241.305000 34.824500 -9.182 0.658 0.18 0.22 0.065447 20000 1.000000
242.675000 33.341900 -13.588 5.846 0.168 0.204 0.074742 20000 1.000000
242.524000 33.381100 -13.711 6.231 0.169 0.203 0.067695 20000 1.000000
242.103000 34.126000 -13.121 4.132 0.251 0.279 0.174283 20000 1.000000
242.795000 40.412800 -5.697 -2.913 0.164 0.216 0.049041 20000 1.000000
240.970000 33.480500 -14.568 7.902 0.187 0.22 0.032512 20000 1.000000
243.116000 34.264300 -8.065 1.12 0.195 0.236 0.135130 20000 1.000000
240.594000 34.920500 -12.384 3.3 0.168 0.207 0.039927 20000 1.000000
243.379000 37.039900 -5.429 -2.529 0.172 0.217 0.050570 20000 1.000000
244.002000 34.000500 -6.172 -0.768 0.17 0.206 0.047255 20000 1.000000
242.935000 33.578200 -12.795 4.898 0.182 0.216 0.050017 20000 1.000000
243.920000 35.287000 -5.83 -2.714 0.216 0.264 0.064159 20000 1.000000
245.285000 33.610400 -5.231 -2.75 0.171 0.206 0.054411 20000 1.000000
243.947000 34.251400 -5.849 -1.201 0.173 0.209 0.060227 20000 1.000000
241.723000 34.184900 -13.829 4.546 0.193 0.236 0.100071 20000 1.000000
242.988000 34.918600 -7.209 0.208 0.171 0.211 0.068585 20000 1.000000
241.812000 34.292800 -12.473 3.391 0.257 0.272 -0.293374 20000 1.000000
242.156000 42.779500 -6.517 -4.165 0.166 0.228 0.052452 20000 1.000000
240.653000 35.157300 -9.662 1.341 0.172 0.216 0.081121 20000 1.000000
235.437000 42.836100 -4.383 1.004 0.173 0.236 0.028035 20000 1.000000
244.010000 33.655100 -7.634 -0.199 0.258 0.304 0.111726 20000 1.000000
239.566000 35.939400 -8.118 2.032 0.166 0.21 0.028437 20000 1.000000
239.569000 35.888400 -13.585 6.274 0.194 0.235 0.059938 20000 1.000000
241.666000 33.311600 -14.171 7.258 0.166 0.202 0.065020 20000 1.000000
241.517000 33.445800 -14.477 6.453 0.169 0.207 0.032826 20000 1.000000
241.370000 34.138600 -13.698 6.372 0.207 0.236 0.145552 20000 1.000000
242.329000 35.565300 -7.374 0.208 0.174 0.217 0.047573 20000 1.000000
240.987000 34.806400 -12.031 3.416 0.184 0.243 -0.059256 20000 1.000000
243.664000 34.829500 -6.667 -2.293 0.183 0.216 0.054227 20000 1.000000
242.035000 34.244000 -12.371 2.447 0.199 0.249 -0.054897 20000 1.000000
241.974000 34.333400 -12.457 3.136 0.187 0.221 0.133866 20000 1.000000
242.172000 34.640500 -9.125 2.022 0.176 0.221 0.103658 20000 1.000000
241.063000 34.109600 -14.388 6.16 0.182 0.231 0.094262 20000 1.000000
241.873000 34.136700 -12.678 5.428 0.171 0.209 0.093311 20000 1.000000
242.576000 34.271200 -8.922 3.789 0.167 0.202 0.059165 20000 1.000000
242.521000 34.313800 -11.1 1.882 0.184 0.222 0.173961 20000 1.000000
241.856000 34.530300 -13.006 4.871 0.188 0.22 -0.072875 20000 1.000000
242.291000 34.109900 -13.262 5.008 0.177 0.216 0.054143 20000 1.000000
245.126000 40.558400 -5.972 -2.844 0.181 0.221 0.104292 20000 1.000000
244.272000 32.850500 -14.946 3.798 0.173 0.205 0.069449 20000 1.000000
240.120000 34.414900 -15.674 5.73 0.172 0.211 0.018989 20000 1.000000
242.427000 35.071700 -6.626 0.846 0.174 0.213 0.100240 20000 1.000000
239.249000 35.791600 -13.892 7.161 0.175 0.217 0.040397 20000 1.000000
242.900000 34.039100 -10.745 3.059 0.168 0.203 0.095977 20000 1.000000
244.265000 33.069800 -8.823 2.639 0.18 0.215 0.069195 20000 1.000000
240.961000 34.168400 -14.695 6.646 0.171 0.208 0.069430 20000 1.000000
241.743000 33.861500 -14.027 6.005 0.171 0.211 0.063062 20000 1.000000
241.476000 34.253600 -13.765 5.25 0.176 0.218 0.115693 20000 1.000000
240.629000 34.408100 -14.588 5.637 0.195 0.239 0.024531 20000 1.000000
241.387000 34.516500 -12.837 3.58 0.175 0.211 0.038156 20000 1.000000
243.630000 34.124100 -6.41 0.733 0.185 0.221 0.021729 20000 1.000000
242.098000 34.082000 -14.809 4.269 0.184 0.223 -0.000272 20000 1.000000
241.603000 34.334800 -7.207 5.795 0.331 0.323 0.003765 20000 1.000000
241.603000 34.334000 -14.629 4.027 0.276 0.269 -0.115050 20000 1.000000
244.212000 33.389800 -8.654 0.46 0.179 0.214 0.050590 20000 1.000000
242.140000 34.413400 -10.979 3.197 0.17 0.22 0.053339 20000 1.000000
241.873000 33.938300 -15.137 3.472 0.168 0.205 0.078670 20000 1.000000
242.588000 33.647700 -12.572 5.62 0.166 0.202 0.061812 20000 1.000000
241.170000 34.946200 -10.09 1.643 0.177 0.221 0.052004 20000 1.000000
245.061000 39.345200 -5.992 -3.145 0.172 0.218 0.056268 20000 1.000000
244.183000 40.914700 -5.912 -2.916 0.163 0.216 0.054322 20000 1.000000
241.871000 33.583500 -14.091 7.744 0.179 0.216 0.086010 20000 1.000000
241.574000 34.703100 -10.241 3.253 0.168 0.207 0.065521 20000 1.000000
242.474000 34.104200 -12.067 4.75 0.193 0.24 0.086652 20000 1.000000
239.991000 34.733000 -15.818 6.323 0.169 0.207 0.075464 20000 1.000000
243.064000 34.093600 -8.994 2.982 0.192 0.29 0.159741 20000 1.000000
241.116000 34.356300 -14.45 6.715 0.171 0.208 0.057870 20000 1.000000
246.195000 39.369400 -5.815 -3.419 0.171 0.216 0.054111 20000 1.000000
244.200000 32.945000 -12.154 4.864 0.197 0.22 0.093015 20000 1.000000
241.107000 34.800200 -11.093 3.258 0.175 0.215 0.062122 20000 1.000000
240.644000 40.416500 -6.76 -2.521 0.167 0.222 0.015998 20000 1.000000
240.136000 35.189400 -12.765 5.233 0.171 0.215 0.056425 20000 1.000000
244.479000 33.274800 -6.345 -1.826 0.176 0.209 0.061312 20000 1.000000
245.173000 33.051100 -5.771 -1.934 0.21 0.244 -0.007517 20000 1.000000
244.340000 34.784000 -5.621 -1.973 0.194 0.241 0.057652 20000 1.000000
245.810000 34.308600 -5.231 -1.885 0.176 0.211 0.070906 20000 1.000000
243.111000 35.425200 -6.486 -3.82 0.172 0.212 0.038748 20000 1.000000
245.820000 40.640200 -5.113 -2.869 0.166 0.216 0.069547 20000 1.000000
239.584000 36.399000 -7.2 1.366 0.203 0.251 0.029656 20000 1.000000
241.887000 34.047400 -13.466 4.507 0.169 0.209 0.101598 20000 1.000000
241.714000 33.783600 -13.163 6.955 0.197 0.24 -0.009416 20000 1.000000
243.570000 34.754800 -6.586 -1.471 0.171 0.209 0.079126 20000 1.000000
238.530000 40.815900 -6.23 -1.322 0.166 0.223 0.040115 20000 1.000000
244.365000 33.705000 -6.404 -2.806 0.191 0.241 0.057260 20000 1.000000
239.520000 35.866700 -13.327 6.287 0.192 0.251 0.059588 20000 1.000000
242.155000 34.458200 -10.669 3.736 0.178 0.218 0.041611 20000 1.000000
239.598000 35.880800 -9.762 2.523 0.179 0.224 0.136621 20000 1.000000
240.812000 34.441200 -14.134 4.627 0.184 0.227 0.060088 20000 1.000000
244.089000 34.727300 -5.247 -2.348 0.173 0.213 0.084026 20000 1.000000
243.779000 33.796800 -7.773 0.633 0.203 0.249 0.114547 20000 1.000000
244.855000 34.157600 -5.205 -1.491 0.17 0.207 0.089798 20000 1.000000
241.526000 35.662300 -8.082 0.366 0.178 0.224 0.013612 20000 1.000000
242.045000 34.449100 -11.811 4.253 0.165 0.209 0.048296 20000 1.000000
240.992000 34.398500 -13.251 3.94 0.175 0.215 0.048657 20000 1.000000
243.827000 33.925400 -6.703 0.652 0.185 0.222 0.074930 20000 1.000000
242.165000 34.485500 -9.867 2.825 0.167 0.205 0.060494 20000 1.000000
243.060000 35.090200 -6.273 0.269 0.171 0.209 0.065799 20000 1.000000
242.246000 34.133300 -12.123 3.734 0.176 0.213 0.079524 20000 1.000000
239.406000 35.828700 -13.235 7.598 0.174 0.219 0.069209 20000 1.000000
242.454000 34.314900 -10.219 3.585 0.192 0.237 0.156492 20000 1.000000
240.896000 34.733600 -12.439 4.27 0.17 0.213 0.056868 20000 1.000000
239.557000 35.832600 -12.779 5.905 0.169 0.212 0.061205 20000 1.000000
242.563000 33.856800 -12.03 4.768 0.171 0.206 0.056705 20000 1.000000
238.778000 42.418300 -6.203 -2.472 0.24 0.327 0.024195 20000 1.000000
239.241000 36.186900 -9.709 -1.711 0.171 0.213 0.099684 20000 1.000000
239.233000 36.180500 -14.824 6.007 0.17 0.212 0.058624 20000 1.000000
239.649000 34.038300 -14.654 7.647 0.17 0.21 0.008381 20000 1.000000
241.874000 34.136800 -12.886 5.822 0.17 0.207 0.082064 20000 1.000000
243.904000 40.148400 -5.97 -3.042 0.172 0.225 -0.012285 20000 1.000000
242.682000 33.918400 -12.209 4.502 0.173 0.207 0.075027 20000 1.000000
239.566000 35.969500 -6.964 2.199 0.175 0.21 -0.000075 20000 1.000000
244.588000 40.710700 -5.845 -2.628 0.169 0.231 0.044229 20000 1.000000
241.122000 34.295500 -14.145 6.377 0.191 0.227 0.059345 20000 1.000000
243.352000 34.038500 -8.076 1.245 0.187 0.23 0.187518 20000 1.000000
242.790000 34.230800 -10.345 3.505 0.246 0.259 0.270462 20000 1.000000
241.755000 34.055200 -14.812 5.015 0.224 0.233 0.223041 20000 1.000000
245.381000 34.767700 -5.49 -2.464 0.186 0.226 0.064617 20000 1.000000
242.491000 39.685600 -6.335 -3.38 0.173 0.222 0.053824 20000 1.000000
240.859000 34.498700 -13.053 4.002 0.166 0.204 0.050392 20000 1.000000
243.932000 34.141000 -5.983 -1.417 0.172 0.209 0.094765 20000 1.000000
242.653000 33.240700 -13.935 5.657 0.182 0.21 -0.010630 20000 1.000000
244.082000 34.369900 -6.026 -1.642 0.172 0.211 0.020961 20000 1.000000
243.695000 34.427700 -4.949 0.301 0.174 0.215 0.032128 20000 1.000000
243.708000 34.533000 -7.188 -1.676 0.179 0.212 0.053428 20000 1.000000
243.185000 34.674900 -7.741 0.462 0.169 0.208 0.075162 20000 1.000000
241.793000 34.128800 -13.471 5.121 0.169 0.208 0.057612 20000 1.000000
240.647000 34.683400 -13.615 4.185 0.202 0.25 0.000423 20000 1.000000
242.814000 39.521100 -5.623 -3.162 0.169 0.218 0.064500 20000 1.000000
245.995000 32.722500 -4.626 -2.103 0.179 0.211 0.122464 20000 1.000000
244.721000 39.910200 -5.761 -3.14 0.248 0.3 0.054466 20000 1.000000
245.543000 36.154200 -5.251 -2.398 0.173 0.21 0.062829 20000 1.000000
245.180000 41.724200 -6.295 -3.033 0.194 0.26 0.048600 20000 1.000000
242.670000 41.428700 -5.929 -3.177 0.165 0.222 0.070943 20000 1.000000
242.935000 42.981700 -6.154 -3.15 0.164 0.223 0.023875 20000 1.000000
235.925000 40.876300 -4.839 1.676 0.22 0.281 0.096549 20000 1.000000
236.274000 38.928300 -14.807 7.256 0.163 0.212 0.030642 20000 1.000000
237.585000 40.997600 -7.326 -1.89 0.192 0.267 -0.038656 20000 1.000000
235.986000 42.967400 -4.222 0.409 0.169 0.237 0.076700 20000 1.000000
243.830000 32.616500 -14.111 5.64 0.169 0.201 0.049903 20000 1.000000
238.997000 35.551800 -13.885 8.452 0.168 0.212 0.060510 20000 1.000000
242.015000 39.305600 -5.469 -3.077 0.171 0.226 0.030087 20000 1.000000
242.395000 39.287900 -5.199 -2.98 0.17 0.217 0.053762 20000 1.000000
243.576000 39.500500 -6.243 -3.17 0.164 0.218 0.071494 20000 1.000000
243.950000 39.546400 -6.365 -3.713 0.169 0.214 0.077486 20000 1.000000
244.111000 39.374200 -5.727 -3.533 0.165 0.214 0.072276 20000 1.000000
244.487000 39.536100 -6.015 -3.083 0.165 0.215 0.059654 20000 1.000000
244.568000 39.388600 -8.229 -3.345 0.162 0.21 0.059302 20000 1.000000
242.120000 40.433400 -6.351 -3.01 0.167 0.22 0.083458 20000 1.000000
245.308000 39.255200 -5.605 -2.476 0.171 0.216 0.116321 20000 1.000000
245.723000 39.119400 -4.823 -2.677 0.17 0.223 0.067765 20000 1.000000
246.129000 39.067300 -5.579 -2.794 0.174 0.224 0.048553 20000 1.000000
246.495000 39.268900 -6.293 -3.05 0.165 0.217 0.069521 20000 1.000000
242.532000 40.320600 -6.164 -3.442 0.172 0.221 0.008814 20000 1.000000
246.946000 40.494000 -6.469 -3.235 0.167 0.218 0.076340 20000 1.000000
243.264000 40.495500 -6.345 -2.602 0.172 0.222 0.030181 20000 1.000000
243.721000 40.363200 -6.463 -2.572 0.164 0.216 0.075232 20000 1.000000
240.200000 39.572800 -5.951 -1.3 0.167 0.217 0.045873 20000 1.000000
242.469000 36.614300 -5.417 -1.792 0.165 0.207 0.050599 20000 1.000000
242.593000 36.804200 -6.047 -0.337 0.162 0.205 0.056847 20000 1.000000
242.006000 36.606000 -5.61 -0.387 0.183 0.225 0.141912 20000 1.000000
242.296000 37.200800 -6.615 -1.817 0.166 0.211 0.060684 20000 1.000000
240.463000 39.698400 -5.393 -1.701 0.173 0.226 0.055892 20000 1.000000
240.694000 39.795600 -6.963 -2.165 0.179 0.237 0.115997 20000 1.000000
241.126000 39.838800 -6.176 -2.289 0.173 0.223 0.012752 20000 1.000000
241.316000 39.888900 -6.364 -2.248 0.169 0.222 0.036310 20000 1.000000
241.841000 39.212300 -6.298 -2.661 0.161 0.21 0.056205 20000 1.000000
246.706000 41.856800 -5.1 -3.758 0.175 0.232 0.107080 20000 1.000000
246.958000 39.345100 -6.061 -3.065 0.169 0.215 0.065894 20000 1.000000
246.988000 41.817300 -6.673 -2.293 0.166 0.219 0.055558 20000 1.000000
246.722000 40.671300 -6.499 -3.666 0.169 0.221 0.063608 20000 1.000000
240.400000 39.499200 -6.258 -1.425 0.182 0.226 0.096817 20000 1.000000
240.931000 39.486100 -5.913 -2.327 0.168 0.219 0.051386 20000 1.000000
241.550000 39.133900 -5.645 -1.754 0.165 0.215 0.064307 20000 1.000000
241.062000 39.268000 -6.166 -1.767 0.184 0.238 0.048009 20000 1.000000
241.649000 39.454700 -6.172 -2.188 0.167 0.218 0.102371 20000 1.000000
241.995000 38.728800 -6.118 -2.408 0.165 0.213 0.058383 20000 1.000000
241.540000 38.724600 -6.293 -2.25 0.166 0.217 0.051835 20000 1.000000
241.070000 38.980900 -6.345 -1.807 0.163 0.216 0.063063 20000 1.000000
240.985000 38.704600 -6.413 -1.599 0.182 0.235 0.012013 20000 1.000000
240.541000 38.761400 -6.89 -2.489 0.177 0.222 -0.023792 20000 1.000000
240.523000 40.779800 -5.858 -2.018 0.181 0.23 0.132838 20000 1.000000
240.990000 40.242200 -5.87 -2.148 0.185 0.226 -0.013761 20000 1.000000
240.278000 39.908200 -5.807 -1.572 0.178 0.232 0.103928 20000 1.000000
239.307000 38.829200 -6.882 0.817 0.223 0.27 0.174275 20000 1.000000
239.614000 39.046600 -6.826 -1.103 0.186 0.235 -0.022613 20000 1.000000
239.107000 39.466700 -7.171 -1.272 0.182 0.227 0.144848 20000 1.000000
240.376000 41.357700 -6.054 -2.418 0.165 0.222 0.047161 20000 1.000000
239.194000 40.418600 -5.997 -1.163 0.185 0.228 0.097051 20000 1.000000
239.923000 40.288900 -6.206 -2.01 0.167 0.221 0.065583 20000 1.000000
235.692000 40.247500 -12.02 7.983 0.164 0.218 0.043502 20000 1.000000
235.867000 40.551300 -6.599 2.981 0.165 0.219 0.027078 20000 1.000000
235.787000 40.637400 -6.526 2.898 0.185 0.245 0.022038 20000 1.000000
235.943000 40.219600 -10.011 3.905 0.166 0.222 0.056453 20000 1.000000
236.307000 40.119300 -10.568 1.19 0.227 0.302 0.084455 20000 1.000000
238.207000 36.485500 -13.82 8.915 0.163 0.207 0.043000 20000 1.000000
238.710000 35.945700 -14.17 7.96 0.17 0.215 0.100612 20000 1.000000
238.949000 36.302100 -14.296 6.361 0.167 0.211 0.055877 20000 1.000000
238.865000 36.425900 -14.477 6.919 0.17 0.214 0.078210 20000 1.000000
237.668000 37.534500 -12.502 5.612 0.197 0.226 -0.021528 20000 1.000000
237.623000 37.914500 -9.808 8.414 0.172 0.222 0.059163 20000 1.000000
236.819000 38.495000 -13.88 6.308 0.166 0.219 -0.020628 20000 1.000000
236.291000 39.117200 -13.952 6.091 0.166 0.218 0.047443 20000 1.000000
236.652000 38.987400 -13.413 4.489 0.174 0.223 0.115025 20000 1.000000
236.796000 39.242000 -11.623 2.493 0.164 0.216 0.043365 20000 1.000000
236.368000 42.275400 -7.443 -2.149 0.17 0.229 0.035640 20000 1.000000
236.895000 39.319700 -11.158 0.969 0.17 0.221 0.061309 20000 1.000000
237.041000 38.664700 -13.122 4.756 0.192 0.268 0.113750 20000 1.000000
237.233000 38.428600 -19.398 5.187 0.167 0.22 0.065936 20000 1.000000
237.548000 38.239800 -31.256 22.228 0.167 0.218 0.041689 20000 1.000000
237.083000 38.866100 -12.821 3.157 0.161 0.211 0.033282 20000 1.000000
237.037000 39.398100 -11.134 5.323 0.194 0.245 -0.000744 20000 1.000000
237.424000 38.777800 -9.801 0.573 0.174 0.235 0.036562 20000 1.000000
237.281000 39.260000 -8.169 -3.207 0.165 0.216 0.074990 20000 1.000000
237.696000 39.109300 -8.775 -2.139 0.171 0.223 0.037694 20000 1.000000
237.873000 37.069200 -13.145 6.334 0.194 0.243 0.214420 20000 1.000000
238.137000 36.962000 -13.914 6.727 0.188 0.225 0.013062 20000 1.000000
238.009000 37.201700 -12.732 5.778 0.192 0.239 -0.016952 20000 1.000000
238.203000 37.001000 -13.346 5.602 0.253 0.289 0.133367 20000 1.000000
238.274000 37.002400 -14.037 4.935 0.177 0.235 0.065506 20000 1.000000
238.349000 37.104500 -10.98 2.172 0.201 0.243 -0.048920 20000 1.000000
238.286000 37.203500 -14.276 3.484 0.172 0.216 0.091715 20000 1.000000
237.786000 37.329900 -12.157 5.419 0.163 0.209 0.050553 20000 1.000000
237.901000 37.336900 -12.19 5.158 0.169 0.221 0.034196 20000 1.000000
237.900000 37.722000 -10.189 2.536 0.163 0.209 0.035424 20000 1.000000
237.781000 37.863900 -10.054 2.856 0.165 0.215 0.004800 20000 1.000000
237.942000 37.713900 -9.511 0.552 0.179 0.229 -0.008108 20000 1.000000
238.174000 37.336800 -14.965 3.542 0.169 0.22 0.054510 20000 1.000000
238.210000 37.533000 -9.31 0.87 0.163 0.21 0.046142 20000 1.000000
238.313000 37.601800 -8.806 -0.139 0.172 0.217 0.098435 20000 1.000000
238.022000 37.749400 -9.682 1.173 0.164 0.211 0.040608 20000 1.000000
238.214000 37.819000 -8.326 -0.585 0.169 0.215 0.044708 20000 1.000000
238.095000 36.621700 -14.693 7.759 0.166 0.211 0.037572 20000 1.000000
238.421000 36.724000 -13.204 6.967 0.171 0.216 0.025121 20000 1.000000
238.580000 36.800400 -11.477 5.079 0.165 0.209 0.032594 20000 1.000000
238.409000 36.858500 -13.731 6.673 0.166 0.211 0.027483 20000 1.000000
238.459000 36.814300 -14.405 7.265 0.24 0.283 0.054218 20000 1.000000
238.445000 36.903500 -12.315 4.323 0.169 0.211 0.022832 20000 1.000000
238.613000 36.637000 -15.222 7.642 0.174 0.222 0.001607 20000 1.000000
238.458000 37.007800 -11.364 4.308 0.166 0.215 0.054483 20000 1.000000
238.426000 37.213000 -7.508 1.55 0.166 0.21 0.046797 20000 1.000000
238.665000 36.918200 -9.633 -0.258 0.164 0.208 0.047262 20000 1.000000
238.645000 37.010800 -10.189 -0.781 0.186 0.23 0.003877 20000 1.000000
240.294000 37.713100 -8.824 -2.486 0.173 0.221 0.033969 20000 1.000000
238.812000 36.559500 -13.865 7.99 0.186 0.232 0.043534 20000 1.000000
238.131000 37.975600 -6.171 -2.24 0.167 0.214 0.065453 20000 1.000000
238.936000 36.611600 -6.695 1.429 0.162 0.205 0.040594 20000 1.000000
238.732000 36.950000 -9.5 -0.897 0.175 0.221 0.072752 20000 1.000000
238.652000 36.811400 -10.217 0.369 0.169 0.214 0.040734 20000 1.000000
238.942000 37.169600 -8.065 -1.381 0.173 0.219 0.063897 20000 1.000000
238.347000 37.478400 -8.546 0.569 0.178 0.228 0.043271 20000 1.000000
238.531000 37.489600 -9.573 1.845 0.162 0.209 0.035181 20000 1.000000
238.675000 37.581900 -7.286 0.194 0.168 0.217 0.032206 20000 1.000000
238.395000 37.932000 -7.342 -1.731 0.166 0.215 0.038901 20000 1.000000
238.536000 37.755300 -6.932 -2.065 0.167 0.215 0.024801 20000 1.000000
238.717000 37.385400 -9.946 -0.896 0.17 0.222 0.051173 20000 1.000000
237.782000 38.153000 22.411 -14.568 0.163 0.211 0.022624 20000 1.000000
237.805000 38.444200 -19.14 -20.35 0.172 0.234 0.058303 20000 1.000000
237.645000 38.999500 -8.924 -1.755 0.203 0.232 0.132632 20000 1.000000
238.905000 38.645300 -8.201 -2.023 0.163 0.212 0.044624 20000 1.000000
239.652000 35.544100 -13.631 6.553 0.171 0.214 0.049425 20000 1.000000
239.611000 35.841100 -10.028 3.648 0.182 0.225 0.026454 20000 1.000000
239.655000 35.837800 -9.992 2.349 0.17 0.217 0.041971 20000 1.000000
239.715000 35.806700 -9.433 2.863 0.18 0.225 0.044324 20000 1.000000
239.093000 35.933300 -14.111 7.11 0.165 0.208 0.043047 20000 1.000000
239.019000 36.417200 -8.452 0.505 0.166 0.213 0.059450 20000 1.000000
239.147000 36.515900 -8.082 -0.108 0.171 0.22 0.030582 20000 1.000000
239.302000 36.024800 -15.07 6.663 0.166 0.215 0.048734 20000 1.000000
239.121000 36.140200 -15.85 7.846 0.167 0.209 0.040254 20000 1.000000
239.251000 36.106800 -14.369 7.59 0.163 0.205 0.047841 20000 1.000000
239.272000 36.178900 -8.458 0.055 0.163 0.205 0.045484 20000 1.000000
239.355000 35.922800 -13.263 7.615 0.165 0.207 0.034821 20000 1.000000
239.525000 36.007500 -3.423 5.885 0.182 0.219 0.051695 20000 1.000000
239.457000 36.089400 -10.67 0.12 0.163 0.207 0.044028 20000 1.000000
239.560000 36.123200 -7.564 0.408 0.164 0.207 0.042625 20000 1.000000
239.158000 35.697100 -13.957 7.507 0.169 0.207 0.079986 20000 1.000000
239.637000 36.051700 -7.527 1.539 0.167 0.207 0.040351 20000 1.000000
239.448000 35.974100 -12.731 6.947 0.182 0.22 0.006226 20000 1.000000
239.706000 36.015800 -7.419 1.222 0.167 0.209 0.035267 20000 1.000000
239.723000 36.304400 -1.159 2.604 0.168 0.212 0.045271 20000 1.000000
239.257000 36.806300 -7.23 -1.088 0.166 0.212 0.045847 20000 1.000000
239.803000 37.352200 -8.247 -1.156 0.177 0.228 0.043719 20000 1.000000
239.356000 37.795200 -8.742 -1.276 0.18 0.221 0.053929 20000 1.000000
240.160000 37.901100 -6.878 -1.021 0.181 0.224 -0.030701 20000 1.000000
239.049000 38.090000 -9.656 -1.505 0.168 0.217 0.038588 20000 1.000000
239.666000 38.735600 -7.45 -2.029 0.182 0.219 0.060003 20000 1.000000
241.480000 37.177600 -5.953 1.397 0.163 0.207 0.056985 20000 1.000000
236.283000 39.863600 -12.439 2.436 0.202 0.261 -0.045375 20000 1.000000
236.448000 39.905700 -12.596 0.734 0.194 0.263 -0.020394 20000 1.000000
236.628000 39.452400 -12.24 0.316 0.165 0.218 0.046113 20000 1.000000
236.705000 39.707100 -12.041 -0.597 0.176 0.228 -0.042938 20000 1.000000
236.813000 39.492800 -10.914 0.737 0.18 0.253 0.078774 20000 1.000000
236.817000 39.962100 -9.006 -1.775 0.192 0.25 -0.011050 20000 1.000000
236.344000 40.256800 -8.994 0.812 0.165 0.221 0.057379 20000 1.000000
236.117000 41.151700 -6.528 -1.287 0.166 0.221 0.052097 20000 1.000000
236.301000 40.575300 -7.196 0.332 0.175 0.23 0.085368 20000 1.000000
236.427000 40.478900 -7.904 -1.322 0.202 0.266 0.255781 20000 1.000000
236.548000 40.082200 -9.91 0.585 0.161 0.215 0.041448 20000 1.000000
236.864000 40.324100 -8.205 -1.874 0.161 0.214 0.030981 20000 1.000000
236.676000 40.732900 -8.216 -3.173 0.162 0.218 0.010802 20000 1.000000
236.826000 40.546700 -7.803 -3.255 0.166 0.223 0.022103 20000 1.000000
237.024000 39.621400 -8.938 -1.928 0.175 0.22 0.089413 20000 1.000000
237.264000 39.493600 -8.771 -3.729 0.163 0.212 0.030802 20000 1.000000
237.126000 39.726200 -8.255 -2.446 0.167 0.222 0.087349 20000 1.000000
237.077000 40.747600 -7.388 -2.712 0.17 0.224 0.019231 20000 1.000000
237.332000 40.034100 -7.642 -1.808 0.168 0.219 0.028321 20000 1.000000
237.393000 40.650700 -7.617 -2.478 0.171 0.232 0.002990 20000 1.000000
236.666000 40.887100 -6.981 -1.887 0.161 0.216 0.030871 20000 1.000000
237.729000 40.271200 -7.905 -2.233 0.174 0.228 -0.022820 20000 1.000000
239.132000 39.794700 -5.956 -0.747 0.163 0.22 0.009922 20000 1.000000
239.052000 41.183300 -6.138 -1.223 0.2 0.274 0.030795 20000 1.000000
237.681000 40.731100 -7.209 -2.382 0.198 0.24 0.098566 20000 1.000000
235.774000 42.209100 -10.037 -0.188 0.167 0.22 0.031319 20000 1.000000
235.946000 42.860100 -5.1 -0.031 0.187 0.25 0.121334 20000 1.000000
236.617000 42.503500 -7.394 -1.819 0.165 0.225 0.046300 20000 1.000000
237.344000 42.191000 -7.665 -2.005 0.166 0.227 0.005542 20000 1.000000
238.220000 42.259700 -4.092 -2.33 0.165 0.219 0.039699 20000 1.000000
239.622000 42.468800 -4.956 -3.124 0.167 0.228 0.014528 20000 1.000000
241.588000 42.254600 -6.165 -3.15 0.161 0.218 0.041788 20000 1.000000
243.371000 36.071300 -5.229 -1.875 0.179 0.228 0.124432 20000 1.000000
242.835000 36.022500 -6.716 -2.007 0.176 0.212 0.038428 20000 1.000000
242.590000 36.159000 -6.348 -1.58 0.178 0.221 0.108055 20000 1.000000
241.868000 36.466800 -6.035 -1.089 0.187 0.239 -0.141099 20000 1.000000
242.211000 36.531200 -5.904 -0.72 0.162 0.207 0.051918 20000 1.000000
241.909000 36.570200 -6.568 -1.558 0.186 0.221 0.001176 20000 1.000000
241.882000 36.975700 -6.099 -0.731 0.162 0.206 0.054531 20000 1.000000
242.064000 37.231400 -6.333 -1.904 0.17 0.213 0.099803 20000 1.000000
242.606000 34.462400 -9.243 2.14 0.178 0.212 0.043618 20000 1.000000
242.459000 33.562100 -13.327 5.788 0.169 0.205 0.089446 20000 1.000000
242.895000 32.889200 -14.13 6.206 0.17 0.203 0.045844 20000 1.000000
243.050000 32.733800 -14.572 6.012 0.166 0.199 0.055297 20000 1.000000
242.756000 32.666400 -14.239 6.745 0.183 0.209 0.149360 20000 1.000000
242.810000 33.439600 -13.08 5.403 0.167 0.202 0.063883 20000 1.000000
242.928000 33.235700 -14.002 6.402 0.179 0.208 0.112175 20000 1.000000
243.217000 33.493300 -12.503 4.845 0.168 0.203 0.062900 20000 1.000000
243.651000 32.976000 -13.714 4.854 0.171 0.206 0.068611 20000 1.000000
243.989000 32.822200 -13.004 5.356 0.171 0.203 0.029398 20000 1.000000
243.329000 33.240200 -13.573 5.374 0.178 0.211 0.068353 20000 1.000000
243.431000 33.059200 -14.858 5.849 0.167 0.2 0.051775 20000 1.000000
243.379000 33.375600 -11.863 4.553 0.172 0.207 0.102874 20000 1.000000
243.591000 33.210200 -12.536 5.369 0.182 0.219 0.069693 20000 1.000000
243.817000 33.213500 -11.899 4.332 0.169 0.202 0.060903 20000 1.000000
243.921000 33.201000 -10.581 3.278 0.169 0.203 0.067070 20000 1.000000
243.888000 33.296200 -10.286 2.297 0.172 0.208 0.015016 20000 1.000000
243.574000 33.523500 -9.092 4.476 0.179 0.209 0.136454 20000 1.000000
243.773000 33.574700 -9.656 2.087 0.176 0.219 0.081287 20000 1.000000
244.031000 32.887000 -12.621 4.568 0.172 0.205 0.060731 20000 1.000000
244.175000 32.954700 -11.796 3.622 0.171 0.203 0.060352 20000 1.000000
244.268000 32.759700 -11.939 4.175 0.179 0.216 0.086672 20000 1.000000
244.404000 32.750600 -11.002 3.428 0.177 0.21 0.063133 20000 1.000000
244.423000 32.834700 -9.532 3.16 0.177 0.209 0.064462 20000 1.000000
244.430000 32.898400 -8.838 2.085 0.179 0.212 0.082139 20000 1.000000
244.700000 32.690000 -6.065 -0.634 0.17 0.202 0.056687 20000 1.000000
244.602000 32.875800 -5.362 -1.902 0.178 0.213 0.078908 20000 1.000000
244.578000 32.982500 -5.954 -2.31 0.176 0.213 0.084590 20000 1.000000
244.280000 32.948900 -10.265 3.612 0.174 0.207 0.055479 20000 1.000000
244.234000 33.516400 -7.54 -1.568 0.179 0.214 0.125528 20000 1.000000
244.313000 33.423900 -4.999 -1.173 0.178 0.213 0.108559 20000 1.000000
244.571000 33.247800 -5.581 -2.568 0.174 0.209 0.059131 20000 1.000000
244.657000 33.143600 -5.334 -2.164 0.175 0.21 0.019588 20000 1.000000
244.704000 33.886900 -5.852 -2.255 0.179 0.209 0.067857 20000 1.000000
240.305000 37.562600 -5.706 1.305 0.185 0.219 0.157949 20000 1.000000
239.350000 34.907300 -15.458 8.014 0.163 0.202 0.049633 20000 1.000000
239.590000 35.010700 -14.38 6.88 0.175 0.217 0.038034 20000 1.000000
239.760000 34.870600 -14.82 7.196 0.167 0.205 0.068442 20000 1.000000
239.617000 35.106200 -13.974 7.093 0.174 0.215 0.123155 20000 1.000000
241.822000 34.376400 -12.269 4.553 0.168 0.208 0.068542 20000 1.000000
239.925000 35.020000 -13.073 7.322 0.164 0.203 0.045329 20000 1.000000
240.208000 34.507800 -14.08 6.953 0.172 0.205 0.041943 20000 1.000000
240.384000 34.630500 -14.722 8.032 0.164 0.203 0.052636 20000 1.000000
240.185000 34.888600 -14.047 5.191 0.162 0.202 0.052420 20000 1.000000
240.464000 35.086600 -10.912 2.725 0.197 0.243 0.078568 20000 1.000000
239.192000 35.425800 -14.789 7.895 0.165 0.205 0.028989 20000 1.000000
239.455000 35.327800 -14.175 7.192 0.169 0.213 0.102954 20000 1.000000
239.646000 35.440500 -13.277 6.586 0.167 0.207 0.039871 20000 1.000000
239.520000 35.624800 -12.209 9.258 0.166 0.209 0.055715 20000 1.000000
239.463000 35.792700 -13.155 6.991 0.168 0.213 0.078595 20000 1.000000
239.733000 35.633800 -12.37 5.177 0.174 0.211 0.091369 20000 1.000000
239.629000 35.747900 -12.545 5.685 0.169 0.212 0.057732 20000 1.000000
237.762000 37.061200 -14.569 8.01 0.165 0.212 0.060448 20000 1.000000
239.899000 35.235100 -14.182 5.563 0.189 0.223 0.095405 20000 1.000000
239.975000 35.279800 -13.178 4.999 0.173 0.217 0.020910 20000 1.000000
240.065000 35.316800 -12.221 4.499 0.169 0.214 0.055616 20000 1.000000
239.887000 35.534200 -12.172 4.699 0.17 0.214 0.045105 20000 1.000000
239.818000 35.702700 -10.234 2.948 0.166 0.207 0.053017 20000 1.000000
239.869000 35.801300 -9.12 1.422 0.173 0.212 0.065535 20000 1.000000
239.999000 35.686700 -9.485 1.592 0.17 0.21 0.007503 20000 1.000000
239.707000 35.688900 -12.409 5.237 0.166 0.208 0.043419 20000 1.000000
240.287000 35.319000 -10.333 2.358 0.186 0.233 0.042796 20000 1.000000
240.091000 35.934700 -8.206 1.072 0.165 0.207 0.050617 20000 1.000000
240.496000 34.466800 -15.556 5.412 0.164 0.201 0.055310 20000 1.000000
240.674000 34.599600 -14.37 1.903 0.174 0.218 0.130526 20000 1.000000
240.885000 34.660100 -12.821 3.066 0.173 0.211 0.114945 20000 1.000000
240.845000 34.856200 -12.853 2.592 0.228 0.343 -0.015623 20000 1.000000
239.755000 35.686700 -12.118 4.582 0.168 0.207 0.039397 20000 1.000000
241.121000 34.835100 -9.973 2.283 0.167 0.205 0.060659 20000 1.000000
241.152000 34.792300 -12.028 3.945 0.172 0.217 0.062307 20000 1.000000
241.331000 34.695000 -12.943 2.603 0.174 0.216 0.126783 20000 1.000000
241.454000 34.771100 -10.777 3.631 0.168 0.208 0.054615 20000 1.000000
241.344000 34.944400 -8.726 1.917 0.172 0.215 0.023984 20000 1.000000
241.388000 35.138600 -8.866 0.357 0.165 0.205 0.034285 20000 1.000000
241.459000 34.821800 -9.624 2.823 0.176 0.213 0.048190 20000 1.000000
241.811000 34.982100 -7.731 1.968 0.166 0.204 0.054565 20000 1.000000
241.876000 35.378000 -7.836 1.104 0.168 0.207 0.044399 20000 1.000000
241.740000 35.667300 -6.653 -0.183 0.174 0.21 0.054194 20000 1.000000
241.233000 36.231400 -6.734 -0.867 0.172 0.211 0.116735 20000 1.000000
241.045000 36.585500 -7.593 -0.646 0.163 0.207 0.054241 20000 1.000000
241.740000 36.093100 -7.682 -0.392 0.168 0.207 0.049740 20000 1.000000
241.994000 35.038800 -7.549 1.233 0.167 0.206 0.062215 20000 1.000000
242.271000 34.509700 -8.785 3.156 0.169 0.206 0.055926 20000 1.000000
242.451000 34.634300 -9.607 2.916 0.201 0.247 0.034027 20000 1.000000
242.457000 34.987000 -7.146 1.012 0.17 0.209 0.093068 20000 1.000000
243.048000 33.892600 -9.76 3.669 0.166 0.202 0.061502 20000 1.000000
243.454000 34.019300 -8.33 2.184 0.168 0.204 0.052909 20000 1.000000
242.719000 34.534800 -8.571 1.656 0.191 0.215 -0.034663 20000 1.000000
241.969000 34.332200 -12.418 3.346 0.172 0.211 0.072016 20000 1.000000
242.635000 35.116800 -6.99 0.734 0.169 0.208 0.046121 20000 1.000000
241.983000 35.152400 -8.035 1.302 0.167 0.207 0.052643 20000 1.000000
242.697000 35.238500 -6.87 0.099 0.169 0.207 0.066754 20000 1.000000
242.795000 35.387900 -6.888 -0.496 0.164 0.204 0.066326 20000 1.000000
242.610000 35.896700 -5.977 -1.297 0.182 0.227 0.043491 20000 1.000000
242.597000 35.697600 -6.556 -0.394 0.167 0.207 0.056178 20000 1.000000
243.111000 35.998200 -6.492 -1.7 0.176 0.211 0.053277 20000 1.000000
243.112000 35.710600 -6.561 -0.963 0.165 0.207 0.063321 20000 1.000000
243.290000 34.192500 -8.136 1.932 0.171 0.205 0.042189 20000 1.000000
243.463000 34.217200 -7.115 0.734 0.171 0.205 0.072673 20000 1.000000
243.788000 33.865800 -7.759 0.376 0.167 0.204 0.075579 20000 1.000000
243.920000 33.959300 -6.592 -0.874 0.17 0.204 0.063125 20000 1.000000
239.772000 35.729200 -10.091 3.207 0.17 0.21 0.070193 20000 1.000000
243.971000 34.716900 -5.987 -2.669 0.173 0.209 0.037046 20000 1.000000
243.329000 34.936800 -6.914 -0.771 0.169 0.209 0.068056 20000 1.000000
242.063000 34.341100 -11.884 4.198 0.181 0.223 0.033683 20000 1.000000
243.120000 34.462100 -8.478 1.303 0.168 0.205 0.061065 20000 1.000000
244.179000 33.741000 -7.013 -1.368 0.181 0.216 0.075999 20000 1.000000
243.107000 34.062700 -6.089 2.663 0.214 0.26 0.034986 20000 1.000000
244.236000 34.425700 -5.61 -2.08 0.21 0.228 0.086314 20000 1.000000
244.350000 35.204800 -5.957 -2.91 0.172 0.209 0.042558 20000 1.000000
242.685000 34.187400 -11.146 3.006 0.171 0.209 0.108237 20000 1.000000
242.950000 34.196200 -8.15 4.175 0.203 0.214 0.137792 20000 1.000000
244.750000 34.731800 -6.267 -2.468 0.211 0.264 0.131290 20000 1.000000
243.237000 35.204600 -6.123 -1.161 0.167 0.205 0.063976 20000 1.000000
242.107000 35.424600 -7.927 0.716 0.168 0.208 0.056876 20000 1.000000
243.428000 35.320600 -6.104 -1.817 0.167 0.208 0.052937 20000 1.000000
243.896000 35.141900 -6.233 -2.6 0.179 0.211 0.040164 20000 1.000000
243.878000 35.526000 -4.98 -1.707 0.174 0.214 0.048597 20000 1.000000
243.855000 35.785400 -5.917 -3.416 0.168 0.208 0.053239 20000 1.000000
244.456000 35.472800 -5.988 -3.196 0.168 0.209 0.066660 20000 1.000000
244.634000 35.163000 -5.428 -3.451 0.176 0.217 0.056801 20000 1.000000
245.401000 34.188900 -5.4 -2.395 0.173 0.21 0.076133 20000 1.000000
245.035000 34.844400 -5.27 -2.556 0.173 0.21 0.065726 20000 1.000000
244.762000 35.291100 -5.716 -2.472 0.169 0.207 0.060977 20000 1.000000
241.621000 37.973100 -5.606 -0.666 0.165 0.214 0.028576 20000 1.000000
241.000000 37.613000 -8.01 0.497 0.169 0.213 0.007138 20000 1.000000
241.084000 37.605300 -7.252 -2.216 0.174 0.229 0.015276 20000 1.000000
240.914000 37.785700 -8.555 -0.528 0.201 0.239 -0.047776 20000 1.000000
240.967000 37.913500 -7.622 0.391 0.163 0.209 0.053542 20000 1.000000
240.974000 37.696600 -10.248 0.284 0.196 0.237 0.171038 20000 1.000000
240.862000 37.839300 -6.973 -1.182 0.178 0.22 0.076905 20000 1.000000
240.853000 37.962800 -5.606 -0.428 0.165 0.209 0.052652 20000 1.000000
240.916000 37.914100 -6.006 -0.131 0.166 0.211 0.055667 20000 1.000000
241.056000 37.734300 -7.841 2.634 0.165 0.212 0.056007 20000 1.000000
241.131000 37.654600 -4.213 -1.886 0.167 0.215 0.053506 20000 1.000000
241.040000 37.891700 -7.189 0.438 0.174 0.216 0.033155 20000 1.000000
241.148000 37.878200 -6.163 0.553 0.165 0.211 0.043298 20000 1.000000
241.183000 37.591400 -5.285 -0.681 0.169 0.223 0.104716 20000 1.000000
241.302000 37.561600 -7.539 -0.37 0.172 0.234 0.022288 20000 1.000000
241.316000 37.495400 -5.215 -0.303 0.162 0.206 0.051627 20000 1.000000
241.406000 37.541300 -5.637 -0.362 0.165 0.211 0.053697 20000 1.000000
241.180000 37.677000 -3.357 -0.489 0.165 0.211 0.054340 20000 1.000000
241.232000 37.754400 -3.481 -1.103 0.188 0.247 0.112204 20000 1.000000
240.981000 37.800000 -7.342 2.118 0.168 0.214 0.085355 20000 1.000000
241.264000 37.903500 -5.19 -0.456 0.168 0.215 0.041453 20000 1.000000
241.445000 37.891300 -5.615 -0.861 0.175 0.216 0.118839 20000 1.000000
241.762000 37.589200 -5.754 -6.23 0.164 0.209 0.055254 20000 1.000000
241.528000 37.737500 -5.73 -0.66 0.172 0.216 0.076669 20000 1.000000
240.850000 38.057900 -4.609 -0.503 0.176 0.221 0.051654 20000 1.000000
237.804000 41.344800 -4.796 -1.33 0.207 0.278 0.083319 20000 1.000000
237.706000 41.381200 -8.193 -0.869 0.173 0.224 0.095232 20000 1.000000
237.809000 41.479200 -7.611 -3.17 0.164 0.23 0.004306 20000 1.000000
237.687000 41.463600 -7.431 -1.058 0.167 0.231 -0.007948 20000 1.000000
237.847000 41.531900 -7.27 -0.774 0.203 0.243 0.094258 20000 1.000000
238.493000 41.711600 -6.191 -1.951 0.162 0.219 0.039996 20000 1.000000
246.132000 42.878900 -5.697 -3.394 0.162 0.22 0.046537 20000 1.000000
241.275000 37.380400 -2.255 1.094 0.23 0.267 0.218321 20000 1.000000
241.439000 37.439500 -5.385 -0.163 0.178 0.221 0.063185 20000 1.000000
240.254000 37.088900 -7.721 0.056 0.171 0.215 0.111664 20000 1.000000
241.853000 37.280500 -6.031 -1.256 0.167 0.212 0.074551 20000 1.000000
239.172000 41.359200 -6.859 -2.522 0.185 0.243 -0.029670 20000 1.000000
239.527000 41.332500 -7.043 -1.48 0.167 0.222 0.052721 20000 1.000000
235.587000 42.442000 -5.64 -0.228 0.167 0.229 -0.023640 20000 1.000000
235.707000 42.076600 -6.707 -1.182 0.172 0.227 0.054423 20000 1.000000
238.120000 42.579800 -4.145 -2.61 0.182 0.244 0.035172 20000 1.000000
237.390000 42.727100 -5.851 -2.207 0.185 0.235 0.154862 20000 1.000000
240.341000 42.546100 -5.212 -2.297 0.165 0.224 0.036199 20000 1.000000
242.275000 42.020200 -7.333 -3.436 0.166 0.221 0.050358 20000 1.000000
243.404000 33.598200 -11.454 1.625 0.245 0.306 -0.095635 20000 1.000000
243.397000 33.495500 -12.749 4.403 0.173 0.211 0.068547 20000 1.000000
244.492000 32.829400 -8.917 4.024 0.172 0.204 0.055605 20000 1.000000
239.784000 35.693800 -11.443 3.348 0.188 0.227 0.106328 20000 1.000000
237.579000 41.830800 -5.986 -1.781 0.177 0.242 0.089148 20000 1.000000
236.019000 41.845500 -7.953 -2.093 0.185 0.274 -0.057246 20000 1.000000
238.521000 36.744300 -11.637 6.91 0.174 0.218 0.083876 20000 1.000000
239.528000 35.946600 -8.896 1.269 0.184 0.224 0.104042 20000 1.000000
239.485000 35.929100 -13.97 4.691 0.233 0.316 0.051438 20000 1.000000
236.427000 40.478800 -8.08 -1.171 0.199 0.264 0.251393 20000 1.000000
243.852000 34.508100 -6.178 -1.478 0.167 0.204 0.063785 20000 1.000000
245.241000 32.497900 -5.121 -1.846 0.176 0.205 0.070538 20000 1.000000
243.407000 33.537300 -12.023 3.72 0.185 0.224 0.116864 20000 1.000000
241.651000 34.021700 -13.504 5.9 0.176 0.219 0.085720 20000 1.000000
241.379000 34.836000 -10.358 2.672 0.17 0.209 0.055495 20000 1.000000
241.983000 35.152400 -8.634 1.601 0.17 0.209 0.053886 20000 1.000000
241.983000 35.152500 -7.948 1.083 0.169 0.209 0.056303 20000 1.000000
243.936000 31.559100 -15.583 6.423 0.175 0.204 0.127798 20000 1.000000
238.728000 35.709000 -14.71 8.773 0.188 0.233 0.024854 20000 1.000000
242.077000 34.508200 -10.133 3.058 0.174 0.213 0.068438 20000 1.000000
244.450000 32.490100 -11.292 5.515 0.173 0.212 0.014243 20000 1.000000
242.305000 34.925400 -8.069 1.431 0.173 0.211 0.023338 20000 1.000000
244.116000 32.417000 -14.622 6.068 0.167 0.199 0.059579 20000 1.000000
239.522000 35.919900 -18.01 -0.735 0.172 0.217 0.090964 20000 1.000000
242.818000 33.835700 -12.753 4.652 0.189 0.219 0.059602 20000 1.000000
243.506000 33.819200 -9.695 3.287 0.196 0.231 0.054508 20000 1.000000
242.193000 34.091800 -12.386 4.817 0.175 0.221 0.046100 20000 1.000000
244.165000 31.313100 -15.471 8.239 0.168 0.199 0.054080 20000 1.000000
244.543000 32.377900 -11.196 5.757 0.29 0.343 0.077843 20000 1.000000
241.596000 33.743300 -13.949 5.987 0.168 0.203 0.061746 20000 1.000000
238.863000 36.161100 -14.649 7.251 0.176 0.215 0.082853 20000 1.000000
241.755000 34.628700 -11.043 2.821 0.188 0.231 0.031259 20000 1.000000
239.056000 39.974600 -3.514 -0.129 0.177 0.234 0.020064 20000 1.000000
242.317000 35.338700 -7.495 0.835 0.167 0.206 0.062360 20000 1.000000
240.280000 34.500000 -15.174 5.37 0.169 0.21 0.050759 20000 1.000000
243.375000 34.643900 -8.053 0.237 0.17 0.204 0.051437 20000 1.000000
241.974000 34.019100 -13.531 5.546 0.189 0.229 -0.002950 20000 1.000000
242.445000 33.485800 -13.432 5.995 0.172 0.206 0.091790 20000 1.000000
239.475000 35.900000 -13.23 6.466 0.18 0.228 0.007645 20000 1.000000
241.807000 34.875100 -8.6 1.97 0.178 0.217 0.070550 20000 1.000000
240.816000 34.541500 -12.43 3.451 0.189 0.231 0.128086 20000 1.000000
244.877000 40.617200 -6.404 -3.728 0.167 0.226 0.069178 20000 1.000000
243.350000 36.316300 -5.603 -1.541 0.24 0.292 0.050699 20000 1.000000
238.442000 37.666500 -8.443 -0.368 0.166 0.213 0.032605 20000 1.000000
241.245000 34.459800 -13.18 4.043 0.186 0.236 0.066739 20000 1.000000
239.775000 40.591700 -6.308 -1.607 0.171 0.23 0.033787 20000 1.000000
240.984000 41.868400 -6.1 -3.205 0.176 0.234 0.126165 20000 1.000000
243.701000 35.971300 -6.002 -2.984 0.179 0.214 0.007876 20000 1.000000
241.521000 34.438600 -13.809 3.911 0.202 0.247 0.031689 20000 1.000000
240.116000 39.314300 -6.729 -0.86 0.166 0.219 0.020459 20000 1.000000
244.022000 33.292200 -9.331 1.51 0.176 0.209 0.074138 20000 1.000000
240.476000 33.247900 -18.156 10.967 0.173 0.218 0.018702 20000 1.000000
240.936000 34.319900 -13.396 5.722 0.167 0.204 0.059589 20000 1.000000
241.354000 34.059300 -14.621 5.439 0.17 0.207 0.025891 20000 1.000000
242.151000 33.992700 -13.015 4.588 0.18 0.214 0.070621 20000 1.000000
239.935000 34.004300 -14.876 7.644 0.173 0.21 0.049077 20000 1.000000
239.640000 35.917400 -9.123 2.562 0.199 0.237 0.127617 20000 1.000000
241.585000 35.158200 -7.574 1.209 0.165 0.206 0.056312 20000 1.000000
243.923000 33.650600 -7.778 0.753 0.177 0.214 0.107854 20000 1.000000
242.233000 33.549600 -12.866 5.837 0.189 0.214 0.046576 20000 1.000000
243.770000 36.934800 -5.458 -1.745 0.164 0.207 0.078853 20000 1.000000
239.867000 34.483500 -14.349 6.195 0.173 0.217 0.042204 20000 1.000000
243.839000 33.641200 -9.162 2.758 0.188 0.214 0.071152 20000 1.000000
242.951000 39.542200 -5.614 -2.784 0.173 0.219 0.138054 20000 1.000000
242.816000 38.097200 -6.049 -2.514 0.165 0.211 0.051709 20000 1.000000
241.669000 33.797800 -14.418 6.607 0.175 0.212 0.062769 20000 1.000000
241.163000 34.248000 -13.887 6.526 0.174 0.211 0.110487 20000 1.000000
235.849000 41.053900 -5.875 -1.808 0.175 0.224 -0.009176 20000 1.000000
241.558000 34.069100 -14.39 5.332 0.187 0.217 0.109880 20000 1.000000
240.156000 34.413300 -16.125 5.236 0.17 0.215 0.027969 20000 1.000000
241.198000 39.627100 -6.053 -2.246 0.175 0.227 0.057528 20000 1.000000
241.715000 34.024000 -13.48 2.767 0.262 0.296 0.157826 20000 1.000000
243.915000 33.030100 -12.757 4.78 0.171 0.205 0.069211 20000 1.000000
240.516000 34.851500 -11.879 4.525 0.182 0.223 0.057583 20000 1.000000
238.053000 38.394500 -7.171 -4.792 0.167 0.217 0.038300 20000 1.000000
241.780000 34.178600 -12.039 4.301 0.22 0.24 0.166615 20000 1.000000
241.486000 34.126400 -13.634 4.593 0.166 0.204 0.071183 20000 1.000000
241.516000 34.293200 -12.893 4.392 0.174 0.209 0.061856 20000 1.000000
239.384000 34.556300 -16.542 6.637 0.165 0.204 0.056048 20000 1.000000
241.879000 34.501500 -10.649 4.414 0.182 0.218 0.083902 20000 1.000000
241.706000 33.712600 -14.184 7.016 0.186 0.226 0.041527 20000 1.000000
242.807000 33.225000 -13.477 6.512 0.166 0.201 0.073995 20000 1.000000
241.346000 37.664300 -4.888 0.065 0.197 0.257 0.085423 20000 1.000000
241.016000 35.010800 -10.82 3.913 0.193 0.23 0.045008 20000 1.000000
243.608000 33.934800 -7.636 0.831 0.182 0.22 0.070692 20000 1.000000
241.258000 34.568500 -12.733 2.951 0.182 0.222 0.186481 20000 1.000000
241.586000 34.259400 -13.436 4.03 0.201 0.246 0.035217 20000 1.000000
243.068000 34.669000 -8.117 1.013 0.186 0.224 -0.052004 20000 1.000000
241.572000 33.958200 -13.707 6.017 0.238 0.258 -0.261389 20000 1.000000
243.346000 33.955300 -9.099 1.612 0.173 0.207 0.062017 20000 1.000000
243.111000 35.425200 -6.426 -4.072 0.184 0.226 0.060020 20000 1.000000
243.920000 35.287000 -5.829 -2.715 0.216 0.264 0.064159 20000 1.000000
