242.907000 34.116400 -10.882 -0.069 1.085 0.711 -0.080078 20000 1.000000
242.555000 33.274300 -12.924 8.329 0.188 0.214 -0.006947 20000 1.000000
242.555000 33.274300 -12.78 7.785 0.17 0.196 -0.006027 20000 1.000000
243.571000 34.594300 -6.98 0.89 0.167 0.197 -0.006297 20000 1.000000
241.305000 34.824500 -6.913 3.193 0.943 0.509 -0.012473 20000 1.000000
242.675000 33.341900 -12.93 7.817 0.169 0.197 0.007421 20000 1.000000
242.524000 33.381100 -13.135 7.896 0.17 0.195 -0.005666 20000 1.000000
242.103000 34.126000 -10.162 6.623 0.223 0.242 -0.038386 20000 1.000000
242.795000 40.412800 -6.308 -1.571 0.167 0.21 -0.013364 20000 1.000000
240.970000 33.480500 -14.891 9.777 0.188 0.21 -0.037820 20000 1.000000
245.125000 42.605800 -3.228 -1.585 0.224 0.29 -0.008535 20000 1.000000
243.116000 34.264300 -9.033 2.17 0.192 0.227 0.041823 20000 1.000000
243.379000 37.039900 -5.985 -0.965 0.178 0.216 0.021642 20000 1.000000
244.002000 34.000500 -6.927 0.182 0.17 0.197 -0.025957 20000 1.000000
242.935000 33.578200 -11.926 6.866 0.18 0.207 -0.030108 20000 1.000000
243.920000 35.287000 -5.426 -0.358 0.172 0.203 -0.013066 20000 1.000000
245.285000 33.610400 -3.29 0.523 1.05 0.584 -0.008006 20000 1.000000
243.947000 34.251400 -5.89 0.054 0.17 0.199 -0.016091 20000 1.000000
241.723000 34.184900 -11.707 6.281 0.194 0.224 0.019814 20000 1.000000
242.988000 34.918600 -7.469 1.683 0.169 0.2 0.013715 20000 1.000000
241.812000 34.292800 -12.932 6.646 0.262 0.271 -0.322324 20000 1.000000
242.156000 42.779500 -4.904 -0.589 0.199 0.257 -0.017275 20000 1.000000
240.653000 35.157300 -10.314 3.503 0.173 0.209 0.014398 20000 1.000000
235.437000 42.836100 0.321 0.611 0.162 0.211 -0.017856 20000 1.000000
244.010000 33.655100 -7.294 0.568 0.174 0.206 0.016241 20000 1.000000
239.566000 35.939400 -9.034 2.9 0.167 0.202 -0.018669 20000 1.000000
239.569000 35.888400 -8.463 5.683 0.189 0.219 -0.003397 20000 1.000000
241.666000 33.311600 -13.87 9.149 0.167 0.194 0.006412 20000 1.000000
241.517000 33.445800 -13.02 9.393 0.168 0.198 -0.022497 20000 1.000000
241.370000 34.138600 -13.382 7.738 0.209 0.225 0.089148 20000 1.000000
242.329000 35.565300 -8.404 2.171 0.174 0.211 -0.008604 20000 1.000000
243.664000 34.829500 -6.26 -0.353 0.184 0.207 -0.028475 20000 1.000000
241.974000 34.333400 -12.393 4.743 0.961 0.533 0.011157 20000 1.000000
242.172000 34.640500 -8.725 3.202 0.176 0.213 0.037708 20000 1.000000
241.063000 34.109600 -12.493 9.226 0.182 0.22 0.002666 20000 1.000000
241.873000 34.136700 -14.149 7.173 0.188 0.215 0.036259 20000 1.000000
242.576000 34.271200 -13.05 2.203 0.169 0.194 -0.006019 20000 1.000000
242.521000 34.313800 -9.955 4.71 0.949 0.564 0.016500 20000 1.000000
241.856000 34.530300 -7.628 5.997 0.183 0.207 -0.113033 20000 1.000000
242.291000 34.109900 -6.72 4.938 1.181 0.595 -0.011385 20000 1.000000
245.126000 40.558400 -5.739 -1.146 0.179 0.212 0.033452 20000 1.000000
244.877000 32.863500 -5.191 -1.655 0.947 0.591 -0.048446 20000 1.000000
244.272000 32.850500 -9.334 6.027 1.107 0.648 -0.047004 20000 1.000000
240.120000 34.414900 -12.411 10.123 0.168 0.198 -0.024024 20000 1.000000
242.427000 35.071700 -7.571 2.413 0.173 0.204 0.038337 20000 1.000000
239.249000 35.791600 -13.359 9.123 0.176 0.207 -0.018110 20000 1.000000
242.900000 34.039100 -10.639 4.326 0.899 0.55 -0.025750 20000 1.000000
240.275000 35.242100 -9.484 5.669 0.164 0.195 0.002913 20000 1.000000
244.265000 33.069800 -9.535 4.51 0.173 0.199 -0.003263 20000 1.000000
240.961000 34.168400 -10.998 8.233 0.17 0.201 0.014662 20000 1.000000
241.743000 33.861500 -12.606 8.244 1.068 0.6 -0.033845 20000 1.000000
241.476000 34.253600 -12.485 7.932 1.286 0.656 0.002425 20000 1.000000
240.629000 34.408100 -12.101 7.581 0.196 0.232 -0.017732 20000 1.000000
241.387000 34.516500 -10.803 5.667 0.176 0.203 -0.026722 20000 1.000000
243.630000 34.124100 -7.492 2.261 0.187 0.219 -0.072617 20000 1.000000
242.098000 34.082000 -6.328 5.776 1.167 0.599 -0.054773 20000 1.000000
241.603000 34.334000 -11.656 7.126 0.264 0.257 -0.165785 20000 1.000000
244.212000 33.389800 -8.695 1.219 0.186 0.212 -0.014341 20000 1.000000
242.154000 35.267500 -5.747 3.114 0.991 0.576 -0.003527 20000 1.000000
242.140000 34.413400 -11.204 4.088 0.172 0.216 -0.003183 20000 1.000000
241.873000 33.938300 -11.997 10.265 1.089 0.569 -0.016730 20000 1.000000
242.588000 33.647700 -12.857 7.048 0.165 0.193 -0.005888 20000 1.000000
241.170000 34.946200 -8.981 3.166 0.177 0.213 -0.001501 20000 1.000000
245.061000 39.345200 -5.344 -1.066 0.169 0.209 -0.010615 20000 1.000000
244.183000 40.914700 -6.416 -1.337 0.162 0.208 -0.011745 20000 1.000000
242.574000 33.649100 -8.716 7.566 1.079 0.573 -0.042727 20000 1.000000
241.574000 34.703100 -8.029 12.395 0.947 0.663 -0.088481 20000 1.000000
242.474000 34.104200 -11.381 5.572 0.197 0.23 -0.017476 20000 1.000000
239.991000 34.733000 -12.493 7.909 0.171 0.199 0.020938 20000 1.000000
243.064000 34.093600 -8.961 0.437 0.2 0.288 0.067498 20000 1.000000
241.116000 34.356300 -12.651 8.069 0.171 0.198 -0.005428 20000 1.000000
246.195000 39.369400 -5.96 -0.963 0.174 0.212 -0.033048 20000 1.000000
244.200000 32.945000 -8.252 4.358 1.482 0.772 -0.028763 20000 1.000000
241.107000 34.800200 -10.96 5.919 0.178 0.208 0.004293 20000 1.000000
240.644000 40.416500 -6.677 -1.886 0.167 0.214 -0.041138 20000 1.000000
244.479000 33.274800 -6.88 -1.834 0.175 0.2 -0.012769 20000 1.000000
243.617000 34.291400 -5.383 0.868 0.976 0.574 -0.050780 20000 1.000000
245.173000 33.051100 -5.157 -0.395 0.172 0.2 -0.066023 20000 1.000000
244.340000 34.784000 -5.366 -1.213 0.208 0.246 -0.063389 20000 1.000000
245.810000 34.308600 -5.423 -0.486 0.171 0.199 -0.024178 20000 1.000000
245.820000 40.640200 -5.19 -1.387 0.169 0.211 0.017359 20000 1.000000
239.584000 36.399000 -7.414 1.429 0.206 0.241 -0.034094 20000 1.000000
241.887000 34.047400 -10.58 6.717 1.22 0.649 -0.020354 20000 1.000000
242.701000 35.011500 -5.046 2.346 1.041 0.581 0.006221 20000 1.000000
241.714000 33.783600 -15.884 8.898 1.666 0.913 -0.086255 20000 1.000000
243.570000 34.754800 -7.053 -0.298 0.169 0.199 0.001483 20000 1.000000
242.999000 33.708100 -8.828 4.249 1.91 0.969 -0.026203 20000 1.000000
244.365000 33.705000 -6.522 0.172 0.193 0.231 -0.036255 20000 1.000000
239.520000 35.866700 -11.665 8.437 0.201 0.256 0.007742 20000 1.000000
242.155000 34.458200 -10.031 3.893 1.013 0.585 -0.060029 20000 1.000000
239.598000 35.880800 -8.458 4.392 0.185 0.216 0.077705 20000 1.000000
240.812000 34.441200 -12.543 8.805 0.18 0.211 -0.000727 20000 1.000000
244.089000 34.727300 -5.668 -0.498 0.173 0.205 -0.002000 20000 1.000000
243.779000 33.796800 -8.557 2.853 0.172 0.202 0.017511 20000 1.000000
244.855000 34.157600 -5.7 -0.462 0.168 0.199 0.020879 20000 1.000000
241.526000 35.662300 -7.629 2.131 0.176 0.208 -0.074537 20000 1.000000
242.045000 34.449100 -8.522 5.221 0.166 0.203 -0.017905 20000 1.000000
240.992000 34.398500 -11.135 6.066 0.17 0.202 -0.013182 20000 1.000000
243.827000 33.925400 -8.048 2.052 0.214 0.246 -0.000745 20000 1.000000
243.241000 33.236000 -21.06 5.781 1.757 0.876 0.009211 20000 1.000000
242.165000 34.485500 -9.119 4.442 0.808 0.537 -0.032938 20000 1.000000
242.609000 33.744200 -11.141 6.222 0.186 0.211 0.069536 20000 1.000000
242.555000 33.817400 -8.556 6.006 1.416 0.782 -0.049074 20000 1.000000
243.060000 35.090200 -6.987 0.812 0.174 0.202 -0.005335 20000 1.000000
239.553000 34.691000 -13.64 10.35 1.125 0.591 -0.032107 20000 1.000000
242.246000 34.133300 -11.892 6.104 0.173 0.2 0.013196 20000 1.000000
239.406000 35.828700 -12.667 8.825 0.174 0.21 0.016696 20000 1.000000
242.454000 34.314900 -10.67 4.705 0.191 0.225 0.057191 20000 1.000000
241.970000 34.527100 -10.386 4.637 0.175 0.212 -0.045843 20000 1.000000
240.896000 34.733600 -10.778 4.058 1.057 0.67 -0.049471 20000 1.000000
239.557000 35.832600 -11.454 8.617 0.169 0.203 -0.004235 20000 1.000000
242.563000 33.856800 -11.787 6.789 0.17 0.196 -0.015138 20000 1.000000
238.778000 42.418300 -5.705 -2.599 0.246 0.343 0.010309 20000 1.000000
244.021000 36.632500 -5.383 -0.767 0.168 0.204 0.030363 20000 1.000000
239.649000 34.038300 -13.465 10.676 0.173 0.203 -0.030478 20000 1.000000
243.904000 40.148400 -5.201 -0.779 0.173 0.22 -0.088534 20000 1.000000
242.682000 33.918400 -11.142 6.151 0.171 0.197 0.000865 20000 1.000000
239.566000 35.969500 -8.845 2.371 0.177 0.202 -0.043034 20000 1.000000
244.588000 40.710700 -5.629 -1.255 0.169 0.224 -0.017313 20000 1.000000
241.122000 34.295500 -13.024 9.004 0.194 0.221 0.004310 20000 1.000000
243.352000 34.038500 -7.73 4.124 0.213 0.253 0.093321 20000 1.000000
245.381000 34.767700 -7.293 -0.401 0.176 0.209 -0.018065 20000 1.000000
242.491000 39.685600 -5.552 -1.237 0.17 0.213 -0.011912 20000 1.000000
240.859000 34.498700 -11.222 5.044 0.168 0.197 -0.005646 20000 1.000000
243.932000 34.141000 -6.498 0.372 0.169 0.197 0.005168 20000 1.000000
242.653000 33.240700 -13.341 8.844 0.197 0.209 -0.146751 20000 1.000000
244.082000 34.369900 -6.158 -0.667 0.17 0.203 -0.046125 20000 1.000000
243.695000 34.427700 -6.688 0.702 0.172 0.205 -0.036206 20000 1.000000
243.708000 34.533000 -6.541 0.418 0.181 0.206 -0.023079 20000 1.000000
243.185000 34.674900 -7.862 1.553 0.181 0.215 0.080765 20000 1.000000
240.647000 34.683400 -12.117 6.601 0.181 0.215 -0.028039 20000 1.000000
242.814000 39.521100 -6.034 -1.076 0.168 0.208 -0.012661 20000 1.000000
245.995000 32.722500 -5.455 -0.725 0.175 0.2 0.028129 20000 1.000000
244.721000 39.910200 -5.59 -1.732 0.183 0.217 -0.004363 20000 1.000000
245.543000 36.154200 -5.239 -1.11 0.168 0.2 -0.018472 20000 1.000000
245.180000 41.724200 -5.427 -1.499 0.17 0.216 -0.051359 20000 1.000000
242.670000 41.428700 -5.794 -1.911 0.166 0.214 0.005512 20000 1.000000
235.925000 40.876300 -1.058 2.886 0.217 0.268 0.038719 20000 1.000000
236.274000 38.928300 -9.319 10.899 0.164 0.204 -0.007726 20000 1.000000
237.585000 40.997600 -6.35 -1.544 0.192 0.254 -0.083730 20000 1.000000
243.830000 32.616500 -14.533 7.39 0.168 0.194 -0.016900 20000 1.000000
238.997000 35.551800 -12.4 11.138 0.171 0.207 0.013562 20000 1.000000
242.015000 39.305600 -6.067 -1.574 0.173 0.218 -0.045299 20000 1.000000
242.395000 39.287900 -5.768 -1.173 0.169 0.208 -0.017677 20000 1.000000
243.576000 39.500500 -5.891 -1.274 0.167 0.217 0.009872 20000 1.000000
243.950000 39.546400 -5.557 -1.832 0.169 0.207 0.012743 20000 1.000000
244.111000 39.374200 -5.708 -1.569 0.166 0.207 0.009164 20000 1.000000
244.487000 39.536100 -6.029 -1.424 0.166 0.21 -0.015345 20000 1.000000
244.568000 39.388600 -4.557 -1.053 0.161 0.202 -0.007949 20000 1.000000
242.120000 40.433400 -6.693 -0.958 0.167 0.211 0.018564 20000 1.000000
245.308000 39.255200 -5.191 -0.991 0.171 0.209 0.042124 20000 1.000000
245.723000 39.119400 -6.135 -1.194 0.166 0.211 -0.005822 20000 1.000000
246.129000 39.067300 -5.231 -0.485 0.24 0.292 -0.034280 20000 1.000000
246.495000 39.268900 -5.899 -1.576 0.164 0.21 0.006641 20000 1.000000
242.532000 40.320600 -6.899 -1.025 0.172 0.214 -0.053144 20000 1.000000
246.946000 40.494000 -5.227 -1.224 0.163 0.21 0.013012 20000 1.000000
243.264000 40.495500 -4.561 -1.91 0.189 0.237 -0.061554 20000 1.000000
243.721000 40.363200 -5.729 -1.245 0.164 0.209 0.009546 20000 1.000000
240.200000 39.572800 -7.772 -0.429 0.166 0.208 -0.020866 20000 1.000000
242.469000 36.614300 -6.917 -0.381 0.164 0.198 -0.009987 20000 1.000000
242.593000 36.804200 -6.563 -0.999 0.162 0.196 -0.005347 20000 1.000000
242.006000 36.606000 -6.992 0.6 0.173 0.204 0.077073 20000 1.000000
242.296000 37.200800 -6.465 -0.677 0.167 0.203 -0.004269 20000 1.000000
240.463000 39.698400 -8.275 -0.824 0.176 0.218 -0.021323 20000 1.000000
240.694000 39.795600 -8.112 -1.316 0.174 0.225 0.036152 20000 1.000000
241.126000 39.838800 -7.175 -1.572 0.175 0.216 -0.035253 20000 1.000000
241.316000 39.888900 -7.19 -1.405 0.169 0.214 -0.024677 20000 1.000000
241.841000 39.212300 -6.492 -1.164 0.161 0.203 0.003692 20000 1.000000
246.706000 41.856800 -6.008 -2.405 0.175 0.226 0.003291 20000 1.000000
246.958000 39.345100 -5.491 -1.283 0.168 0.208 -0.008178 20000 1.000000
246.988000 41.817300 -5.567 -1.438 0.165 0.212 -0.018308 20000 1.000000
246.722000 40.671300 -5.662 -0.725 0.168 0.214 -0.015902 20000 1.000000
240.400000 39.499200 -8.547 -1.192 0.182 0.218 0.035041 20000 1.000000
240.931000 39.486100 -7.726 -1.345 0.171 0.212 -0.004437 20000 1.000000
241.550000 39.133900 -6.92 -1.453 0.166 0.207 -0.002931 20000 1.000000
241.062000 39.268000 -7.771 -1.211 0.166 0.207 -0.020964 20000 1.000000
241.649000 39.454700 -6.418 -0.908 0.169 0.209 0.040383 20000 1.000000
241.995000 38.728800 -6.248 -0.744 0.167 0.206 -0.002223 20000 1.000000
241.540000 38.724600 -7.348 -0.998 0.17 0.214 -0.007934 20000 1.000000
241.070000 38.980900 -7.664 -0.621 0.162 0.207 0.001647 20000 1.000000
240.985000 38.704600 -8.197 -2.423 0.186 0.224 -0.037512 20000 1.000000
240.541000 38.761400 -8.363 -1.128 0.181 0.214 -0.090836 20000 1.000000
240.523000 40.779800 -7.096 -1.428 0.181 0.219 0.068586 20000 1.000000
240.990000 40.242200 -7.298 -1.325 0.188 0.219 -0.088576 20000 1.000000
240.278000 39.908200 -8.728 -1.225 0.167 0.211 0.030239 20000 1.000000
239.307000 38.829200 -6.032 1.539 0.187 0.212 0.090663 20000 1.000000
239.614000 39.046600 -17.028 -22.145 0.244 0.301 -0.021026 20000 1.000000
240.189000 39.123500 -8.634 -0.31 0.17 0.212 -0.071270 20000 1.000000
240.376000 41.357700 -6.488 -1.575 0.166 0.213 -0.003428 20000 1.000000
239.716000 39.937400 -9.072 -1.195 0.16 0.202 -0.009913 20000 1.000000
239.194000 40.418600 -8.405 -1.288 0.214 0.256 0.050768 20000 1.000000
239.923000 40.288900 -8.015 -1.354 0.167 0.21 -0.000232 20000 1.000000
235.692000 40.247500 -8.799 8.694 0.163 0.207 -0.001711 20000 1.000000
235.867000 40.551300 -1.607 4.077 0.172 0.22 -0.007903 20000 1.000000
235.787000 40.637400 -1.495 4.023 0.187 0.234 -0.005860 20000 1.000000
235.943000 40.219600 -6.453 5.443 0.17 0.214 0.006712 20000 1.000000
236.307000 40.119300 -8.405 2.466 0.207 0.264 0.028429 20000 1.000000
238.207000 36.485500 -14.003 10.657 0.169 0.201 -0.003328 20000 1.000000
238.710000 35.945700 -13.405 9.956 0.171 0.205 0.040135 20000 1.000000
238.949000 36.302100 -12.004 11.059 0.171 0.207 -0.002810 20000 1.000000
238.865000 36.425900 -11.867 9.861 0.167 0.201 0.009306 20000 1.000000
237.668000 37.534500 -10.137 7.131 0.211 0.222 -0.098879 20000 1.000000
237.623000 37.914500 -8.891 6.987 0.175 0.213 -0.002895 20000 1.000000
236.819000 38.495000 -8.655 9.358 0.168 0.211 -0.065808 20000 1.000000
236.291000 39.117200 -9.336 7.411 0.171 0.218 -0.002139 20000 1.000000
236.652000 38.987400 -9.128 7.563 0.176 0.213 0.068216 20000 1.000000
236.796000 39.242000 -6.423 2.859 0.165 0.206 -0.001699 20000 1.000000
236.368000 42.275400 -2.585 -0.122 0.173 0.221 -0.001651 20000 1.000000
236.895000 39.319700 -7.404 2.565 0.171 0.21 0.028780 20000 1.000000
237.041000 38.664700 -6.96 8.142 0.216 0.27 0.125402 20000 1.000000
237.233000 38.428600 -6.278 7.663 0.167 0.21 -0.000017 20000 1.000000
237.548000 38.239800 -6.284 4.706 0.171 0.21 0.000270 20000 1.000000
237.083000 38.866100 -5.206 3.963 0.162 0.203 -0.006917 20000 1.000000
237.037000 39.398100 -6.36 -1.395 0.458 0.552 -0.058257 20000 1.000000
237.424000 38.777800 -5.631 4.491 0.17 0.221 -0.042162 20000 1.000000
237.281000 39.260000 -9.206 4.814 0.167 0.207 0.022315 20000 1.000000
237.696000 39.109300 -6.205 0.238 0.172 0.212 -0.018669 20000 1.000000
237.873000 37.069200 -12.327 11.84 0.205 0.24 0.206333 20000 1.000000
238.137000 36.962000 -11.439 9.115 0.197 0.225 -0.020153 20000 1.000000
238.009000 37.201700 -9.634 7.111 0.198 0.231 -0.072637 20000 1.000000
238.203000 37.001000 -9.456 9.274 0.265 0.288 0.089642 20000 1.000000
238.274000 37.002400 -9.59 6.866 0.181 0.225 0.019935 20000 1.000000
238.349000 37.104500 -10.068 6.418 0.204 0.227 -0.123683 20000 1.000000
238.286000 37.203500 -8.703 7.702 0.175 0.207 0.044950 20000 1.000000
237.786000 37.329900 -10.228 11.894 0.166 0.202 0.010054 20000 1.000000
237.901000 37.336900 -10.781 7.368 0.188 0.237 -0.025753 20000 1.000000
237.900000 37.722000 -7.712 4.785 0.165 0.2 -0.007455 20000 1.000000
237.781000 37.863900 -5.454 5.289 0.172 0.218 0.014456 20000 1.000000
237.942000 37.713900 -8.657 6.793 0.193 0.232 -0.082555 20000 1.000000
238.174000 37.336800 -6.29 7.713 0.166 0.203 -0.010529 20000 1.000000
238.210000 37.533000 -7.176 3 0.168 0.205 0.007467 20000 1.000000
238.313000 37.601800 -6.466 1.435 0.172 0.208 0.039238 20000 1.000000
238.022000 37.749400 -6.931 4.473 0.169 0.205 -0.009378 20000 1.000000
238.214000 37.819000 -4.169 2.359 0.173 0.208 -0.000671 20000 1.000000
238.095000 36.621700 -11.989 9.744 0.167 0.204 -0.018956 20000 1.000000
238.421000 36.724000 -11.852 9.542 0.168 0.202 -0.008029 20000 1.000000
238.580000 36.800400 -8.403 6.65 0.167 0.202 -0.014074 20000 1.000000
238.409000 36.858500 -11.189 8.687 0.17 0.207 -0.021128 20000 1.000000
238.459000 36.814300 -11.269 9.411 0.173 0.205 0.005174 20000 1.000000
238.445000 36.903500 -12.089 7.588 0.172 0.204 -0.019061 20000 1.000000
238.613000 36.637000 -11.58 9.213 0.178 0.212 -0.068276 20000 1.000000
238.458000 37.007800 -8.874 5.546 0.169 0.214 0.013655 20000 1.000000
238.426000 37.213000 -8.103 1.292 0.167 0.202 -0.002064 20000 1.000000
238.665000 36.918200 -6.648 2.078 0.169 0.206 0.000645 20000 1.000000
238.645000 37.010800 -7.103 2.581 0.178 0.219 -0.042280 20000 1.000000
240.294000 37.713100 -5.255 2.995 0.173 0.212 -0.022284 20000 1.000000
238.812000 36.559500 -13.217 7.386 0.164 0.198 -0.011235 20000 1.000000
238.131000 37.975600 -6.095 1.634 0.165 0.203 0.002477 20000 1.000000
238.936000 36.611600 -12.516 -1.258 0.163 0.198 -0.005882 20000 1.000000
238.732000 36.950000 -7.419 2.24 0.167 0.203 0.016893 20000 1.000000
238.652000 36.811400 -6.263 3.237 0.167 0.203 -0.013118 20000 1.000000
238.942000 37.169600 -8.238 1.344 0.17 0.206 -0.004450 20000 1.000000
238.347000 37.478400 -6.649 2.43 0.184 0.223 0.000612 20000 1.000000
238.531000 37.489600 -4.056 -3.916 0.164 0.201 -0.011418 20000 1.000000
238.675000 37.581900 -6.6 0.818 0.186 0.23 -0.018796 20000 1.000000
238.395000 37.932000 -5.432 1.904 0.166 0.204 -0.008575 20000 1.000000
238.536000 37.755300 -7.08 2.204 0.169 0.206 -0.003685 20000 1.000000
238.717000 37.385400 -4.619 0.157 0.169 0.21 -0.020827 20000 1.000000
237.782000 38.153000 -5.101 0.24 0.164 0.203 -0.025072 20000 1.000000
237.904000 38.025100 -5.414 4.564 0.173 0.212 -0.067788 20000 1.000000
237.805000 38.444200 -5.704 2.401 0.177 0.229 0.000071 20000 1.000000
237.645000 38.999500 -6.498 -2.449 0.201 0.222 0.066297 20000 1.000000
238.905000 38.645300 -6.069 1.479 0.164 0.202 -0.008171 20000 1.000000
239.652000 35.544100 -12.254 9.248 0.173 0.205 -0.008356 20000 1.000000
239.611000 35.841100 -12.19 8.202 0.176 0.208 -0.032815 20000 1.000000
239.655000 35.837800 -7.983 4.931 0.172 0.211 0.001504 20000 1.000000
239.715000 35.806700 -7.414 4.251 0.178 0.213 -0.013296 20000 1.000000
239.093000 35.933300 -10.649 11.949 0.165 0.199 -0.003796 20000 1.000000
239.019000 36.417200 -7.064 3.314 0.166 0.201 -0.000109 20000 1.000000
239.147000 36.515900 -7.537 2.104 0.175 0.213 -0.021237 20000 1.000000
239.302000 36.024800 -12.955 9.743 0.166 0.207 -0.001163 20000 1.000000
239.251000 36.106800 -13.056 8.639 0.163 0.197 -0.002570 20000 1.000000
239.272000 36.178900 -6.605 1.676 0.164 0.197 -0.001311 20000 1.000000
239.355000 35.922800 -13.736 9.447 0.166 0.199 -0.014657 20000 1.000000
239.525000 36.007500 -15.975 0.811 0.199 0.22 -0.023576 20000 1.000000
239.457000 36.089400 -5.954 2.376 0.166 0.201 -0.003427 20000 1.000000
239.560000 36.123200 -7.013 3.086 0.165 0.199 -0.004281 20000 1.000000
239.158000 35.697100 -11.859 9.924 0.172 0.2 0.037970 20000 1.000000
239.637000 36.051700 -7.692 2.342 0.169 0.199 -0.007625 20000 1.000000
239.448000 35.974100 -11.878 9.16 0.182 0.21 -0.055796 20000 1.000000
239.706000 36.015800 -7.773 1.61 0.166 0.2 -0.009198 20000 1.000000
239.723000 36.304400 -8.964 0.667 0.173 0.208 -0.006299 20000 1.000000
239.257000 36.806300 -7.522 2.43 0.166 0.204 -0.005797 20000 1.000000
239.803000 37.352200 -6.552 1.716 0.176 0.215 -0.025260 20000 1.000000
239.356000 37.795200 -6.397 1.326 0.175 0.209 -0.018344 20000 1.000000
240.160000 37.901100 -7.932 1.415 0.189 0.213 -0.110556 20000 1.000000
239.049000 38.090000 -6.205 1.193 0.169 0.209 -0.015222 20000 1.000000
239.666000 38.735600 -7.649 1.038 0.194 0.218 0.043910 20000 1.000000
241.480000 37.177600 -10.595 -1.235 0.164 0.199 0.001417 20000 1.000000
236.283000 39.863600 -8.728 4.965 0.219 0.268 -0.102235 20000 1.000000
236.448000 39.905700 -7.768 3.01 0.275 0.355 -0.050810 20000 1.000000
236.628000 39.452400 -6.941 2.687 0.168 0.213 0.014751 20000 1.000000
236.705000 39.707100 -8.7 0.313 0.178 0.22 -0.059914 20000 1.000000
236.813000 39.492800 -7.695 2.249 0.178 0.243 0.028850 20000 1.000000
236.817000 39.962100 -7.469 -1.401 0.164 0.208 -0.054705 20000 1.000000
236.344000 40.256800 -6.663 1.702 0.168 0.213 0.018555 20000 1.000000
236.117000 41.151700 -1.511 0.577 0.17 0.215 0.012533 20000 1.000000
236.301000 40.575300 -5.428 -0.325 0.176 0.222 0.070496 20000 1.000000
236.427000 40.478900 -4.989 0.942 0.206 0.256 0.197033 20000 1.000000
236.548000 40.082200 -7.689 0.822 0.162 0.206 -0.003055 20000 1.000000
236.676000 40.732900 -5.471 1.251 0.179 0.228 -0.039872 20000 1.000000
236.826000 40.546700 -5.994 1.41 0.166 0.212 -0.029188 20000 1.000000
237.024000 39.621400 -6.877 0.559 0.178 0.211 0.048051 20000 1.000000
237.264000 39.493600 -6.001 2.868 0.163 0.203 -0.019259 20000 1.000000
237.126000 39.726200 -7.63 -0.59 0.171 0.216 0.043933 20000 1.000000
237.077000 40.747600 -4.852 0.588 0.171 0.217 -0.021021 20000 1.000000
236.666000 40.887100 -4.078 0.421 0.162 0.207 -0.004323 20000 1.000000
237.729000 40.271200 -6.899 0.398 0.178 0.22 -0.081979 20000 1.000000
239.132000 39.794700 -11.578 -14.131 0.181 0.227 -0.036574 20000 1.000000
239.052000 41.183300 -6.354 -1.729 0.165 0.215 -0.039749 20000 1.000000
235.774000 42.209100 2.434 -0.17 0.171 0.214 0.001531 20000 1.000000
236.617000 42.503500 -3.162 -1.052 0.168 0.219 -0.000799 20000 1.000000
237.344000 42.191000 -3.208 -1.403 0.173 0.226 -0.046490 20000 1.000000
238.220000 42.259700 -6.938 -1.193 0.164 0.21 -0.018062 20000 1.000000
239.622000 42.468800 -5.426 -1.213 0.166 0.22 -0.041897 20000 1.000000
241.588000 42.254600 -5.084 -1.204 0.161 0.21 -0.012610 20000 1.000000
243.371000 36.071300 -5.669 -1.221 0.175 0.213 0.045142 20000 1.000000
242.835000 36.022500 -6.471 0.328 0.175 0.202 -0.011058 20000 1.000000
242.590000 36.159000 -6.847 0.243 0.176 0.21 0.036698 20000 1.000000
241.868000 36.466800 -10.31 2.359 0.189 0.233 -0.207493 20000 1.000000
242.211000 36.531200 -7.432 0.638 0.162 0.198 -0.011395 20000 1.000000
241.909000 36.570200 -9.118 0.759 0.186 0.21 -0.069909 20000 1.000000
241.882000 36.975700 -8.323 0.57 0.163 0.199 -0.004734 20000 1.000000
242.064000 37.231400 -7.381 -0.833 0.184 0.215 0.049027 20000 1.000000
242.606000 34.462400 -9.031 3.027 0.179 0.206 0.004131 20000 1.000000
242.459000 33.562100 -12.366 7.191 0.167 0.194 0.011402 20000 1.000000
242.895000 32.889200 -13.318 7.193 0.172 0.196 -0.024463 20000 1.000000
243.050000 32.733800 -12.441 8.031 0.165 0.19 -0.012331 20000 1.000000
242.756000 32.666400 -13.293 8.252 0.179 0.198 0.060492 20000 1.000000
242.810000 33.439600 -12.928 7.079 0.167 0.194 -0.000164 20000 1.000000
242.928000 33.235700 -12.082 7.241 0.179 0.198 0.038009 20000 1.000000
243.217000 33.493300 -12.225 6.397 0.168 0.194 -0.008011 20000 1.000000
243.651000 32.976000 -13.789 7.156 0.172 0.198 -0.003288 20000 1.000000
243.989000 32.822200 -12.538 6.644 0.173 0.197 -0.055847 20000 1.000000
243.329000 33.240200 -12.319 6.695 0.177 0.202 -0.005961 20000 1.000000
243.431000 33.059200 -12.636 7.198 0.167 0.191 -0.014673 20000 1.000000
243.379000 33.375600 -11.862 6.087 0.171 0.198 0.024192 20000 1.000000
243.591000 33.210200 -12.528 5.562 0.182 0.211 0.003993 20000 1.000000
243.817000 33.213500 -11.788 5.017 0.168 0.194 -0.010221 20000 1.000000
243.921000 33.201000 -11.808 4.537 0.168 0.194 -0.002668 20000 1.000000
243.888000 33.296200 -10.532 3.462 0.171 0.198 -0.063020 20000 1.000000
243.574000 33.523500 -10.975 3.552 0.18 0.204 0.047769 20000 1.000000
243.773000 33.574700 -9.632 2.852 0.175 0.21 0.005542 20000 1.000000
244.031000 32.887000 -12.865 6.179 0.171 0.197 -0.007802 20000 1.000000
244.175000 32.954700 -11.605 6.018 0.169 0.194 -0.013247 20000 1.000000
244.268000 32.759700 -12.484 6.852 0.175 0.203 0.001913 20000 1.000000
244.404000 32.750600 -11.168 5.517 0.185 0.206 -0.011747 20000 1.000000
244.423000 32.834700 -9.357 4.829 0.175 0.201 -0.003825 20000 1.000000
244.430000 32.898400 -9.443 3.989 0.176 0.2 0.007627 20000 1.000000
244.700000 32.690000 -6.122 0.266 0.168 0.194 -0.014905 20000 1.000000
244.602000 32.875800 -5.867 -0.496 0.175 0.203 0.004495 20000 1.000000
244.578000 32.982500 -5.991 -0.481 0.174 0.198 0.011599 20000 1.000000
244.280000 32.948900 -11.015 4.671 0.172 0.198 -0.007534 20000 1.000000
244.234000 33.516400 -7.572 -0.319 0.176 0.203 0.044057 20000 1.000000
244.313000 33.423900 -7.054 -0.184 0.175 0.201 0.035787 20000 1.000000
244.571000 33.247800 -6.466 -0.79 0.173 0.2 -0.017226 20000 1.000000
244.657000 33.143600 -5.518 -1.174 0.17 0.196 -0.020042 20000 1.000000
244.704000 33.886900 -6.038 -0.603 0.176 0.199 0.000813 20000 1.000000
240.305000 37.562600 -8.418 0.037 0.181 0.208 0.092877 20000 1.000000
239.350000 34.907300 -12.184 11.023 0.165 0.195 -0.007681 20000 1.000000
239.590000 35.010700 -12.658 9.967 0.172 0.2 -0.001074 20000 1.000000
239.760000 34.870600 -12.532 9.397 0.168 0.197 0.013109 20000 1.000000
239.617000 35.106200 -11.493 10.671 0.176 0.205 0.065439 20000 1.000000
241.822000 34.376400 -12.027 5.229 0.182 0.21 -0.015832 20000 1.000000
239.925000 35.020000 -14.59 4.47 0.164 0.194 -0.004034 20000 1.000000
240.208000 34.507800 -14.791 6.707 0.172 0.195 -0.006544 20000 1.000000
240.384000 34.630500 -12.334 6.789 0.164 0.193 -0.003406 20000 1.000000
240.185000 34.888600 -14.957 7.639 0.163 0.193 0.000535 20000 1.000000
240.464000 35.086600 -9.918 4.659 0.164 0.194 -0.001240 20000 1.000000
239.192000 35.425800 -11.593 10.117 0.166 0.198 -0.012784 20000 1.000000
239.455000 35.327800 -11.948 9.589 0.171 0.204 0.051694 20000 1.000000
239.646000 35.440500 -12.883 4.859 0.225 0.262 -0.017386 20000 1.000000
239.520000 35.624800 -12.569 7.531 0.167 0.201 0.007483 20000 1.000000
239.463000 35.792700 -12.071 9.132 0.169 0.203 0.003635 20000 1.000000
239.733000 35.633800 -11.039 7.398 0.171 0.2 0.021541 20000 1.000000
239.629000 35.747900 -10.961 8.919 0.172 0.204 0.000891 20000 1.000000
237.762000 37.061200 -10.849 9.872 0.168 0.204 -0.007578 20000 1.000000
239.899000 35.235100 -12.462 7.209 0.19 0.216 0.043610 20000 1.000000
239.975000 35.279800 -11.816 7.466 0.173 0.209 -0.044483 20000 1.000000
240.065000 35.316800 -10.717 6.243 0.17 0.202 -0.009222 20000 1.000000
239.887000 35.534200 -10.197 6.688 0.168 0.201 -0.007176 20000 1.000000
239.818000 35.702700 -8.589 5.103 0.167 0.2 0.003429 20000 1.000000
239.869000 35.801300 -7.616 3.346 0.177 0.203 0.001585 20000 1.000000
239.999000 35.686700 -7.29 4.736 0.171 0.201 -0.051743 20000 1.000000
239.707000 35.688900 -10.974 7.765 0.166 0.198 -0.011010 20000 1.000000
240.287000 35.319000 -9.332 4.433 0.176 0.211 -0.015589 20000 1.000000
240.091000 35.934700 -6.459 2.608 0.167 0.199 -0.001673 20000 1.000000
240.496000 34.466800 -11.309 9.749 0.165 0.193 -0.003485 20000 1.000000
240.885000 34.660100 -12.046 6.151 0.173 0.201 0.047625 20000 1.000000
240.845000 34.856200 -9.464 4.006 0.246 0.331 -0.117459 20000 1.000000
239.755000 35.686700 -10.714 6.995 0.169 0.199 -0.009448 20000 1.000000
241.121000 34.835100 -9.79 3.646 0.167 0.197 0.008836 20000 1.000000
241.152000 34.792300 -9.921 6.189 0.173 0.208 -0.005351 20000 1.000000
241.331000 34.695000 -9.778 3.142 0.173 0.204 0.049994 20000 1.000000
241.454000 34.771100 -9.79 4.507 0.17 0.202 0.004795 20000 1.000000
241.344000 34.944400 -8.521 3.047 0.174 0.205 -0.055187 20000 1.000000
241.388000 35.138600 -8.046 3.081 0.167 0.197 -0.032689 20000 1.000000
241.459000 34.821800 -8.236 3.467 0.178 0.204 -0.022285 20000 1.000000
241.876000 35.378000 -7.394 2.591 0.169 0.199 -0.015859 20000 1.000000
241.740000 35.667300 -8.899 1.847 0.174 0.203 0.002005 20000 1.000000
241.233000 36.231400 -7.182 3.289 0.171 0.201 0.049684 20000 1.000000
241.045000 36.585500 -6.384 2.384 0.163 0.198 -0.009643 20000 1.000000
241.740000 36.093100 -9.268 1.502 0.17 0.2 -0.007652 20000 1.000000
241.994000 35.038800 -7.522 3.03 0.171 0.201 0.002834 20000 1.000000
242.271000 34.509700 -9.209 3.61 0.168 0.198 -0.007795 20000 1.000000
242.451000 34.634300 -8.339 2.901 0.167 0.198 -0.019045 20000 1.000000
242.457000 34.987000 -7.447 2.813 0.172 0.2 0.028185 20000 1.000000
243.048000 33.892600 -10.385 4.491 0.165 0.193 -0.008872 20000 1.000000
243.454000 34.019300 -8.883 1.068 0.167 0.195 -0.015759 20000 1.000000
242.719000 34.534800 -8.353 2.605 0.195 0.208 -0.114689 20000 1.000000
241.969000 34.332200 -11.7 5.529 0.169 0.2 0.009619 20000 1.000000
242.635000 35.116800 -7.31 2.242 0.167 0.197 -0.020882 20000 1.000000
241.983000 35.152400 -7.641 3.327 0.168 0.199 -0.011248 20000 1.000000
242.697000 35.238500 -6.846 1.71 0.17 0.199 -0.002226 20000 1.000000
242.795000 35.387900 -6.06 1.682 0.164 0.195 0.001034 20000 1.000000
242.610000 35.896700 -7.319 0.324 0.182 0.218 -0.034899 20000 1.000000
242.597000 35.697600 -7.564 1.877 0.167 0.198 -0.011525 20000 1.000000
243.111000 35.998200 -6.874 0.191 0.176 0.201 -0.012590 20000 1.000000
243.112000 35.710600 -5.741 -0.496 0.165 0.198 -0.002633 20000 1.000000
243.290000 34.192500 -7.77 2.633 0.172 0.199 -0.016288 20000 1.000000
243.463000 34.217200 -7.849 2.123 0.171 0.197 -0.000287 20000 1.000000
243.788000 33.865800 -8.044 1.845 0.166 0.195 0.001939 20000 1.000000
243.920000 33.959300 -6.774 0.198 0.169 0.195 -0.006524 20000 1.000000
239.772000 35.729200 -8.245 4.911 0.169 0.199 0.008429 20000 1.000000
243.971000 34.716900 -6.343 -1.136 0.179 0.206 -0.046664 20000 1.000000
243.329000 34.936800 -6.517 0.125 0.172 0.206 0.006779 20000 1.000000
242.063000 34.341100 -11.76 5.761 0.182 0.22 -0.008064 20000 1.000000
243.120000 34.462100 -7.96 2.085 0.167 0.196 -0.009656 20000 1.000000
244.179000 33.741000 -6.836 -0.355 0.188 0.214 -0.005705 20000 1.000000
243.107000 34.062700 -9.431 3.31 0.223 0.258 -0.047854 20000 1.000000
244.236000 34.425700 -5.535 -1.108 0.204 0.219 0.020901 20000 1.000000
244.350000 35.204800 -5.591 -0.585 0.172 0.203 -0.039123 20000 1.000000
242.685000 34.187400 -10.488 1.708 0.17 0.201 0.032657 20000 1.000000
242.950000 34.196200 -11.555 3.355 0.201 0.206 0.076541 20000 1.000000
244.750000 34.731800 -5.412 -0.789 0.213 0.251 -0.034381 20000 1.000000
243.237000 35.204600 -7.377 0.957 0.167 0.197 0.000826 20000 1.000000
242.107000 35.424600 -7.341 2.276 0.166 0.196 -0.014892 20000 1.000000
243.428000 35.320600 -5.72 0.055 0.169 0.204 -0.004998 20000 1.000000
243.896000 35.141900 -5.529 -0.737 0.179 0.202 -0.037727 20000 1.000000
243.878000 35.526000 -6.166 -1.008 0.169 0.201 -0.025166 20000 1.000000
243.855000 35.785400 -5.147 -0.618 0.167 0.2 -0.026374 20000 1.000000
244.456000 35.472800 -4.564 -0.701 0.168 0.203 -0.009989 20000 1.000000
244.634000 35.163000 -5.33 -0.711 0.171 0.203 -0.050149 20000 1.000000
245.401000 34.188900 -5.487 -0.482 0.17 0.2 -0.015312 20000 1.000000
245.035000 34.844400 -5.806 -0.701 0.17 0.199 -0.027820 20000 1.000000
244.762000 35.291100 -5.082 -1.58 0.168 0.201 -0.011428 20000 1.000000
241.621000 37.973100 -7.692 -2.422 0.164 0.203 -0.034292 20000 1.000000
241.000000 37.613000 -10.04 -2.77 0.169 0.205 -0.044118 20000 1.000000
241.084000 37.605300 -9.826 -4.628 0.173 0.222 -0.022666 20000 1.000000
240.914000 37.785700 -9.324 0.362 0.205 0.232 -0.127239 20000 1.000000
240.967000 37.913500 -9.401 0.75 0.162 0.2 -0.007360 20000 1.000000
240.974000 37.696600 -3.708 -10.031 0.325 0.366 0.111146 20000 1.000000
240.862000 37.839300 -9.513 1.341 0.181 0.213 0.010660 20000 1.000000
240.853000 37.962800 -9.982 1.439 0.166 0.201 -0.017765 20000 1.000000
240.916000 37.914100 -8.813 0.197 0.166 0.202 -0.009143 20000 1.000000
241.056000 37.734300 -9.94 1.713 0.167 0.205 -0.010832 20000 1.000000
241.131000 37.654600 -7.567 -1.625 0.166 0.205 -0.014408 20000 1.000000
241.040000 37.891700 -7.643 1.755 0.175 0.21 -0.014854 20000 1.000000
241.148000 37.878200 -8.602 0.661 0.169 0.205 -0.027216 20000 1.000000
241.183000 37.591400 -10.966 -3.335 0.171 0.219 0.067432 20000 1.000000
241.302000 37.561600 -8.599 -0.903 0.173 0.228 -0.013913 20000 1.000000
241.316000 37.495400 -10.898 -1.023 0.162 0.198 -0.007366 20000 1.000000
241.406000 37.541300 -8.122 -0.411 0.166 0.203 -0.002161 20000 1.000000
241.180000 37.677000 -7.313 0.235 0.203 0.245 -0.004357 20000 1.000000
241.232000 37.754400 -7.336 0.411 0.172 0.217 0.027314 20000 1.000000
240.981000 37.800000 -10.889 0.485 0.169 0.205 0.037267 20000 1.000000
241.264000 37.903500 -7.478 0.586 0.167 0.205 -0.021552 20000 1.000000
241.445000 37.891300 -7.25 -0.105 0.176 0.207 0.065176 20000 1.000000
241.762000 37.589200 -7.779 -0.984 0.165 0.202 -0.009733 20000 1.000000
241.528000 37.737500 -7.894 -0.109 0.171 0.206 0.013990 20000 1.000000
237.804000 41.344800 10.707 -281.378 0.249 0.346 0.117613 20000 1.000000
237.706000 41.381200 -4.633 -1.82 0.183 0.224 0.056127 20000 1.000000
237.809000 41.479200 -5.622 -3.029 0.472 0.63 -0.058645 20000 1.000000
237.687000 41.463600 -4.214 -2.169 0.168 0.226 -0.048740 20000 1.000000
238.493000 41.711600 -5.72 -1.822 0.163 0.21 -0.011816 20000 1.000000
246.132000 42.878900 -5.647 -1.612 0.163 0.217 -0.027243 20000 1.000000
241.275000 37.380400 -16.432 3.298 0.281 0.308 0.152733 20000 1.000000
241.439000 37.439500 -9.19 -0.217 0.184 0.217 -0.012973 20000 1.000000
240.254000 37.088900 -7.119 1.95 0.169 0.204 0.036378 20000 1.000000
241.853000 37.280500 -7.389 -0.505 0.168 0.204 0.008764 20000 1.000000
239.172000 41.359200 -6.983 -1.325 0.222 0.274 -0.071795 20000 1.000000
239.527000 41.332500 -6.36 -1.359 0.169 0.214 -0.004035 20000 1.000000
235.587000 42.442000 -0.458 1.494 0.169 0.22 -0.077579 20000 1.000000
235.707000 42.076600 -1.938 0.381 0.172 0.215 0.001266 20000 1.000000
238.120000 42.579800 -3.828 -1.015 0.208 0.265 -0.021227 20000 1.000000
242.275000 42.020200 -4.072 -0.786 0.167 0.215 -0.011244 20000 1.000000
243.404000 33.598200 -8.939 4.545 0.247 0.289 -0.140937 20000 1.000000
243.397000 33.495500 -9.584 4.711 0.174 0.204 0.006999 20000 1.000000
244.492000 32.829400 -8.636 4.464 0.172 0.197 -0.008672 20000 1.000000
237.579000 41.830800 -7.253 -1.659 0.173 0.223 0.028890 20000 1.000000
236.019000 41.845500 -1.425 0.569 0.185 0.267 -0.064212 20000 1.000000
238.521000 36.744300 -14.896 10.037 0.189 0.219 0.071602 20000 1.000000
239.528000 35.946600 -6.756 4.634 0.189 0.217 0.050301 20000 1.000000
239.485000 35.929100 -10.94 10.98 0.237 0.293 -0.010509 20000 1.000000
237.036000 39.845700 -10.741 -5.666 0.163 0.208 -0.033932 20000 1.000000
243.852000 34.508100 -5.68 0.168 0.165 0.195 -0.015546 20000 1.000000
245.241000 32.497900 -5.481 -0.065 0.177 0.196 -0.005759 20000 1.000000
243.407000 33.537300 -10.078 6.476 0.181 0.212 0.050011 20000 1.000000
241.651000 34.021700 -11.862 7.663 0.176 0.211 0.021402 20000 1.000000
241.379000 34.836000 -9.27 5.113 0.171 0.202 -0.001596 20000 1.000000
241.983000 35.152400 -7.515 2.955 0.17 0.201 -0.005827 20000 1.000000
241.983000 35.152500 -6.724 3.883 0.17 0.201 -0.003663 20000 1.000000
235.946000 42.861900 -0.322 -0.346 0.192 0.237 0.145832 20000 1.000000
242.968000 33.389000 -5.965 9.16 1.198 0.645 0.024400 20000 1.000000
243.936000 31.559100 -12.537 9.042 0.174 0.194 0.059967 20000 1.000000
238.728000 35.709000 -11.756 10.587 0.19 0.224 -0.024467 20000 1.000000
242.077000 34.508200 -10.177 4.667 0.175 0.203 0.006966 20000 1.000000
239.241000 36.186900 -5.117 6.734 0.174 0.204 0.046579 20000 1.000000
239.233000 36.180500 -12.59 9.215 0.172 0.203 0.002832 20000 1.000000
244.450000 32.490100 -11.702 6.757 0.171 0.204 -0.042378 20000 1.000000
242.305000 34.925400 -7.322 2.882 0.17 0.2 -0.038428 20000 1.000000
244.116000 32.417000 -14.451 7.448 0.186 0.212 -0.002809 20000 1.000000
243.076000 33.687100 -15.423 6.109 0.967 0.582 -0.031547 20000 1.000000
239.522000 35.919900 -10.999 5.439 0.172 0.206 0.026419 20000 1.000000
242.818000 33.835700 -10.661 6.086 0.187 0.209 -0.012048 20000 1.000000
242.193000 34.091800 -12.79 6.139 0.509 0.328 0.007663 20000 1.000000
244.165000 31.313100 -14.152 7.281 0.167 0.19 -0.018074 20000 1.000000
241.596000 33.743300 -11.211 8.998 1.004 0.56 -0.006531 20000 1.000000
241.628000 33.779500 -10.004 8.291 1.261 0.7 0.040662 20000 1.000000
238.863000 36.161100 -12.092 10.533 0.174 0.205 0.019291 20000 1.000000
239.056000 39.974600 -11.655 -2.843 0.214 0.265 -0.052004 20000 1.000000
243.849000 34.683200 -6.092 -1.081 0.167 0.198 -0.012788 20000 1.000000
242.317000 35.338700 -7.027 2.375 0.168 0.199 -0.004442 20000 1.000000
240.280000 34.500000 -13.215 11.97 0.175 0.204 -0.001209 20000 1.000000
242.413000 33.444100 -12.45 8.512 0.192 0.216 0.011100 20000 1.000000
243.375000 34.643900 -6.772 1.243 0.171 0.198 -0.028175 20000 1.000000
241.974000 34.019100 -11.892 8.4 0.189 0.22 -0.043062 20000 1.000000
242.391000 33.674100 -5.905 5.233 1.103 0.572 0.010423 20000 1.000000
242.445000 33.485800 -12.734 7.914 0.173 0.199 0.025943 20000 1.000000
239.475000 35.900000 -9.307 9.616 0.176 0.212 -0.017045 20000 1.000000
241.807000 34.875100 -8.313 3.842 0.179 0.208 -0.000618 20000 1.000000
240.816000 34.541500 -14.067 8.709 0.188 0.219 0.060352 20000 1.000000
244.877000 40.617200 -6.388 -0.604 0.167 0.218 0.005315 20000 1.000000
243.350000 36.316300 -7.355 0.076 0.4 0.5 0.010281 20000 1.000000
238.442000 37.666500 -6.265 1.891 0.168 0.205 -0.013294 20000 1.000000
241.245000 34.459800 -12.651 4.458 0.188 0.224 -0.020633 20000 1.000000
239.775000 40.591700 -6.862 -2.08 0.171 0.22 -0.037441 20000 1.000000
240.984000 41.868400 -5.832 -1.25 0.179 0.229 0.053891 20000 1.000000
243.701000 35.971300 -3.886 -0.025 0.176 0.204 -0.050156 20000 1.000000
241.521000 34.438600 -11.474 5.82 0.205 0.233 -0.066303 20000 1.000000
240.116000 39.314300 -9.108 -0.984 0.168 0.214 -0.038295 20000 1.000000
244.022000 33.292200 -9.284 3.238 0.17 0.196 -0.000669 20000 1.000000
240.936000 34.319900 -12.696 8.687 0.166 0.195 -0.001874 20000 1.000000
242.151000 33.992700 -12.031 6.17 0.178 0.205 0.006501 20000 1.000000
239.935000 34.004300 -13.551 10.446 0.175 0.202 -0.009219 20000 1.000000
239.930000 34.607300 -12.136 10.206 1.084 0.593 -0.031570 20000 1.000000
239.640000 35.917400 -7.728 4.559 0.188 0.215 0.051771 20000 1.000000
241.585000 35.158200 -8.153 2.099 0.166 0.198 -0.003968 20000 1.000000
243.923000 33.650600 -8.063 1.804 0.17 0.2 0.022268 20000 1.000000
242.233000 33.549600 -10.955 7.722 0.198 0.211 -0.021960 20000 1.000000
243.770000 36.934800 -5.478 -1.34 0.163 0.198 0.009105 20000 1.000000
239.867000 34.483500 -12.37 8.111 0.175 0.208 -0.009591 20000 1.000000
243.839000 33.641200 -6.539 1.881 0.256 0.291 0.003134 20000 1.000000
246.368000 31.335500 -5.038 -0.931 0.169 0.189 -0.023872 20000 1.000000
242.951000 39.542200 -5.984 -1.645 0.174 0.21 0.078100 20000 1.000000
242.816000 38.097200 -5.29 -1.452 0.165 0.203 -0.016300 20000 1.000000
241.669000 33.797800 -10.662 8.808 1.117 0.608 -0.017465 20000 1.000000
241.163000 34.248000 -13.721 8.602 0.173 0.201 0.048451 20000 1.000000
241.771000 34.878900 -8.012 1.911 1.034 0.601 -0.042975 20000 1.000000
235.849000 41.053900 0.605 2.525 0.245 0.31 -0.025413 20000 1.000000
241.198000 39.627100 -7.337 -0.822 0.162 0.204 0.002463 20000 1.000000
241.723000 34.019500 -12.031 7.783 0.556 0.365 0.000597 20000 1.000000
243.915000 33.030100 -12.262 5.598 0.167 0.194 -0.009669 20000 1.000000
238.053000 38.394500 -6.877 2.134 0.169 0.209 -0.012429 20000 1.000000
241.780000 34.178600 -13.51 7.051 0.219 0.233 0.058336 20000 1.000000
241.486000 34.126400 -12.238 8.197 0.168 0.196 0.019459 20000 1.000000
241.516000 34.293200 -12.379 6.852 0.171 0.199 -0.002296 20000 1.000000
239.384000 34.556300 -12.228 10.867 0.167 0.198 0.001228 20000 1.000000
241.879000 34.501500 -11.627 6.557 1.105 0.675 -0.054056 20000 1.000000
241.706000 33.712600 -12.462 8.17 1.065 0.581 -0.022401 20000 1.000000
242.807000 33.225000 -13.066 7.279 0.167 0.193 0.005209 20000 1.000000
241.346000 37.664300 -5.626 -0.721 0.188 0.233 -0.017570 20000 1.000000
241.016000 35.010800 -8.513 2.997 0.186 0.222 -0.044481 20000 1.000000
241.648000 35.695000 -6.176 2.882 0.969 0.58 -0.044340 20000 1.000000
243.608000 33.934800 -8.387 4.018 1.268 0.815 -0.030897 20000 1.000000
241.258000 34.568500 -11.776 5.279 0.182 0.211 0.114632 20000 1.000000
241.586000 34.259400 -12.934 7.382 1.145 0.653 -0.039309 20000 1.000000
244.418000 33.038300 -7.382 3.307 1.102 0.623 -0.042521 20000 1.000000
243.068000 34.669000 -7.892 1.901 0.185 0.218 -0.113729 20000 1.000000
241.758000 35.695600 -7.362 4.438 1.473 0.832 0.079805 20000 1.000000
241.572000 33.958200 -12.228 8.472 1.17 0.637 -0.183199 20000 1.000000
244.421000 33.278800 -5.491 -1.521 1.161 0.641 -0.028673 20000 1.000000
243.346000 33.955300 -8.881 3.567 0.46 0.326 -0.019838 20000 1.000000
243.111000 35.425200 -5.936 2.059 0.184 0.218 -0.016536 20000 1.000000
243.532000 36.840400 -5.354 -1.16 0.163 0.199 0.006903 20000 1.000000
243.920000 35.287000 -5.426 -0.359 0.172 0.203 -0.013066 20000 1.000000
