242.907000 34.116400 -8.503 3.04 0.196 0.236 -0.032933 20000 1.000000
242.555000 33.274300 -13.874 4.439 0.17 0.195 -0.006343 20000 1.000000
242.555000 33.274300 -13.911 4.11 0.229 0.273 -0.020219 20000 1.000000
243.571000 34.594300 -7.395 -2.668 0.168 0.196 -0.009607 20000 1.000000
241.305000 34.824500 -8.085 -0.829 0.181 0.212 -0.021979 20000 1.000000
242.675000 33.341900 -13.647 4.477 0.168 0.193 0.004499 20000 1.000000
242.524000 33.381100 -13.286 4.08 0.169 0.192 -0.009728 20000 1.000000
242.103000 34.126000 -12.721 1.898 0.236 0.25 -0.050460 20000 1.000000
242.795000 40.412800 -5.877 -3.897 0.166 0.209 -0.024316 20000 1.000000
240.970000 33.480500 -13.782 6.405 0.187 0.207 -0.052040 20000 1.000000
245.125000 42.605800 -8.048 -2.666 0.215 0.274 -0.013631 20000 1.000000
243.116000 34.264300 -8.157 -0.224 0.193 0.224 0.041438 20000 1.000000
240.594000 34.920500 -13.346 2.238 0.216 0.254 -0.022783 20000 1.000000
243.379000 37.039900 -5.12 -4.336 0.174 0.209 0.010722 20000 1.000000
244.002000 34.000500 -6.313 -2.695 0.171 0.197 -0.031785 20000 1.000000
242.935000 33.578200 -13.049 3.578 0.177 0.201 -0.018468 20000 1.000000
243.920000 35.287000 -5.695 -3.733 0.173 0.203 -0.012427 20000 1.000000
245.108000 42.616100 -59.819 19.268 0.426 0.492 0.105624 20000 1.000000
245.285000 33.610400 -5.464 -3.431 0.172 0.198 -0.035389 20000 1.000000
243.947000 34.251400 -6.077 -3.096 0.172 0.199 -0.019790 20000 1.000000
241.723000 34.184900 -12.88 3.082 0.2 0.227 0.000738 20000 1.000000
242.988000 34.918600 -7.194 -1.592 0.17 0.201 0.000733 20000 1.000000
241.812000 34.292800 -12.603 1.974 0.269 0.272 -0.325763 20000 1.000000
242.156000 42.779500 -6.584 -4.79 0.169 0.221 -0.013112 20000 1.000000
240.653000 35.157300 -10.334 0.138 0.174 0.208 0.002202 20000 1.000000
235.437000 42.836100 -5.74 -0.01 0.274 0.358 -0.049681 20000 1.000000
244.010000 33.655100 -8.744 -0.935 0.176 0.205 0.023341 20000 1.000000
239.566000 35.939400 -8.528 2.076 0.168 0.201 -0.023971 20000 1.000000
239.569000 35.888400 -12.964 3.702 0.192 0.221 -0.008747 20000 1.000000
241.666000 33.311600 -14.058 5.614 0.166 0.192 -0.005859 20000 1.000000
241.517000 33.445800 -14.497 4.972 0.216 0.251 -0.034859 20000 1.000000
241.370000 34.138600 -13.192 4.644 0.208 0.221 0.083773 20000 1.000000
242.329000 35.565300 -6.674 -2.185 0.176 0.211 -0.016686 20000 1.000000
243.664000 34.829500 -6.124 -3.668 0.185 0.209 -0.023428 20000 1.000000
242.035000 34.244000 -12.889 -0.468 0.2 0.243 -0.118259 20000 1.000000
242.172000 34.640500 -8.497 0.656 0.178 0.213 0.027113 20000 1.000000
241.063000 34.109600 -14.653 4.27 0.183 0.218 -0.008303 20000 1.000000
241.873000 34.136700 -10.85 4.439 0.199 0.218 -0.004182 20000 1.000000
242.576000 34.271200 -23.098 3.288 0.172 0.196 -0.023483 20000 1.000000
242.521000 34.313800 -9.198 1.001 0.189 0.213 0.079606 20000 1.000000
241.856000 34.530300 -10.994 3.14 0.193 0.213 -0.151001 20000 1.000000
242.291000 34.109900 -12.572 2.532 0.18 0.207 -0.047898 20000 1.000000
245.126000 40.558400 -6.665 -4.504 0.18 0.212 0.020248 20000 1.000000
244.877000 32.863500 -5.316 -3.438 0.175 0.197 -0.022205 20000 1.000000
244.272000 32.850500 -10.189 3.449 0.175 0.198 -0.027998 20000 1.000000
240.120000 34.414900 -14.715 6.321 0.173 0.201 -0.039601 20000 1.000000
242.427000 35.071700 -6.475 -0.781 0.181 0.208 0.025767 20000 1.000000
239.249000 35.791600 -13.23 5.081 0.174 0.204 -0.021893 20000 1.000000
240.275000 35.242100 -11.566 0.529 0.165 0.194 -0.010552 20000 1.000000
244.265000 33.069800 -8.908 0.791 0.18 0.204 -0.008224 20000 1.000000
240.961000 34.168400 -14.813 5.175 0.17 0.198 0.001754 20000 1.000000
241.743000 33.861500 -14.5 3.764 0.173 0.203 -0.027299 20000 1.000000
241.476000 34.253600 -13.042 4.17 0.176 0.207 0.026044 20000 1.000000
240.629000 34.408100 -14.293 3.061 0.192 0.228 -0.031997 20000 1.000000
241.387000 34.516500 -11.359 2.062 0.179 0.204 -0.036433 20000 1.000000
243.630000 34.124100 -6.668 -0.885 0.193 0.222 -0.085575 20000 1.000000
242.098000 34.082000 -14.032 2.367 0.184 0.213 -0.080504 20000 1.000000
241.603000 34.334800 2.275 7.199 0.347 0.324 -0.131321 20000 1.000000
241.603000 34.334000 -13.075 3.797 0.266 0.256 -0.184819 20000 1.000000
244.212000 33.389800 -7.781 -1.372 0.177 0.202 -0.018470 20000 1.000000
242.154000 35.267500 -7.534 -0.408 0.173 0.205 -0.023623 20000 1.000000
242.140000 34.413400 -10.625 1.745 0.171 0.215 -0.008319 20000 1.000000
241.873000 33.938300 -13.488 2.595 0.178 0.207 -0.013871 20000 1.000000
242.588000 33.647700 -12.504 3.31 0.167 0.192 -0.011435 20000 1.000000
241.170000 34.946200 -10.593 -1.794 0.176 0.212 -0.022593 20000 1.000000
245.061000 39.345200 -5.86 -4.989 0.17 0.21 -0.027677 20000 1.000000
244.183000 40.914700 -5.78 -4.871 0.165 0.211 -0.015495 20000 1.000000
241.871000 33.583500 -18.483 4.311 0.207 0.228 0.010055 20000 1.000000
242.574000 33.649100 -13.849 3.48 0.174 0.202 -0.061443 20000 1.000000
241.574000 34.703100 -9.99 -3.106 0.17 0.198 -0.010069 20000 1.000000
242.474000 34.104200 -11.947 2.519 0.2 0.23 -0.027593 20000 1.000000
239.991000 34.733000 -15.517 3.921 0.171 0.198 0.015383 20000 1.000000
243.064000 34.093600 -11.309 0.548 0.192 0.273 0.059036 20000 1.000000
241.116000 34.356300 -14.125 3.347 0.17 0.196 -0.016449 20000 1.000000
246.195000 39.369400 -5.844 -5.237 0.173 0.211 -0.029782 20000 1.000000
241.760000 34.733900 -9.297 0.176 0.172 0.203 -0.017826 20000 1.000000
244.200000 32.945000 -10.914 2.854 0.194 0.209 -0.015045 20000 1.000000
241.107000 34.800200 -9.466 1.177 0.178 0.208 0.007180 20000 1.000000
240.644000 40.416500 -7.165 -4.64 0.168 0.215 -0.048928 20000 1.000000
240.136000 35.189400 -13.437 3.724 0.184 0.219 -0.017694 20000 1.000000
244.479000 33.274800 -3.896 -1.348 0.177 0.199 -0.026909 20000 1.000000
243.617000 34.291400 -6.026 -1.665 0.174 0.203 -0.049984 20000 1.000000
245.173000 33.051100 -5.32 -3.288 0.374 0.426 -0.136460 20000 1.000000
244.340000 34.784000 -5.599 -3.615 0.197 0.23 -0.071048 20000 1.000000
245.810000 34.308600 -5.2 -3.825 0.176 0.203 -0.021053 20000 1.000000
243.111000 35.425200 -5.686 -4.621 0.173 0.202 -0.033959 20000 1.000000
245.820000 40.640200 -5.007 -5.23 0.166 0.209 -0.008586 20000 1.000000
239.584000 36.399000 -9.14 -2.644 0.206 0.24 -0.056327 20000 1.000000
241.887000 34.047400 -12.28 3.206 0.171 0.2 0.014652 20000 1.000000
242.701000 35.011500 -6.318 0.489 0.168 0.198 -0.013102 20000 1.000000
241.714000 33.783600 -13.472 3.709 0.193 0.221 -0.113376 20000 1.000000
243.570000 34.754800 -6.167 -2.961 0.171 0.199 -0.001749 20000 1.000000
238.530000 40.815900 -6.276 -1.858 0.167 0.213 -0.018864 20000 1.000000
242.999000 33.708100 -12.339 3.832 0.172 0.201 -0.012653 20000 1.000000
244.365000 33.705000 -6.006 -3.768 0.192 0.229 -0.041642 20000 1.000000
239.520000 35.866700 -12.245 4.485 0.199 0.25 0.003423 20000 1.000000
242.155000 34.458200 -9.986 1.888 0.175 0.205 -0.037207 20000 1.000000
239.598000 35.880800 -9.996 1.129 0.178 0.21 0.055591 20000 1.000000
240.812000 34.441200 -13.1 2.213 0.18 0.211 -0.008498 20000 1.000000
244.089000 34.727300 -5.285 -4.095 0.174 0.204 -0.008789 20000 1.000000
243.779000 33.796800 -8.212 -1.098 0.175 0.202 0.014379 20000 1.000000
244.855000 34.157600 -4.742 -3.313 0.17 0.199 0.006176 20000 1.000000
241.526000 35.662300 -7.125 -2.432 0.179 0.211 -0.086433 20000 1.000000
242.045000 34.449100 -11.452 2.34 0.169 0.205 -0.027408 20000 1.000000
240.992000 34.398500 -14.127 4.187 0.176 0.206 -0.017723 20000 1.000000
243.827000 33.925400 -7.53 -1.43 0.179 0.202 -0.006462 20000 1.000000
243.241000 33.236000 -8.68 4.768 0.182 0.212 -0.002086 20000 1.000000
242.165000 34.485500 -9.384 1.2 0.169 0.197 -0.015367 20000 1.000000
242.609000 33.744200 -12.703 3.549 0.202 0.222 0.053381 20000 1.000000
242.555000 33.817400 -12.672 3.606 0.171 0.198 -0.006070 20000 1.000000
243.060000 35.090200 -6.151 -1.112 0.176 0.203 -0.015989 20000 1.000000
239.553000 34.691000 -14.869 5.973 0.172 0.199 -0.022049 20000 1.000000
242.246000 34.133300 -12.089 2.583 0.174 0.2 0.012798 20000 1.000000
239.406000 35.828700 -13.073 4.985 0.173 0.205 -0.000241 20000 1.000000
242.454000 34.314900 -9.328 1.136 0.2 0.228 0.037220 20000 1.000000
241.970000 34.527100 -9.786 1.383 0.178 0.214 -0.057979 20000 1.000000
240.896000 34.733600 -11.892 0.868 0.172 0.206 -0.004622 20000 1.000000
239.557000 35.832600 -12.241 4.583 0.168 0.2 -0.009962 20000 1.000000
242.563000 33.856800 -12.196 3.151 0.171 0.195 -0.030821 20000 1.000000
238.778000 42.418300 -6.046 -2.112 0.24 0.327 -0.014598 20000 1.000000
244.021000 36.632500 -5.502 -4.43 0.169 0.203 0.011064 20000 1.000000
239.649000 34.038300 -14.551 6.947 0.174 0.203 -0.051002 20000 1.000000
241.874000 34.136800 -11.133 2.827 0.171 0.197 0.006174 20000 1.000000
243.904000 40.148400 -5.895 -4.013 0.175 0.221 -0.090192 20000 1.000000
242.682000 33.918400 -12.269 3.145 0.17 0.195 -0.004319 20000 1.000000
239.566000 35.969500 -8.46 0.531 0.177 0.201 -0.056696 20000 1.000000
244.588000 40.710700 -6.307 -3.254 0.172 0.226 -0.027327 20000 1.000000
241.122000 34.295500 -13.787 3.783 0.191 0.216 -0.002253 20000 1.000000
242.118000 34.175200 -13.742 0.839 0.23 0.253 -0.291237 20000 1.000000
243.352000 34.038500 -7.001 0.632 0.2 0.234 0.087457 20000 1.000000
242.790000 34.230800 -10.183 -0.421 0.27 0.277 0.218798 20000 1.000000
245.381000 34.767700 -5.699 -4.122 0.184 0.214 -0.020709 20000 1.000000
242.491000 39.685600 -6.404 -4.668 0.172 0.213 -0.020217 20000 1.000000
240.859000 34.498700 -13.352 2.604 0.17 0.198 -0.021075 20000 1.000000
245.104000 42.614500 -75.146 -38.349 0.287 0.372 -0.008257 20000 1.000000
243.932000 34.141000 -5.752 -2.742 0.178 0.204 0.001529 20000 1.000000
242.653000 33.240700 -13.446 4.817 0.189 0.204 -0.132864 20000 1.000000
244.082000 34.369900 -5.237 -3.273 0.173 0.204 -0.043762 20000 1.000000
243.695000 34.427700 -6.848 -2.373 0.176 0.208 -0.039567 20000 1.000000
243.708000 34.533000 -6.148 -3.21 0.182 0.206 -0.027514 20000 1.000000
243.185000 34.674900 -8 -0.625 0.182 0.211 0.064781 20000 1.000000
241.793000 34.128800 -13.072 2.926 0.169 0.196 -0.017872 20000 1.000000
240.647000 34.683400 -12.891 2.197 0.18 0.213 -0.024009 20000 1.000000
242.814000 39.521100 -5.537 -4.35 0.17 0.21 -0.018585 20000 1.000000
245.995000 32.722500 -5.032 -3.59 0.203 0.22 0.018893 20000 1.000000
244.721000 39.910200 -5.63 -5.358 0.185 0.217 -0.008556 20000 1.000000
245.543000 36.154200 -4.745 -4.406 0.171 0.201 -0.022751 20000 1.000000
245.180000 41.724200 -5.082 -4.741 0.171 0.216 -0.059753 20000 1.000000
242.670000 41.428700 -5.792 -3.957 0.178 0.229 -0.010324 20000 1.000000
242.935000 42.981700 -6.077 -5.092 0.162 0.213 -0.022572 20000 1.000000
235.925000 40.876300 -6.31 0.992 0.217 0.267 0.026447 20000 1.000000
236.274000 38.928300 -15.452 5.437 0.166 0.205 -0.019599 20000 1.000000
237.585000 40.997600 -8.726 -2.663 0.195 0.258 -0.101203 20000 1.000000
243.830000 32.616500 -13.749 5.208 0.17 0.192 -0.023795 20000 1.000000
238.997000 35.551800 -13.881 6.192 0.169 0.202 -0.010759 20000 1.000000
242.015000 39.305600 -5.58 -4.088 0.172 0.216 -0.053571 20000 1.000000
242.395000 39.287900 -4.804 -4.059 0.17 0.207 -0.024919 20000 1.000000
243.576000 39.500500 -5.905 -4.248 0.164 0.211 -0.000770 20000 1.000000
243.950000 39.546400 -5.692 -3.804 0.17 0.207 0.005107 20000 1.000000
244.111000 39.374200 -5.064 -4.905 0.166 0.207 -0.000397 20000 1.000000
244.487000 39.536100 -6.18 -4.162 0.212 0.277 -0.026233 20000 1.000000
244.568000 39.388600 -8.474 -5.184 0.162 0.203 -0.017870 20000 1.000000
242.120000 40.433400 -6.591 -4.629 0.166 0.21 0.009052 20000 1.000000
245.308000 39.255200 -5.674 -4.121 0.242 0.296 0.028307 20000 1.000000
245.723000 39.119400 -4.531 -3.914 0.182 0.23 -0.006993 20000 1.000000
246.129000 39.067300 -5.964 -4.571 0.169 0.209 -0.030176 20000 1.000000
246.495000 39.268900 -5.437 -4.631 0.165 0.209 -0.009071 20000 1.000000
242.532000 40.320600 -4.696 -6.234 0.173 0.213 -0.061814 20000 1.000000
246.946000 40.494000 -6.329 -4.709 0.166 0.21 -0.004034 20000 1.000000
243.264000 40.495500 -6.443 -3.825 0.182 0.225 -0.063126 20000 1.000000
240.200000 39.572800 -5.897 -3.172 0.168 0.209 -0.029224 20000 1.000000
242.469000 36.614300 -4.93 -2.782 0.168 0.201 -0.020942 20000 1.000000
242.593000 36.804200 -5.503 -1.967 0.163 0.196 -0.017168 20000 1.000000
242.006000 36.606000 -6.161 -3.233 0.176 0.205 0.068220 20000 1.000000
242.296000 37.200800 -6.228 -3.828 0.167 0.202 -0.016959 20000 1.000000
240.463000 39.698400 -4.645 -2.199 0.177 0.219 -0.024647 20000 1.000000
240.694000 39.795600 -6.995 -2.889 0.176 0.225 0.029493 20000 1.000000
241.316000 39.888900 -6.136 -3.712 0.173 0.216 -0.028654 20000 1.000000
241.841000 39.212300 -6.471 -3.642 0.162 0.202 -0.014468 20000 1.000000
246.706000 41.856800 -5.338 -5.728 0.177 0.227 0.008904 20000 1.000000
246.958000 39.345100 -6.097 -4.333 0.169 0.208 -0.021524 20000 1.000000
246.988000 41.817300 -7.456 -4.715 0.166 0.213 -0.026666 20000 1.000000
246.722000 40.671300 -6.284 -4.353 0.17 0.214 -0.028161 20000 1.000000
240.400000 39.499200 -5.223 -2.1 0.182 0.216 0.033947 20000 1.000000
240.931000 39.486100 -5.247 -3.96 0.173 0.216 -0.018132 20000 1.000000
241.550000 39.133900 -5.566 -2.754 0.168 0.209 -0.011079 20000 1.000000
241.062000 39.268000 -4.845 -2.8 0.442 0.473 -0.014781 20000 1.000000
241.649000 39.454700 -6.41 -3.559 0.168 0.208 0.027976 20000 1.000000
241.995000 38.728800 -5.831 -3.448 0.168 0.206 -0.012748 20000 1.000000
241.540000 38.724600 -5.711 -2.896 0.184 0.226 -0.010637 20000 1.000000
241.070000 38.980900 -5.734 -2.569 0.164 0.208 -0.005503 20000 1.000000
240.985000 38.704600 -41.924 -32.172 0.373 0.416 0.027796 20000 1.000000
240.541000 38.761400 -4.603 -2.568 0.316 0.375 -0.101154 20000 1.000000
240.523000 40.779800 -5.416 -3.372 0.186 0.224 0.061611 20000 1.000000
240.990000 40.242200 -4.967 -3.339 0.194 0.225 -0.095597 20000 1.000000
240.278000 39.908200 -3.615 -1.72 0.168 0.211 0.017364 20000 1.000000
239.307000 38.829200 -9.177 -2.689 0.188 0.212 0.080200 20000 1.000000
239.614000 39.046600 -7.865 -3.79 0.188 0.228 -0.054457 20000 1.000000
240.189000 39.123500 -2.476 -3.104 0.172 0.213 -0.078525 20000 1.000000
239.107000 39.466700 -8.436 -3.197 0.199 0.234 0.077355 20000 1.000000
240.376000 41.357700 -6.248 -3.509 0.17 0.217 -0.012058 20000 1.000000
239.716000 39.937400 -6.628 -2.832 0.161 0.203 -0.020028 20000 1.000000
239.194000 40.418600 -5.522 -1.815 0.21 0.254 0.013980 20000 1.000000
239.923000 40.288900 -6.199 -2.896 0.169 0.212 -0.008852 20000 1.000000
235.692000 40.247500 -13.151 5.407 0.164 0.208 -0.011425 20000 1.000000
235.867000 40.551300 -8.31 2.628 0.164 0.207 -0.021340 20000 1.000000
235.787000 40.637400 -6.661 1.566 0.191 0.24 0.001425 20000 1.000000
235.943000 40.219600 -10.707 4.31 0.169 0.213 0.001146 20000 1.000000
236.307000 40.119300 -10.917 0.385 0.18 0.23 0.021477 20000 1.000000
238.207000 36.485500 -13.949 6.65 0.165 0.198 -0.017799 20000 1.000000
238.710000 35.945700 -13.472 6.155 0.172 0.204 0.020070 20000 1.000000
238.949000 36.302100 -14.506 5.219 0.167 0.201 -0.012184 20000 1.000000
238.865000 36.425900 -13.969 4.81 0.17 0.203 0.000491 20000 1.000000
237.668000 37.534500 -13.08 3.512 0.209 0.219 -0.110426 20000 1.000000
237.623000 37.914500 -11.971 3.125 0.172 0.21 -0.004449 20000 1.000000
236.819000 38.495000 -13.588 4.673 0.169 0.21 -0.074776 20000 1.000000
236.291000 39.117200 -13.793 4.777 0.214 0.268 -0.006003 20000 1.000000
236.652000 38.987400 -12.877 2.993 0.176 0.212 0.059110 20000 1.000000
236.796000 39.242000 -12.292 0.604 0.166 0.207 -0.014186 20000 1.000000
236.368000 42.275400 -6.509 -0.299 0.172 0.22 -0.015119 20000 1.000000
236.895000 39.319700 -11.649 -0.693 0.169 0.209 0.019217 20000 1.000000
237.041000 38.664700 -11.908 2.366 0.207 0.262 0.098685 20000 1.000000
237.233000 38.428600 -13.196 2.234 0.168 0.209 -0.005738 20000 1.000000
237.548000 38.239800 -12.003 1.63 0.17 0.21 -0.009369 20000 1.000000
237.083000 38.866100 -11.712 -0.424 0.163 0.203 -0.019374 20000 1.000000
237.037000 39.398100 -11.084 5.365 0.347 0.387 -0.097556 20000 1.000000
237.424000 38.777800 -9.759 0.068 0.171 0.222 -0.053916 20000 1.000000
237.281000 39.260000 -8.895 -7.073 0.168 0.207 0.025379 20000 1.000000
237.696000 39.109300 -9.02 -2.555 0.175 0.214 -0.022344 20000 1.000000
237.873000 37.069200 -13.464 4.556 0.203 0.236 0.180926 20000 1.000000
238.137000 36.962000 -14.559 5.185 0.194 0.218 -0.040423 20000 1.000000
238.009000 37.201700 -12.164 3.693 0.196 0.228 -0.084021 20000 1.000000
238.203000 37.001000 -14.458 4.931 0.255 0.279 0.076300 20000 1.000000
238.274000 37.002400 -13.377 4.498 0.18 0.222 0.010425 20000 1.000000
238.349000 37.104500 -11.902 2.101 0.209 0.227 -0.135404 20000 1.000000
238.286000 37.203500 -12.399 1.217 0.172 0.205 0.023107 20000 1.000000
237.786000 37.329900 -13.102 3.226 0.167 0.202 -0.006456 20000 1.000000
237.901000 37.336900 -12.07 4.313 0.172 0.217 -0.035030 20000 1.000000
237.900000 37.722000 -10.807 0.259 0.165 0.2 -0.021151 20000 1.000000
237.781000 37.863900 -12.303 -0.396 0.175 0.216 -0.015335 20000 1.000000
237.942000 37.713900 -10.467 -0.659 0.189 0.223 -0.087235 20000 1.000000
238.174000 37.336800 -14.244 1.249 0.169 0.208 -0.004886 20000 1.000000
238.210000 37.533000 -10.141 -0.972 0.166 0.201 -0.009574 20000 1.000000
238.313000 37.601800 -8.635 -0.531 0.172 0.206 0.029891 20000 1.000000
238.022000 37.749400 -11.717 -0.99 0.168 0.204 -0.019711 20000 1.000000
238.214000 37.819000 -10.679 -3.598 0.186 0.223 -0.006743 20000 1.000000
238.095000 36.621700 -14.696 6.604 0.167 0.202 -0.032115 20000 1.000000
238.421000 36.724000 -14.448 5.146 0.166 0.2 -0.021069 20000 1.000000
238.580000 36.800400 -10.963 3.447 0.166 0.2 -0.020252 20000 1.000000
238.409000 36.858500 -14.883 5.264 0.167 0.202 -0.031581 20000 1.000000
238.459000 36.814300 -13.331 5.509 0.171 0.204 -0.012859 20000 1.000000
238.445000 36.903500 -13.253 2.948 0.17 0.202 -0.029394 20000 1.000000
238.613000 36.637000 -15.301 5.327 0.178 0.211 -0.075482 20000 1.000000
238.458000 37.007800 -10.849 3.146 0.291 0.354 0.027523 20000 1.000000
238.426000 37.213000 -10.664 -1.151 0.168 0.201 -0.011078 20000 1.000000
238.665000 36.918200 -9.261 -1.677 0.164 0.198 -0.017369 20000 1.000000
238.645000 37.010800 -10.108 -2.978 0.175 0.213 -0.043982 20000 1.000000
240.294000 37.713100 -10.875 -5.372 0.173 0.212 -0.034812 20000 1.000000
238.812000 36.559500 -13.027 8.134 0.164 0.197 -0.019533 20000 1.000000
238.131000 37.975600 -8.683 -2.535 0.167 0.204 -0.010155 20000 1.000000
238.936000 36.611600 -8.004 0.707 0.163 0.197 -0.018236 20000 1.000000
238.732000 36.950000 -8.614 -1.61 0.166 0.2 -0.004808 20000 1.000000
238.652000 36.811400 -9.758 -0.547 0.167 0.201 -0.022454 20000 1.000000
238.942000 37.169600 -8.402 -3.259 0.173 0.208 -0.012175 20000 1.000000
238.347000 37.478400 -10.004 -1.639 0.187 0.224 -0.009403 20000 1.000000
238.531000 37.489600 -9.323 -1.108 0.164 0.201 -0.023060 20000 1.000000
238.675000 37.581900 -8.264 -1.459 0.173 0.212 -0.025754 20000 1.000000
238.395000 37.932000 -10.668 -3.101 0.167 0.203 -0.020946 20000 1.000000
238.536000 37.755300 -7.485 -3.988 0.168 0.204 -0.020539 20000 1.000000
238.717000 37.385400 -9.304 -0.794 0.17 0.209 -0.026538 20000 1.000000
237.782000 38.153000 -10.783 0.417 0.165 0.203 -0.036036 20000 1.000000
237.904000 38.025100 -10.148 -0.856 0.171 0.21 -0.068693 20000 1.000000
237.805000 38.444200 -9.682 -1.889 0.175 0.227 -0.007384 20000 1.000000
237.645000 38.999500 -8.637 -2.787 0.204 0.222 0.060288 20000 1.000000
238.905000 38.645300 -9.168 -2.938 0.165 0.204 -0.012015 20000 1.000000
239.652000 35.544100 -13.535 5.178 0.17 0.201 -0.017366 20000 1.000000
239.611000 35.841100 -10.946 3.18 0.172 0.202 -0.036896 20000 1.000000
239.655000 35.837800 -9.992 1.002 0.172 0.206 -0.006150 20000 1.000000
239.715000 35.806700 -10.149 1.955 0.171 0.204 -0.019501 20000 1.000000
239.093000 35.933300 -14.216 5.42 0.166 0.198 -0.015477 20000 1.000000
239.019000 36.417200 -10.238 -0.159 0.219 0.269 -0.031185 20000 1.000000
239.147000 36.515900 -8.127 -1.313 0.17 0.206 -0.018385 20000 1.000000
239.302000 36.024800 -13.313 4.518 0.167 0.206 -0.012684 20000 1.000000
239.121000 36.140200 -14.959 5.964 0.166 0.198 -0.015862 20000 1.000000
239.251000 36.106800 -13.811 5.151 0.166 0.198 -0.013477 20000 1.000000
239.272000 36.178900 -8.923 -1.186 0.164 0.196 -0.014069 20000 1.000000
239.355000 35.922800 -12.882 5.126 0.166 0.198 -0.020915 20000 1.000000
239.525000 36.007500 -4.645 -1.433 0.194 0.215 -0.019910 20000 1.000000
239.457000 36.089400 -7.809 -2.812 0.168 0.201 -0.013669 20000 1.000000
239.560000 36.123200 -7.336 -1.007 0.168 0.2 -0.018837 20000 1.000000
239.158000 35.697100 -14.317 5.6 0.172 0.199 0.025977 20000 1.000000
239.637000 36.051700 -7.67 0.277 0.169 0.198 -0.017016 20000 1.000000
239.448000 35.974100 -12.629 4.833 0.181 0.208 -0.054470 20000 1.000000
239.706000 36.015800 -7.953 0.512 0.167 0.199 -0.020245 20000 1.000000
239.723000 36.304400 -11.647 -3.843 0.169 0.203 -0.020094 20000 1.000000
239.257000 36.806300 -7.794 -2.981 0.17 0.206 -0.018425 20000 1.000000
239.803000 37.352200 -8.827 -2.879 0.175 0.212 -0.024616 20000 1.000000
239.356000 37.795200 -9.602 -3.221 0.287 0.355 -0.039503 20000 1.000000
240.160000 37.901100 -7.823 -1.217 0.188 0.213 -0.115967 20000 1.000000
239.049000 38.090000 -10.416 -2.466 0.17 0.208 -0.019553 20000 1.000000
239.666000 38.735600 -8.794 -2.138 0.189 0.215 0.032753 20000 1.000000
241.480000 37.177600 -2.002 2.411 0.165 0.199 -0.011243 20000 1.000000
236.283000 39.863600 -14.582 1.469 0.208 0.254 -0.105217 20000 1.000000
236.448000 39.905700 -13.137 -1.099 0.195 0.251 -0.065399 20000 1.000000
236.628000 39.452400 -12.834 -0.75 0.167 0.211 0.002070 20000 1.000000
236.705000 39.707100 -12.46 -1.389 0.179 0.221 -0.065534 20000 1.000000
236.813000 39.492800 -11.576 -0.719 0.204 0.275 0.028930 20000 1.000000
236.817000 39.962100 -10.145 -2.655 0.189 0.237 -0.065205 20000 1.000000
236.344000 40.256800 -10.194 -0.107 0.168 0.214 0.010224 20000 1.000000
236.117000 41.151700 -8.252 -1.623 0.169 0.214 0.008760 20000 1.000000
236.301000 40.575300 -8.319 -0.857 0.174 0.22 0.056840 20000 1.000000
236.427000 40.478900 -9.786 -1.082 0.214 0.265 0.175438 20000 1.000000
236.548000 40.082200 -11.592 -0.749 0.163 0.206 -0.008832 20000 1.000000
236.864000 40.324100 -10.424 -3.843 0.165 0.209 -0.022363 20000 1.000000
236.676000 40.732900 -9.948 -3.62 0.165 0.209 -0.037452 20000 1.000000
236.826000 40.546700 -10.198 -3.605 0.168 0.215 -0.033619 20000 1.000000
237.024000 39.621400 -10.516 -3.867 0.18 0.212 0.036953 20000 1.000000
237.264000 39.493600 -10.795 -6.133 0.165 0.205 -0.024702 20000 1.000000
237.077000 40.747600 -8.618 -4.058 0.172 0.217 -0.030545 20000 1.000000
237.332000 40.034100 -7.477 -2.673 0.171 0.213 -0.024232 20000 1.000000
237.393000 40.650700 -8.593 -1.6 0.175 0.225 -0.059092 20000 1.000000
236.666000 40.887100 -9.476 -3.268 0.162 0.207 -0.013651 20000 1.000000
237.729000 40.271200 -9.423 -2.849 0.179 0.22 -0.080878 20000 1.000000
239.132000 39.794700 -8.359 -2.065 0.166 0.212 -0.049437 20000 1.000000
239.052000 41.183300 -6.454 -2.227 0.166 0.215 -0.039846 20000 1.000000
237.681000 40.731100 -8.09 -3.371 0.197 0.227 0.033620 20000 1.000000
235.774000 42.209100 -8.992 0.147 0.195 0.244 -0.007400 20000 1.000000
236.617000 42.503500 -6.197 -0.384 0.167 0.217 -0.008693 20000 1.000000
237.344000 42.191000 -6.647 -3.158 0.172 0.223 -0.046002 20000 1.000000
238.220000 42.259700 -3.944 -2.405 0.165 0.211 -0.027050 20000 1.000000
239.622000 42.468800 -4.402 -1.816 0.17 0.222 -0.041913 20000 1.000000
241.588000 42.254600 -6.987 -4.997 0.162 0.211 -0.021893 20000 1.000000
243.371000 36.071300 -4.753 -3.172 0.177 0.213 0.039345 20000 1.000000
242.835000 36.022500 -6.774 -3.876 0.176 0.202 -0.021508 20000 1.000000
242.590000 36.159000 -5.061 -2.494 0.178 0.211 0.033840 20000 1.000000
241.868000 36.466800 1.38 -5.495 0.191 0.234 -0.211429 20000 1.000000
242.211000 36.531200 -5.638 -3.224 0.191 0.237 -0.030368 20000 1.000000
241.909000 36.570200 -2.777 -0.968 0.192 0.213 -0.083907 20000 1.000000
241.882000 36.975700 -4.648 -2.438 0.166 0.201 -0.011065 20000 1.000000
242.064000 37.231400 -5.147 -2.215 0.17 0.203 0.024923 20000 1.000000
242.606000 34.462400 -8.913 0.685 0.181 0.204 -0.015210 20000 1.000000
242.459000 33.562100 -12.974 3.677 0.175 0.201 0.004418 20000 1.000000
242.895000 32.889200 -14.204 5.032 0.169 0.192 -0.026157 20000 1.000000
243.050000 32.733800 -14.58 4.786 0.166 0.189 -0.016806 20000 1.000000
242.756000 32.666400 -12.585 5.927 0.183 0.201 0.059130 20000 1.000000
242.810000 33.439600 -13.294 3.897 0.168 0.193 -0.001293 20000 1.000000
242.928000 33.235700 -14.266 4.384 0.179 0.196 0.032470 20000 1.000000
243.217000 33.493300 -12.124 3.453 0.169 0.194 -0.011143 20000 1.000000
243.651000 32.976000 -13.546 3.214 0.173 0.198 -0.011162 20000 1.000000
243.989000 32.822200 -13.448 3.518 0.176 0.197 -0.057519 20000 1.000000
243.329000 33.240200 -13.333 3.909 0.175 0.198 -0.020168 20000 1.000000
243.431000 33.059200 -13.94 3.751 0.168 0.191 -0.018779 20000 1.000000
243.379000 33.375600 -12.732 3.073 0.173 0.198 0.018760 20000 1.000000
243.591000 33.210200 -12.197 4.268 0.184 0.212 -0.007472 20000 1.000000
243.817000 33.213500 -11.362 3.005 0.172 0.196 -0.021517 20000 1.000000
243.888000 33.296200 -8.978 0.66 0.174 0.199 -0.071507 20000 1.000000
243.574000 33.523500 -7.799 1.312 0.179 0.2 0.040961 20000 1.000000
243.773000 33.574700 -9.491 0.175 0.178 0.212 0.007364 20000 1.000000
244.031000 32.887000 -11.94 3.846 0.172 0.196 -0.017908 20000 1.000000
244.175000 32.954700 -11.883 1.932 0.288 0.343 -0.055875 20000 1.000000
244.268000 32.759700 -11.312 3.309 0.177 0.203 -0.013402 20000 1.000000
244.404000 32.750600 -9.781 1.924 0.184 0.203 -0.020137 20000 1.000000
244.423000 32.834700 -10.406 2.049 0.177 0.199 -0.020872 20000 1.000000
244.430000 32.898400 -8.626 1.549 0.177 0.199 -0.004064 20000 1.000000
244.700000 32.690000 -6.982 -2.629 0.174 0.197 -0.023713 20000 1.000000
244.602000 32.875800 -5.859 -3.019 0.179 0.204 -0.003158 20000 1.000000
244.578000 32.982500 -5.613 -3.769 0.18 0.207 0.000002 20000 1.000000
244.280000 32.948900 -9.477 1.533 0.178 0.2 -0.013954 20000 1.000000
244.234000 33.516400 -6.822 -3.265 0.179 0.204 0.036224 20000 1.000000
244.313000 33.423900 -5.833 -3.289 0.177 0.201 0.021850 20000 1.000000
244.571000 33.247800 -6.194 -4.216 0.257 0.308 -0.045567 20000 1.000000
244.657000 33.143600 -6.531 -3.161 0.182 0.205 -0.081827 20000 1.000000
244.704000 33.886900 -5.655 -3.46 0.18 0.2 -0.013793 20000 1.000000
240.305000 37.562600 -7.292 -0.122 0.187 0.209 0.084514 20000 1.000000
239.350000 34.907300 -17.14 5.913 0.308 0.366 -0.060920 20000 1.000000
239.590000 35.010700 -15.656 4.974 0.223 0.266 -0.024532 20000 1.000000
239.760000 34.870600 -14.998 4.902 0.17 0.197 -0.000102 20000 1.000000
239.617000 35.106200 -14.251 4.703 0.176 0.202 0.059982 20000 1.000000
241.822000 34.376400 -12.396 2.67 0.17 0.198 -0.013539 20000 1.000000
239.925000 35.020000 -13.78 8.314 0.166 0.194 -0.014429 20000 1.000000
240.208000 34.507800 -14.303 6.148 0.171 0.194 -0.005916 20000 1.000000
240.384000 34.630500 -14.033 4.715 0.166 0.194 -0.014465 20000 1.000000
240.185000 34.888600 -13.046 3.991 0.164 0.193 -0.011346 20000 1.000000
240.464000 35.086600 -12.399 1.465 0.242 0.293 -0.037100 20000 1.000000
239.192000 35.425800 -16.063 5.171 0.167 0.196 -0.024969 20000 1.000000
239.455000 35.327800 -14.261 5.431 0.17 0.202 0.033812 20000 1.000000
239.646000 35.440500 -12.844 5.188 0.169 0.199 -0.023542 20000 1.000000
239.520000 35.624800 -12.689 5.803 0.166 0.197 -0.009568 20000 1.000000
239.463000 35.792700 -12.099 3.937 0.174 0.206 0.000291 20000 1.000000
239.733000 35.633800 -12.426 3.651 0.169 0.197 0.004813 20000 1.000000
239.629000 35.747900 -11.818 3.156 0.168 0.2 -0.010153 20000 1.000000
237.762000 37.061200 -15.815 5.317 0.285 0.353 -0.040351 20000 1.000000
239.899000 35.235100 -12.796 4.881 0.189 0.212 0.030727 20000 1.000000
239.975000 35.279800 -12.756 3.819 0.17 0.202 -0.031345 20000 1.000000
240.065000 35.316800 -13.399 1.806 0.261 0.319 -0.036605 20000 1.000000
239.887000 35.534200 -12.413 2.687 0.276 0.333 -0.052415 20000 1.000000
239.818000 35.702700 -10.515 1.706 0.169 0.199 -0.010271 20000 1.000000
239.869000 35.801300 -8.65 0.046 0.175 0.201 -0.002630 20000 1.000000
239.999000 35.686700 -9.656 -0.399 0.175 0.204 -0.058860 20000 1.000000
239.707000 35.688900 -11.964 3.29 0.173 0.205 -0.021447 20000 1.000000
240.287000 35.319000 -10.053 1.176 0.174 0.205 -0.015268 20000 1.000000
240.091000 35.934700 -8.41 -1.969 0.169 0.199 -0.007395 20000 1.000000
240.496000 34.466800 -15.264 2.341 0.165 0.192 -0.013941 20000 1.000000
240.674000 34.599600 -14.569 1.034 0.174 0.207 0.052516 20000 1.000000
240.885000 34.660100 -12.368 2.284 0.173 0.2 0.044012 20000 1.000000
240.845000 34.856200 -11.191 3.695 0.254 0.332 -0.123114 20000 1.000000
239.755000 35.686700 -12.429 3.487 0.167 0.197 -0.017063 20000 1.000000
241.121000 34.835100 -10.395 1.189 0.169 0.196 -0.004670 20000 1.000000
241.152000 34.792300 -10.661 1.907 0.176 0.208 -0.013831 20000 1.000000
241.331000 34.695000 -12.933 2.215 0.176 0.205 0.045687 20000 1.000000
241.454000 34.771100 -8.899 0.874 0.17 0.2 -0.006265 20000 1.000000
241.344000 34.944400 -9.286 0.786 0.175 0.205 -0.066153 20000 1.000000
241.388000 35.138600 -8.325 -1.457 0.171 0.202 -0.035252 20000 1.000000
241.459000 34.821800 -11.579 3.804 0.179 0.204 -0.021597 20000 1.000000
241.811000 34.982100 -8.005 1.513 0.169 0.197 -0.019532 20000 1.000000
241.876000 35.378000 -8.079 -1.248 0.172 0.2 -0.024830 20000 1.000000
241.740000 35.667300 -6.407 -1.994 0.176 0.202 -0.004054 20000 1.000000
241.233000 36.231400 -8.414 -3.456 0.173 0.201 0.043427 20000 1.000000
241.045000 36.585500 -8.169 -1.69 0.165 0.199 -0.012168 20000 1.000000
241.740000 36.093100 -5.233 -1.565 0.17 0.199 -0.023688 20000 1.000000
241.994000 35.038800 -7.213 -0.297 0.173 0.2 -0.007834 20000 1.000000
242.271000 34.509700 -9.613 0.512 0.172 0.199 -0.016251 20000 1.000000
242.451000 34.634300 -8.289 -0.195 0.168 0.196 -0.023357 20000 1.000000
242.457000 34.987000 -7.175 -0.905 0.171 0.2 0.011664 20000 1.000000
243.048000 33.892600 -10.068 1.634 0.167 0.193 -0.011658 20000 1.000000
243.454000 34.019300 -8.755 1.473 0.169 0.195 -0.025890 20000 1.000000
242.719000 34.534800 -8.87 -0.229 0.196 0.207 -0.125685 20000 1.000000
241.969000 34.332200 -12.048 0.613 0.174 0.201 -0.001538 20000 1.000000
242.635000 35.116800 -4.811 -1.974 0.188 0.217 -0.047643 20000 1.000000
241.983000 35.152400 -8.464 -0.102 0.169 0.199 -0.018647 20000 1.000000
242.697000 35.238500 -6.773 -1.297 0.171 0.199 -0.010092 20000 1.000000
242.795000 35.387900 -6.53 -2.12 0.165 0.195 -0.008482 20000 1.000000
242.610000 35.896700 -4.886 -2.585 0.187 0.218 -0.049771 20000 1.000000
242.597000 35.697600 -5.776 -2.105 0.17 0.2 -0.015987 20000 1.000000
243.111000 35.998200 -5.787 -2.837 0.196 0.222 -0.027194 20000 1.000000
243.112000 35.710600 -6.136 -2.938 0.167 0.199 -0.010637 20000 1.000000
243.290000 34.192500 -8.334 -0.123 0.171 0.196 -0.021322 20000 1.000000
243.463000 34.217200 -7.029 -1.157 0.171 0.196 -0.004486 20000 1.000000
243.788000 33.865800 -7.6 -1.737 0.167 0.194 -0.003936 20000 1.000000
243.920000 33.959300 -6.507 -2 0.173 0.197 -0.012237 20000 1.000000
239.772000 35.729200 -10.426 1.601 0.167 0.197 -0.005014 20000 1.000000
243.971000 34.716900 -4.539 -3.906 0.177 0.203 -0.047546 20000 1.000000
243.329000 34.936800 -7.019 -2.181 0.172 0.202 -0.005392 20000 1.000000
242.063000 34.341100 -11.824 1.725 0.184 0.218 -0.008720 20000 1.000000
243.120000 34.462100 -8.769 -0.056 0.169 0.196 -0.013855 20000 1.000000
244.179000 33.741000 -6.654 -2.962 0.184 0.209 -0.018939 20000 1.000000
243.107000 34.062700 -9.84 -1.131 0.193 0.226 -0.056397 20000 1.000000
244.236000 34.425700 -5.544 -3.518 0.209 0.22 0.022430 20000 1.000000
244.350000 35.204800 -5.774 -4.252 0.174 0.202 -0.050899 20000 1.000000
242.685000 34.187400 -10.534 1.733 0.172 0.2 0.024230 20000 1.000000
242.950000 34.196200 -10.658 -4.197 0.198 0.202 0.058468 20000 1.000000
244.750000 34.731800 -5.965 -3.428 0.215 0.248 -0.023460 20000 1.000000
243.237000 35.204600 -5.711 -2.924 0.167 0.196 -0.010368 20000 1.000000
242.107000 35.424600 -8.927 -1.627 0.208 0.252 -0.031652 20000 1.000000
243.428000 35.320600 -6.482 -2.861 0.168 0.2 -0.015810 20000 1.000000
243.896000 35.141900 -5.997 -3.995 0.182 0.203 -0.048429 20000 1.000000
243.878000 35.526000 -5.29 -3.493 0.171 0.202 -0.030292 20000 1.000000
243.855000 35.785400 -5.923 -4.755 0.169 0.2 -0.028643 20000 1.000000
244.456000 35.472800 -6.368 -2.465 0.17 0.204 -0.006856 20000 1.000000
244.634000 35.163000 -5.679 -4.741 0.189 0.22 -0.016168 20000 1.000000
245.401000 34.188900 -6.446 -3.111 0.256 0.307 -0.032098 20000 1.000000
245.035000 34.844400 -5.74 -3.998 0.288 0.35 -0.053953 20000 1.000000
244.762000 35.291100 -5.488 -3.587 0.168 0.199 -0.022762 20000 1.000000
241.621000 37.973100 -3.533 -0.874 0.185 0.228 -0.045205 20000 1.000000
241.000000 37.613000 -12.189 11.402 0.17 0.205 -0.053990 20000 1.000000
241.084000 37.605300 3.311 12.489 0.175 0.222 -0.032726 20000 1.000000
240.914000 37.785700 -1.493 0.949 0.205 0.231 -0.144803 20000 1.000000
240.967000 37.913500 -5.795 0.44 0.165 0.201 -0.016231 20000 1.000000
240.862000 37.839300 0.085 0.705 0.184 0.214 0.007849 20000 1.000000
240.853000 37.962800 0.584 -0.737 0.168 0.203 -0.027350 20000 1.000000
240.916000 37.914100 -3.528 0.976 0.169 0.204 -0.015897 20000 1.000000
241.056000 37.734300 -4.398 0.996 0.166 0.203 -0.020240 20000 1.000000
241.131000 37.654600 -2.426 1.163 0.168 0.207 -0.022656 20000 1.000000
241.040000 37.891700 -5.505 0.833 0.215 0.25 -0.027168 20000 1.000000
241.148000 37.878200 -5.583 0.703 0.166 0.202 -0.026036 20000 1.000000
241.183000 37.591400 7.685 15.051 0.172 0.22 0.053628 20000 1.000000
241.302000 37.561600 -1.433 3.661 0.173 0.227 -0.024487 20000 1.000000
241.316000 37.495400 5.811 5.378 0.163 0.198 -0.018057 20000 1.000000
241.406000 37.541300 -2.248 -0.086 0.171 0.207 -0.010344 20000 1.000000
241.180000 37.677000 -2.747 0.934 0.168 0.206 -0.016032 20000 1.000000
241.232000 37.754400 -4.241 -0.512 0.174 0.217 0.024052 20000 1.000000
241.264000 37.903500 -4.464 0.157 0.168 0.205 -0.025953 20000 1.000000
241.445000 37.891300 -4.215 -1.215 0.271 0.312 0.056943 20000 1.000000
241.762000 37.589200 -8.341 -0.785 0.165 0.201 -0.014704 20000 1.000000
241.528000 37.737500 -4.007 -1.433 0.172 0.206 0.005172 20000 1.000000
240.850000 38.057900 -0.493 -0.09 0.176 0.209 -0.009171 20000 1.000000
237.804000 41.344800 -59.207 380.63 0.388 0.515 0.014004 20000 1.000000
237.706000 41.381200 -8.709 -2.751 0.177 0.216 0.043161 20000 1.000000
237.809000 41.479200 -9.268 -0.305 0.168 0.228 -0.058392 20000 1.000000
237.687000 41.463600 -8.759 -3.28 0.168 0.225 -0.053775 20000 1.000000
237.847000 41.531900 -8.016 -2.591 0.248 0.278 0.055910 20000 1.000000
238.493000 41.711600 -6.685 -1.885 0.164 0.211 -0.018046 20000 1.000000
246.132000 42.878900 -5.734 -4.317 0.163 0.216 -0.034390 20000 1.000000
241.439000 37.439500 -1.915 -0.745 0.177 0.209 -0.015158 20000 1.000000
240.254000 37.088900 -8.637 -2.687 0.169 0.204 0.026033 20000 1.000000
241.853000 37.280500 -5.601 -2.452 0.17 0.206 -0.008632 20000 1.000000
239.172000 41.359200 -7.037 -2.351 0.197 0.245 -0.084200 20000 1.000000
239.527000 41.332500 -6.115 -3.034 0.168 0.214 -0.011945 20000 1.000000
235.587000 42.442000 -5.277 -1.157 0.169 0.222 -0.072100 20000 1.000000
235.707000 42.076600 -5.847 -0.554 0.171 0.214 0.001311 20000 1.000000
238.120000 42.579800 -5.877 -3.569 0.17 0.217 -0.030356 20000 1.000000
237.390000 42.727100 -2.689 -1.509 0.311 0.38 0.093379 20000 1.000000
242.275000 42.020200 -6.707 -5.051 0.168 0.215 -0.020674 20000 1.000000
243.404000 33.598200 -13.39 1.291 0.249 0.283 -0.172048 20000 1.000000
243.397000 33.495500 -12.129 3.508 0.174 0.201 0.002207 20000 1.000000
244.492000 32.829400 -7.506 2.323 0.178 0.199 -0.019073 20000 1.000000
239.784000 35.693800 -10.436 2.035 0.182 0.212 0.009795 20000 1.000000
237.579000 41.830800 -3.206 -1.958 0.235 0.314 -0.003582 20000 1.000000
236.019000 41.845500 -7.405 -0.789 0.186 0.266 -0.082199 20000 1.000000
238.521000 36.744300 -12.568 4.578 0.183 0.212 0.049861 20000 1.000000
239.528000 35.946600 -10.185 0.349 0.19 0.216 0.041957 20000 1.000000
239.485000 35.929100 -13.402 3.383 0.221 0.271 0.008480 20000 1.000000
236.427000 40.478800 -9.979 -0.977 0.206 0.259 0.175947 20000 1.000000
243.852000 34.508100 -6.167 -3.542 0.251 0.305 -0.031315 20000 1.000000
245.241000 32.497900 -2.649 -3.734 0.182 0.199 -0.018982 20000 1.000000
243.407000 33.537300 -11.961 1.469 0.183 0.213 0.047581 20000 1.000000
241.651000 34.021700 -12.281 9.716 0.187 0.229 -0.013323 20000 1.000000
241.379000 34.836000 -8.069 -0.159 0.17 0.199 -0.015208 20000 1.000000
241.983000 35.152400 -8.943 0.405 0.171 0.201 -0.020333 20000 1.000000
241.983000 35.152500 -9.521 -0.609 0.171 0.201 -0.013059 20000 1.000000
242.968000 33.389000 -16.787 2.205 0.177 0.206 0.013278 20000 1.000000
243.936000 31.559100 -15.906 5.695 0.178 0.195 0.047286 20000 1.000000
238.728000 35.709000 -14.884 6.102 0.185 0.218 -0.021006 20000 1.000000
242.077000 34.508200 -10.266 1.584 0.175 0.203 -0.004958 20000 1.000000
239.241000 36.186900 -9.243 -3.427 0.174 0.202 0.031908 20000 1.000000
239.233000 36.180500 -14.589 4.92 0.172 0.201 -0.004922 20000 1.000000
244.450000 32.490100 -10.865 3.9 0.174 0.204 -0.050763 20000 1.000000
242.305000 34.925400 -8.51 0.22 0.172 0.2 -0.040781 20000 1.000000
244.116000 32.417000 -13.449 4.809 0.169 0.191 -0.020104 20000 1.000000
243.076000 33.687100 -9.038 4.53 0.166 0.193 -0.019452 20000 1.000000
239.522000 35.919900 -12.568 6.384 0.174 0.206 0.006892 20000 1.000000
242.818000 33.835700 -12.689 3.212 0.189 0.208 -0.027188 20000 1.000000
242.193000 34.091800 -12.262 2.998 0.175 0.214 -0.009889 20000 1.000000
241.596000 33.743300 -14.089 4.591 0.191 0.224 -0.005071 20000 1.000000
241.628000 33.779500 -14.164 4.561 0.186 0.211 0.042368 20000 1.000000
238.863000 36.161100 -14.28 6.001 0.17 0.201 -0.006415 20000 1.000000
241.755000 34.628700 -10.06 0.817 0.198 0.234 -0.034187 20000 1.000000
239.056000 39.974600 -3.239 -0.52 0.184 0.228 -0.059981 20000 1.000000
243.849000 34.683200 -5.873 -3.583 0.171 0.201 -0.018015 20000 1.000000
242.317000 35.338700 -7.292 -0.564 0.17 0.199 -0.013346 20000 1.000000
240.280000 34.500000 -14.888 3.736 0.171 0.199 -0.015102 20000 1.000000
242.413000 33.444100 -18.433 7.66 0.2 0.222 -0.003769 20000 1.000000
243.375000 34.643900 -8.599 -1.821 0.173 0.197 -0.044709 20000 1.000000
241.974000 34.019100 -12.518 3.117 0.188 0.217 -0.059848 20000 1.000000
242.391000 33.674100 -13.035 2.568 0.178 0.204 0.015780 20000 1.000000
242.445000 33.485800 -13.855 4.025 0.187 0.214 0.001143 20000 1.000000
239.475000 35.900000 -24.787 7.815 0.179 0.219 -0.045289 20000 1.000000
241.807000 34.875100 -8.073 0.509 0.177 0.206 -0.005247 20000 1.000000
240.816000 34.541500 -12.779 2.014 0.189 0.219 0.051705 20000 1.000000
244.877000 40.617200 -5.62 -5.295 0.168 0.217 -0.005201 20000 1.000000
243.350000 36.316300 -5.012 -3.381 0.169 0.203 0.002138 20000 1.000000
238.442000 37.666500 -8.646 -2.526 0.167 0.203 -0.026077 20000 1.000000
241.245000 34.459800 -12.8 3.809 0.192 0.225 -0.035589 20000 1.000000
242.138000 34.205600 -14.052 3.919 0.241 0.239 -0.090042 20000 1.000000
239.775000 40.591700 -6.789 -2.336 0.172 0.22 -0.039593 20000 1.000000
240.984000 41.868400 -5.831 -3.742 0.176 0.225 0.041433 20000 1.000000
243.701000 35.971300 -5.646 -3.468 0.179 0.206 -0.060615 20000 1.000000
241.521000 34.438600 -12.308 2.419 0.205 0.23 -0.061863 20000 1.000000
243.746000 33.192600 -12.839 3.436 0.171 0.196 -0.017534 20000 1.000000
240.116000 39.314300 1.107 3.306 0.166 0.212 -0.037847 20000 1.000000
244.022000 33.292200 -9.591 0.395 0.173 0.197 -0.016425 20000 1.000000
240.476000 33.247900 -17.131 9.613 0.171 0.205 -0.044869 20000 1.000000
240.936000 34.319900 -13.301 4.103 0.166 0.193 -0.012963 20000 1.000000
241.354000 34.059300 -13.677 2.709 0.174 0.198 -0.062931 20000 1.000000
242.151000 33.992700 -12.826 3.228 0.188 0.214 -0.002504 20000 1.000000
239.935000 34.004300 -15.621 7.322 0.174 0.198 -0.017376 20000 1.000000
245.105000 42.612700 -45.924 -45.867 0.304 0.385 0.023345 20000 1.000000
239.930000 34.607300 -14.961 6.011 0.176 0.22 -0.046196 20000 1.000000
239.640000 35.917400 -13.06 -2.614 0.197 0.219 0.060864 20000 1.000000
241.585000 35.158200 -8.573 -0.677 0.169 0.199 -0.016085 20000 1.000000
243.923000 33.650600 -8.039 -0.622 0.173 0.2 0.019608 20000 1.000000
242.233000 33.549600 -14.434 4.403 0.196 0.209 -0.036624 20000 1.000000
243.770000 36.934800 -5.312 -3.171 0.169 0.204 -0.003103 20000 1.000000
239.867000 34.483500 -15.245 3.637 0.176 0.206 -0.024938 20000 1.000000
243.839000 33.641200 -9.407 1.509 0.179 0.201 -0.002927 20000 1.000000
246.368000 31.335500 -5.554 -4.094 0.173 0.189 -0.035699 20000 1.000000
242.951000 39.542200 -6.107 -3.751 0.173 0.209 0.058772 20000 1.000000
242.816000 38.097200 -5.571 -3.052 0.165 0.202 -0.025618 20000 1.000000
241.669000 33.797800 -13.345 4.276 0.178 0.205 -0.025964 20000 1.000000
241.163000 34.248000 -13.223 4.452 0.174 0.2 0.035754 20000 1.000000
241.771000 34.878900 -8.055 0.721 0.179 0.213 -0.082543 20000 1.000000
235.849000 41.053900 -4.876 0.002 0.17 0.214 -0.028402 20000 1.000000
241.558000 34.069100 -13.555 3.973 0.206 0.227 0.000933 20000 1.000000
241.198000 39.627100 -6.203 -3.751 0.176 0.219 -0.010569 20000 1.000000
241.723000 34.019500 -14.754 0.978 0.17 0.198 -0.016532 20000 1.000000
243.915000 33.030100 -12.669 3.999 0.17 0.194 -0.019391 20000 1.000000
238.053000 38.394500 -8.381 -3.614 0.195 0.24 -0.026185 20000 1.000000
241.780000 34.178600 -11.825 3.209 0.219 0.228 0.056112 20000 1.000000
241.486000 34.126400 -13.575 3.885 0.168 0.195 -0.000446 20000 1.000000
241.516000 34.293200 -12.491 2.089 0.173 0.197 -0.009906 20000 1.000000
239.384000 34.556300 -17.031 5.201 0.168 0.196 -0.014931 20000 1.000000
241.879000 34.501500 -11.83 2.878 0.199 0.229 -0.004491 20000 1.000000
241.706000 33.712600 -13.224 4.948 0.174 0.201 -0.037572 20000 1.000000
242.807000 33.225000 -13.578 4.975 0.167 0.192 -0.003843 20000 1.000000
241.443000 35.738400 -6.456 -4.119 0.354 0.424 0.304939 20000 1.000000
241.346000 37.664300 -4.427 -1.045 0.174 0.212 -0.014430 20000 1.000000
241.016000 35.010800 -9.404 1.137 0.187 0.221 -0.048206 20000 1.000000
241.648000 35.695000 -8.227 -2.475 0.183 0.216 -0.062812 20000 1.000000
243.608000 33.934800 -9.149 0.439 0.184 0.212 -0.013611 20000 1.000000
241.258000 34.568500 -11.301 1.237 0.184 0.21 0.102461 20000 1.000000
241.586000 34.259400 -12.774 4.493 0.202 0.236 -0.044028 20000 1.000000
244.418000 33.038300 -9.69 -2.626 0.174 0.201 -0.009497 20000 1.000000
243.068000 34.669000 -8.144 -1.112 0.186 0.217 -0.122803 20000 1.000000
241.758000 35.695600 -8.674 -2.363 0.272 0.309 0.139602 20000 1.000000
241.572000 33.958200 -13.399 4.074 0.238 0.25 -0.321132 20000 1.000000
244.421000 33.278800 -7.053 -4.739 0.175 0.198 -0.027917 20000 1.000000
243.346000 33.955300 -8.117 2.159 0.172 0.198 -0.016461 20000 1.000000
243.111000 35.425200 -5.412 -4.783 0.184 0.215 -0.031147 20000 1.000000
243.920000 35.287000 -5.696 -3.734 0.173 0.203 -0.012427 20000 1.000000
