242.907000 34.116400 -7.678 -0.27 0.987 0.595 -0.023788 20000 1.000000
242.555000 33.274300 -11.486 5.568 0.173 0.2 0.002525 20000 1.000000
242.555000 33.274300 -11.616 5.414 0.17 0.195 0.000480 20000 1.000000
243.571000 34.594300 -4.782 -1.095 0.166 0.196 0.002760 20000 1.000000
241.305000 34.824500 -7.861 1.956 0.18 0.211 -0.018378 20000 1.000000
242.675000 33.341900 -11.72 5.243 0.167 0.196 0.012794 20000 1.000000
242.524000 33.381100 -11.455 5.679 0.169 0.195 -0.005255 20000 1.000000
242.103000 34.126000 -11.458 3.652 0.222 0.243 -0.048243 20000 1.000000
242.795000 40.412800 -3.902 -3.904 0.165 0.208 -0.011561 20000 1.000000
240.970000 33.480500 -12.622 6.737 0.187 0.209 -0.047046 20000 1.000000
245.125000 42.605800 -5.142 -3.431 0.182 0.238 -0.003805 20000 1.000000
243.116000 34.264300 -6.162 1.596 0.19 0.226 0.056803 20000 1.000000
243.379000 37.039900 -4.001 -3.432 0.176 0.214 0.030552 20000 1.000000
244.002000 34.000500 -4.655 -1.777 0.17 0.197 -0.024615 20000 1.000000
242.935000 33.578200 -10.979 4.599 0.182 0.209 -0.023425 20000 1.000000
243.920000 35.287000 -4.751 -3.78 0.171 0.202 -0.002425 20000 1.000000
245.285000 33.610400 -5.776 -5 0.939 0.528 -0.020002 20000 1.000000
243.947000 34.251400 -4.154 -2.339 0.17 0.198 -0.005759 20000 1.000000
241.723000 34.184900 -11.392 4.699 0.198 0.229 0.021776 20000 1.000000
242.988000 34.918600 -5.25 -0.187 0.17 0.2 0.005707 20000 1.000000
241.812000 34.292800 -9.862 1.814 0.261 0.271 -0.311852 20000 1.000000
242.156000 42.779500 -3.694 -4.6 0.174 0.229 -0.005934 20000 1.000000
240.653000 35.157300 -8.617 0.886 0.171 0.206 0.012904 20000 1.000000
235.437000 42.836100 -1.993 0.275 0.16 0.209 -0.011876 20000 1.000000
244.010000 33.655100 -7.529 0.188 0.174 0.206 0.026706 20000 1.000000
239.566000 35.939400 -6.537 3.053 0.166 0.2 -0.019754 20000 1.000000
239.569000 35.888400 -12.332 6.491 0.192 0.223 0.004365 20000 1.000000
241.666000 33.311600 -12.57 6.753 0.165 0.192 0.005536 20000 1.000000
241.517000 33.445800 -12.47 6.42 0.167 0.197 -0.016109 20000 1.000000
241.370000 34.138600 -11.763 5.927 0.209 0.223 0.097512 20000 1.000000
242.329000 35.565300 -4.864 -0.268 0.173 0.211 -0.001633 20000 1.000000
243.664000 34.829500 -4.866 -1.601 0.183 0.208 -0.020457 20000 1.000000
242.035000 34.244000 -11.806 1.126 0.197 0.243 -0.107059 20000 1.000000
241.974000 34.333400 -10.064 5.625 0.857 0.476 0.017900 20000 1.000000
242.172000 34.640500 -7.09 1.623 0.176 0.212 0.037762 20000 1.000000
241.063000 34.109600 -12.576 6.054 0.182 0.22 0.010825 20000 1.000000
241.873000 34.136700 -4.228 6.553 0.828 0.506 -0.004392 20000 1.000000
242.576000 34.271200 3.719 -0.281 0.171 0.196 -0.014185 20000 1.000000
242.521000 34.313800 -6.524 1.951 0.892 0.562 0.014630 20000 1.000000
241.856000 34.530300 -10.97 2.858 0.181 0.205 -0.104900 20000 1.000000
242.291000 34.109900 -16.865 3.643 1.027 0.531 -0.034389 20000 1.000000
245.126000 40.558400 -4.92 -4.359 0.178 0.212 0.033701 20000 1.000000
244.877000 32.863500 -6.282 -2.163 0.962 0.541 -0.011146 20000 1.000000
244.272000 32.850500 -11.945 3.642 0.948 0.522 -0.020871 20000 1.000000
240.120000 34.414900 -13.822 5.746 0.167 0.196 -0.017326 20000 1.000000
242.427000 35.071700 -5.156 0.41 0.174 0.204 0.042142 20000 1.000000
239.249000 35.791600 -11.358 6.578 0.174 0.206 -0.021672 20000 1.000000
242.900000 34.039100 -7.133 2.474 0.77 0.493 -0.013548 20000 1.000000
240.275000 35.242100 -8.966 1.86 0.163 0.194 0.002641 20000 1.000000
244.265000 33.069800 -6.817 2.069 0.177 0.204 -0.008530 20000 1.000000
240.961000 34.168400 -13.029 6.439 0.169 0.2 0.010646 20000 1.000000
241.743000 33.861500 -13.381 6.717 0.926 0.526 -0.028640 20000 1.000000
241.476000 34.253600 -13.805 3.827 1.016 0.544 0.023566 20000 1.000000
240.629000 34.408100 -13.023 3.945 0.195 0.23 -0.016633 20000 1.000000
241.387000 34.516500 -10.932 3.466 0.175 0.202 -0.021891 20000 1.000000
243.630000 34.124100 -5.03 0.182 0.187 0.219 -0.072799 20000 1.000000
242.098000 34.082000 -15.937 4.799 1.024 0.549 -0.048851 20000 1.000000
241.603000 34.334000 -11.141 3.98 0.26 0.257 -0.161551 20000 1.000000
244.212000 33.389800 -5.956 0.099 0.175 0.202 -0.008625 20000 1.000000
242.154000 35.267500 -7.038 0.09 0.934 0.523 -0.013929 20000 1.000000
242.140000 34.413400 -9.088 3.356 0.185 0.232 0.002240 20000 1.000000
241.873000 33.938300 -13.825 3.585 0.997 0.527 -0.018722 20000 1.000000
242.588000 33.647700 -11.609 4.825 0.164 0.192 -0.001406 20000 1.000000
241.170000 34.946200 -7.47 2.167 0.176 0.213 -0.004445 20000 1.000000
245.061000 39.345200 -4.132 -4.145 0.168 0.209 -0.015176 20000 1.000000
244.183000 40.914700 -4.246 -4.131 0.161 0.207 -0.008736 20000 1.000000
241.871000 33.583500 -11.831 8.326 0.269 0.288 -0.030216 20000 1.000000
242.574000 33.649100 -14.487 5.463 0.985 0.527 -0.055664 20000 1.000000
241.574000 34.703100 -9.452 0.039 0.856 0.564 -0.040511 20000 1.000000
242.474000 34.104200 -10.137 4.087 0.197 0.231 -0.024094 20000 1.000000
239.991000 34.733000 -13.166 6.527 0.171 0.198 0.023740 20000 1.000000
243.064000 34.093600 -6.656 2.355 0.187 0.271 0.055476 20000 1.000000
241.116000 34.356300 -11.949 5.479 0.171 0.197 -0.007829 20000 1.000000
246.195000 39.369400 -4.282 -4.286 0.172 0.21 -0.023996 20000 1.000000
244.200000 32.945000 -11.009 3.536 1.303 0.665 -0.012051 20000 1.000000
241.107000 34.800200 -9.769 2.275 0.177 0.207 0.006110 20000 1.000000
240.644000 40.416500 -4.542 -2.872 0.17 0.219 -0.037992 20000 1.000000
244.479000 33.274800 -4.94 -2.369 0.175 0.199 -0.012449 20000 1.000000
243.617000 34.291400 -5.704 -0.351 0.982 0.539 -0.027188 20000 1.000000
245.173000 33.051100 -3.868 -2.864 0.173 0.201 -0.059410 20000 1.000000
244.340000 34.784000 -3.696 -3.459 0.192 0.229 -0.058100 20000 1.000000
245.810000 34.308600 -3.813 -2.281 0.171 0.199 -0.015753 20000 1.000000
245.820000 40.640200 -6.24 -2.607 0.167 0.209 0.012379 20000 1.000000
239.584000 36.399000 -6.096 -0.909 0.206 0.242 -0.037867 20000 1.000000
241.887000 34.047400 -12.686 3.853 1.512 0.768 -0.037722 20000 1.000000
242.701000 35.011500 -4.407 -0.321 1.396 0.736 -0.028805 20000 1.000000
241.714000 33.783600 -13.936 5.334 1.225 0.649 -0.076201 20000 1.000000
243.570000 34.754800 -4.777 -1.83 0.168 0.199 0.012523 20000 1.000000
242.999000 33.708100 -10.159 4.468 1.437 0.869 -0.026266 20000 1.000000
244.365000 33.705000 -4.919 -2.008 0.191 0.231 -0.033092 20000 1.000000
239.520000 35.866700 -10.993 6.286 0.193 0.244 0.004922 20000 1.000000
242.155000 34.458200 -9.724 3.35 0.915 0.537 -0.020199 20000 1.000000
239.598000 35.880800 -7.433 2.08 0.182 0.213 0.083122 20000 1.000000
240.812000 34.441200 -12.5 3.641 0.18 0.211 0.005191 20000 1.000000
244.089000 34.727300 -4.138 -2.549 0.172 0.204 0.006131 20000 1.000000
243.779000 33.796800 -7.106 -0.764 0.171 0.201 0.023788 20000 1.000000
244.855000 34.157600 -3.696 -3.151 0.167 0.198 0.025594 20000 1.000000
241.526000 35.662300 -5.14 -1.504 0.175 0.209 -0.072102 20000 1.000000
242.045000 34.449100 -9.668 1.866 0.165 0.202 -0.014741 20000 1.000000
240.992000 34.398500 -11.689 3.754 0.17 0.201 -0.011519 20000 1.000000
243.827000 33.925400 -6.276 -1.849 0.177 0.202 0.005566 20000 1.000000
243.241000 33.236000 -8.714 5.504 1.233 0.639 0.010771 20000 1.000000
242.165000 34.485500 -9.188 2.383 0.699 0.49 -0.036998 20000 1.000000
242.609000 33.744200 -10.351 4.491 0.199 0.221 0.082320 20000 1.000000
242.555000 33.817400 -13.335 4.403 1.508 0.853 0.000915 20000 1.000000
243.060000 35.090200 -5.206 -0.918 0.174 0.203 0.000981 20000 1.000000
239.553000 34.691000 -14.37 8.649 0.996 0.537 -0.020883 20000 1.000000
242.246000 34.133300 -10.206 3.261 0.173 0.201 0.021862 20000 1.000000
239.406000 35.828700 -11.556 6.215 0.173 0.208 0.017999 20000 1.000000
242.454000 34.314900 -9.015 1.774 0.312 0.343 0.052018 20000 1.000000
241.970000 34.527100 -9.763 1.565 0.899 0.545 -0.047328 20000 1.000000
240.896000 34.733600 -12.123 3.006 0.877 0.563 -0.026296 20000 1.000000
239.557000 35.832600 -10.189 5.537 0.168 0.201 -0.005064 20000 1.000000
242.563000 33.856800 -10.391 4.316 0.171 0.196 -0.012649 20000 1.000000
238.778000 42.418300 -3.098 -3.882 0.246 0.344 0.029053 20000 1.000000
244.021000 36.632500 -3.6 -3.376 0.166 0.203 0.027136 20000 1.000000
239.649000 34.038300 -13.086 7.312 0.172 0.203 -0.042687 20000 1.000000
243.904000 40.148400 -4.355 -4.323 0.172 0.219 -0.085494 20000 1.000000
242.682000 33.918400 -10.167 4.345 0.17 0.197 0.006129 20000 1.000000
239.566000 35.969500 -5.921 2.124 0.176 0.201 -0.047097 20000 1.000000
244.588000 40.710700 -4.22 -4.292 0.167 0.221 -0.017121 20000 1.000000
241.122000 34.295500 -12.008 5.907 0.191 0.219 0.003580 20000 1.000000
243.352000 34.038500 -6.015 0.972 0.261 0.31 0.096968 20000 1.000000
242.790000 34.230800 -15.894 -0.342 2.59 1.113 0.237527 20000 1.000000
245.381000 34.767700 -4.032 -2.967 0.182 0.215 -0.009809 20000 1.000000
242.491000 39.685600 -4.146 -4.111 0.169 0.212 -0.009481 20000 1.000000
240.859000 34.498700 -11.099 3.835 0.167 0.195 -0.004200 20000 1.000000
245.104000 42.614500 -19.988 -11.769 0.235 0.316 0.006791 20000 1.000000
243.932000 34.141000 -3.722 -1.692 0.169 0.197 0.011266 20000 1.000000
242.653000 33.240700 -11.65 6.117 0.197 0.211 -0.158146 20000 1.000000
244.082000 34.369900 -3.891 -3.249 0.169 0.202 -0.036437 20000 1.000000
243.695000 34.427700 -4.362 -1.216 0.171 0.205 -0.027825 20000 1.000000
243.708000 34.533000 -4.555 -1.86 0.179 0.205 -0.019291 20000 1.000000
243.185000 34.674900 -6.063 0.245 0.179 0.213 0.087862 20000 1.000000
241.793000 34.128800 -13.336 4.288 1.017 0.57 -0.015536 20000 1.000000
240.647000 34.683400 -11.59 2.179 0.179 0.213 -0.014243 20000 1.000000
242.814000 39.521100 -4.438 -3.944 0.168 0.209 -0.007616 20000 1.000000
245.995000 32.722500 -4.051 -2.461 0.178 0.204 0.027821 20000 1.000000
244.721000 39.910200 -4.465 -4.166 0.182 0.217 0.000146 20000 1.000000
245.543000 36.154200 -3.653 -3.005 0.169 0.2 -0.009182 20000 1.000000
245.180000 41.724200 -4.217 -4.037 0.166 0.212 -0.035447 20000 1.000000
242.670000 41.428700 -4.021 -3.823 0.165 0.212 0.002051 20000 1.000000
242.935000 42.981700 -4.129 -4.676 0.161 0.211 -0.010845 20000 1.000000
235.925000 40.876300 -3.361 1.21 0.218 0.269 0.038156 20000 1.000000
236.274000 38.928300 -11.907 6.099 0.163 0.202 -0.010341 20000 1.000000
237.585000 40.997600 -5.651 -2.679 0.192 0.254 -0.084489 20000 1.000000
243.830000 32.616500 -11.966 5.437 0.167 0.193 -0.011298 20000 1.000000
238.997000 35.551800 -12.168 7.442 0.167 0.201 0.001669 20000 1.000000
242.015000 39.305600 -3.794 -3.373 0.171 0.216 -0.045179 20000 1.000000
242.395000 39.287900 -4.019 -3.736 0.168 0.207 -0.013003 20000 1.000000
243.576000 39.500500 -3.99 -4.241 0.173 0.222 0.008741 20000 1.000000
243.950000 39.546400 -4.232 -3.994 0.168 0.206 0.014790 20000 1.000000
244.111000 39.374200 -3.653 -3.794 0.166 0.206 0.008759 20000 1.000000
244.487000 39.536100 -4.322 -4.171 0.165 0.208 -0.007890 20000 1.000000
244.568000 39.388600 -4.664 -4.199 0.16 0.202 -0.007678 20000 1.000000
242.120000 40.433400 -4.53 -3.703 0.166 0.211 0.018802 20000 1.000000
245.308000 39.255200 -4.185 -4.416 0.176 0.218 0.043783 20000 1.000000
245.723000 39.119400 -3.091 -3.63 0.19 0.24 -0.005025 20000 1.000000
246.129000 39.067300 -3.661 -3.042 0.243 0.299 -0.014985 20000 1.000000
246.495000 39.268900 -4.384 -4.139 0.164 0.209 0.010218 20000 1.000000
242.532000 40.320600 -3.839 -4.289 0.17 0.212 -0.046139 20000 1.000000
246.946000 40.494000 -4.569 -4.224 0.162 0.208 0.009575 20000 1.000000
243.264000 40.495500 -4.088 -2.812 0.464 0.53 -0.026871 20000 1.000000
243.721000 40.363200 -4.08 -4.375 0.163 0.208 0.014051 20000 1.000000
240.200000 39.572800 -4.928 -2.584 0.166 0.208 -0.017563 20000 1.000000
242.469000 36.614300 -4.046 -2.264 0.172 0.207 -0.012131 20000 1.000000
242.593000 36.804200 -3.769 -3.006 0.161 0.196 -0.002403 20000 1.000000
242.006000 36.606000 -4.881 -1.565 0.173 0.204 0.079880 20000 1.000000
242.296000 37.200800 -4.613 -2.45 0.167 0.203 -0.001143 20000 1.000000
240.463000 39.698400 -3.736 -2.306 0.175 0.218 -0.019665 20000 1.000000
240.694000 39.795600 -4.483 -2.459 0.174 0.224 0.042387 20000 1.000000
241.126000 39.838800 -4.704 -3.085 0.173 0.212 -0.025744 20000 1.000000
241.316000 39.888900 -4.449 -3.308 0.17 0.214 -0.019714 20000 1.000000
241.841000 39.212300 -4.582 -3.722 0.165 0.207 -0.000541 20000 1.000000
246.706000 41.856800 -4.401 -3.41 0.174 0.225 0.014380 20000 1.000000
246.958000 39.345100 -4.584 -3.754 0.168 0.208 -0.007799 20000 1.000000
246.988000 41.817300 -3.974 -3.803 0.165 0.212 -0.016283 20000 1.000000
246.722000 40.671300 -3.438 -4.162 0.168 0.213 -0.013458 20000 1.000000
240.400000 39.499200 -4.055 -2.108 0.181 0.217 0.040632 20000 1.000000
240.931000 39.486100 -4.253 -2.471 0.17 0.212 -0.001758 20000 1.000000
241.550000 39.133900 -4.08 -2.827 0.166 0.207 0.001847 20000 1.000000
241.062000 39.268000 -3.981 -2.943 0.166 0.207 -0.015207 20000 1.000000
241.649000 39.454700 -4.792 -3.124 0.167 0.208 0.038018 20000 1.000000
241.995000 38.728800 -3.948 -3.415 0.166 0.205 -0.000347 20000 1.000000
241.540000 38.724600 -4.022 -3.19 0.174 0.218 -0.000197 20000 1.000000
241.070000 38.980900 -4.217 -2.782 0.162 0.207 0.004602 20000 1.000000
240.985000 38.704600 29.48 23.894 0.28 0.315 0.032654 20000 1.000000
240.541000 38.761400 -5.087 -1.278 0.179 0.213 -0.087294 20000 1.000000
240.523000 40.779800 -3.361 -2.792 0.195 0.235 0.076084 20000 1.000000
240.990000 40.242200 -3.167 -3.693 0.189 0.221 -0.078990 20000 1.000000
240.278000 39.908200 -3.393 -2.356 0.166 0.211 0.026928 20000 1.000000
239.307000 38.829200 -6.528 -2.417 0.186 0.212 0.095439 20000 1.000000
239.614000 39.046600 -4.817 -1.759 0.209 0.255 -0.042177 20000 1.000000
240.189000 39.123500 -4.67 -2.554 0.17 0.212 -0.068694 20000 1.000000
240.376000 41.357700 -4.015 -3.521 0.165 0.212 -0.003081 20000 1.000000
239.716000 39.937400 -4.774 -2.304 0.159 0.202 -0.007515 20000 1.000000
239.194000 40.418600 -4.609 -2.835 0.209 0.253 0.032169 20000 1.000000
239.923000 40.288900 -4.137 -2.482 0.167 0.21 0.000847 20000 1.000000
235.692000 40.247500 -10.297 6.715 0.162 0.206 -0.006462 20000 1.000000
235.867000 40.551300 -4.951 1.924 0.165 0.21 -0.005652 20000 1.000000
235.787000 40.637400 -3.991 1.648 0.185 0.231 -0.010430 20000 1.000000
235.943000 40.219600 -8.95 3.638 0.166 0.21 0.009026 20000 1.000000
236.307000 40.119300 -8.167 -0.284 0.181 0.232 0.017107 20000 1.000000
238.207000 36.485500 -11.667 6.414 0.166 0.199 -0.005737 20000 1.000000
238.710000 35.945700 -11.809 6.995 0.168 0.202 0.035388 20000 1.000000
238.949000 36.302100 -12.127 5.693 0.167 0.202 0.016155 20000 1.000000
238.865000 36.425900 -12.079 6.725 0.166 0.2 0.005766 20000 1.000000
237.668000 37.534500 -11.031 4.688 0.207 0.219 -0.094117 20000 1.000000
237.623000 37.914500 -9.652 3.18 0.172 0.21 -0.003692 20000 1.000000
236.819000 38.495000 -10.32 5.917 0.168 0.209 -0.065237 20000 1.000000
236.291000 39.117200 -11.344 6.015 0.167 0.209 -0.001520 20000 1.000000
236.652000 38.987400 -9.82 3.761 0.174 0.211 0.068130 20000 1.000000
236.796000 39.242000 -10.252 1.256 0.164 0.205 -0.008254 20000 1.000000
236.368000 42.275400 -3.574 -2.149 0.171 0.217 -0.007392 20000 1.000000
236.895000 39.319700 -8.201 0.031 0.171 0.21 0.036845 20000 1.000000
237.041000 38.664700 -9.509 3.942 0.218 0.269 0.140968 20000 1.000000
237.233000 38.428600 -9.809 3.957 0.167 0.21 -0.003020 20000 1.000000
237.548000 38.239800 -9.354 2.127 0.17 0.209 0.005262 20000 1.000000
237.083000 38.866100 -8.714 0.27 0.162 0.202 -0.006281 20000 1.000000
237.037000 39.398100 -7.621 -0.662 0.306 0.352 -0.080897 20000 1.000000
237.424000 38.777800 -7.836 -0.354 0.169 0.22 -0.047683 20000 1.000000
237.281000 39.260000 -5.302 -3.478 0.167 0.206 0.032125 20000 1.000000
237.696000 39.109300 -7.316 -3.059 0.172 0.213 -0.012390 20000 1.000000
237.873000 37.069200 -11.426 5.492 0.204 0.238 0.210566 20000 1.000000
238.137000 36.962000 -11.83 5.644 0.191 0.216 -0.033452 20000 1.000000
238.009000 37.201700 -10.813 5.047 0.194 0.227 -0.073409 20000 1.000000
238.203000 37.001000 -11.46 5.131 0.261 0.281 0.102060 20000 1.000000
238.274000 37.002400 -11.226 5.028 0.179 0.223 0.025979 20000 1.000000
238.349000 37.104500 -10.448 2.563 0.207 0.225 -0.128931 20000 1.000000
238.286000 37.203500 -9.151 3.34 0.174 0.206 0.051930 20000 1.000000
237.786000 37.329900 -10.81 2.568 0.163 0.199 0.004612 20000 1.000000
237.901000 37.336900 -9.726 3.87 0.171 0.217 -0.027722 20000 1.000000
237.900000 37.722000 -8.818 1.669 0.163 0.199 -0.008600 20000 1.000000
237.781000 37.863900 -9.563 0.792 0.172 0.217 0.011399 20000 1.000000
237.942000 37.713900 -7.436 -0.523 0.191 0.226 -0.083715 20000 1.000000
238.174000 37.336800 -11.122 2.587 0.167 0.203 -0.010472 20000 1.000000
238.210000 37.533000 -7.756 -0.701 0.165 0.2 0.000291 20000 1.000000
238.313000 37.601800 -7.078 -0.963 0.171 0.206 0.042349 20000 1.000000
238.022000 37.749400 -8.449 -0.069 0.166 0.203 -0.004299 20000 1.000000
238.214000 37.819000 -7.397 -0.282 0.17 0.205 0.002945 20000 1.000000
238.095000 36.621700 -12.824 7.389 0.166 0.201 -0.022640 20000 1.000000
238.421000 36.724000 -12.219 6.841 0.165 0.199 -0.008892 20000 1.000000
238.580000 36.800400 -9.625 3.662 0.165 0.2 -0.013654 20000 1.000000
238.409000 36.858500 -11.681 6.164 0.167 0.203 -0.022645 20000 1.000000
238.459000 36.814300 -12.316 6.24 0.168 0.201 0.001412 20000 1.000000
238.445000 36.903500 -10.744 3.607 0.17 0.202 -0.025369 20000 1.000000
238.613000 36.637000 -12.692 6.666 0.176 0.211 -0.067197 20000 1.000000
238.458000 37.007800 -10.265 3.07 0.167 0.212 0.015378 20000 1.000000
238.426000 37.213000 -6.232 0.282 0.166 0.2 0.001125 20000 1.000000
238.665000 36.918200 -7.217 -1.275 0.164 0.199 0.000514 20000 1.000000
238.645000 37.010800 -8.135 -1.333 0.175 0.215 -0.038227 20000 1.000000
240.294000 37.713100 -6.503 -1.49 0.171 0.211 -0.025297 20000 1.000000
238.812000 36.559500 -12.169 7.693 0.163 0.197 -0.010944 20000 1.000000
238.131000 37.975600 -6.778 -1.005 0.172 0.21 0.008860 20000 1.000000
238.936000 36.611600 -3.255 0.686 0.162 0.196 -0.005667 20000 1.000000
238.732000 36.950000 -7.617 -1.508 0.165 0.201 0.015575 20000 1.000000
238.652000 36.811400 -7.881 -0.025 0.167 0.203 -0.016175 20000 1.000000
238.942000 37.169600 -6.346 -1.912 0.174 0.211 0.008093 20000 1.000000
238.347000 37.478400 -7.102 0.244 0.182 0.221 0.004625 20000 1.000000
238.531000 37.489600 -8.888 2.167 0.163 0.199 -0.013700 20000 1.000000
238.675000 37.581900 -6.859 -1.424 0.17 0.21 -0.017187 20000 1.000000
238.395000 37.932000 -7.281 -1.959 0.166 0.204 -0.006673 20000 1.000000
238.536000 37.755300 -6.875 -1.45 0.169 0.205 -0.004811 20000 1.000000
238.717000 37.385400 -8.895 -1.452 0.168 0.209 -0.017565 20000 1.000000
237.782000 38.153000 -7.216 0.087 0.163 0.202 -0.024015 20000 1.000000
237.904000 38.025100 -9.206 0.807 0.171 0.21 -0.068706 20000 1.000000
237.805000 38.444200 -7.882 -1.228 0.176 0.228 0.000597 20000 1.000000
237.645000 38.999500 -6.703 -2.141 0.2 0.222 0.068802 20000 1.000000
238.905000 38.645300 -6.328 -3.22 0.17 0.211 -0.003647 20000 1.000000
239.652000 35.544100 -11.085 5.359 0.172 0.205 -0.008004 20000 1.000000
239.611000 35.841100 -8.313 4.86 0.174 0.204 -0.033153 20000 1.000000
239.655000 35.837800 -7.994 1.965 0.17 0.208 -0.008677 20000 1.000000
239.715000 35.806700 -7.921 2.359 0.178 0.215 -0.005897 20000 1.000000
239.093000 35.933300 -12.154 6.118 0.164 0.199 -0.004795 20000 1.000000
239.019000 36.417200 -7.433 -0.593 0.165 0.199 -0.006452 20000 1.000000
239.147000 36.515900 -6.053 -0.228 0.173 0.21 -0.023094 20000 1.000000
239.302000 36.024800 -12.549 6.264 0.166 0.206 -0.001270 20000 1.000000
239.121000 36.140200 -12.674 6.655 0.167 0.199 -0.008693 20000 1.000000
239.251000 36.106800 -12.478 6.742 0.162 0.195 -0.003643 20000 1.000000
239.272000 36.178900 -6.107 -0.316 0.162 0.196 -0.002014 20000 1.000000
239.355000 35.922800 -11.032 6.226 0.165 0.197 -0.013659 20000 1.000000
239.525000 36.007500 0.569 6.095 0.197 0.216 -0.024212 20000 1.000000
239.457000 36.089400 -8.194 2.879 0.163 0.198 -0.003145 20000 1.000000
239.560000 36.123200 -6.632 -0.512 0.164 0.197 -0.005725 20000 1.000000
239.158000 35.697100 -11.641 6.526 0.171 0.198 0.043601 20000 1.000000
239.637000 36.051700 -6.194 0.234 0.168 0.197 -0.005685 20000 1.000000
239.448000 35.974100 -10.714 5.211 0.18 0.208 -0.057757 20000 1.000000
239.706000 36.015800 -6.44 0.316 0.166 0.199 -0.012052 20000 1.000000
239.723000 36.304400 -7.049 -1.252 0.18 0.219 -0.008837 20000 1.000000
239.257000 36.806300 -5.817 -1.419 0.166 0.204 -0.004643 20000 1.000000
239.803000 37.352200 -6.403 -2.299 0.18 0.22 -0.014690 20000 1.000000
239.356000 37.795200 -7.256 -2.141 0.171 0.205 -0.018579 20000 1.000000
240.160000 37.901100 -6.432 -2.491 0.187 0.213 -0.101034 20000 1.000000
239.049000 38.090000 -6.335 -2.348 0.169 0.209 -0.014767 20000 1.000000
239.666000 38.735600 -5.679 -2.134 0.192 0.216 0.050019 20000 1.000000
241.480000 37.177600 -4.505 -1.155 0.163 0.198 0.002873 20000 1.000000
236.283000 39.863600 -10.718 1.821 0.205 0.253 -0.099667 20000 1.000000
236.448000 39.905700 -11.576 -1.22 0.197 0.256 -0.047884 20000 1.000000
236.628000 39.452400 -10.136 -0.744 0.167 0.212 0.010185 20000 1.000000
236.705000 39.707100 -9.765 -1.175 0.178 0.221 -0.058791 20000 1.000000
236.817000 39.962100 -8.119 -2.881 0.187 0.235 -0.056725 20000 1.000000
236.344000 40.256800 -7.107 0.312 0.167 0.211 0.022706 20000 1.000000
236.117000 41.151700 -3.248 -0.642 0.168 0.212 0.008046 20000 1.000000
236.301000 40.575300 -5.149 0.377 0.175 0.22 0.076735 20000 1.000000
236.427000 40.478900 -6.959 -1.874 0.209 0.258 0.201914 20000 1.000000
236.548000 40.082200 -9.097 -1.147 0.163 0.207 -0.002134 20000 1.000000
236.864000 40.324100 -7.192 -2.703 0.161 0.205 -0.013059 20000 1.000000
236.676000 40.732900 -6.596 -1.717 0.164 0.208 -0.034375 20000 1.000000
236.826000 40.546700 -6.999 -3.048 0.166 0.213 -0.027404 20000 1.000000
237.024000 39.621400 -6.022 -3.06 0.177 0.209 0.051286 20000 1.000000
237.264000 39.493600 -6.732 -3.883 0.162 0.202 -0.016588 20000 1.000000
237.126000 39.726200 -5.753 -2.948 0.166 0.211 0.033487 20000 1.000000
237.077000 40.747600 -7.026 -2.309 0.172 0.215 -0.028796 20000 1.000000
237.332000 40.034100 -6.022 -2.381 0.186 0.23 -0.023638 20000 1.000000
236.666000 40.887100 -4.337 -0.63 0.161 0.206 -0.003489 20000 1.000000
237.729000 40.271200 -7.625 -3.282 0.178 0.221 -0.082537 20000 1.000000
239.132000 39.794700 -4.486 -1.475 0.164 0.21 -0.038592 20000 1.000000
239.052000 41.183300 -5.177 -2.84 0.165 0.214 -0.030470 20000 1.000000
237.681000 40.731100 -5.573 -4.643 0.198 0.23 0.044744 20000 1.000000
235.774000 42.209100 -3.839 -0.417 0.17 0.213 0.003115 20000 1.000000
236.617000 42.503500 -2.571 -2.315 0.166 0.216 -0.004355 20000 1.000000
237.344000 42.191000 -3.308 -3.067 0.17 0.222 -0.043900 20000 1.000000
238.220000 42.259700 -1.237 -3.123 0.164 0.209 -0.012986 20000 1.000000
239.622000 42.468800 -3.76 -3.834 0.165 0.216 -0.040391 20000 1.000000
241.588000 42.254600 -4.244 -4.431 0.161 0.21 -0.010187 20000 1.000000
243.371000 36.071300 -3.976 -2.316 0.175 0.212 0.053359 20000 1.000000
242.835000 36.022500 -4.047 -2.476 0.174 0.202 -0.012558 20000 1.000000
242.590000 36.159000 -5 -1.904 0.174 0.209 0.046124 20000 1.000000
241.868000 36.466800 -4.801 -1.954 0.188 0.231 -0.194840 20000 1.000000
242.211000 36.531200 -5.033 -2.008 0.161 0.197 -0.006882 20000 1.000000
241.909000 36.570200 -4.223 -0.956 0.192 0.215 -0.076759 20000 1.000000
241.882000 36.975700 -3.825 -2.234 0.162 0.198 0.000111 20000 1.000000
242.064000 37.231400 -4.422 -2.566 0.17 0.204 0.041289 20000 1.000000
242.606000 34.462400 -7.039 1.735 0.178 0.204 0.000440 20000 1.000000
242.459000 33.562100 -11.563 5.174 0.165 0.193 0.017279 20000 1.000000
242.895000 32.889200 -12.013 6.347 0.169 0.193 -0.018887 20000 1.000000
243.050000 32.733800 -12.509 5.719 0.164 0.189 -0.007279 20000 1.000000
242.756000 32.666400 -12.584 6.146 0.177 0.196 0.066976 20000 1.000000
242.810000 33.439600 -11.216 4.696 0.165 0.193 0.009725 20000 1.000000
242.928000 33.235700 -11.749 5.606 0.177 0.197 0.042478 20000 1.000000
243.217000 33.493300 -10.241 3.703 0.167 0.193 -0.002564 20000 1.000000
243.651000 32.976000 -11.102 4.676 0.171 0.197 0.001732 20000 1.000000
243.989000 32.822200 -10.892 4.326 0.172 0.196 -0.049999 20000 1.000000
243.329000 33.240200 -11.542 4.149 0.175 0.201 -0.008107 20000 1.000000
243.431000 33.059200 -12.76 5.591 0.165 0.19 -0.006657 20000 1.000000
243.379000 33.375600 -10.636 4.602 0.17 0.197 0.031921 20000 1.000000
243.591000 33.210200 -10.782 3.845 0.181 0.211 0.006488 20000 1.000000
243.817000 33.213500 -10.257 3.615 0.167 0.193 -0.002289 20000 1.000000
243.921000 33.201000 -8.995 2.72 0.167 0.194 0.005145 20000 1.000000
243.888000 33.296200 -8.873 1.868 0.17 0.197 -0.059393 20000 1.000000
243.574000 33.523500 -8.119 2.82 0.179 0.202 0.056722 20000 1.000000
243.773000 33.574700 -7.944 1.142 0.175 0.211 0.013785 20000 1.000000
244.031000 32.887000 -10.585 4.375 0.17 0.196 0.004346 20000 1.000000
244.175000 32.954700 -9.431 3.669 0.167 0.193 -0.006863 20000 1.000000
244.268000 32.759700 -10.246 2.955 0.175 0.204 0.002915 20000 1.000000
244.404000 32.750600 -9.439 5.103 0.184 0.204 -0.005234 20000 1.000000
244.423000 32.834700 -7.781 2.903 0.174 0.199 -0.007177 20000 1.000000
244.430000 32.898400 -6.819 2.579 0.174 0.199 0.013442 20000 1.000000
244.700000 32.690000 -5.114 -0.926 0.168 0.194 -0.012588 20000 1.000000
244.602000 32.875800 -4.141 -1.323 0.176 0.203 0.007381 20000 1.000000
244.578000 32.982500 -4.411 -3.248 0.173 0.2 0.005253 20000 1.000000
244.280000 32.948900 -8.681 3.272 0.171 0.197 0.002244 20000 1.000000
244.234000 33.516400 -5.453 -0.627 0.176 0.204 0.045169 20000 1.000000
244.313000 33.423900 -3.934 -1.865 0.175 0.201 0.041674 20000 1.000000
244.571000 33.247800 -4.512 -2.631 0.172 0.199 -0.013468 20000 1.000000
244.657000 33.143600 -4.178 -2.112 0.17 0.196 -0.016883 20000 1.000000
244.704000 33.886900 -3.783 -2.91 0.178 0.201 -0.004884 20000 1.000000
240.305000 37.562600 -5.994 -0.874 0.184 0.208 0.097340 20000 1.000000
239.350000 34.907300 -13.464 6.685 0.163 0.193 -0.008290 20000 1.000000
239.590000 35.010700 -11.982 7.099 0.17 0.198 -0.002059 20000 1.000000
239.760000 34.870600 -13.301 5.998 0.166 0.195 0.010007 20000 1.000000
239.617000 35.106200 -12.408 6.381 0.175 0.203 0.066815 20000 1.000000
241.822000 34.376400 -10.638 3.342 0.17 0.2 0.002301 20000 1.000000
239.925000 35.020000 -9.324 7.551 0.164 0.193 -0.006196 20000 1.000000
240.208000 34.507800 -12.536 5.953 0.171 0.194 -0.004019 20000 1.000000
240.384000 34.630500 -13.081 6.181 0.163 0.192 -0.003933 20000 1.000000
240.185000 34.888600 -10.577 4.125 0.162 0.192 0.001678 20000 1.000000
240.464000 35.086600 -9.587 2.3 0.163 0.194 -0.001027 20000 1.000000
239.192000 35.425800 -11.888 7.323 0.165 0.196 -0.017888 20000 1.000000
239.455000 35.327800 -12.281 6.93 0.168 0.202 0.043555 20000 1.000000
239.646000 35.440500 -11.637 5.731 0.192 0.224 -0.016100 20000 1.000000
239.520000 35.624800 -10.917 6.641 0.166 0.2 0.010466 20000 1.000000
239.463000 35.792700 -11.197 6.047 0.167 0.201 0.010131 20000 1.000000
239.733000 35.633800 -10.264 4.586 0.17 0.198 0.020328 20000 1.000000
239.629000 35.747900 -10.141 4.645 0.169 0.202 0.003990 20000 1.000000
237.762000 37.061200 -12.843 6.753 0.165 0.201 -0.002192 20000 1.000000
239.899000 35.235100 -11.782 5.05 0.188 0.214 0.040696 20000 1.000000
239.975000 35.279800 -10.889 4.713 0.172 0.209 -0.035223 20000 1.000000
240.065000 35.316800 -10.641 4.122 0.168 0.201 -0.010275 20000 1.000000
239.887000 35.534200 -10.061 4.04 0.166 0.201 -0.004741 20000 1.000000
239.818000 35.702700 -8.582 2.238 0.166 0.198 0.000120 20000 1.000000
239.869000 35.801300 -6.639 0.242 0.175 0.203 0.007810 20000 1.000000
239.999000 35.686700 -7.632 1.033 0.172 0.202 -0.050006 20000 1.000000
239.707000 35.688900 -10.394 3.857 0.166 0.198 -0.014042 20000 1.000000
240.287000 35.319000 -8.974 0.959 0.176 0.209 -0.019667 20000 1.000000
240.091000 35.934700 -6.108 0.18 0.167 0.198 -0.001423 20000 1.000000
240.496000 34.466800 -14.235 4.09 0.163 0.192 -0.001266 20000 1.000000
240.885000 34.660100 -11.226 2.928 0.172 0.2 0.057182 20000 1.000000
240.845000 34.856200 -10.852 0.722 0.249 0.332 -0.119621 20000 1.000000
239.755000 35.686700 -10.087 3.608 0.167 0.198 -0.010468 20000 1.000000
241.121000 34.835100 -8.827 2.094 0.166 0.196 0.009533 20000 1.000000
241.152000 34.792300 -10.262 0.301 0.171 0.206 -0.001841 20000 1.000000
241.331000 34.695000 -11.583 5.15 0.172 0.203 0.050468 20000 1.000000
241.454000 34.771100 -8.106 2.002 0.169 0.201 0.007624 20000 1.000000
241.344000 34.944400 -6.82 1.152 0.173 0.204 -0.056511 20000 1.000000
241.388000 35.138600 -6.991 -0.119 0.166 0.196 -0.031384 20000 1.000000
241.459000 34.821800 -7.307 1.113 0.176 0.203 -0.014597 20000 1.000000
241.876000 35.378000 -4.261 -0.044 0.168 0.198 -0.014736 20000 1.000000
241.740000 35.667300 -4.833 -0.118 0.174 0.202 0.007569 20000 1.000000
241.233000 36.231400 -5.72 -1.117 0.171 0.201 0.053599 20000 1.000000
241.045000 36.585500 -5.765 -1.49 0.162 0.197 -0.001835 20000 1.000000
241.740000 36.093100 -5.159 -1.024 0.167 0.198 -0.006091 20000 1.000000
241.994000 35.038800 -5.91 0.8 0.167 0.197 0.003762 20000 1.000000
242.271000 34.509700 -7.36 2.057 0.167 0.197 -0.005197 20000 1.000000
242.451000 34.634300 -6.817 1.237 0.166 0.197 -0.010471 20000 1.000000
242.457000 34.987000 -5.466 0.466 0.17 0.199 0.028616 20000 1.000000
243.048000 33.892600 -8.112 2.503 0.165 0.193 -0.001829 20000 1.000000
243.454000 34.019300 -6.119 1.198 0.166 0.195 -0.013908 20000 1.000000
242.719000 34.534800 -6.153 0.695 0.193 0.207 -0.112642 20000 1.000000
241.969000 34.332200 -10.055 4.002 0.168 0.198 0.011415 20000 1.000000
242.635000 35.116800 -5.431 -0.288 0.166 0.196 -0.013181 20000 1.000000
241.983000 35.152400 -5.679 0.806 0.167 0.198 -0.009003 20000 1.000000
242.697000 35.238500 -4.922 -0.666 0.168 0.198 0.005987 20000 1.000000
242.795000 35.387900 -5.499 -0.977 0.163 0.195 0.005595 20000 1.000000
242.610000 35.896700 -5.163 -1.045 0.182 0.217 -0.036708 20000 1.000000
242.597000 35.697600 -4.924 -1.876 0.167 0.198 -0.007219 20000 1.000000
243.111000 35.998200 -3.978 -3.358 0.175 0.201 -0.008044 20000 1.000000
243.112000 35.710600 -4.647 -1.946 0.165 0.198 0.000983 20000 1.000000
243.290000 34.192500 -6.727 1.101 0.168 0.196 -0.012774 20000 1.000000
243.463000 34.217200 -5.315 0.453 0.169 0.196 0.011248 20000 1.000000
243.788000 33.865800 -5.533 0.275 0.166 0.194 0.013257 20000 1.000000
243.920000 33.959300 -5.818 -1.453 0.172 0.199 -0.002185 20000 1.000000
239.772000 35.729200 -8.389 2.144 0.168 0.198 0.012199 20000 1.000000
243.971000 34.716900 -3.753 -2.692 0.179 0.206 -0.040290 20000 1.000000
243.329000 34.936800 -4.861 -1.403 0.171 0.204 0.003573 20000 1.000000
242.063000 34.341100 -9.541 3.493 0.18 0.219 0.001690 20000 1.000000
243.120000 34.462100 -6.268 0.11 0.167 0.197 -0.002233 20000 1.000000
244.179000 33.741000 -4.331 -2.098 0.187 0.214 -0.011678 20000 1.000000
243.107000 34.062700 -6.865 2.329 0.182 0.215 -0.042870 20000 1.000000
244.236000 34.425700 -3.58 -2.916 0.204 0.217 0.033753 20000 1.000000
244.350000 35.204800 -4.164 -3.037 0.171 0.202 -0.030104 20000 1.000000
242.685000 34.187400 -8.767 3.285 0.169 0.2 0.034802 20000 1.000000
242.950000 34.196200 -6.808 3.453 0.198 0.203 0.070310 20000 1.000000
244.750000 34.731800 -4.231 -3.172 0.211 0.248 -0.048230 20000 1.000000
243.237000 35.204600 -4.125 -1.876 0.166 0.196 0.002765 20000 1.000000
242.107000 35.424600 -5.469 -0.774 0.166 0.196 -0.012300 20000 1.000000
243.428000 35.320600 -4.135 -2.292 0.168 0.201 -0.001153 20000 1.000000
243.896000 35.141900 -4.215 -3.332 0.178 0.201 -0.037133 20000 1.000000
243.878000 35.526000 -3.982 -3.365 0.168 0.2 -0.014060 20000 1.000000
243.855000 35.785400 -3.96 -3.171 0.167 0.2 -0.016768 20000 1.000000
244.456000 35.472800 -4.225 -3.05 0.166 0.202 -0.003440 20000 1.000000
244.634000 35.163000 -3.191 -2.627 0.198 0.23 0.002674 20000 1.000000
245.401000 34.188900 -3.592 -2.694 0.17 0.199 -0.005473 20000 1.000000
245.035000 34.844400 -3.863 -3.114 0.169 0.199 -0.018017 20000 1.000000
244.762000 35.291100 -3.812 -3.208 0.166 0.199 -0.004660 20000 1.000000
241.621000 37.973100 -3.546 -2.712 0.245 0.307 -0.038686 20000 1.000000
241.000000 37.613000 -7.609 -5.591 0.168 0.204 -0.045990 20000 1.000000
241.084000 37.605300 -5.615 -3.48 0.172 0.221 -0.020320 20000 1.000000
240.914000 37.785700 -6.307 -0.865 0.204 0.232 -0.129147 20000 1.000000
240.967000 37.913500 -5.361 -0.353 0.162 0.2 -0.003701 20000 1.000000
240.974000 37.696600 -6.297 0.228 0.211 0.237 0.128032 20000 1.000000
240.862000 37.839300 -5.709 -1.285 0.177 0.21 0.022514 20000 1.000000
240.853000 37.962800 -4.224 -1.491 0.207 0.255 -0.008242 20000 1.000000
240.916000 37.914100 -5.029 -0.481 0.165 0.201 -0.003627 20000 1.000000
241.056000 37.734300 -5.332 0.045 0.164 0.202 -0.009206 20000 1.000000
241.131000 37.654600 -3.135 -1.92 0.166 0.205 -0.013057 20000 1.000000
241.040000 37.891700 -5.065 -0.602 0.171 0.206 -0.016098 20000 1.000000
241.148000 37.878200 -4.038 -0.269 0.165 0.202 -0.017482 20000 1.000000
241.183000 37.591400 -4.221 -1.993 0.168 0.215 0.056910 20000 1.000000
241.302000 37.561600 -3.658 -1.997 0.171 0.226 -0.007410 20000 1.000000
241.316000 37.495400 -3.703 -1.843 0.161 0.197 -0.005902 20000 1.000000
241.406000 37.541300 -4.253 -1.539 0.168 0.206 -0.000677 20000 1.000000
241.180000 37.677000 -3.094 -1.61 0.164 0.201 -0.003708 20000 1.000000
241.232000 37.754400 -3.182 -0.389 0.171 0.217 0.028670 20000 1.000000
240.981000 37.800000 -6.008 -0.252 0.167 0.205 0.041081 20000 1.000000
241.264000 37.903500 -3.995 -0.928 0.166 0.203 -0.016712 20000 1.000000
241.445000 37.891300 -3.528 -1.954 0.176 0.207 0.064315 20000 1.000000
241.762000 37.589200 -3.895 -2.552 0.164 0.202 -0.005919 20000 1.000000
241.528000 37.737500 -3.609 -1.494 0.171 0.205 0.019467 20000 1.000000
240.850000 38.057900 -4.513 -1.209 0.177 0.215 0.010580 20000 1.000000
237.804000 41.344800 -4.121 -0.599 0.172 0.225 0.030767 20000 1.000000
237.706000 41.381200 -2.412 -1.731 0.176 0.215 0.053375 20000 1.000000
237.809000 41.479200 -3.668 -2.243 0.334 0.434 -0.048116 20000 1.000000
237.687000 41.463600 -3.854 -2.135 0.166 0.223 -0.047504 20000 1.000000
237.847000 41.531900 -2.963 -2.309 0.223 0.254 0.044471 20000 1.000000
238.493000 41.711600 -4.114 -3.195 0.162 0.209 -0.007600 20000 1.000000
246.132000 42.878900 -4.529 -5.163 0.161 0.214 -0.015689 20000 1.000000
241.275000 37.380400 -1.625 -0.419 0.255 0.275 0.134570 20000 1.000000
241.439000 37.439500 -4.233 -1.666 0.185 0.22 -0.002171 20000 1.000000
240.254000 37.088900 -6.372 -1.257 0.168 0.204 0.037087 20000 1.000000
241.853000 37.280500 -4.424 -2.289 0.166 0.203 0.009080 20000 1.000000
239.172000 41.359200 -4.371 -3.241 0.212 0.261 -0.081529 20000 1.000000
239.527000 41.332500 -4.667 -3.568 0.168 0.214 -0.004673 20000 1.000000
235.587000 42.442000 -2.584 -1.187 0.167 0.218 -0.068551 20000 1.000000
235.707000 42.076600 -2.763 -1.551 0.171 0.214 0.005067 20000 1.000000
238.120000 42.579800 -2.94 -3.256 0.167 0.213 -0.017808 20000 1.000000
237.390000 42.727100 -2.161 -1.598 0.178 0.22 0.095531 20000 1.000000
240.341000 42.546100 -3.754 -3.673 0.165 0.216 -0.020492 20000 1.000000
242.275000 42.020200 -5.017 -4.73 0.166 0.214 -0.010764 20000 1.000000
243.404000 33.598200 -7.269 3.775 0.26 0.3 -0.199553 20000 1.000000
243.397000 33.495500 -10.157 4.064 0.172 0.202 0.004947 20000 1.000000
244.492000 32.829400 -6.071 2.825 0.182 0.206 -0.007365 20000 1.000000
237.579000 41.830800 -2.423 -3.268 0.171 0.221 0.026099 20000 1.000000
236.019000 41.845500 -2.929 -1.736 0.184 0.263 -0.079104 20000 1.000000
238.521000 36.744300 -10.812 6.316 0.18 0.212 0.047715 20000 1.000000
239.528000 35.946600 -9.205 1.595 0.188 0.215 0.041763 20000 1.000000
239.485000 35.929100 -12.164 4.286 0.224 0.276 0.003274 20000 1.000000
236.427000 40.478800 -6.807 -2.342 0.21 0.258 0.236005 20000 1.000000
237.036000 39.845700 -6.76 -2.305 0.162 0.206 -0.026473 20000 1.000000
243.852000 34.508100 -4.338 -2.882 0.164 0.193 -0.003256 20000 1.000000
245.241000 32.497900 -3.4 -2.765 0.179 0.199 -0.004312 20000 1.000000
243.407000 33.537300 -9.781 2.94 0.179 0.211 0.055779 20000 1.000000
241.651000 34.021700 -11.516 5.105 0.173 0.208 0.019387 20000 1.000000
241.379000 34.836000 -7.566 1.786 0.17 0.2 -0.002399 20000 1.000000
241.983000 35.152400 -5.825 0.662 0.169 0.201 -0.005123 20000 1.000000
241.983000 35.152500 -6.163 0.23 0.169 0.2 -0.001967 20000 1.000000
235.946000 42.861900 -2.364 -0.948 0.192 0.237 0.151115 20000 1.000000
242.968000 33.389000 -11.342 6.735 0.99 0.568 0.047327 20000 1.000000
243.936000 31.559100 -13.035 6.583 0.174 0.194 0.065423 20000 1.000000
238.728000 35.709000 -12.495 8.44 0.186 0.22 -0.018322 20000 1.000000
242.077000 34.508200 -7.756 2.333 0.174 0.203 0.005430 20000 1.000000
239.241000 36.186900 -8.431 -3.595 0.173 0.202 0.049737 20000 1.000000
239.233000 36.180500 -12.728 6.173 0.17 0.202 0.001807 20000 1.000000
244.450000 32.490100 -10.025 4.597 0.17 0.204 -0.035383 20000 1.000000
242.305000 34.925400 -5.687 0.883 0.171 0.201 -0.036410 20000 1.000000
244.116000 32.417000 -12.246 6.113 0.165 0.191 -0.002289 20000 1.000000
243.076000 33.687100 -11.717 4.113 0.926 0.545 -0.020382 20000 1.000000
239.522000 35.919900 -11.249 4.501 0.171 0.205 0.024816 20000 1.000000
242.818000 33.835700 -10.288 4.298 0.186 0.209 -0.016098 20000 1.000000
242.193000 34.091800 -10.584 4.246 0.177 0.214 0.005627 20000 1.000000
244.165000 31.313100 -13.265 7.087 0.166 0.19 -0.014665 20000 1.000000
241.596000 33.743300 -13.764 5.903 1.009 0.525 -0.012361 20000 1.000000
241.628000 33.779500 -14.335 5.942 1.503 0.725 0.025501 20000 1.000000
238.863000 36.161100 -12.714 6.4 0.174 0.204 0.023311 20000 1.000000
239.056000 39.974600 -2.767 -0.405 0.19 0.237 -0.049050 20000 1.000000
243.849000 34.683200 -4.556 -1.492 0.192 0.228 0.000209 20000 1.000000
242.317000 35.338700 -5.391 0.58 0.167 0.197 0.002819 20000 1.000000
240.280000 34.500000 -12.578 5.194 0.17 0.199 -0.003251 20000 1.000000
242.413000 33.444100 -10.471 5.111 0.197 0.221 0.011558 20000 1.000000
243.375000 34.643900 -5.673 -0.642 0.171 0.197 -0.027639 20000 1.000000
241.974000 34.019100 -11.044 5.282 0.187 0.218 -0.045966 20000 1.000000
242.391000 33.674100 -16.44 3.171 1.02 0.543 0.011671 20000 1.000000
242.445000 33.485800 -11.308 5.324 0.174 0.2 0.033266 20000 1.000000
239.475000 35.900000 -6.455 3.93 0.178 0.218 -0.030492 20000 1.000000
241.807000 34.875100 -6.38 1.309 0.178 0.208 0.011534 20000 1.000000
240.816000 34.541500 -10.409 2.436 0.187 0.218 0.067478 20000 1.000000
244.877000 40.617200 -4.357 -4.5 0.167 0.218 0.002560 20000 1.000000
243.350000 36.316300 -3.995 -3.549 0.239 0.289 0.001219 20000 1.000000
238.442000 37.666500 -7.052 -1.758 0.167 0.204 -0.014284 20000 1.000000
241.245000 34.459800 -11.431 3.535 0.188 0.224 -0.022982 20000 1.000000
239.775000 40.591700 -4.912 -2.618 0.171 0.22 -0.030838 20000 1.000000
240.984000 41.868400 -3.929 -3.917 0.177 0.226 0.062395 20000 1.000000
243.701000 35.971300 -4.248 -3.092 0.178 0.206 -0.051900 20000 1.000000
241.521000 34.438600 -9.507 3.685 0.208 0.234 -0.057868 20000 1.000000
243.746000 33.192600 -11.055 4.354 0.169 0.197 -0.006172 20000 1.000000
244.022000 33.292200 -7.074 2.154 0.17 0.196 0.003108 20000 1.000000
240.476000 33.247900 -14.375 7.115 1.193 0.658 -0.025576 20000 1.000000
240.936000 34.319900 -12.15 4.863 0.165 0.194 -0.000503 20000 1.000000
241.354000 34.059300 -14.047 5.273 1.371 0.737 -0.044713 20000 1.000000
242.151000 33.992700 -11.161 4.313 0.178 0.206 0.007113 20000 1.000000
239.935000 34.004300 -12.853 7.564 0.176 0.202 -0.012593 20000 1.000000
239.930000 34.607300 -14.682 6.547 0.979 0.533 -0.020677 20000 1.000000
239.640000 35.917400 -5.243 2.888 0.194 0.219 0.057200 20000 1.000000
241.585000 35.158200 -7.258 0.511 0.165 0.197 -0.003658 20000 1.000000
243.923000 33.650600 -5.212 -2.172 0.171 0.201 0.031950 20000 1.000000
242.233000 33.549600 -12.388 6.202 0.193 0.208 -0.031709 20000 1.000000
243.770000 36.934800 -4.701 -3.916 0.17 0.207 0.012587 20000 1.000000
239.867000 34.483500 -12.613 7.04 0.172 0.206 -0.004724 20000 1.000000
243.839000 33.641200 -6.723 0.799 0.648 0.441 -0.021169 20000 1.000000
246.368000 31.335500 -3.585 -2.506 0.171 0.191 -0.022546 20000 1.000000
242.951000 39.542200 -4.08 -4.071 0.173 0.209 0.073937 20000 1.000000
242.816000 38.097200 -4.511 -4.529 0.165 0.204 -0.012429 20000 1.000000
241.669000 33.797800 -12.95 5.268 0.937 0.551 0.003554 20000 1.000000
241.163000 34.248000 -11.391 5.308 0.173 0.201 0.048144 20000 1.000000
241.771000 34.878900 -9.099 2.322 0.977 0.547 -0.049759 20000 1.000000
235.849000 41.053900 -2.325 1.404 0.167 0.212 -0.004816 20000 1.000000
241.198000 39.627100 -4.421 -3.224 0.162 0.204 0.004103 20000 1.000000
241.723000 34.019500 -10.889 4.216 0.259 0.304 -0.003750 20000 1.000000
243.915000 33.030100 -11.097 4.601 0.209 0.243 -0.001096 20000 1.000000
238.053000 38.394500 -6.951 -2.778 0.169 0.209 -0.016658 20000 1.000000
241.780000 34.178600 -9.99 5.012 0.219 0.23 0.060302 20000 1.000000
241.486000 34.126400 -11.815 4.66 0.167 0.196 0.017126 20000 1.000000
241.516000 34.293200 -11.336 4.391 0.171 0.198 0.003445 20000 1.000000
239.384000 34.556300 -12.517 6.371 0.166 0.196 0.000519 20000 1.000000
241.879000 34.501500 -9.369 2.45 1.052 0.58 0.010853 20000 1.000000
241.706000 33.712600 -14.17 6.99 0.974 0.539 -0.032333 20000 1.000000
242.807000 33.225000 -11.681 5.954 0.165 0.192 0.015157 20000 1.000000
241.346000 37.664300 -3.344 -1.141 0.181 0.222 -0.015919 20000 1.000000
241.016000 35.010800 -8.581 1.536 0.183 0.222 -0.024681 20000 1.000000
241.648000 35.695000 -8.026 -1.36 0.934 0.545 -0.052778 20000 1.000000
243.608000 33.934800 -4.571 2.329 1.369 0.784 -0.054504 20000 1.000000
241.258000 34.568500 -10.674 3.786 0.183 0.21 0.120219 20000 1.000000
241.586000 34.259400 -11.438 3.865 1.012 0.579 -0.012786 20000 1.000000
244.418000 33.038300 -7.25 -0.776 1.715 0.867 -0.042099 20000 1.000000
243.068000 34.669000 -5.897 0.186 0.181 0.214 -0.102488 20000 1.000000
241.758000 35.695600 -8.578 -2.512 1.445 0.776 0.102376 20000 1.000000
241.572000 33.958200 -13.692 5.67 1.074 0.582 -0.208368 20000 1.000000
244.421000 33.278800 -3.963 -2.509 0.893 0.497 -0.023162 20000 1.000000
243.346000 33.955300 -8.016 1.844 0.561 0.385 -0.004179 20000 1.000000
243.111000 35.425200 -4.649 -1.327 0.184 0.216 -0.029539 20000 1.000000
243.532000 36.840400 -4.316 -3.444 0.165 0.202 0.011720 20000 1.000000
243.920000 35.287000 -4.751 -3.78 0.171 0.202 -0.002425 20000 1.000000
