242.907000 34.116400 -11.97 1.475 0.24 0.263 -0.086185 20000 1.000000
243.571000 34.594300 -7.408 -2.29 0.173 0.211 0.005096 20000 1.000000
241.305000 34.824500 -12.757 2.94 0.175 0.214 0.029346 20000 1.000000
245.068000 36.319100 -7.116 -3.956 0.192 0.236 0.095593 20000 1.000000
242.103000 34.126000 -13.423 1.887 0.237 0.266 -0.074082 20000 1.000000
242.795000 40.412800 -7.203 -4.865 0.166 0.218 0.012162 20000 1.000000
240.970000 33.480500 -15.088 5.091 0.192 0.22 -0.023665 20000 1.000000
243.116000 34.264300 -9.586 -0.986 0.193 0.233 0.057550 20000 1.000000
240.594000 34.920500 -13.397 1.534 0.174 0.21 0.024005 20000 1.000000
243.379000 37.039900 -6.935 -4.737 0.171 0.214 0.031358 20000 1.000000
244.002000 34.000500 -7.841 -3.61 0.169 0.204 0.009585 20000 1.000000
242.935000 33.578200 -13.542 2.638 0.179 0.212 0.011177 20000 1.000000
243.920000 35.287000 -7.064 -4.868 0.259 0.3 -0.019544 20000 1.000000
245.285000 33.610400 -6.527 -4.53 0.169 0.201 0.042891 20000 1.000000
243.947000 34.251400 -6.736 -4.008 0.174 0.21 -0.004475 20000 1.000000
243.015000 33.962700 -12.322 0.93 0.179 0.212 0.041906 20000 1.000000
241.723000 34.184900 -14.158 2.37 0.21 0.246 0.005845 20000 1.000000
242.988000 34.918600 -8.602 -1.609 0.172 0.211 0.020507 20000 1.000000
241.812000 34.292800 -13.155 2.634 0.309 0.322 -0.316787 20000 1.000000
243.128000 36.917600 -7.388 -4.397 0.193 0.231 0.060440 20000 1.000000
242.156000 42.779500 -6.817 -4.507 0.169 0.232 0.016931 20000 1.000000
240.653000 35.157300 -12.097 -0.201 0.171 0.211 0.019958 20000 1.000000
235.437000 42.836100 -4.604 -0.387 0.171 0.232 -0.029589 20000 1.000000
244.010000 33.655100 -9.045 -1.356 0.175 0.208 0.055029 20000 1.000000
239.566000 35.939400 -10.709 -0.877 0.228 0.272 -0.078169 20000 1.000000
239.569000 35.888400 -14.463 2.8 0.182 0.22 -0.016026 20000 1.000000
241.666000 33.311600 -14.505 4.535 0.167 0.202 0.019676 20000 1.000000
241.517000 33.445800 -15.015 4.536 0.173 0.209 -0.012115 20000 1.000000
241.370000 34.138600 -15.168 3.071 0.192 0.228 0.097686 20000 1.000000
242.329000 35.565300 -9.147 -2.103 0.174 0.215 0.015585 20000 1.000000
241.789000 33.876300 -13.053 4.172 0.183 0.219 0.092296 20000 1.000000
240.987000 34.806400 -14.012 1.161 0.269 0.347 -0.100685 20000 1.000000
243.664000 34.829500 -7.768 -3.897 0.182 0.214 0.009128 20000 1.000000
242.035000 34.244000 -11.761 3.689 0.203 0.253 -0.114091 20000 1.000000
237.881000 37.724100 -8.451 0.585 0.188 0.235 -0.012290 20000 1.000000
241.974000 34.333400 -12.647 0.727 0.195 0.233 0.032976 20000 1.000000
243.234000 36.746500 -7.462 -4.231 0.19 0.229 0.085416 20000 1.000000
242.172000 34.640500 -7.426 -2.71 0.204 0.241 -0.097881 20000 1.000000
241.063000 34.109600 -14.556 4.821 0.184 0.232 0.029865 20000 1.000000
241.873000 34.136700 -13.609 2.538 0.168 0.201 0.046992 20000 1.000000
242.521000 34.313800 -12.062 0.59 0.192 0.224 0.153999 20000 1.000000
242.291000 34.109900 -12.71 -0.032 0.186 0.222 -0.000725 20000 1.000000
245.126000 40.558400 -6.784 -4.852 0.181 0.224 0.064779 20000 1.000000
240.120000 34.414900 -15.665 4.625 0.172 0.21 -0.030996 20000 1.000000
242.427000 35.071700 -8.782 -0.601 0.175 0.211 0.048006 20000 1.000000
243.431000 36.807700 -7.222 -3.922 0.248 0.29 0.094247 20000 1.000000
239.249000 35.791600 -14.336 5.744 0.176 0.217 -0.045187 20000 1.000000
242.900000 34.039100 -12.114 -0.281 0.178 0.211 0.062681 20000 1.000000
244.265000 33.069800 -9.881 1.326 0.177 0.209 0.023481 20000 1.000000
240.961000 34.168400 -15.081 4.428 0.168 0.204 0.015294 20000 1.000000
241.743000 33.861500 -15.192 3.917 0.172 0.209 0.037554 20000 1.000000
241.476000 34.253600 -12.079 5.58 0.223 0.268 0.079507 20000 1.000000
240.629000 34.408100 -15.315 3.36 0.189 0.233 -0.017440 20000 1.000000
241.387000 34.516500 -13.376 1.883 0.174 0.21 -0.014331 20000 1.000000
243.630000 34.124100 -7.447 -1.827 0.181 0.216 -0.009678 20000 1.000000
242.098000 34.082000 -11.183 2.028 0.185 0.221 -0.030136 20000 1.000000
244.212000 33.389800 -10.314 -2.035 0.173 0.206 0.039960 20000 1.000000
242.140000 34.413400 -12.615 1.377 0.176 0.226 0.042905 20000 1.000000
241.874000 33.938000 -16.854 1.435 0.199 0.255 0.015961 20000 1.000000
242.588000 33.647700 -13.457 3.218 0.167 0.202 0.018080 20000 1.000000
241.170000 34.946200 -11.023 1.096 0.177 0.218 -0.003830 20000 1.000000
245.061000 39.345200 -7.173 -4.349 0.175 0.223 0.024440 20000 1.000000
244.183000 40.914700 -7.367 -4.855 0.166 0.22 0.023394 20000 1.000000
242.474000 34.104200 -13.244 2.75 0.188 0.228 0.003046 20000 1.000000
239.991000 34.733000 -15.899 4.469 0.171 0.207 0.028497 20000 1.000000
241.116000 34.356300 -15.138 3.815 0.168 0.204 0.008297 20000 1.000000
246.195000 39.369400 -6.818 -4.733 0.173 0.219 0.025834 20000 1.000000
241.641000 34.080600 -10.924 3.722 0.204 0.251 -0.029433 20000 1.000000
241.107000 34.800200 -12.824 -0.87 0.191 0.23 0.062298 20000 1.000000
240.644000 40.416500 -7.261 -4.566 0.217 0.287 -0.015957 20000 1.000000
240.136000 35.189400 -14.143 1.285 0.174 0.218 0.025029 20000 1.000000
244.479000 33.274800 -7.401 -4.638 0.178 0.209 0.012558 20000 1.000000
245.173000 33.051100 -5.726 -4.075 0.208 0.235 -0.075244 20000 1.000000
244.340000 34.784000 -7.385 -4.256 0.191 0.238 -0.014146 20000 1.000000
245.810000 34.308600 -5.956 -5.301 0.184 0.218 0.021532 20000 1.000000
243.111000 35.425200 -7.636 -3.98 0.176 0.216 0.030867 20000 1.000000
245.820000 40.640200 -7.628 -4.838 0.169 0.221 0.039565 20000 1.000000
239.584000 36.399000 -8.009 -0.737 0.198 0.236 -0.043485 20000 1.000000
241.887000 34.047400 -13.992 2.481 0.173 0.209 0.055992 20000 1.000000
239.318000 34.469400 -17.054 2.266 0.167 0.204 0.041232 20000 1.000000
241.714000 33.783600 -11.303 5.603 0.215 0.255 0.032086 20000 1.000000
243.570000 34.754800 -8.556 -3.488 0.18 0.219 0.027289 20000 1.000000
238.530000 40.815900 -8.347 -3.977 0.185 0.247 0.000514 20000 1.000000
244.365000 33.705000 -7.062 -5.707 0.193 0.237 -0.000924 20000 1.000000
239.520000 35.866700 -13.289 4.357 0.183 0.227 0.020676 20000 1.000000
242.155000 34.458200 -12.038 0.892 0.172 0.209 0.032094 20000 1.000000
239.598000 35.880800 -10.787 0.839 0.177 0.219 0.079704 20000 1.000000
240.812000 34.441200 -15.015 3.04 0.177 0.216 0.007253 20000 1.000000
244.089000 34.727300 -7.059 -4.795 0.172 0.21 0.031681 20000 1.000000
244.855000 34.157600 -7.033 -4.595 0.172 0.209 0.051051 20000 1.000000
241.526000 35.662300 -11.021 -0.623 0.185 0.228 -0.052421 20000 1.000000
243.901000 36.458800 -6.966 -3.75 0.193 0.238 0.131831 20000 1.000000
240.992000 34.398500 -14.828 1.912 0.176 0.215 0.003172 20000 1.000000
243.827000 33.925400 -8.521 -1.795 0.176 0.21 0.047779 20000 1.000000
241.694000 33.927900 -14.512 3.125 0.181 0.214 0.044868 20000 1.000000
243.692000 36.745900 -7.173 -3.902 0.203 0.244 0.056028 20000 1.000000
242.165000 34.485500 -11.74 0.579 0.174 0.212 0.029743 20000 1.000000
243.060000 35.090200 -7.956 -1.673 0.171 0.208 0.013421 20000 1.000000
242.246000 34.133300 -13.495 1.667 0.172 0.207 0.036768 20000 1.000000
239.406000 35.828700 -14.601 5.694 0.171 0.213 0.021330 20000 1.000000
240.896000 34.733600 -14.29 1.762 0.177 0.22 0.014656 20000 1.000000
239.557000 35.832600 -13.744 4.307 0.168 0.208 -0.000313 20000 1.000000
242.563000 33.856800 -13.684 2.661 0.17 0.204 0.003593 20000 1.000000
238.778000 42.418300 -6.983 -3.888 0.211 0.288 -0.048505 20000 1.000000
239.241000 36.186900 -7.837 0.029 0.172 0.212 0.052114 20000 1.000000
239.233000 36.180500 -15.329 5.662 0.177 0.219 0.015380 20000 1.000000
244.021000 36.632500 -6.81 -3.886 0.182 0.226 0.095644 20000 1.000000
239.649000 34.038300 -16.106 5.933 0.173 0.21 -0.035135 20000 1.000000
243.904000 40.148400 -6.792 -4.954 0.173 0.227 -0.041098 20000 1.000000
242.682000 33.918400 -13.592 2.743 0.174 0.206 0.019511 20000 1.000000
239.566000 35.969500 -9.566 -0.189 0.309 0.347 -0.058633 20000 1.000000
244.588000 40.710700 -7.127 -5.058 0.172 0.235 0.014697 20000 1.000000
241.122000 34.295500 -14.311 3.927 0.185 0.218 -0.039857 20000 1.000000
242.790000 34.230800 -12.266 -1.858 0.205 0.231 0.150407 20000 1.000000
245.381000 34.767700 -6.812 -4.843 0.176 0.214 0.019697 20000 1.000000
242.491000 39.685600 -6.933 -4.353 0.172 0.222 0.001359 20000 1.000000
240.859000 34.498700 -14.896 1.307 0.168 0.204 -0.003250 20000 1.000000
243.932000 34.141000 -7.295 -3.424 0.171 0.207 0.034793 20000 1.000000
244.082000 34.369900 -6.313 -4.144 0.18 0.217 -0.037678 20000 1.000000
243.695000 34.427700 -6.495 -2.934 0.175 0.213 -0.029358 20000 1.000000
243.708000 34.533000 -7.25 -3.249 0.176 0.211 0.010674 20000 1.000000
243.185000 34.674900 -8.817 -1.755 0.168 0.206 0.017781 20000 1.000000
241.793000 34.128800 -14.383 2.327 0.172 0.209 0.024108 20000 1.000000
240.647000 34.683400 -15.06 2.723 0.189 0.229 -0.009300 20000 1.000000
242.814000 39.521100 -7.318 -4.47 0.168 0.218 0.018637 20000 1.000000
245.995000 32.722500 -5.741 -4.659 0.176 0.207 0.057863 20000 1.000000
244.721000 39.910200 -7.139 -4.645 0.189 0.23 0.024205 20000 1.000000
245.543000 36.154200 -5.781 -4.501 0.171 0.21 0.019704 20000 1.000000
245.180000 41.724200 -6.382 -5.043 0.167 0.223 0.006565 20000 1.000000
242.670000 41.428700 -7.263 -4.862 0.166 0.222 0.025160 20000 1.000000
242.935000 42.981700 -6.891 -4.327 0.164 0.224 0.010550 20000 1.000000
235.925000 40.876300 -5.487 0.013 0.216 0.263 0.015879 20000 1.000000
236.274000 38.928300 -14.445 7.274 0.164 0.213 -0.015524 20000 1.000000
237.585000 40.997600 -6.414 -3.02 0.194 0.262 -0.104152 20000 1.000000
235.986000 42.967400 -5.6 -0.792 0.17 0.236 0.015967 20000 1.000000
243.830000 32.616500 -14.819 3.234 0.171 0.203 0.010989 20000 1.000000
238.997000 35.551800 -14.876 6.979 0.169 0.209 0.007714 20000 1.000000
242.015000 39.305600 -7.568 -4.749 0.173 0.226 -0.022821 20000 1.000000
242.395000 39.287900 -7.225 -5.024 0.171 0.218 0.014415 20000 1.000000
243.576000 39.500500 -7.092 -4.511 0.167 0.223 0.049291 20000 1.000000
243.950000 39.546400 -6.754 -4.538 0.17 0.217 0.038894 20000 1.000000
244.111000 39.374200 -6.925 -4.812 0.167 0.216 0.033433 20000 1.000000
244.487000 39.536100 -6.954 -4.56 0.168 0.22 0.020706 20000 1.000000
244.568000 39.388600 -6.852 -4.688 0.163 0.213 0.024942 20000 1.000000
242.120000 40.433400 -7.183 -4.185 0.169 0.222 0.042987 20000 1.000000
245.308000 39.255200 -7.181 -4.017 0.174 0.218 0.069763 20000 1.000000
245.723000 39.119400 -6.705 -4.315 0.171 0.223 0.030649 20000 1.000000
246.129000 39.067300 -6.817 -4.364 0.169 0.218 0.015977 20000 1.000000
246.495000 39.268900 -6.762 -4.788 0.167 0.219 0.037201 20000 1.000000
242.532000 40.320600 -5.936 -4.385 0.173 0.225 -0.031510 20000 1.000000
246.946000 40.494000 -6.642 -4.403 0.167 0.219 0.047926 20000 1.000000
243.264000 40.495500 -7.122 -4.603 0.174 0.225 -0.004964 20000 1.000000
243.721000 40.363200 -7.045 -3.903 0.166 0.219 0.034618 20000 1.000000
240.200000 39.572800 -9.151 -4.415 0.168 0.22 0.012607 20000 1.000000
242.469000 36.614300 -7.493 -3.47 0.167 0.208 0.012818 20000 1.000000
242.593000 36.804200 -7.193 -3.582 0.164 0.207 0.017330 20000 1.000000
242.006000 36.606000 -9.963 -3.418 0.176 0.216 0.098484 20000 1.000000
242.296000 37.200800 -8.126 -4.461 0.168 0.212 0.018009 20000 1.000000
240.463000 39.698400 -9.828 -4.153 0.175 0.227 0.014690 20000 1.000000
240.694000 39.795600 -7.871 -3.809 0.176 0.231 0.061525 20000 1.000000
241.126000 39.838800 -8.454 -4.019 0.177 0.227 -0.031927 20000 1.000000
241.316000 39.888900 -8.362 -4.389 0.17 0.222 0.004017 20000 1.000000
241.841000 39.212300 -7.344 -3.457 0.163 0.213 0.018163 20000 1.000000
246.706000 41.856800 -6.507 -6.45 0.175 0.235 0.060713 20000 1.000000
246.958000 39.345100 -6.358 -3.82 0.173 0.221 0.025746 20000 1.000000
246.988000 41.817300 -7.41 -4.834 0.168 0.223 0.026044 20000 1.000000
246.722000 40.671300 -6.221 -4.793 0.171 0.224 0.012910 20000 1.000000
240.400000 39.499200 -9.405 -3.691 0.184 0.228 0.050549 20000 1.000000
240.931000 39.486100 -8.697 -3.792 0.171 0.222 0.005206 20000 1.000000
241.550000 39.133900 -8.062 -3.816 0.167 0.217 0.029466 20000 1.000000
241.062000 39.268000 -8.21 -3.892 0.169 0.219 0.001923 20000 1.000000
241.649000 39.454700 -7.783 -4.095 0.168 0.219 0.058701 20000 1.000000
241.995000 38.728800 -7.792 -4.207 0.169 0.216 0.019841 20000 1.000000
241.540000 38.724600 -8.036 -3.72 0.168 0.218 0.014641 20000 1.000000
241.070000 38.980900 -8.942 -3.096 0.189 0.251 0.018076 20000 1.000000
240.985000 38.704600 -8.269 -3.602 0.17 0.221 -0.016150 20000 1.000000
240.541000 38.761400 -8.324 -3.029 0.176 0.222 -0.058852 20000 1.000000
240.523000 40.779800 -7.756 -3.917 0.182 0.231 0.082744 20000 1.000000
240.990000 40.242200 -8.026 -3.687 0.187 0.229 -0.057189 20000 1.000000
240.278000 39.908200 -9.655 -3.983 0.17 0.223 0.055120 20000 1.000000
239.307000 38.829200 -9.804 -2.335 0.192 0.224 0.098137 20000 1.000000
239.614000 39.046600 -10.013 -3.223 0.191 0.239 -0.069795 20000 1.000000
239.107000 39.466700 -10.032 -3.554 0.182 0.228 0.102569 20000 1.000000
240.376000 41.357700 -8.016 -4.383 0.168 0.225 0.016266 20000 1.000000
239.716000 39.937400 -8.85 -3.713 0.163 0.214 0.005425 20000 1.000000
239.194000 40.418600 -9.268 -3.432 0.174 0.221 -0.006562 20000 1.000000
239.923000 40.288900 -8.717 -3.836 0.169 0.222 0.029128 20000 1.000000
235.692000 40.247500 -12.534 4.452 0.164 0.217 -0.007188 20000 1.000000
235.867000 40.551300 -7.167 1.554 0.165 0.218 -0.016273 20000 1.000000
235.787000 40.637400 -6.202 1.508 0.183 0.236 -0.034104 20000 1.000000
235.943000 40.219600 -10.734 2.852 0.167 0.221 0.017583 20000 1.000000
236.307000 40.119300 -10.912 0.463 0.174 0.236 0.030384 20000 1.000000
238.207000 36.485500 -16.195 7.015 0.164 0.206 -0.000672 20000 1.000000
238.710000 35.945700 -15.62 6.258 0.171 0.213 0.047132 20000 1.000000
238.949000 36.302100 -15.623 5.808 0.168 0.211 0.008700 20000 1.000000
238.865000 36.425900 -15.046 6.137 0.17 0.213 0.023267 20000 1.000000
237.668000 37.534500 -13.032 4.413 0.187 0.221 -0.060565 20000 1.000000
237.623000 37.914500 -12.395 2.778 0.172 0.221 -0.005461 20000 1.000000
236.819000 38.495000 -12.706 5.143 0.17 0.22 -0.069861 20000 1.000000
236.291000 39.117200 -13.8 4.113 0.176 0.229 -0.032407 20000 1.000000
236.652000 38.987400 -13.405 4.125 0.174 0.223 0.064305 20000 1.000000
236.796000 39.242000 -11.342 0.762 0.166 0.217 0.000594 20000 1.000000
236.368000 42.275400 -8.192 -3.087 0.173 0.232 -0.001372 20000 1.000000
236.895000 39.319700 -11.597 0.149 0.173 0.222 0.016649 20000 1.000000
237.041000 38.664700 -11.911 3.451 0.179 0.249 -0.011475 20000 1.000000
237.233000 38.428600 -11.363 3.676 0.167 0.216 0.003117 20000 1.000000
237.548000 38.239800 -10.682 0.95 0.17 0.217 -0.001306 20000 1.000000
237.083000 38.866100 -8.495 0.517 0.163 0.212 -0.009347 20000 1.000000
237.037000 39.398100 -9.407 -0.624 0.19 0.237 -0.031732 20000 1.000000
237.424000 38.777800 -9.911 0.847 0.176 0.235 -0.026062 20000 1.000000
237.281000 39.260000 -10.961 -0.194 0.166 0.216 0.023877 20000 1.000000
237.696000 39.109300 -9.004 -2.13 0.173 0.223 -0.005190 20000 1.000000
237.873000 37.069200 -15.359 7.196 0.187 0.237 0.124121 20000 1.000000
238.137000 36.962000 -14.313 5.542 0.194 0.231 -0.038508 20000 1.000000
238.009000 37.201700 -13.04 3.375 0.193 0.238 -0.077773 20000 1.000000
238.203000 37.001000 -13.293 5.416 0.244 0.271 0.083271 20000 1.000000
238.274000 37.002400 -13.065 3.619 0.178 0.231 0.014294 20000 1.000000
238.349000 37.104500 -12.767 3.002 0.189 0.23 -0.066985 20000 1.000000
238.286000 37.203500 -13.503 2.042 0.172 0.216 0.050985 20000 1.000000
237.786000 37.329900 -13.212 5.701 0.165 0.21 0.006194 20000 1.000000
237.901000 37.336900 -13.373 3.785 0.175 0.232 -0.000273 20000 1.000000
237.900000 37.722000 -11.552 1.399 0.166 0.211 -0.004896 20000 1.000000
237.781000 37.863900 -9.758 1.807 0.167 0.215 -0.042993 20000 1.000000
237.942000 37.713900 -10.716 1.07 0.176 0.221 -0.028429 20000 1.000000
238.174000 37.336800 -11.279 3.268 0.176 0.226 0.021052 20000 1.000000
238.210000 37.533000 -9.796 -0.33 0.166 0.211 0.006667 20000 1.000000
238.313000 37.601800 -9.613 -1.488 0.172 0.216 0.045678 20000 1.000000
238.022000 37.749400 -10.659 0.03 0.167 0.212 -0.002717 20000 1.000000
238.214000 37.819000 -9.27 -2.209 0.17 0.216 -0.005250 20000 1.000000
238.095000 36.621700 -16.25 7.187 0.169 0.213 -0.008030 20000 1.000000
238.421000 36.724000 -15.304 5.201 0.167 0.21 -0.008089 20000 1.000000
238.580000 36.800400 -11.752 3.76 0.166 0.209 -0.006963 20000 1.000000
238.409000 36.858500 -15.129 5.178 0.167 0.212 -0.011131 20000 1.000000
238.459000 36.814300 -14.664 7.337 0.169 0.211 0.008502 20000 1.000000
238.445000 36.903500 -12.688 4.014 0.169 0.211 -0.017087 20000 1.000000
238.613000 36.637000 -15.424 6.001 0.177 0.221 -0.046980 20000 1.000000
238.458000 37.007800 -11.837 2.751 0.166 0.21 0.002421 20000 1.000000
238.426000 37.213000 -10.325 -1.579 0.167 0.21 0.001496 20000 1.000000
238.665000 36.918200 -10.409 -1.638 0.19 0.239 0.000792 20000 1.000000
238.645000 37.010800 -9.688 -1.961 0.176 0.222 -0.024934 20000 1.000000
240.294000 37.713100 -9.549 -3.362 0.177 0.223 -0.012946 20000 1.000000
238.812000 36.559500 -15.425 5.28 0.166 0.208 -0.004156 20000 1.000000
238.131000 37.975600 -8.953 -2.522 0.168 0.214 0.014559 20000 1.000000
238.936000 36.611600 -10.967 -2.692 0.164 0.207 -0.000508 20000 1.000000
238.732000 36.950000 -8.757 -1.567 0.171 0.214 0.019959 20000 1.000000
238.652000 36.811400 -9.918 -0.294 0.169 0.212 -0.002325 20000 1.000000
238.942000 37.169600 -9.4 -2.293 0.174 0.219 0.016982 20000 1.000000
238.347000 37.478400 -9.607 -2.482 0.179 0.226 -0.018696 20000 1.000000
238.531000 37.489600 -9.034 -2.909 0.165 0.21 -0.004202 20000 1.000000
238.675000 37.581900 -8.332 -1.72 0.169 0.217 -0.008835 20000 1.000000
238.395000 37.932000 -10.006 -2.142 0.167 0.214 0.003336 20000 1.000000
238.536000 37.755300 -8.998 -3.534 0.169 0.215 -0.003768 20000 1.000000
238.717000 37.385400 -8.909 -2.712 0.171 0.221 0.007387 20000 1.000000
237.782000 38.153000 2.103 -7.874 0.273 0.348 -0.009258 20000 1.000000
237.904000 38.025100 -9.623 -0.238 0.169 0.218 -0.049599 20000 1.000000
237.805000 38.444200 -10.09 -2.062 0.175 0.234 0.007466 20000 1.000000
237.645000 38.999500 -8.559 -2.242 0.201 0.229 0.082712 20000 1.000000
238.905000 38.645300 -9.497 -1.09 0.165 0.213 0.005508 20000 1.000000
239.652000 35.544100 -13.655 4.391 0.171 0.212 0.005028 20000 1.000000
239.611000 35.841100 -12.442 3.918 0.172 0.213 -0.016369 20000 1.000000
239.655000 35.837800 -10.42 1.033 0.173 0.215 -0.008312 20000 1.000000
239.715000 35.806700 -10.583 1.356 0.178 0.219 -0.011609 20000 1.000000
239.093000 35.933300 -13.889 4.722 0.167 0.208 -0.003723 20000 1.000000
239.019000 36.417200 -9.344 -0.561 0.168 0.212 0.018785 20000 1.000000
239.147000 36.515900 -9.999 -1.86 0.171 0.217 -0.001963 20000 1.000000
239.302000 36.024800 -14.526 6.153 0.168 0.214 0.000985 20000 1.000000
239.121000 36.140200 -14.606 5.539 0.168 0.209 -0.004617 20000 1.000000
239.251000 36.106800 -15.112 5.19 0.165 0.206 0.002103 20000 1.000000
239.272000 36.178900 -8.766 -2.023 0.165 0.206 0.001303 20000 1.000000
239.355000 35.922800 -14.35 5.186 0.167 0.208 -0.009024 20000 1.000000
239.525000 36.007500 -10.702 -1.035 0.26 0.313 0.024389 20000 1.000000
239.457000 36.089400 -9.039 -0.515 0.166 0.207 0.005430 20000 1.000000
239.560000 36.123200 -8.211 -0.794 0.166 0.207 0.004752 20000 1.000000
239.158000 35.697100 -14.479 5.779 0.173 0.211 0.038358 20000 1.000000
239.637000 36.051700 -8.148 0.551 0.168 0.207 0.001465 20000 1.000000
239.448000 35.974100 -14.096 5.818 0.186 0.224 -0.046525 20000 1.000000
239.706000 36.015800 -8.793 -0.129 0.168 0.209 -0.005033 20000 1.000000
239.723000 36.304400 -7.097 -0.532 0.176 0.219 -0.022239 20000 1.000000
239.257000 36.806300 -8.408 -1.142 0.168 0.212 0.003622 20000 1.000000
239.803000 37.352200 -9.094 -1.571 0.175 0.221 -0.000543 20000 1.000000
239.356000 37.795200 -9.344 -1.477 0.202 0.251 -0.008297 20000 1.000000
240.160000 37.901100 -8.28 -1.361 0.185 0.225 -0.087167 20000 1.000000
239.049000 38.090000 -8.947 -2.224 0.17 0.218 -0.005784 20000 1.000000
239.666000 38.735600 -10.455 -2.436 0.173 0.216 0.019497 20000 1.000000
241.480000 37.177600 -8.921 -2.214 0.165 0.209 0.015313 20000 1.000000
236.283000 39.863600 -13.325 0.569 0.202 0.258 -0.074478 20000 1.000000
236.448000 39.905700 -9.76 0.033 0.184 0.249 0.000692 20000 1.000000
236.628000 39.452400 -11.438 -0.346 0.166 0.216 -0.010314 20000 1.000000
236.705000 39.707100 -12.046 -3.011 0.175 0.227 -0.059200 20000 1.000000
236.813000 39.492800 -11.636 0.291 0.182 0.255 0.033937 20000 1.000000
236.817000 39.962100 -9.09 -1.582 0.166 0.22 -0.051150 20000 1.000000
236.344000 40.256800 -9.258 -0.592 0.166 0.222 0.007480 20000 1.000000
236.117000 41.151700 -6.348 -2.777 0.166 0.222 0.008363 20000 1.000000
236.301000 40.575300 -7.156 -2.509 0.172 0.226 0.053115 20000 1.000000
236.427000 40.478900 -7.095 -2.99 0.203 0.272 0.195778 20000 1.000000
236.548000 40.082200 -9.538 -0.392 0.164 0.216 -0.000631 20000 1.000000
236.864000 40.324100 -7.281 -1.491 0.164 0.217 -0.006624 20000 1.000000
236.676000 40.732900 -6.065 -2.728 0.165 0.218 -0.031016 20000 1.000000
236.826000 40.546700 -6.72 -1.907 0.169 0.223 -0.023893 20000 1.000000
237.024000 39.621400 -10.443 -1.662 0.173 0.22 0.029949 20000 1.000000
237.264000 39.493600 -9.917 -2.359 0.164 0.213 -0.008360 20000 1.000000
237.126000 39.726200 -10.627 -1.274 0.174 0.226 0.060432 20000 1.000000
237.077000 40.747600 -6.813 -2.118 0.172 0.226 -0.020445 20000 1.000000
237.332000 40.034100 -8.329 -2.61 0.168 0.22 -0.019088 20000 1.000000
237.393000 40.650700 -7.35 -1.767 0.175 0.234 -0.044881 20000 1.000000
236.666000 40.887100 -6.431 -2.771 0.162 0.216 -0.008740 20000 1.000000
237.729000 40.271200 -7.601 -2.62 0.176 0.23 -0.055193 20000 1.000000
239.132000 39.794700 -12.129 -4.125 0.167 0.223 -0.025149 20000 1.000000
239.052000 41.183300 -8.59 -4.343 0.168 0.225 -0.004205 20000 1.000000
237.681000 40.731100 -7.531 -0.906 0.196 0.241 -0.010929 20000 1.000000
235.774000 42.209100 -8.869 -2.404 0.167 0.22 -0.017259 20000 1.000000
235.946000 42.860100 -5.986 -1.272 0.186 0.246 0.064383 20000 1.000000
236.617000 42.503500 -9.61 -3.833 0.167 0.228 0.003829 20000 1.000000
237.344000 42.191000 -9.618 -3.283 0.169 0.23 -0.028822 20000 1.000000
238.220000 42.259700 -8.357 -4.073 0.167 0.222 -0.003198 20000 1.000000
239.622000 42.468800 -8.078 -4.388 0.168 0.23 -0.013329 20000 1.000000
243.371000 36.071300 -7.343 -4.896 0.178 0.224 0.074100 20000 1.000000
242.835000 36.022500 -7.76 -3.088 0.177 0.212 0.005045 20000 1.000000
242.590000 36.159000 -8.537 -2.924 0.179 0.221 0.065048 20000 1.000000
241.868000 36.466800 -9.266 -1.698 0.191 0.239 -0.186924 20000 1.000000
242.211000 36.531200 -8.759 -3.317 0.174 0.218 -0.007468 20000 1.000000
241.909000 36.570200 -8.545 -1.86 0.188 0.222 -0.040516 20000 1.000000
241.882000 36.975700 -9.728 -3.217 0.165 0.208 0.011520 20000 1.000000
242.064000 37.231400 -8.64 -3.702 0.171 0.214 0.057022 20000 1.000000
242.606000 34.462400 -10.458 -0.304 0.179 0.212 0.000379 20000 1.000000
242.459000 33.562100 -14.537 3.344 0.169 0.203 0.042313 20000 1.000000
242.895000 32.889200 -14.85 3.644 0.171 0.202 0.002159 20000 1.000000
243.050000 32.733800 -15.285 3.214 0.167 0.199 0.015107 20000 1.000000
242.756000 32.666400 -15.673 4.159 0.182 0.209 0.093246 20000 1.000000
242.810000 33.439600 -14.694 3.315 0.169 0.203 0.018781 20000 1.000000
242.928000 33.235700 -14.669 3.316 0.178 0.207 0.058064 20000 1.000000
243.217000 33.493300 -13.411 2.365 0.169 0.203 0.014280 20000 1.000000
243.651000 32.976000 -15.044 3.488 0.172 0.205 0.024865 20000 1.000000
243.989000 32.822200 -13.657 3.352 0.173 0.204 -0.018454 20000 1.000000
243.329000 33.240200 -13.795 3.147 0.179 0.21 0.022026 20000 1.000000
243.431000 33.059200 -14.506 3.183 0.168 0.2 0.013557 20000 1.000000
243.379000 33.375600 -13.166 2.312 0.173 0.206 0.055061 20000 1.000000
243.591000 33.210200 -14.238 2.483 0.184 0.219 0.032091 20000 1.000000
243.817000 33.213500 -13.191 1.058 0.17 0.203 0.018974 20000 1.000000
243.921000 33.201000 -12.182 0.693 0.17 0.203 0.026930 20000 1.000000
243.888000 33.296200 -10.975 -0.148 0.175 0.208 -0.038306 20000 1.000000
243.574000 33.523500 -10.354 1.054 0.178 0.207 0.085387 20000 1.000000
243.773000 33.574700 -10.79 0.355 0.176 0.216 0.046913 20000 1.000000
244.031000 32.887000 -13.331 2.862 0.182 0.211 -0.006146 20000 1.000000
244.175000 32.954700 -12.805 2.028 0.17 0.202 0.022100 20000 1.000000
244.268000 32.759700 -11.589 2.937 0.182 0.213 0.034145 20000 1.000000
244.404000 32.750600 -13.707 4.655 0.177 0.206 0.010883 20000 1.000000
244.423000 32.834700 -10.147 2.392 0.177 0.208 0.021816 20000 1.000000
244.430000 32.898400 -11.004 1.363 0.179 0.208 0.032019 20000 1.000000
244.700000 32.690000 -6.528 -1.739 0.171 0.202 0.025576 20000 1.000000
244.602000 32.875800 -6.65 -3.504 0.177 0.209 0.036793 20000 1.000000
244.578000 32.982500 -7.016 -3.392 0.177 0.213 0.055358 20000 1.000000
244.280000 32.948900 -11.303 1.621 0.174 0.205 0.018535 20000 1.000000
244.234000 33.516400 -8.401 -4.546 0.178 0.212 0.073983 20000 1.000000
244.313000 33.423900 -8.497 -4.982 0.178 0.211 0.060798 20000 1.000000
244.571000 33.247800 -6.917 -4.697 0.176 0.209 0.008317 20000 1.000000
244.657000 33.143600 -6.375 -4.637 0.177 0.21 -0.040041 20000 1.000000
244.704000 33.886900 -7.105 -4.453 0.18 0.211 0.020616 20000 1.000000
240.305000 37.562600 -9.166 -1.43 0.182 0.219 0.099862 20000 1.000000
239.350000 34.907300 -15.672 5.899 0.165 0.203 0.002073 20000 1.000000
239.590000 35.010700 -16.061 5.095 0.171 0.209 0.004474 20000 1.000000
239.760000 34.870600 -15.3 4.702 0.169 0.206 0.019262 20000 1.000000
239.617000 35.106200 -15.103 4.732 0.176 0.215 0.074678 20000 1.000000
241.822000 34.376400 -13.565 1.361 0.169 0.206 0.010860 20000 1.000000
239.925000 35.020000 -15.438 2.742 0.166 0.204 0.001076 20000 1.000000
240.208000 34.507800 -15.208 3.647 0.173 0.206 -0.004051 20000 1.000000
240.384000 34.630500 -15.298 0.961 0.167 0.204 0.005308 20000 1.000000
240.185000 34.888600 -16.748 3.22 0.166 0.203 0.009654 20000 1.000000
240.464000 35.086600 -12.536 0.714 0.167 0.205 0.011846 20000 1.000000
239.192000 35.425800 -15.684 5.864 0.167 0.206 -0.008493 20000 1.000000
239.455000 35.327800 -13.947 5.543 0.171 0.212 0.049812 20000 1.000000
239.646000 35.440500 -14.535 5.121 0.168 0.207 -0.006299 20000 1.000000
239.520000 35.624800 -13.652 7.013 0.173 0.215 0.003971 20000 1.000000
239.463000 35.792700 -14.552 5.262 0.169 0.211 0.015581 20000 1.000000
239.733000 35.633800 -13.535 3.772 0.172 0.21 0.029152 20000 1.000000
239.629000 35.747900 -12.589 4.06 0.171 0.21 0.011921 20000 1.000000
237.762000 37.061200 -14.403 6.144 0.168 0.213 0.016018 20000 1.000000
239.899000 35.235100 -14.122 4.45 0.188 0.221 0.051504 20000 1.000000
239.975000 35.279800 -13.829 3.394 0.174 0.215 -0.019994 20000 1.000000
240.065000 35.316800 -13.119 2.952 0.172 0.213 0.014775 20000 1.000000
239.887000 35.534200 -12.189 2.631 0.187 0.228 0.008099 20000 1.000000
239.818000 35.702700 -10.706 1.538 0.168 0.207 0.008582 20000 1.000000
239.869000 35.801300 -10.089 -0.003 0.176 0.212 0.014381 20000 1.000000
239.999000 35.686700 -10.445 -0.325 0.17 0.209 -0.025374 20000 1.000000
239.707000 35.688900 -12.595 3.824 0.167 0.207 -0.005029 20000 1.000000
240.287000 35.319000 -11.358 0.216 0.179 0.222 0.004132 20000 1.000000
240.091000 35.934700 -9.166 -0.464 0.169 0.209 0.008848 20000 1.000000
240.496000 34.466800 -14.972 3.527 0.167 0.202 0.006553 20000 1.000000
240.674000 34.599600 -15.017 4.298 0.177 0.22 0.094452 20000 1.000000
240.885000 34.660100 -14.618 2.12 0.175 0.211 0.058271 20000 1.000000
240.845000 34.856200 -12.168 2.276 0.228 0.346 -0.077421 20000 1.000000
239.755000 35.686700 -12.604 4.485 0.169 0.208 -0.005550 20000 1.000000
241.121000 34.835100 -12.336 0.22 0.169 0.206 0.017395 20000 1.000000
241.152000 34.792300 -12.088 1.07 0.174 0.217 0.012907 20000 1.000000
241.331000 34.695000 -12.364 0.932 0.177 0.216 0.074567 20000 1.000000
241.454000 34.771100 -11.091 0.267 0.17 0.208 0.003142 20000 1.000000
241.344000 34.944400 -11.255 -0.529 0.175 0.214 -0.032809 20000 1.000000
241.388000 35.138600 -10.292 -1.551 0.169 0.207 -0.013498 20000 1.000000
241.382000 34.838900 -10.81 -1.341 0.176 0.215 0.009937 20000 1.000000
241.459000 34.821800 -10.747 -0.654 0.179 0.219 0.012568 20000 1.000000
241.811000 34.982100 -8.568 -0.535 0.168 0.206 0.006933 20000 1.000000
241.876000 35.378000 -9.941 -2.117 0.17 0.208 0.003270 20000 1.000000
241.740000 35.667300 -10.059 -2.01 0.175 0.211 0.018158 20000 1.000000
241.233000 36.231400 -9.287 -1.472 0.173 0.212 0.063400 20000 1.000000
241.045000 36.585500 -9.34 -1.34 0.167 0.21 0.005316 20000 1.000000
241.740000 36.093100 -9.166 -1.895 0.17 0.209 0.005665 20000 1.000000
241.994000 35.038800 -8.087 -0.291 0.17 0.207 0.013709 20000 1.000000
242.271000 34.509700 -11 -0.183 0.17 0.206 0.011291 20000 1.000000
242.451000 34.634300 -10.496 -0.512 0.17 0.206 0.013359 20000 1.000000
242.457000 34.987000 -9.013 -1.576 0.171 0.209 0.047380 20000 1.000000
243.048000 33.892600 -11.427 1.358 0.171 0.205 0.007609 20000 1.000000
243.454000 34.019300 -9.393 -0.565 0.17 0.204 0.013145 20000 1.000000
242.719000 34.534800 -9.991 -1.519 0.194 0.216 -0.082429 20000 1.000000
241.969000 34.332200 -13.976 0.929 0.17 0.207 0.041975 20000 1.000000
242.635000 35.116800 -8.54 -1.495 0.17 0.208 0.011502 20000 1.000000
241.983000 35.152400 -8.406 -0.981 0.171 0.21 0.009924 20000 1.000000
242.697000 35.238500 -8.085 -1.378 0.171 0.208 0.019832 20000 1.000000
242.795000 35.387900 -7.553 -2.085 0.166 0.205 0.020057 20000 1.000000
242.610000 35.896700 -8.508 -3.356 0.183 0.226 0.004458 20000 1.000000
242.597000 35.697600 -8.663 -2.165 0.167 0.206 0.017642 20000 1.000000
243.111000 35.998200 -7.518 -3.132 0.177 0.212 0.007560 20000 1.000000
243.112000 35.710600 -7.099 -4.115 0.19 0.231 0.008056 20000 1.000000
243.290000 34.192500 -9.391 -0.109 0.174 0.206 0.002184 20000 1.000000
243.463000 34.217200 -8.737 -0.683 0.172 0.206 0.026456 20000 1.000000
243.788000 33.865800 -8.93 -1.784 0.169 0.203 0.029153 20000 1.000000
243.920000 33.959300 -7.518 -3.003 0.171 0.204 0.017322 20000 1.000000
239.772000 35.729200 -10.314 1.395 0.194 0.232 -0.012908 20000 1.000000
243.971000 34.716900 -7.415 -4.412 0.173 0.208 0.002512 20000 1.000000
243.329000 34.936800 -8.45 -3.488 0.169 0.207 0.027292 20000 1.000000
242.063000 34.341100 -13.159 0.334 0.179 0.218 -0.010892 20000 1.000000
243.120000 34.462100 -9.2 -0.857 0.169 0.204 0.018396 20000 1.000000
244.179000 33.741000 -7.911 -4.258 0.173 0.208 0.013749 20000 1.000000
243.107000 34.062700 -10.934 -1.144 0.199 0.232 -0.027297 20000 1.000000
244.236000 34.425700 -6.69 -4.527 0.21 0.225 0.055684 20000 1.000000
244.350000 35.204800 -6.815 -5.123 0.174 0.211 -0.007283 20000 1.000000
242.685000 34.187400 -12.739 -3.145 0.173 0.209 0.060324 20000 1.000000
242.950000 34.196200 -10.134 -2.174 0.204 0.213 0.084812 20000 1.000000
244.750000 34.731800 -6.291 -5.273 0.201 0.252 0.073267 20000 1.000000
243.237000 35.204600 -7.911 -3.137 0.168 0.206 0.023826 20000 1.000000
242.107000 35.424600 -9.17 -1.444 0.171 0.209 0.005010 20000 1.000000
243.428000 35.320600 -7.098 -4.062 0.168 0.208 0.008400 20000 1.000000
243.896000 35.141900 -6.939 -4.607 0.18 0.211 -0.009097 20000 1.000000
243.878000 35.526000 -6.67 -4.28 0.17 0.209 0.007354 20000 1.000000
243.855000 35.785400 -7.3 -4.148 0.168 0.209 0.007552 20000 1.000000
244.456000 35.472800 -6.891 -5.082 0.17 0.212 0.035809 20000 1.000000
244.634000 35.163000 -5.904 -4.582 0.174 0.212 -0.020207 20000 1.000000
245.401000 34.188900 -6.567 -4.348 0.173 0.209 0.028210 20000 1.000000
245.035000 34.844400 -6.732 -4.93 0.175 0.211 0.019402 20000 1.000000
244.762000 35.291100 -7.009 -4.854 0.17 0.209 0.019829 20000 1.000000
241.621000 37.973100 -7.697 -3.203 0.167 0.214 -0.009935 20000 1.000000
241.000000 37.613000 -7.788 0.364 0.172 0.216 -0.034450 20000 1.000000
241.084000 37.605300 -9.4 -4.022 0.175 0.232 -0.014840 20000 1.000000
240.914000 37.785700 -10.43 -1.841 0.203 0.238 -0.095043 20000 1.000000
240.967000 37.913500 -8.743 -1.869 0.165 0.211 0.009598 20000 1.000000
240.974000 37.696600 -9.665 -2.951 0.188 0.23 0.102289 20000 1.000000
240.862000 37.839300 -11.365 -1.975 0.18 0.221 0.030448 20000 1.000000
240.853000 37.962800 -11.191 -2.139 0.166 0.211 0.009539 20000 1.000000
240.916000 37.914100 -9.961 -1.951 0.168 0.213 0.015776 20000 1.000000
241.056000 37.734300 -9.655 -1.023 0.166 0.212 0.017961 20000 1.000000
241.131000 37.654600 -8.412 -2.433 0.168 0.215 0.007429 20000 1.000000
241.040000 37.891700 -9.034 -1.763 0.179 0.219 0.010958 20000 1.000000
241.148000 37.878200 -9.15 -1.831 0.167 0.212 0.004800 20000 1.000000
241.183000 37.591400 -9.333 -3.237 0.171 0.228 0.072824 20000 1.000000
241.302000 37.561600 -8.969 -2.301 0.173 0.238 -0.010490 20000 1.000000
241.316000 37.495400 -9.902 -2.947 0.164 0.209 0.012526 20000 1.000000
241.406000 37.541300 -8.926 -2.779 0.167 0.213 0.013899 20000 1.000000
241.180000 37.677000 -8.824 -1.937 0.167 0.213 0.016411 20000 1.000000
241.232000 37.754400 -8.684 -2.869 0.175 0.23 0.058256 20000 1.000000
240.981000 37.800000 -9.696 -1.993 0.168 0.213 0.028712 20000 1.000000
241.264000 37.903500 -8.377 -2.326 0.169 0.216 0.001250 20000 1.000000
241.445000 37.891300 -8.127 -2.782 0.172 0.217 0.051603 20000 1.000000
241.762000 37.589200 -7.741 -3.419 0.166 0.211 0.014023 20000 1.000000
241.528000 37.737500 -8.009 -3.538 0.173 0.217 0.034234 20000 1.000000
240.850000 38.057900 -10.067 -3.309 0.175 0.219 0.007339 20000 1.000000
237.706000 41.381200 -7.947 -2.682 0.173 0.224 0.049913 20000 1.000000
237.809000 41.479200 -7.927 -4.025 0.166 0.233 -0.034131 20000 1.000000
237.687000 41.463600 -6.971 -3.479 0.17 0.236 -0.032523 20000 1.000000
238.493000 41.711600 -8.423 -3.846 0.165 0.222 0.004792 20000 1.000000
246.132000 42.878900 -6.712 -4.61 0.166 0.225 0.024050 20000 1.000000
241.275000 37.380400 -11.276 -2.896 0.225 0.263 0.150694 20000 1.000000
241.439000 37.439500 -9.001 -3.019 0.179 0.221 0.025913 20000 1.000000
240.254000 37.088900 -9.657 -1.864 0.208 0.26 0.059782 20000 1.000000
241.853000 37.280500 -8.737 -3.535 0.168 0.213 0.020862 20000 1.000000
239.172000 41.359200 -7.399 -3.456 0.172 0.229 -0.063730 20000 1.000000
239.527000 41.332500 -7.758 -4.259 0.17 0.225 0.017247 20000 1.000000
235.587000 42.442000 -5.788 -1.009 0.166 0.228 -0.049345 20000 1.000000
235.707000 42.076600 -7.6 -1.909 0.172 0.225 0.013722 20000 1.000000
238.120000 42.579800 -7.882 -3.735 0.17 0.226 -0.001810 20000 1.000000
237.390000 42.727100 -8.072 -4.029 0.184 0.234 0.103658 20000 1.000000
240.341000 42.546100 -7.998 -4.016 0.167 0.227 0.005301 20000 1.000000
242.275000 42.020200 -7.097 -4.396 0.168 0.225 0.011415 20000 1.000000
243.404000 33.598200 -12.306 0.137 0.272 0.334 -0.086658 20000 1.000000
243.397000 33.495500 -12.364 2.277 0.443 0.42 -0.081928 20000 1.000000
244.492000 32.829400 -9.36 2.008 0.172 0.203 0.020771 20000 1.000000
238.928000 37.699000 -8.212 -1.741 0.172 0.218 -0.011419 20000 1.000000
239.784000 35.693800 -11.047 1.78 0.182 0.22 0.001312 20000 1.000000
237.579000 41.830800 -9.655 -4 0.176 0.238 0.052795 20000 1.000000
236.019000 41.845500 -9.133 -3.128 0.187 0.281 -0.079206 20000 1.000000
238.521000 36.744300 -18.062 6.024 0.241 0.302 0.011194 20000 1.000000
239.528000 35.946600 -9.22 0.498 0.192 0.229 0.067892 20000 1.000000
239.485000 35.929100 -13.991 4.902 0.251 0.317 -0.065506 20000 1.000000
242.077000 34.508200 -11.983 0.492 0.172 0.208 0.021341 20000 1.000000
243.314000 36.901800 -7.358 -4.154 0.182 0.22 0.063659 20000 1.000000
242.305000 34.925400 -8.692 -0.759 0.176 0.214 0.010396 20000 1.000000
243.880000 36.579600 -6.999 -4.662 0.193 0.234 0.033552 20000 1.000000
239.522000 35.919900 -14.424 4.773 0.183 0.228 0.038142 20000 1.000000
242.818000 33.835700 -13.024 1.991 0.19 0.217 0.003941 20000 1.000000
243.506000 33.819200 -10.467 0.377 0.179 0.211 0.039751 20000 1.000000
242.193000 34.091800 -13.363 0.603 0.268 0.319 -0.090220 20000 1.000000
241.596000 33.743300 -13.698 3.765 0.178 0.214 0.051046 20000 1.000000
241.628000 33.779500 -20.575 3.913 0.22 0.271 0.020728 20000 1.000000
238.863000 36.161100 -15.177 5.791 0.174 0.214 0.027207 20000 1.000000
239.056000 39.974600 -10.207 -3.836 0.2 0.263 -0.004250 20000 1.000000
242.317000 35.338700 -8.06 -0.728 0.168 0.207 0.018982 20000 1.000000
240.280000 34.500000 -15.582 4.001 0.171 0.208 -0.020044 20000 1.000000
243.375000 34.643900 -8.667 -2.305 0.173 0.207 -0.011819 20000 1.000000
243.446000 36.715400 -7.634 -3.671 0.218 0.267 0.093674 20000 1.000000
241.974000 34.019100 -14.396 3.414 0.189 0.226 -0.032247 20000 1.000000
239.475000 35.900000 -20.437 6.12 0.174 0.216 -0.019917 20000 1.000000
241.807000 34.875100 -10.148 -0.826 0.247 0.285 -0.063173 20000 1.000000
240.816000 34.541500 -15.395 3.159 0.191 0.23 0.087009 20000 1.000000
244.877000 40.617200 -6.945 -4.409 0.169 0.227 0.020283 20000 1.000000
243.350000 36.316300 -7.27 -3.645 0.168 0.21 0.019363 20000 1.000000
238.442000 37.666500 -9.915 -2.08 0.168 0.213 -0.011572 20000 1.000000
241.245000 34.459800 -13.974 1.216 0.186 0.234 -0.000527 20000 1.000000
242.138000 34.205600 -13.195 0.259 0.318 0.324 -0.065177 20000 1.000000
239.775000 40.591700 -8.449 -3.644 0.172 0.229 0.006999 20000 1.000000
240.984000 41.868400 -7.012 -4.152 0.173 0.234 0.064614 20000 1.000000
243.701000 35.971300 -7.01 -4.713 0.177 0.213 -0.007847 20000 1.000000
243.789000 36.730500 -7.493 -5.149 0.194 0.238 0.080753 20000 1.000000
241.521000 34.438600 -13.987 3.252 0.188 0.225 -0.050755 20000 1.000000
240.116000 39.314300 -9.195 -3.277 0.18 0.238 -0.029076 20000 1.000000
244.022000 33.292200 -9.998 -0.459 0.173 0.205 0.017080 20000 1.000000
244.412000 36.319600 -6.471 -4.178 0.186 0.224 0.039296 20000 1.000000
240.476000 33.247900 -16.538 5.577 0.183 0.221 0.047174 20000 1.000000
240.936000 34.319900 -15.318 3.652 0.168 0.204 0.009833 20000 1.000000
241.354000 34.059300 -15.333 3.523 0.173 0.208 0.003973 20000 1.000000
242.151000 33.992700 -14.443 2.995 0.193 0.227 -0.024197 20000 1.000000
239.935000 34.004300 -15.368 5.141 0.178 0.211 -0.004928 20000 1.000000
243.662000 36.644600 -6.596 -4.212 0.224 0.275 0.059916 20000 1.000000
243.426000 36.931600 -7.264 -4.604 0.185 0.226 0.073793 20000 1.000000
239.640000 35.917400 -11.703 -1.017 0.186 0.23 -0.002505 20000 1.000000
241.585000 35.158200 -9.795 -0.812 0.167 0.205 0.008514 20000 1.000000
243.770000 36.934800 -6.215 -4.364 0.179 0.219 0.100622 20000 1.000000
239.867000 34.483500 -16.547 7.686 0.177 0.216 -0.040117 20000 1.000000
243.839000 33.641200 -10.968 -0.186 0.186 0.219 0.023988 20000 1.000000
242.951000 39.542200 -7.188 -4.453 0.174 0.221 0.094869 20000 1.000000
242.816000 38.097200 -7.63 -4.309 0.167 0.213 0.008402 20000 1.000000
241.669000 33.797800 -15.01 4.278 0.177 0.211 0.037051 20000 1.000000
241.163000 34.248000 -14.575 3.075 0.171 0.206 0.043280 20000 1.000000
235.849000 41.053900 -5.09 -0.527 0.167 0.222 -0.042429 20000 1.000000
243.470000 34.840000 -8.105 -3.265 0.181 0.23 0.045725 20000 1.000000
241.558000 34.069100 -15.28 2.924 0.19 0.218 0.057416 20000 1.000000
240.156000 34.413300 -16.386 4.144 0.212 0.233 -0.058343 20000 1.000000
241.198000 39.627100 -7.904 -4.725 0.177 0.232 0.024828 20000 1.000000
241.715000 34.024000 -13.635 3.234 0.236 0.285 0.124586 20000 1.000000
243.915000 33.030100 -13.648 2.505 0.17 0.201 0.015350 20000 1.000000
240.516000 34.851500 -14.327 3.089 0.251 0.304 0.022136 20000 1.000000
241.780000 34.178600 -14.11 2.11 0.218 0.234 0.064473 20000 1.000000
241.486000 34.126400 -15.411 3.388 0.169 0.204 0.013943 20000 1.000000
241.516000 34.293200 -14.424 2.757 0.175 0.209 0.013164 20000 1.000000
239.384000 34.556300 -16.096 6.302 0.211 0.244 -0.025511 20000 1.000000
241.879000 34.501500 -13.211 1.95 0.189 0.219 0.007382 20000 1.000000
241.706000 33.712600 -14.782 4.14 0.172 0.209 0.026145 20000 1.000000
242.010000 34.030000 -11.35 2.589 0.19 0.233 0.014189 20000 1.000000
241.346000 37.664300 -8.986 -2.637 0.168 0.212 0.042968 20000 1.000000
241.016000 35.010800 -11.144 0.57 0.19 0.225 -0.038756 20000 1.000000
243.608000 33.934800 -10.282 -1.372 0.183 0.216 0.015623 20000 1.000000
241.258000 34.568500 -12.475 0.816 0.182 0.221 0.124908 20000 1.000000
241.586000 34.259400 -13.69 4.299 0.192 0.233 0.003510 20000 1.000000
243.068000 34.669000 -8.474 -1.144 0.186 0.22 -0.088769 20000 1.000000
241.572000 33.958200 -15.045 3.938 0.249 0.263 -0.318254 20000 1.000000
243.346000 33.955300 -9.405 0.642 0.19 0.223 0.014875 20000 1.000000
243.111000 35.425200 -7.589 -4.113 0.181 0.22 0.011931 20000 1.000000
243.532000 36.840400 -8.105 -3.952 0.207 0.257 0.093280 20000 1.000000
