242.907000 34.116400 -8.427 2.54 0.181 0.22 -0.015192 20000 1.000000
242.555000 33.274300 -12.864 5.056 0.187 0.213 0.001681 20000 1.000000
243.571000 34.594300 -6.189 -1.677 0.168 0.196 0.010398 20000 1.000000
241.305000 34.824500 -8.152 -0.621 0.181 0.212 -0.004823 20000 1.000000
242.675000 33.341900 -12.345 4.781 0.169 0.195 0.015303 20000 1.000000
242.524000 33.381100 -12.241 4.731 0.17 0.193 0.007385 20000 1.000000
242.103000 34.126000 -12.156 2.591 0.242 0.257 0.089397 20000 1.000000
242.795000 40.412800 -4.981 -3.454 0.172 0.216 -0.012682 20000 1.000000
240.970000 33.480500 -14.961 6.991 0.188 0.209 -0.031427 20000 1.000000
243.116000 34.264300 -7.447 1.356 0.193 0.226 0.062598 20000 1.000000
240.594000 34.920500 -10.947 2.119 0.168 0.197 -0.008564 20000 1.000000
243.379000 37.039900 -4.568 -3.647 0.174 0.209 0.027560 20000 1.000000
244.002000 34.000500 -5.29 -2.216 0.171 0.196 -0.012967 20000 1.000000
242.935000 33.578200 -12.087 3.873 0.18 0.205 0.004604 20000 1.000000
243.920000 35.287000 -4.857 -2.471 0.173 0.202 0.005401 20000 1.000000
245.285000 33.610400 -4.362 -3.426 0.171 0.196 -0.012285 20000 1.000000
243.947000 34.251400 -5.296 -3.087 0.172 0.198 0.003334 20000 1.000000
241.723000 34.184900 -13.001 2.918 0.194 0.223 0.039009 20000 1.000000
242.988000 34.918600 -6.211 -0.755 0.179 0.208 -0.050173 20000 1.000000
241.812000 34.292800 -11.945 3.886 0.26 0.263 -0.320817 20000 1.000000
242.156000 42.779500 -5.912 -4.051 0.168 0.221 0.002750 20000 1.000000
240.653000 35.157300 -8.137 0.873 0.172 0.206 0.026013 20000 1.000000
235.437000 42.836100 -4.28 0.988 0.171 0.224 -0.011247 20000 1.000000
239.566000 35.939400 -8.7 1.535 0.167 0.2 -0.010870 20000 1.000000
239.569000 35.888400 -14.395 4.581 0.192 0.222 0.027967 20000 1.000000
241.666000 33.311600 -13.657 5.745 0.167 0.193 0.014058 20000 1.000000
241.517000 33.445800 -13.828 5.797 0.171 0.199 -0.011967 20000 1.000000
241.370000 34.138600 -12.857 4.901 0.208 0.222 0.100810 20000 1.000000
242.329000 35.565300 -7.115 -1.147 0.175 0.21 0.005710 20000 1.000000
243.664000 34.829500 -5.797 -3.182 0.185 0.208 -0.008811 20000 1.000000
242.035000 34.244000 -12.348 3.369 0.2 0.243 -0.103313 20000 1.000000
241.974000 34.333400 -11.967 2.569 0.187 0.209 0.054762 20000 1.000000
242.172000 34.640500 -8.405 0.527 0.179 0.214 0.057923 20000 1.000000
241.063000 34.109600 -14.477 5.524 0.183 0.218 0.021066 20000 1.000000
241.873000 34.136700 -15.223 2.54 0.204 0.227 0.019584 20000 1.000000
242.576000 34.271200 -8.16 2.578 0.168 0.192 0.001683 20000 1.000000
242.521000 34.313800 -10.13 0.605 0.184 0.211 0.096472 20000 1.000000
241.856000 34.530300 -11.123 1.214 0.19 0.209 -0.130659 20000 1.000000
242.291000 34.109900 -12.474 2.81 0.18 0.207 -0.017979 20000 1.000000
245.126000 40.558400 -5.419 -3.619 0.18 0.211 0.036289 20000 1.000000
244.877000 32.863500 -4.832 -3.643 0.175 0.197 -0.002773 20000 1.000000
244.272000 32.850500 -10.727 3.878 0.177 0.202 -0.016824 20000 1.000000
240.120000 34.414900 -14.554 5.392 0.173 0.201 -0.022700 20000 1.000000
242.427000 35.071700 -6.305 -0.617 0.176 0.203 0.046651 20000 1.000000
239.249000 35.791600 -12.145 5.705 0.174 0.205 -0.001270 20000 1.000000
240.275000 35.242100 -10.161 1.166 0.165 0.194 0.009220 20000 1.000000
244.265000 33.069800 -7.985 1.476 0.181 0.205 0.008828 20000 1.000000
240.961000 34.168400 -13.759 5.563 0.171 0.199 0.026637 20000 1.000000
241.743000 33.861500 -13.155 4.604 0.174 0.204 -0.001035 20000 1.000000
241.476000 34.253600 -13.395 5.169 0.177 0.208 0.043395 20000 1.000000
240.629000 34.408100 -13.215 3.899 0.193 0.23 -0.009470 20000 1.000000
241.387000 34.516500 -11.168 2.986 0.175 0.201 -0.006682 20000 1.000000
243.630000 34.124100 -5.764 -0.849 0.191 0.217 -0.053541 20000 1.000000
242.098000 34.082000 -14.176 3.987 0.187 0.215 -0.047296 20000 1.000000
241.603000 34.334800 -3.678 -1.035 0.327 0.346 -0.224245 20000 1.000000
241.603000 34.334000 -11.965 2.713 0.264 0.255 -0.159955 20000 1.000000
244.212000 33.389800 -7.384 -0.63 0.178 0.202 -0.002697 20000 1.000000
242.154000 35.267500 -6.578 0.33 0.265 0.301 -0.175312 20000 1.000000
242.140000 34.413400 -11.031 1.394 0.171 0.213 0.006215 20000 1.000000
241.873000 33.938300 -12.022 3.031 0.17 0.197 0.008650 20000 1.000000
242.588000 33.647700 -11.589 3.747 0.166 0.192 0.001759 20000 1.000000
241.170000 34.946200 -10.113 -1.734 0.176 0.211 0.004677 20000 1.000000
245.061000 39.345200 -5.515 -3.602 0.173 0.211 -0.021021 20000 1.000000
244.183000 40.914700 -5.61 -4.197 0.164 0.21 -0.004584 20000 1.000000
241.871000 33.583500 -16.062 4.043 0.178 0.205 0.035569 20000 1.000000
242.574000 33.649100 -12.811 3.441 0.173 0.201 -0.025842 20000 1.000000
241.574000 34.703100 -12.067 -2.815 0.169 0.197 0.004405 20000 1.000000
242.474000 34.104200 -11.228 2.602 0.195 0.225 0.003243 20000 1.000000
239.991000 34.733000 -14.766 4.68 0.17 0.198 0.029884 20000 1.000000
243.064000 34.093600 -9.399 0.375 0.191 0.271 0.078109 20000 1.000000
241.116000 34.356300 -13.423 5.202 0.171 0.196 0.005833 20000 1.000000
246.195000 39.369400 -5.192 -4.281 0.174 0.21 -0.016088 20000 1.000000
241.760000 34.733900 -7.51 1.705 0.174 0.203 -0.001904 20000 1.000000
244.200000 32.945000 -11.516 3.348 0.199 0.212 0.013939 20000 1.000000
241.107000 34.800200 -10.04 1.29 0.177 0.206 0.008711 20000 1.000000
240.644000 40.416500 -6.399 -4.384 0.168 0.215 -0.031295 20000 1.000000
240.136000 35.189400 -11.551 4.506 0.172 0.206 0.003708 20000 1.000000
244.479000 33.274800 -5.27 -2.963 0.175 0.198 -0.004059 20000 1.000000
243.617000 34.291400 -5.176 -1.287 0.174 0.201 -0.013473 20000 1.000000
245.173000 33.051100 -4.316 -2.813 0.201 0.227 -0.062681 20000 1.000000
244.340000 34.784000 -5.079 -3.023 0.194 0.227 -0.042694 20000 1.000000
245.810000 34.308600 -5.091 -4.666 0.176 0.201 -0.005053 20000 1.000000
243.111000 35.425200 -5.248 -4.095 0.172 0.203 -0.007434 20000 1.000000
245.820000 40.640200 -5.499 -4.112 0.166 0.208 0.006157 20000 1.000000
239.584000 36.399000 -4.687 1.442 0.203 0.239 -0.012952 20000 1.000000
241.887000 34.047400 -12.058 3.672 0.173 0.202 0.031274 20000 1.000000
242.701000 35.011500 -6.263 -0.508 0.17 0.199 0.005868 20000 1.000000
241.714000 33.783600 -14.636 5.697 0.197 0.228 -0.075426 20000 1.000000
243.570000 34.754800 -5.871 -2.552 0.172 0.199 0.023096 20000 1.000000
238.530000 40.815900 -3.72 -1.461 0.167 0.214 -0.003692 20000 1.000000
242.999000 33.708100 -11.709 2.965 0.171 0.198 0.014793 20000 1.000000
244.365000 33.705000 -5.17 -3.372 0.191 0.227 -0.018511 20000 1.000000
239.520000 35.866700 -12.138 4.444 0.195 0.248 0.026548 20000 1.000000
242.155000 34.458200 -9.949 2.739 0.175 0.206 -0.003215 20000 1.000000
239.598000 35.880800 -9.109 1.803 0.179 0.212 0.071255 20000 1.000000
240.812000 34.441200 -12.97 3.611 0.181 0.214 0.006850 20000 1.000000
244.089000 34.727300 -4.737 -3.505 0.175 0.204 0.019682 20000 1.000000
243.779000 33.796800 -7.779 0.412 0.174 0.202 0.036278 20000 1.000000
244.855000 34.157600 -4.596 -3.015 0.169 0.198 0.028258 20000 1.000000
241.526000 35.662300 -7.089 -0.163 0.179 0.214 -0.045190 20000 1.000000
242.045000 34.449100 -11.207 3.1 0.167 0.202 -0.011042 20000 1.000000
240.992000 34.398500 -12.477 2.555 0.174 0.204 0.002891 20000 1.000000
243.827000 33.925400 -6.516 -0.613 0.179 0.203 0.011317 20000 1.000000
243.241000 33.236000 -10.968 5.386 0.196 0.218 0.103573 20000 1.000000
242.165000 34.485500 -8.675 2.381 0.168 0.196 -0.000590 20000 1.000000
242.609000 33.744200 -11.519 3.606 0.185 0.208 0.085078 20000 1.000000
242.555000 33.817400 -12.08 3.564 0.174 0.201 0.018558 20000 1.000000
243.060000 35.090200 -5.502 -0.861 0.174 0.201 0.003449 20000 1.000000
239.553000 34.691000 -14.643 5.694 0.171 0.198 0.006631 20000 1.000000
242.246000 34.133300 -11.693 3.173 0.175 0.201 0.027412 20000 1.000000
239.406000 35.828700 -12.55 5.487 0.173 0.207 0.024908 20000 1.000000
242.454000 34.314900 -9.069 1.609 0.206 0.239 0.078293 20000 1.000000
241.970000 34.527100 -9.031 1.304 0.177 0.21 -0.035091 20000 1.000000
240.896000 34.733600 -11.255 3.19 0.171 0.204 0.009261 20000 1.000000
239.557000 35.832600 -11.743 4.972 0.169 0.201 0.008204 20000 1.000000
242.563000 33.856800 -11.53 3.969 0.171 0.195 -0.001872 20000 1.000000
238.778000 42.418300 -4.707 -1.896 0.232 0.317 -0.016789 20000 1.000000
239.241000 36.186900 -7.786 -2.776 0.172 0.201 0.049255 20000 1.000000
239.233000 36.180500 -13.585 5.35 0.171 0.201 0.011157 20000 1.000000
244.021000 36.632500 -4.82 -3.025 0.168 0.201 0.026181 20000 1.000000
239.649000 34.038300 -13.981 7.358 0.173 0.201 -0.037085 20000 1.000000
241.874000 34.136800 -10.791 2.328 0.17 0.197 0.024651 20000 1.000000
243.904000 40.148400 -4.441 -5.057 0.173 0.218 -0.074579 20000 1.000000
242.682000 33.918400 -11.385 3.407 0.171 0.196 0.017777 20000 1.000000
239.566000 35.969500 -7.615 1.547 0.176 0.2 -0.040743 20000 1.000000
244.588000 40.710700 -5.789 -3.196 0.169 0.222 -0.013497 20000 1.000000
241.122000 34.295500 -13.378 4.814 0.19 0.217 0.010307 20000 1.000000
243.352000 34.038500 -5.436 0.33 0.186 0.218 0.106893 20000 1.000000
242.790000 34.230800 -8.665 0.388 0.263 0.264 0.225579 20000 1.000000
245.381000 34.767700 -4.98 -3.804 0.185 0.215 0.004568 20000 1.000000
242.491000 39.685600 -5.464 -3.382 0.172 0.214 -0.005747 20000 1.000000
240.859000 34.498700 -12.521 3.434 0.167 0.195 0.002968 20000 1.000000
243.932000 34.141000 -5.406 -2.094 0.17 0.197 0.020175 20000 1.000000
242.653000 33.240700 -13.229 4.817 0.19 0.206 -0.117336 20000 1.000000
244.082000 34.369900 -5.053 -3.476 0.171 0.201 -0.026960 20000 1.000000
243.695000 34.427700 -6.335 -2.148 0.233 0.272 -0.020708 20000 1.000000
243.708000 34.533000 -5.624 -2.24 0.181 0.204 -0.015458 20000 1.000000
243.185000 34.674900 -6.631 -0.596 0.181 0.209 0.091168 20000 1.000000
241.793000 34.128800 -12.626 3.434 0.169 0.196 -0.004625 20000 1.000000
240.647000 34.683400 -13.24 2.701 0.21 0.252 -0.034875 20000 1.000000
242.814000 39.521100 -5.005 -4.017 0.187 0.23 -0.006370 20000 1.000000
245.995000 32.722500 -3.479 -3.657 0.178 0.2 0.042859 20000 1.000000
244.721000 39.910200 -5.11 -4.099 0.185 0.216 0.005015 20000 1.000000
245.543000 36.154200 -4.052 -3.325 0.171 0.2 -0.002020 20000 1.000000
245.180000 41.724200 -5.418 -4.082 0.169 0.214 -0.048140 20000 1.000000
242.670000 41.428700 -4.877 -3.186 0.192 0.242 0.006542 20000 1.000000
242.935000 42.981700 -4.948 -4.184 0.163 0.212 -0.008280 20000 1.000000
235.925000 40.876300 -5.002 1.493 0.213 0.264 0.039678 20000 1.000000
236.274000 38.928300 -11.943 5.691 0.203 0.251 -0.008913 20000 1.000000
237.585000 40.997600 -4.451 -1.206 0.192 0.253 -0.086466 20000 1.000000
243.830000 32.616500 -12.748 5.007 0.17 0.193 -0.005407 20000 1.000000
238.997000 35.551800 -13.264 6.818 0.167 0.2 0.015888 20000 1.000000
242.015000 39.305600 -5.025 -3.11 0.172 0.217 -0.033716 20000 1.000000
242.395000 39.287900 -4.812 -3.939 0.171 0.208 -0.016768 20000 1.000000
243.576000 39.500500 -5.659 -3.765 0.164 0.21 0.013087 20000 1.000000
243.950000 39.546400 -5.015 -3.214 0.169 0.206 0.017175 20000 1.000000
244.111000 39.374200 -4.684 -4.489 0.165 0.204 0.010896 20000 1.000000
244.487000 39.536100 -4.987 -2.954 0.165 0.206 -0.003376 20000 1.000000
244.568000 39.388600 -6.894 -4.6 0.161 0.201 -0.002805 20000 1.000000
242.120000 40.433400 -5.729 -3.979 0.167 0.21 0.020730 20000 1.000000
245.308000 39.255200 -5.66 -4.175 0.171 0.207 0.048695 20000 1.000000
245.723000 39.119400 -6.02 -4.391 0.168 0.212 0.001966 20000 1.000000
246.129000 39.067300 -4.805 -3.456 0.166 0.206 -0.017885 20000 1.000000
246.495000 39.268900 -5.274 -4.023 0.165 0.209 0.003120 20000 1.000000
242.532000 40.320600 -4.769 -4.405 0.172 0.213 -0.043397 20000 1.000000
246.946000 40.494000 -5.344 -3.761 0.165 0.208 0.010977 20000 1.000000
243.264000 40.495500 -5.269 -3.09 0.174 0.217 -0.043855 20000 1.000000
243.721000 40.363200 -5.361 -3.229 0.164 0.208 0.013110 20000 1.000000
240.200000 39.572800 -5.782 -3.613 0.168 0.209 -0.008880 20000 1.000000
242.469000 36.614300 -5.374 -2.403 0.168 0.2 -0.006271 20000 1.000000
242.593000 36.804200 -5.277 -1.972 0.162 0.195 -0.000679 20000 1.000000
242.006000 36.606000 -6.296 -2.044 0.175 0.204 0.082842 20000 1.000000
242.296000 37.200800 -6.612 -3.24 0.17 0.205 0.001028 20000 1.000000
240.463000 39.698400 -5.027 -2.354 0.174 0.216 -0.003509 20000 1.000000
240.694000 39.795600 -5.808 -2.196 0.209 0.27 0.041335 20000 1.000000
241.126000 39.838800 -5.368 -2.802 0.176 0.216 -0.038373 20000 1.000000
241.316000 39.888900 -6.18 -3.382 0.171 0.214 -0.012176 20000 1.000000
241.841000 39.212300 -5.694 -3.292 0.165 0.206 -0.000581 20000 1.000000
246.706000 41.856800 -4.796 -5.057 0.173 0.223 0.028847 20000 1.000000
246.958000 39.345100 -5.296 -3.692 0.17 0.207 -0.007110 20000 1.000000
246.988000 41.817300 -6.76 -3.909 0.166 0.212 -0.011242 20000 1.000000
246.722000 40.671300 -5.407 -3.607 0.173 0.218 -0.010391 20000 1.000000
240.400000 39.499200 -5.367 -2.224 0.183 0.218 0.048926 20000 1.000000
240.931000 39.486100 -5.313 -2.994 0.17 0.211 0.005462 20000 1.000000
241.550000 39.133900 -5.36 -2.913 0.166 0.206 0.005926 20000 1.000000
241.062000 39.268000 -5.46 -2.517 0.275 0.327 0.001748 20000 1.000000
241.649000 39.454700 -5.542 -2.662 0.168 0.208 0.041940 20000 1.000000
241.995000 38.728800 -5.727 -3.417 0.167 0.204 0.007073 20000 1.000000
241.540000 38.724600 -5.487 -2.227 0.178 0.22 0.005414 20000 1.000000
241.070000 38.980900 -6.22 -2.354 0.163 0.208 0.007096 20000 1.000000
240.541000 38.761400 -6.387 -2.245 0.179 0.214 -0.080062 20000 1.000000
240.523000 40.779800 -4.73 -2.621 0.183 0.22 0.076168 20000 1.000000
240.990000 40.242200 -5.172 -2.587 0.188 0.218 -0.074895 20000 1.000000
240.278000 39.908200 -5.625 -1.913 0.172 0.216 0.038083 20000 1.000000
239.307000 38.829200 -8.173 -2.525 0.187 0.212 0.097999 20000 1.000000
239.614000 39.046600 -8 -1.435 0.188 0.226 -0.041790 20000 1.000000
240.189000 39.123500 -3.888 -1.272 0.171 0.214 -0.059837 20000 1.000000
239.107000 39.466700 -7.382 -2.957 0.2 0.237 0.086276 20000 1.000000
240.376000 41.357700 -5.599 -2.635 0.166 0.212 0.000163 20000 1.000000
239.716000 39.937400 -6.055 -2.442 0.16 0.202 -0.005017 20000 1.000000
239.194000 40.418600 -5.637 -0.67 0.197 0.24 0.020976 20000 1.000000
239.923000 40.288900 -5.435 -1.923 0.168 0.211 0.009181 20000 1.000000
235.692000 40.247500 -11.329 4.673 0.163 0.207 -0.001309 20000 1.000000
235.867000 40.551300 -6.768 2.876 0.164 0.208 -0.010998 20000 1.000000
235.787000 40.637400 -5.229 2.105 0.192 0.24 0.021659 20000 1.000000
235.943000 40.219600 -8.899 4.913 0.169 0.214 0.016550 20000 1.000000
236.307000 40.119300 -8.313 0.452 0.179 0.232 0.033140 20000 1.000000
238.207000 36.485500 -13.482 6.785 0.163 0.196 -0.001800 20000 1.000000
238.710000 35.945700 -12.657 6.48 0.17 0.204 0.044432 20000 1.000000
238.949000 36.302100 -13.541 5.778 0.167 0.201 0.008088 20000 1.000000
238.865000 36.425900 -13.144 5.84 0.17 0.204 0.027722 20000 1.000000
237.668000 37.534500 -10.45 4.248 0.202 0.216 -0.091203 20000 1.000000
237.623000 37.914500 -10.807 3.905 0.172 0.211 0.007693 20000 1.000000
236.819000 38.495000 -12.678 4.879 0.168 0.21 -0.061869 20000 1.000000
236.291000 39.117200 -12.939 5.846 0.177 0.224 0.008551 20000 1.000000
236.652000 38.987400 -12.231 3.702 0.176 0.213 0.072294 20000 1.000000
236.796000 39.242000 -11.115 1.493 0.167 0.208 0.004977 20000 1.000000
236.368000 42.275400 -3.564 0.471 0.191 0.239 -0.002366 20000 1.000000
236.895000 39.319700 -10.249 0.325 0.186 0.228 0.025430 20000 1.000000
237.041000 38.664700 -10.252 3.906 0.2 0.258 0.090094 20000 1.000000
237.233000 38.428600 -11.539 3.101 0.167 0.209 0.010725 20000 1.000000
237.548000 38.239800 -10.063 2.3 0.168 0.209 0.003519 20000 1.000000
237.083000 38.866100 -9.971 -0.061 0.162 0.202 -0.005971 20000 1.000000
237.037000 39.398100 -8.398 6.18 0.211 0.249 -0.055625 20000 1.000000
237.424000 38.777800 -8.463 0.866 0.171 0.223 -0.038193 20000 1.000000
237.281000 39.260000 -8.177 -5.529 0.166 0.206 0.038028 20000 1.000000
237.696000 39.109300 -7.871 -1.147 0.172 0.214 -0.008741 20000 1.000000
237.873000 37.069200 -13.479 4.684 0.199 0.234 0.180170 20000 1.000000
238.137000 36.962000 -13.56 6.046 0.189 0.213 -0.038262 20000 1.000000
238.009000 37.201700 -10.24 4.888 0.194 0.227 -0.062820 20000 1.000000
238.203000 37.001000 -14.014 4.647 0.252 0.274 0.091601 20000 1.000000
238.274000 37.002400 -12.524 4.551 0.18 0.221 0.019930 20000 1.000000
238.349000 37.104500 -12.331 2.664 0.205 0.226 -0.113665 20000 1.000000
238.286000 37.203500 -9.103 1.909 0.173 0.205 0.049707 20000 1.000000
237.786000 37.329900 -12.68 5.07 0.165 0.201 0.011402 20000 1.000000
237.901000 37.336900 -10.458 5.492 0.171 0.216 -0.015140 20000 1.000000
237.900000 37.722000 -10.338 0.5 0.164 0.2 -0.004731 20000 1.000000
237.781000 37.863900 -11.527 -0.007 0.171 0.213 -0.008037 20000 1.000000
237.942000 37.713900 -9.967 1.073 0.185 0.221 -0.058764 20000 1.000000
238.174000 37.336800 -10.714 3.388 0.168 0.208 0.010375 20000 1.000000
238.210000 37.533000 -8.856 -1.002 0.166 0.202 0.007470 20000 1.000000
238.313000 37.601800 -6.791 -0.343 0.171 0.206 0.042778 20000 1.000000
238.022000 37.749400 -7.707 0.124 0.166 0.203 -0.004308 20000 1.000000
238.214000 37.819000 -9.511 -4.215 0.173 0.208 0.005641 20000 1.000000
238.095000 36.621700 -13.627 6.874 0.167 0.202 -0.008783 20000 1.000000
238.421000 36.724000 -13.71 5.619 0.166 0.2 -0.010330 20000 1.000000
238.580000 36.800400 -10.581 4.647 0.165 0.199 -0.006895 20000 1.000000
238.409000 36.858500 -13.207 5.873 0.167 0.203 -0.015038 20000 1.000000
238.459000 36.814300 -13.507 6.172 0.167 0.2 0.005393 20000 1.000000
238.445000 36.903500 -10.968 3.281 0.169 0.202 -0.014672 20000 1.000000
238.613000 36.637000 -14.166 6.465 0.177 0.211 -0.053507 20000 1.000000
238.458000 37.007800 -10.443 2.069 0.219 0.272 0.013036 20000 1.000000
238.426000 37.213000 -9.409 -0.321 0.168 0.201 0.005369 20000 1.000000
238.665000 36.918200 -9.06 -1.298 0.164 0.198 0.002299 20000 1.000000
238.645000 37.010800 -9.105 -1.699 0.174 0.213 -0.027422 20000 1.000000
240.294000 37.713100 -8.714 -4.503 0.173 0.21 -0.016989 20000 1.000000
238.812000 36.559500 -12.051 7.738 0.164 0.197 -0.004206 20000 1.000000
238.131000 37.975600 -7.408 -1.688 0.167 0.204 0.012296 20000 1.000000
238.936000 36.611600 -7.444 1.782 0.163 0.196 -0.003130 20000 1.000000
238.732000 36.950000 -8.188 -1.772 0.167 0.201 0.023425 20000 1.000000
238.652000 36.811400 -8.91 0.208 0.167 0.201 -0.009494 20000 1.000000
238.942000 37.169600 -7.292 -1.391 0.171 0.207 0.011482 20000 1.000000
238.347000 37.478400 -8.93 -0.625 0.184 0.222 0.006109 20000 1.000000
238.531000 37.489600 -7.516 -0.95 0.164 0.2 -0.006885 20000 1.000000
238.675000 37.581900 -6.687 -0.015 0.169 0.208 -0.011182 20000 1.000000
238.395000 37.932000 -8.733 -1.825 0.166 0.203 -0.002717 20000 1.000000
238.536000 37.755300 -6.887 -3.041 0.167 0.204 -0.008455 20000 1.000000
238.717000 37.385400 -8.131 -1.157 0.17 0.211 -0.002459 20000 1.000000
237.782000 38.153000 -8.343 1.762 0.165 0.203 -0.022559 20000 1.000000
237.904000 38.025100 -8.978 0.728 0.171 0.212 -0.060755 20000 1.000000
237.805000 38.444200 -7.734 -1.233 0.175 0.226 0.003166 20000 1.000000
237.645000 38.999500 -7.518 -1.901 0.202 0.222 0.078564 20000 1.000000
238.905000 38.645300 -7.36 -1.872 0.164 0.203 0.001675 20000 1.000000
239.652000 35.544100 -10.459 5.294 0.177 0.209 -0.001263 20000 1.000000
239.611000 35.841100 -9.797 3.676 0.175 0.205 -0.022037 20000 1.000000
239.655000 35.837800 -8.848 1.216 0.172 0.207 -0.003002 20000 1.000000
239.715000 35.806700 -8.281 2.581 0.178 0.21 -0.013827 20000 1.000000
239.093000 35.933300 -12.885 6.426 0.165 0.198 0.003164 20000 1.000000
239.019000 36.417200 -8.417 -0.099 0.187 0.224 0.010112 20000 1.000000
239.147000 36.515900 -7.306 0.117 0.171 0.207 -0.012256 20000 1.000000
239.302000 36.024800 -12.901 5.612 0.167 0.207 0.001255 20000 1.000000
239.121000 36.140200 -13.039 6.332 0.167 0.199 0.000875 20000 1.000000
239.251000 36.106800 -12.59 6.025 0.163 0.195 0.001719 20000 1.000000
239.272000 36.178900 -7.328 -0.612 0.163 0.196 0.000381 20000 1.000000
239.355000 35.922800 -12.115 5.976 0.166 0.197 -0.009133 20000 1.000000
239.525000 36.007500 -4.789 0.628 0.188 0.212 0.000936 20000 1.000000
239.457000 36.089400 -6.532 -2.301 0.164 0.197 -0.000501 20000 1.000000
239.560000 36.123200 -6.247 -0.241 0.165 0.197 -0.002376 20000 1.000000
239.158000 35.697100 -13.621 6.865 0.171 0.198 0.041513 20000 1.000000
239.637000 36.051700 -6.699 1.693 0.169 0.197 -0.000590 20000 1.000000
239.448000 35.974100 -11.914 5.148 0.194 0.223 -0.042499 20000 1.000000
239.706000 36.015800 -6.866 2.014 0.166 0.198 -0.008910 20000 1.000000
239.723000 36.304400 2.652 2.701 0.168 0.202 -0.008108 20000 1.000000
239.257000 36.806300 -5.979 -0.918 0.166 0.202 0.001701 20000 1.000000
239.803000 37.352200 -7.839 -1.598 0.176 0.215 -0.014034 20000 1.000000
239.356000 37.795200 -7.64 -1.921 0.18 0.21 0.006938 20000 1.000000
240.160000 37.901100 -6.185 0.741 0.187 0.213 -0.100056 20000 1.000000
239.049000 38.090000 -8.914 -1.324 0.169 0.208 -0.006294 20000 1.000000
239.666000 38.735600 -8.102 -1.487 0.185 0.212 0.038993 20000 1.000000
241.480000 37.177600 -4.315 0.885 0.164 0.198 0.001654 20000 1.000000
236.283000 39.863600 -12.232 1.745 0.205 0.257 -0.075524 20000 1.000000
236.448000 39.905700 -11.122 -0.58 0.193 0.248 -0.045249 20000 1.000000
236.628000 39.452400 -11.582 0.112 0.166 0.211 0.010883 20000 1.000000
236.705000 39.707100 -10.978 -0.296 0.177 0.22 -0.054830 20000 1.000000
236.813000 39.492800 -10.528 1.035 0.181 0.247 0.035519 20000 1.000000
236.817000 39.962100 -7.133 -0.269 0.186 0.236 -0.046432 20000 1.000000
236.344000 40.256800 -7.58 0.425 0.166 0.212 0.012402 20000 1.000000
236.301000 40.575300 -6.164 -1.447 0.176 0.22 0.076452 20000 1.000000
236.427000 40.478900 -7.079 -0.433 0.203 0.257 0.192213 20000 1.000000
236.548000 40.082200 -9.176 0.848 0.162 0.206 0.001913 20000 1.000000
236.864000 40.324100 -6.003 -1.547 0.162 0.206 -0.006965 20000 1.000000
236.676000 40.732900 -5.169 -1.523 0.164 0.209 -0.028291 20000 1.000000
236.826000 40.546700 -5.995 -1.42 0.167 0.215 -0.023550 20000 1.000000
237.024000 39.621400 -9.602 -1.565 0.176 0.21 0.051334 20000 1.000000
237.264000 39.493600 -11.147 -4.351 0.271 0.336 -0.014638 20000 1.000000
237.126000 39.726200 -8.696 -0.904 0.168 0.212 0.039002 20000 1.000000
237.077000 40.747600 -5.906 -2.225 0.197 0.247 -0.015298 20000 1.000000
237.332000 40.034100 -5.976 -0.918 0.169 0.211 -0.012931 20000 1.000000
237.393000 40.650700 -5.059 1.72 0.172 0.222 -0.046832 20000 1.000000
236.666000 40.887100 -4.985 -1.574 0.161 0.206 -0.003588 20000 1.000000
237.729000 40.271200 -5.705 -1.512 0.264 0.333 -0.053353 20000 1.000000
239.132000 39.794700 -8.315 -2.383 0.165 0.212 -0.038684 20000 1.000000
239.052000 41.183300 -5.287 -1.881 0.165 0.214 -0.028824 20000 1.000000
237.681000 40.731100 -4.831 -1.443 0.196 0.228 0.043561 20000 1.000000
235.774000 42.209100 -7.641 0.125 0.169 0.213 0.004026 20000 1.000000
235.946000 42.860100 -4.4 -0.267 0.188 0.241 0.060149 20000 1.000000
236.617000 42.503500 -6.147 0.598 0.167 0.217 0.001761 20000 1.000000
237.344000 42.191000 -3.771 -0.401 0.17 0.222 -0.034473 20000 1.000000
238.220000 42.259700 -2.301 -0.735 0.166 0.211 -0.006565 20000 1.000000
239.622000 42.468800 -3.995 -1.592 0.167 0.219 -0.032481 20000 1.000000
243.371000 36.071300 -4.371 -3.247 0.177 0.212 0.057911 20000 1.000000
242.835000 36.022500 -6.209 -2.614 0.176 0.201 -0.006166 20000 1.000000
242.590000 36.159000 -5.145 -1.941 0.183 0.216 0.055057 20000 1.000000
241.868000 36.466800 -4.031 -2.01 0.188 0.232 -0.190515 20000 1.000000
242.211000 36.531200 -5.742 -2.463 0.163 0.198 -0.002393 20000 1.000000
241.909000 36.570200 -5.378 -0.941 0.188 0.212 -0.062213 20000 1.000000
241.882000 36.975700 -5.582 -1.917 0.163 0.198 0.004285 20000 1.000000
242.064000 37.231400 -5.437 -2.282 0.172 0.203 0.044445 20000 1.000000
242.606000 34.462400 -7.582 0.933 0.181 0.205 -0.002932 20000 1.000000
242.459000 33.562100 -12.289 4.615 0.176 0.2 0.022750 20000 1.000000
242.895000 32.889200 -13.672 4.416 0.171 0.193 -0.006239 20000 1.000000
243.050000 32.733800 -13.437 4.959 0.166 0.189 0.001437 20000 1.000000
242.756000 32.666400 -13.962 5.284 0.184 0.199 0.088950 20000 1.000000
242.810000 33.439600 -12.115 4.524 0.167 0.193 0.009783 20000 1.000000
242.928000 33.235700 -13.04 4.686 0.177 0.196 0.044441 20000 1.000000
243.217000 33.493300 -11.22 3.498 0.168 0.193 0.006910 20000 1.000000
243.651000 32.976000 -13.481 4.156 0.172 0.197 0.008890 20000 1.000000
243.989000 32.822200 -13.006 4.219 0.172 0.195 -0.034049 20000 1.000000
243.329000 33.240200 -12.339 3.817 0.261 0.288 -0.041902 20000 1.000000
243.431000 33.059200 -14.025 3.907 0.167 0.19 0.001842 20000 1.000000
243.379000 33.375600 -12.218 3.308 0.172 0.196 0.041632 20000 1.000000
243.591000 33.210200 -12.286 5.29 0.184 0.212 0.013017 20000 1.000000
243.817000 33.213500 -10.177 2.698 0.169 0.193 0.001822 20000 1.000000
243.921000 33.201000 -10.486 2.228 0.169 0.194 0.008462 20000 1.000000
243.888000 33.296200 -9.24 1.112 0.174 0.198 -0.055147 20000 1.000000
243.574000 33.523500 -10.123 1.488 0.179 0.199 0.072039 20000 1.000000
243.773000 33.574700 -8.497 0.715 0.177 0.211 0.025327 20000 1.000000
244.031000 32.887000 -11.14 3.493 0.172 0.196 0.005646 20000 1.000000
244.175000 32.954700 -11.258 3.005 0.186 0.206 0.004919 20000 1.000000
244.268000 32.759700 -11.398 3.422 0.176 0.202 0.011730 20000 1.000000
244.404000 32.750600 -9.145 2.146 0.18 0.2 0.008832 20000 1.000000
244.423000 32.834700 -9.249 2.335 0.178 0.2 0.004848 20000 1.000000
244.700000 32.690000 -5.516 -1.935 0.17 0.193 -0.006678 20000 1.000000
244.602000 32.875800 -4.333 -2.577 0.179 0.204 0.017397 20000 1.000000
244.578000 32.982500 -4.669 -2.667 0.175 0.202 0.019174 20000 1.000000
244.280000 32.948900 -9.161 2.392 0.197 0.227 0.017209 20000 1.000000
244.234000 33.516400 -6.113 -2.904 0.178 0.203 0.055740 20000 1.000000
244.313000 33.423900 -4.907 -2.489 0.195 0.218 0.045087 20000 1.000000
244.571000 33.247800 -4.797 -2.848 0.176 0.2 -0.007717 20000 1.000000
244.657000 33.143600 -5.192 -3.08 0.177 0.201 -0.048576 20000 1.000000
244.704000 33.886900 -5.404 -4 0.18 0.201 0.001612 20000 1.000000
240.305000 37.562600 -5.72 1.21 0.187 0.208 0.109032 20000 1.000000
239.350000 34.907300 -12.627 3.917 0.24 0.258 0.007331 20000 1.000000
239.590000 35.010700 -14.17 5.61 0.173 0.203 -0.011323 20000 1.000000
239.760000 34.870600 -13.915 5.402 0.167 0.195 0.019272 20000 1.000000
239.617000 35.106200 -13.002 5.989 0.176 0.204 0.074023 20000 1.000000
241.822000 34.376400 -11.239 2.645 0.169 0.197 0.010263 20000 1.000000
239.925000 35.020000 -13.225 8.565 0.164 0.193 0.000812 20000 1.000000
240.208000 34.507800 -13.693 6.16 0.174 0.195 -0.010218 20000 1.000000
240.384000 34.630500 -13.246 5.042 0.165 0.193 0.002388 20000 1.000000
240.185000 34.888600 -14.431 4.076 0.164 0.193 0.007223 20000 1.000000
240.464000 35.086600 -10.656 1.794 0.169 0.199 0.034754 20000 1.000000
239.192000 35.425800 -14.268 6.51 0.166 0.197 -0.011366 20000 1.000000
239.455000 35.327800 -13.058 6.24 0.17 0.203 0.051063 20000 1.000000
239.646000 35.440500 -12.652 5.754 0.17 0.2 -0.007209 20000 1.000000
239.520000 35.624800 -11.144 8.95 0.167 0.199 0.011444 20000 1.000000
239.463000 35.792700 -12.277 5.244 0.173 0.208 0.039690 20000 1.000000
239.733000 35.633800 -11.649 4.113 0.171 0.198 0.026861 20000 1.000000
239.629000 35.747900 -10.682 4.39 0.17 0.201 0.009148 20000 1.000000
237.762000 37.061200 -14.052 6.424 0.168 0.204 0.015644 20000 1.000000
239.899000 35.235100 -12.756 5.493 0.19 0.213 0.049908 20000 1.000000
239.975000 35.279800 -11.553 4.71 0.171 0.206 -0.018680 20000 1.000000
240.065000 35.316800 -9.555 3.446 0.169 0.202 0.004301 20000 1.000000
239.887000 35.534200 -11.057 3.178 0.18 0.214 0.002335 20000 1.000000
239.818000 35.702700 -9.666 2.407 0.166 0.197 0.003118 20000 1.000000
239.869000 35.801300 -8.201 0.888 0.175 0.202 0.016639 20000 1.000000
239.999000 35.686700 -9.289 0.512 0.172 0.201 -0.043451 20000 1.000000
239.707000 35.688900 -11.441 4.575 0.165 0.197 -0.005271 20000 1.000000
240.287000 35.319000 -9.286 1.654 0.177 0.211 -0.007546 20000 1.000000
240.091000 35.934700 -7.639 0.387 0.167 0.197 0.001239 20000 1.000000
240.496000 34.466800 -13.544 5.094 0.165 0.192 0.004342 20000 1.000000
240.674000 34.599600 -13.829 1.348 0.173 0.207 0.073038 20000 1.000000
240.885000 34.660100 -11.898 2.124 0.173 0.2 0.060670 20000 1.000000
240.845000 34.856200 -10.072 2.078 0.245 0.327 -0.081950 20000 1.000000
239.755000 35.686700 -12.325 4.695 0.188 0.221 -0.003989 20000 1.000000
241.121000 34.835100 -9.99 1.206 0.168 0.196 0.016330 20000 1.000000
241.152000 34.792300 -10.995 0.646 0.173 0.206 0.005820 20000 1.000000
241.331000 34.695000 -10.223 1.301 0.184 0.212 0.058394 20000 1.000000
241.454000 34.771100 -8.709 1.493 0.169 0.199 0.009819 20000 1.000000
241.344000 34.944400 -8.073 0.52 0.174 0.205 -0.042500 20000 1.000000
241.388000 35.138600 -7.747 0.282 0.168 0.197 -0.024715 20000 1.000000
241.459000 34.821800 -8.39 2.01 0.176 0.202 -0.004813 20000 1.000000
241.811000 34.982100 -6.627 1.096 0.168 0.195 0.000531 20000 1.000000
241.876000 35.378000 -7.732 -0.643 0.169 0.197 -0.009482 20000 1.000000
241.740000 35.667300 -6.834 -1.351 0.175 0.202 0.012008 20000 1.000000
241.233000 36.231400 -6.544 -1.881 0.173 0.201 0.061747 20000 1.000000
241.045000 36.585500 -7.906 -1.192 0.165 0.199 -0.003294 20000 1.000000
241.740000 36.093100 -7.282 -1.233 0.169 0.197 -0.002423 20000 1.000000
241.994000 35.038800 -6.38 0.763 0.168 0.197 0.004793 20000 1.000000
242.271000 34.509700 -8.529 1.391 0.169 0.197 -0.000946 20000 1.000000
242.451000 34.634300 -7.2 0.734 0.167 0.196 -0.002061 20000 1.000000
242.457000 34.987000 -6.323 -0.459 0.172 0.201 0.035467 20000 1.000000
243.048000 33.892600 -9.303 1.961 0.166 0.192 0.004188 20000 1.000000
243.454000 34.019300 -7.943 1.197 0.168 0.195 -0.010840 20000 1.000000
242.719000 34.534800 -7.849 0.431 0.194 0.206 -0.106682 20000 1.000000
241.969000 34.332200 -11.414 3.012 0.171 0.199 0.013448 20000 1.000000
242.635000 35.116800 -6.028 -0.084 0.177 0.206 -0.009676 20000 1.000000
241.983000 35.152400 -6.845 0.511 0.168 0.198 -0.001018 20000 1.000000
242.697000 35.238500 -6.568 -0.395 0.171 0.198 0.009220 20000 1.000000
242.795000 35.387900 -6.003 -1.371 0.165 0.195 0.008401 20000 1.000000
242.610000 35.896700 -5.122 -2.486 0.183 0.215 -0.029337 20000 1.000000
242.597000 35.697600 -5.734 -1.557 0.168 0.198 0.003508 20000 1.000000
243.111000 35.998200 -4.949 -2.172 0.178 0.202 -0.011509 20000 1.000000
243.112000 35.710600 -5.895 -2.231 0.166 0.199 0.006831 20000 1.000000
243.290000 34.192500 -7.39 0.261 0.171 0.195 -0.002570 20000 1.000000
243.463000 34.217200 -6.547 -0.081 0.171 0.196 0.016404 20000 1.000000
243.788000 33.865800 -6.838 -2.048 0.167 0.193 0.017501 20000 1.000000
243.920000 33.959300 -5.423 -1.613 0.17 0.194 0.009041 20000 1.000000
239.772000 35.729200 -9.815 2.437 0.171 0.202 0.015423 20000 1.000000
243.971000 34.716900 -4.554 -3.211 0.175 0.202 -0.027817 20000 1.000000
243.329000 34.936800 -6.75 -1.997 0.172 0.202 0.014545 20000 1.000000
242.063000 34.341100 -11.456 2.778 0.182 0.216 0.000773 20000 1.000000
243.120000 34.462100 -7.243 -0.017 0.168 0.195 0.000503 20000 1.000000
244.179000 33.741000 -5.876 -2.42 0.181 0.208 0.016846 20000 1.000000
243.107000 34.062700 -8.983 0.874 0.182 0.213 -0.036972 20000 1.000000
244.236000 34.425700 -5.124 -2.613 0.206 0.218 0.042121 20000 1.000000
244.350000 35.204800 -5.283 -3.465 0.173 0.2 -0.024917 20000 1.000000
242.685000 34.187400 -10.628 1.543 0.17 0.198 0.042537 20000 1.000000
242.950000 34.196200 -8.95 -0.696 0.203 0.205 0.082497 20000 1.000000
244.750000 34.731800 -5.059 -3.79 0.214 0.247 0.023984 20000 1.000000
243.237000 35.204600 -5.368 -2.084 0.168 0.196 0.008538 20000 1.000000
242.107000 35.424600 -6.961 -0.235 0.171 0.201 0.003305 20000 1.000000
243.428000 35.320600 -5.885 -2.817 0.168 0.201 -0.004064 20000 1.000000
243.896000 35.141900 -5.248 -3.138 0.18 0.202 -0.031821 20000 1.000000
243.878000 35.526000 -4.007 -3.457 0.169 0.2 -0.009586 20000 1.000000
243.855000 35.785400 -5.647 -4.069 0.168 0.199 -0.008425 20000 1.000000
244.456000 35.472800 -4.943 -3.553 0.168 0.202 0.009066 20000 1.000000
244.634000 35.163000 -4.617 -4.323 0.178 0.209 -0.009722 20000 1.000000
245.401000 34.188900 -5.127 -3.499 0.174 0.201 0.009562 20000 1.000000
245.035000 34.844400 -4.336 -3.722 0.174 0.2 -0.013865 20000 1.000000
244.762000 35.291100 -4.523 -4.167 0.169 0.198 0.003164 20000 1.000000
241.621000 37.973100 -4.002 -2.205 0.171 0.21 -0.026134 20000 1.000000
241.000000 37.613000 -6.201 6.444 0.169 0.204 -0.036850 20000 1.000000
241.084000 37.605300 -3.263 2.305 0.174 0.221 -0.020239 20000 1.000000
240.914000 37.785700 -5.729 0.069 0.204 0.229 -0.113554 20000 1.000000
240.967000 37.913500 -7.299 -0.097 0.197 0.241 0.003136 20000 1.000000
240.974000 37.696600 -7.918 -0.557 0.2 0.224 0.114509 20000 1.000000
240.862000 37.839300 -5.176 -0.759 0.179 0.211 0.027058 20000 1.000000
240.853000 37.962800 -5.825 -0.75 0.167 0.201 -0.005002 20000 1.000000
240.916000 37.914100 -5.876 -0.268 0.168 0.202 -0.000152 20000 1.000000
241.056000 37.734300 -6.289 2.154 0.166 0.202 -0.001909 20000 1.000000
241.131000 37.654600 -3.676 -0.493 0.168 0.206 -0.006264 20000 1.000000
241.040000 37.891700 -7.337 -0.197 0.175 0.207 -0.004192 20000 1.000000
241.148000 37.878200 -5.817 -0.05 0.166 0.202 -0.015718 20000 1.000000
241.183000 37.591400 -1.136 3.301 0.17 0.217 0.062910 20000 1.000000
241.302000 37.561600 -4.922 0.681 0.172 0.226 -0.006848 20000 1.000000
241.316000 37.495400 -2.223 -0.058 0.163 0.198 -0.000823 20000 1.000000
241.406000 37.541300 -4.563 -1.213 0.167 0.203 0.000365 20000 1.000000
241.180000 37.677000 -3.481 -0.092 0.166 0.203 -0.001969 20000 1.000000
241.232000 37.754400 -4.86 -0.846 0.173 0.217 0.040793 20000 1.000000
240.981000 37.800000 -6.537 1.108 0.169 0.204 0.030946 20000 1.000000
241.264000 37.903500 -4.372 -0.508 0.169 0.205 -0.014028 20000 1.000000
241.445000 37.891300 -5.688 -1.531 0.176 0.206 0.065318 20000 1.000000
241.762000 37.589200 -6.375 -2.322 0.165 0.2 0.001014 20000 1.000000
241.528000 37.737500 -5.418 -1.231 0.202 0.237 0.014169 20000 1.000000
240.850000 38.057900 -4.636 -1.114 0.174 0.207 0.008296 20000 1.000000
237.804000 41.344800 -99.225 244.104 0.709 0.869 0.104463 20000 1.000000
237.706000 41.381200 -4.386 -2.154 0.176 0.216 0.056613 20000 1.000000
237.809000 41.479200 -5.812 0.889 0.165 0.224 -0.044830 20000 1.000000
237.687000 41.463600 -4.75 -1.504 0.168 0.225 -0.043847 20000 1.000000
237.847000 41.531900 -6.264 -2.274 0.22 0.252 0.050021 20000 1.000000
238.493000 41.711600 -4.545 -1.055 0.164 0.212 -0.004228 20000 1.000000
246.132000 42.878900 -5.245 -3.351 0.163 0.215 -0.018378 20000 1.000000
241.275000 37.380400 1.524 0.422 0.23 0.249 0.148498 20000 1.000000
241.439000 37.439500 -4.254 -1.68 0.178 0.21 0.007296 20000 1.000000
240.254000 37.088900 -6.974 -1.401 0.169 0.203 0.045453 20000 1.000000
241.853000 37.280500 -5.804 -2.389 0.168 0.203 0.006456 20000 1.000000
239.172000 41.359200 -5.831 -2.033 0.187 0.235 -0.066196 20000 1.000000
239.527000 41.332500 -5.025 -2.952 0.168 0.213 0.000754 20000 1.000000
235.587000 42.442000 -4.924 0.498 0.169 0.223 -0.066333 20000 1.000000
235.707000 42.076600 -1.018 -0.266 0.177 0.22 0.021724 20000 1.000000
238.120000 42.579800 -4.568 -0.985 0.168 0.215 -0.021623 20000 1.000000
237.390000 42.727100 -3.333 -2.156 0.183 0.224 0.110578 20000 1.000000
242.275000 42.020200 -6.007 -4.084 0.167 0.214 -0.005232 20000 1.000000
243.404000 33.598200 -11.213 1.832 0.247 0.281 -0.129028 20000 1.000000
243.397000 33.495500 -11.787 3.959 0.174 0.201 0.006879 20000 1.000000
244.492000 32.829400 -6.873 2.542 0.173 0.194 -0.004845 20000 1.000000
239.784000 35.693800 -11.233 2.829 0.185 0.213 0.044464 20000 1.000000
237.579000 41.830800 -0.702 0.3 0.177 0.228 0.038474 20000 1.000000
236.019000 41.845500 -4.671 -1.478 0.184 0.266 -0.058189 20000 1.000000
238.521000 36.744300 -11.731 6.272 0.182 0.211 0.057119 20000 1.000000
239.528000 35.946600 -8.562 2.91 0.187 0.214 0.058013 20000 1.000000
239.485000 35.929100 -11.784 4.258 0.221 0.27 0.008634 20000 1.000000
236.427000 40.478800 -6.355 -0.227 0.199 0.252 0.192814 20000 1.000000
237.036000 39.845700 -7.485 -0.673 0.164 0.208 -0.029278 20000 1.000000
243.852000 34.508100 -4.96 -3.097 0.176 0.204 -0.000306 20000 1.000000
245.241000 32.497900 -4.217 -3.727 0.178 0.196 0.005881 20000 1.000000
243.407000 33.537300 -10.887 1.981 0.181 0.21 0.064343 20000 1.000000
241.651000 34.021700 -12.337 4.496 0.175 0.211 0.024169 20000 1.000000
241.379000 34.836000 -8.904 1.524 0.171 0.2 0.001452 20000 1.000000
241.983000 35.152400 -7.768 0.976 0.171 0.201 -0.001076 20000 1.000000
241.983000 35.152500 -7.401 0.567 0.171 0.2 0.003621 20000 1.000000
242.968000 33.389000 -15.666 0.536 0.176 0.202 0.045142 20000 1.000000
243.936000 31.559100 -14.313 5.704 0.176 0.193 0.065698 20000 1.000000
238.728000 35.709000 -14.103 7.248 0.185 0.219 -0.016067 20000 1.000000
242.077000 34.508200 -9.522 1.552 0.175 0.203 0.013724 20000 1.000000
244.450000 32.490100 -10.183 4.529 0.173 0.204 -0.030530 20000 1.000000
242.305000 34.925400 -7.302 0.455 0.173 0.202 -0.031197 20000 1.000000
244.116000 32.417000 -13.011 4.686 0.175 0.198 0.000402 20000 1.000000
243.076000 33.687100 -9.285 2.304 0.165 0.191 0.004213 20000 1.000000
239.522000 35.919900 -8.405 9.091 0.173 0.206 0.033836 20000 1.000000
242.818000 33.835700 -11.325 3.779 0.19 0.209 0.001277 20000 1.000000
242.193000 34.091800 -12.312 3.55 0.173 0.212 0.003917 20000 1.000000
244.543000 32.377900 -10.372 4.076 0.167 0.189 -0.006745 20000 1.000000
241.596000 33.743300 -12.733 4.74 0.171 0.199 -0.019789 20000 1.000000
241.628000 33.779500 -14.367 4.637 0.205 0.223 0.087579 20000 1.000000
238.863000 36.161100 -13.199 6.606 0.171 0.202 0.009723 20000 1.000000
241.755000 34.628700 -9.603 1.198 0.197 0.232 -0.036713 20000 1.000000
239.056000 39.974600 -4.892 -0.42 0.186 0.233 -0.037096 20000 1.000000
243.849000 34.683200 -4.851 -2.364 0.168 0.196 0.005954 20000 1.000000
242.317000 35.338700 -6.157 -0.493 0.168 0.197 0.005382 20000 1.000000
240.280000 34.500000 -14.008 4.928 0.17 0.2 0.002959 20000 1.000000
243.375000 34.643900 -7.52 -1.286 0.172 0.196 -0.024227 20000 1.000000
241.974000 34.019100 -12.232 4.03 0.189 0.219 -0.034029 20000 1.000000
242.391000 33.674100 -13.587 3.788 0.179 0.206 0.019171 20000 1.000000
242.445000 33.485800 -12.333 4.685 0.181 0.207 0.039938 20000 1.000000
239.475000 35.900000 -22.507 5.733 0.18 0.218 -0.022977 20000 1.000000
241.807000 34.875100 -7.445 0.934 0.179 0.207 0.026958 20000 1.000000
240.816000 34.541500 -12.572 2.469 0.188 0.218 0.072606 20000 1.000000
244.877000 40.617200 -4.328 -4.628 0.169 0.218 0.013887 20000 1.000000
238.442000 37.666500 -7.194 -2.187 0.166 0.202 -0.006346 20000 1.000000
241.245000 34.459800 -11.706 3.39 0.189 0.222 -0.009961 20000 1.000000
244.274000 32.649300 -10.973 3.811 0.449 0.48 -0.087387 20000 1.000000
239.775000 40.591700 -6.032 -2.317 0.172 0.219 -0.031531 20000 1.000000
240.984000 41.868400 -4.901 -2.738 0.179 0.227 0.066382 20000 1.000000
243.701000 35.971300 -5.59 -4.006 0.178 0.205 -0.048586 20000 1.000000
241.521000 34.438600 -11.491 3.381 0.204 0.231 -0.036955 20000 1.000000
243.746000 33.192600 -11.858 3.913 0.17 0.195 -0.002439 20000 1.000000
240.116000 39.314300 -7.486 0.892 0.192 0.244 -0.025134 20000 1.000000
244.022000 33.292200 -8.397 1.573 0.173 0.196 0.009673 20000 1.000000
240.476000 33.247900 -16.894 8.807 0.174 0.211 -0.021678 20000 1.000000
240.936000 34.319900 -13.319 4.624 0.167 0.194 0.010241 20000 1.000000
241.354000 34.059300 -13.536 3.599 0.174 0.198 -0.038782 20000 1.000000
242.151000 33.992700 -12.222 4.048 0.178 0.204 0.017374 20000 1.000000
239.935000 34.004300 -14.811 7.063 0.175 0.2 -0.014706 20000 1.000000
239.930000 34.607300 -14.999 5.795 0.175 0.218 -0.023824 20000 1.000000
239.640000 35.917400 -12.004 -1.533 0.196 0.218 0.083714 20000 1.000000
241.585000 35.158200 -6.968 -0.391 0.166 0.197 0.002225 20000 1.000000
243.923000 33.650600 -7.621 -0.505 0.173 0.2 0.037341 20000 1.000000
242.233000 33.549600 -12.847 4.883 0.199 0.213 -0.014198 20000 1.000000
243.770000 36.934800 -4.349 -3.296 0.169 0.204 0.013773 20000 1.000000
239.867000 34.483500 -13.997 3.847 0.174 0.206 -0.004988 20000 1.000000
243.839000 33.641200 -7.697 1.88 0.187 0.21 0.024731 20000 1.000000
246.368000 31.335500 -4.686 -4.282 0.172 0.189 -0.016730 20000 1.000000
242.951000 39.542200 -4.878 -3.68 0.173 0.208 0.073384 20000 1.000000
242.816000 38.097200 -5.489 -3.151 0.166 0.203 -0.007887 20000 1.000000
241.669000 33.797800 -12.958 4.901 0.18 0.207 -0.003461 20000 1.000000
241.163000 34.248000 -12.907 4.722 0.174 0.2 0.053536 20000 1.000000
241.771000 34.878900 -7.911 1.392 0.178 0.211 -0.060325 20000 1.000000
235.849000 41.053900 -4.474 0.545 0.17 0.215 -0.025451 20000 1.000000
241.558000 34.069100 -13.182 4.988 0.19 0.21 0.019564 20000 1.000000
241.198000 39.627100 -5.973 -4.14 0.172 0.213 0.005095 20000 1.000000
241.723000 34.019500 -15.402 -1.123 0.166 0.193 0.002677 20000 1.000000
243.915000 33.030100 -12.385 3.865 0.169 0.194 0.004204 20000 1.000000
238.053000 38.394500 -7.525 -1.049 0.168 0.208 -0.014493 20000 1.000000
241.780000 34.178600 -11.942 3.312 0.215 0.226 0.083542 20000 1.000000
241.486000 34.126400 -12.938 4.724 0.169 0.196 0.030106 20000 1.000000
241.516000 34.293200 -12.122 3.358 0.172 0.196 0.005801 20000 1.000000
239.384000 34.556300 -15.781 6.301 0.167 0.195 0.007245 20000 1.000000
241.879000 34.501500 -11.245 2.861 0.184 0.208 0.020311 20000 1.000000
241.706000 33.712600 -13.216 5.672 0.175 0.202 -0.013462 20000 1.000000
242.807000 33.225000 -12.96 5.272 0.167 0.191 0.018830 20000 1.000000
241.443000 35.738400 -3.881 -4.507 0.362 0.433 0.299405 20000 1.000000
241.346000 37.664300 -5.286 -0.435 0.18 0.222 0.003274 20000 1.000000
241.016000 35.010800 -9.116 1.968 0.184 0.218 -0.026650 20000 1.000000
241.648000 35.695000 -7.02 -1.284 0.184 0.218 -0.037971 20000 1.000000
243.608000 33.934800 -7.297 0.272 0.182 0.209 0.015416 20000 1.000000
241.258000 34.568500 -10.769 2.512 0.183 0.21 0.127164 20000 1.000000
241.586000 34.259400 -12.555 3.847 0.201 0.235 -0.024743 20000 1.000000
244.418000 33.038300 -7.252 -4.333 0.175 0.2 0.000317 20000 1.000000
243.068000 34.669000 -7.19 -0.938 0.186 0.215 -0.097693 20000 1.000000
241.758000 35.695600 -7.723 -0.2 0.26 0.304 0.154808 20000 1.000000
241.572000 33.958200 -12.234 4.555 0.239 0.253 -0.279288 20000 1.000000
244.421000 33.278800 -5.821 -4.162 0.18 0.204 0.023001 20000 1.000000
243.346000 33.955300 -7.495 1.33 0.172 0.197 0.001066 20000 1.000000
243.111000 35.425200 -5.338 -4.285 0.186 0.217 0.008435 20000 1.000000
243.920000 35.287000 -4.857 -2.47 0.173 0.202 0.005401 20000 1.000000
