242.907000 34.116400 -9.513 0.779 0.181 0.222 -0.040563 20000 1.000000
242.555000 33.274300 -13.759 4.408 0.172 0.196 -0.013929 20000 1.000000
242.555000 33.274300 -13.821 4.524 0.17 0.193 -0.010074 20000 1.000000
243.571000 34.594300 -6.901 -2.47 0.168 0.196 -0.009284 20000 1.000000
241.305000 34.824500 -9.325 -1.184 0.182 0.213 -0.030339 20000 1.000000
242.675000 33.341900 -13.637 4.351 0.169 0.195 -0.001979 20000 1.000000
242.524000 33.381100 -13.688 4.449 0.171 0.194 -0.016698 20000 1.000000
242.103000 34.126000 -12.62 2.625 0.237 0.254 0.045717 20000 1.000000
242.795000 40.412800 -5.832 -4.464 0.165 0.208 -0.023217 20000 1.000000
240.970000 33.480500 -14.05 5.975 0.188 0.209 -0.050173 20000 1.000000
243.116000 34.264300 -8.302 -0.504 0.192 0.226 0.040065 20000 1.000000
240.594000 34.920500 -12.144 1.871 0.169 0.197 -0.026287 20000 1.000000
243.379000 37.039900 -6.49 -5.247 0.2 0.241 0.017975 20000 1.000000
244.002000 34.000500 -6.477 -2.806 0.171 0.197 -0.030705 20000 1.000000
242.935000 33.578200 -12.724 3.397 0.182 0.206 -0.020591 20000 1.000000
243.920000 35.287000 -5.694 -4.744 0.173 0.202 -0.013553 20000 1.000000
245.285000 33.610400 -6.088 -4.371 0.17 0.195 -0.029205 20000 1.000000
243.947000 34.251400 -6.108 -3.582 0.171 0.198 -0.014547 20000 1.000000
241.723000 34.184900 -13.066 2.89 0.204 0.234 0.013617 20000 1.000000
242.988000 34.918600 -7.522 -1.404 0.172 0.201 -0.008586 20000 1.000000
241.812000 34.292800 -11.479 1.012 0.263 0.266 -0.325645 20000 1.000000
242.156000 42.779500 -6.216 -5.382 0.168 0.221 -0.009333 20000 1.000000
240.653000 35.157300 -10.896 -1.211 0.172 0.206 0.013451 20000 1.000000
235.437000 42.836100 -3.202 0.494 0.164 0.215 -0.020824 20000 1.000000
244.010000 33.655100 -8.832 -0.912 0.176 0.204 0.011739 20000 1.000000
239.566000 35.939400 -8.38 1.713 0.167 0.2 -0.021784 20000 1.000000
239.569000 35.888400 -13.975 4.039 0.194 0.223 0.010718 20000 1.000000
241.666000 33.311600 -14.436 5.589 0.166 0.192 -0.002180 20000 1.000000
241.517000 33.445800 -14.443 5.526 0.172 0.199 -0.024880 20000 1.000000
241.370000 34.138600 -13.353 5.362 0.208 0.22 0.083285 20000 1.000000
242.329000 35.565300 -6.279 -1.656 0.175 0.209 -0.011324 20000 1.000000
240.987000 34.806400 -12.16 2.293 0.32 0.41 -0.107038 20000 1.000000
243.664000 34.829500 -7.063 -3.346 0.184 0.207 -0.026866 20000 1.000000
242.035000 34.244000 -13.567 1.111 0.197 0.242 -0.118619 20000 1.000000
241.974000 34.333400 -11.391 3.207 0.184 0.207 0.035306 20000 1.000000
242.172000 34.640500 -9.269 0.578 0.179 0.214 0.043277 20000 1.000000
241.063000 34.109600 -14.753 4.554 0.184 0.218 0.003120 20000 1.000000
241.873000 34.136700 -6.783 7.498 0.199 0.223 0.007785 20000 1.000000
242.576000 34.271200 -1.318 6.754 0.169 0.192 -0.018868 20000 1.000000
242.521000 34.313800 -10.745 2.338 0.184 0.21 0.080527 20000 1.000000
241.856000 34.530300 -12.972 1.753 0.193 0.213 -0.151147 20000 1.000000
242.291000 34.109900 -12.761 3.305 0.181 0.209 -0.038303 20000 1.000000
245.126000 40.558400 -6.564 -4.408 0.18 0.212 0.020991 20000 1.000000
244.877000 32.863500 -5.102 -3.792 0.173 0.195 -0.013773 20000 1.000000
244.272000 32.850500 -12.445 1.782 0.177 0.201 -0.034945 20000 1.000000
240.120000 34.414900 -15.485 4.937 0.174 0.201 -0.046881 20000 1.000000
242.427000 35.071700 -7.682 -0.836 0.175 0.203 0.029114 20000 1.000000
239.249000 35.791600 -13.533 5.297 0.175 0.206 -0.030371 20000 1.000000
240.275000 35.242100 -12.146 0.997 0.166 0.195 -0.005602 20000 1.000000
244.265000 33.069800 -8.983 0.673 0.179 0.204 -0.005013 20000 1.000000
240.961000 34.168400 -14.883 5.296 0.171 0.198 0.015068 20000 1.000000
241.743000 33.861500 -14.154 4.165 0.173 0.204 -0.019886 20000 1.000000
241.476000 34.253600 -13.802 3.821 0.18 0.207 0.024576 20000 1.000000
240.629000 34.408100 -14.503 3.438 0.196 0.229 -0.017005 20000 1.000000
241.387000 34.516500 -12.392 2.025 0.177 0.202 -0.029570 20000 1.000000
243.630000 34.124100 -7.43 -1.417 0.187 0.218 -0.079817 20000 1.000000
242.098000 34.082000 -13.482 1.748 0.184 0.212 -0.064770 20000 1.000000
241.603000 34.334800 -8.09 -1.886 0.31 0.319 -0.143945 20000 1.000000
241.603000 34.334000 -14.166 2.759 0.263 0.255 -0.181990 20000 1.000000
244.212000 33.389800 -8.014 -1.764 0.176 0.202 -0.020352 20000 1.000000
242.154000 35.267500 -6.281 -1.872 0.467 0.518 -0.171327 20000 1.000000
242.140000 34.413400 -11.916 0.65 0.169 0.211 -0.005137 20000 1.000000
241.873000 33.938300 -15.142 2.822 0.181 0.21 -0.014493 20000 1.000000
242.588000 33.647700 -12.708 4.228 0.166 0.191 -0.009919 20000 1.000000
241.170000 34.946200 -9.309 0.841 0.177 0.213 -0.004861 20000 1.000000
245.061000 39.345200 -6.615 -5.184 0.173 0.212 -0.035729 20000 1.000000
244.183000 40.914700 -6.04 -4.21 0.164 0.209 -0.012983 20000 1.000000
241.871000 33.583500 -18.479 6.978 0.178 0.202 0.010947 20000 1.000000
242.574000 33.649100 -15.653 3.086 0.173 0.201 -0.047409 20000 1.000000
241.574000 34.703100 -9.583 -3.124 0.171 0.199 -0.006195 20000 1.000000
242.474000 34.104200 -11.893 2.765 0.196 0.227 -0.028727 20000 1.000000
239.991000 34.733000 -15.199 5.217 0.17 0.197 0.014757 20000 1.000000
243.064000 34.093600 -9.044 0.262 0.189 0.268 0.059470 20000 1.000000
241.116000 34.356300 -13.732 4.911 0.173 0.197 -0.011200 20000 1.000000
246.195000 39.369400 -5.983 -4.075 0.174 0.21 -0.029999 20000 1.000000
241.760000 34.733900 -9.416 1.102 0.172 0.201 -0.015538 20000 1.000000
244.200000 32.945000 -10.743 2.504 0.196 0.21 -0.010297 20000 1.000000
241.107000 34.800200 -12.66 1.735 0.177 0.207 0.000900 20000 1.000000
240.644000 40.416500 -6.059 -3.755 0.168 0.215 -0.050605 20000 1.000000
240.136000 35.189400 -12.435 3.213 0.172 0.206 -0.013700 20000 1.000000
244.479000 33.274800 -5.696 -4.095 0.174 0.197 -0.021358 20000 1.000000
243.617000 34.291400 -6.912 -1.846 0.172 0.201 -0.032340 20000 1.000000
245.173000 33.051100 -4.973 -4.287 0.211 0.238 -0.089421 20000 1.000000
244.340000 34.784000 -5.683 -4.093 0.191 0.225 -0.063448 20000 1.000000
245.810000 34.308600 -5.011 -4.337 0.173 0.199 -0.021865 20000 1.000000
243.111000 35.425200 -6.276 -3.123 0.171 0.201 -0.032568 20000 1.000000
245.820000 40.640200 -6.961 -4.198 0.173 0.219 0.000397 20000 1.000000
239.584000 36.399000 -7.244 -1.525 0.206 0.241 -0.036741 20000 1.000000
241.887000 34.047400 -13.156 3.12 0.176 0.205 0.015781 20000 1.000000
242.701000 35.011500 -6.658 -1.089 0.171 0.199 -0.009649 20000 1.000000
241.714000 33.783600 -14.864 4.991 0.196 0.228 -0.088500 20000 1.000000
243.570000 34.754800 -7.352 -2.544 0.17 0.198 0.006870 20000 1.000000
238.530000 40.815900 -7.923 -3.664 0.168 0.214 -0.017365 20000 1.000000
242.999000 33.708100 -11.886 3.197 0.171 0.199 0.000069 20000 1.000000
244.365000 33.705000 -6.529 -4.032 0.192 0.227 -0.046132 20000 1.000000
239.520000 35.866700 -11.97 4.082 0.195 0.241 0.003459 20000 1.000000
242.155000 34.458200 -11.124 0.267 0.177 0.207 -0.031758 20000 1.000000
239.598000 35.880800 -9.987 0.891 0.179 0.211 0.056526 20000 1.000000
240.812000 34.441200 -13.973 2.913 0.182 0.216 -0.010745 20000 1.000000
244.089000 34.727300 -5.901 -4.258 0.174 0.205 -0.006078 20000 1.000000
243.779000 33.796800 -7.639 -2.16 0.176 0.205 0.011696 20000 1.000000
244.855000 34.157600 -5.937 -4.103 0.169 0.198 0.013322 20000 1.000000
241.526000 35.662300 -7.216 -1.487 0.178 0.212 -0.074024 20000 1.000000
242.045000 34.449100 -10.45 0.586 0.167 0.201 -0.027615 20000 1.000000
240.992000 34.398500 -13.072 1.872 0.173 0.203 -0.014648 20000 1.000000
243.827000 33.925400 -6.887 -2.386 0.177 0.201 -0.005082 20000 1.000000
243.241000 33.236000 -6.162 5.514 0.193 0.219 0.075692 20000 1.000000
242.165000 34.485500 -10.045 1.671 0.168 0.196 -0.014729 20000 1.000000
242.609000 33.744200 -12.69 3.442 0.186 0.209 0.063080 20000 1.000000
242.555000 33.817400 -12.712 3.211 0.173 0.199 0.004317 20000 1.000000
243.060000 35.090200 -7.69 -2.569 0.174 0.201 -0.012509 20000 1.000000
239.553000 34.691000 -14.167 5.992 0.17 0.197 -0.010508 20000 1.000000
242.246000 34.133300 -12.249 1.63 0.19 0.219 0.006004 20000 1.000000
239.406000 35.828700 -13.204 4.859 0.174 0.208 0.008770 20000 1.000000
242.454000 34.314900 -12.784 2.609 0.195 0.225 0.047711 20000 1.000000
241.970000 34.527100 -10.913 0.967 0.177 0.21 -0.053678 20000 1.000000
240.896000 34.733600 -12.933 2.207 0.174 0.207 0.009534 20000 1.000000
239.557000 35.832600 -12.539 3.924 0.17 0.201 -0.009362 20000 1.000000
242.563000 33.856800 -12.348 3.461 0.172 0.195 -0.015754 20000 1.000000
238.778000 42.418300 -6.482 -5.196 0.239 0.323 -0.033626 20000 1.000000
239.241000 36.186900 -10.357 -3.322 0.172 0.201 0.035438 20000 1.000000
239.233000 36.180500 -14.87 4.54 0.172 0.201 -0.005665 20000 1.000000
244.021000 36.632500 -6.488 -4.027 0.168 0.202 0.011351 20000 1.000000
239.649000 34.038300 -14.702 6.311 0.173 0.202 -0.051044 20000 1.000000
241.874000 34.136800 -13.496 4.08 0.169 0.195 0.010518 20000 1.000000
243.904000 40.148400 -6.568 -4.313 0.172 0.218 -0.092711 20000 1.000000
242.682000 33.918400 -12.471 3.111 0.171 0.196 -0.002804 20000 1.000000
239.566000 35.969500 -7.594 1.949 0.176 0.2 -0.055071 20000 1.000000
244.588000 40.710700 -6.058 -5.107 0.168 0.222 -0.023524 20000 1.000000
241.122000 34.295500 -14.021 4.438 0.19 0.216 -0.011246 20000 1.000000
243.352000 34.038500 -8.477 0.242 0.186 0.218 0.087815 20000 1.000000
242.790000 34.230800 -8.712 1.955 0.268 0.274 0.235225 20000 1.000000
245.381000 34.767700 -5.542 -4.517 0.185 0.216 -0.007640 20000 1.000000
240.859000 34.498700 -12.739 2.719 0.168 0.195 -0.018271 20000 1.000000
243.932000 34.141000 -6.645 -3.387 0.17 0.197 -0.003610 20000 1.000000
242.653000 33.240700 -13.907 2.751 0.189 0.206 -0.134840 20000 1.000000
244.082000 34.369900 -6.255 -4.124 0.171 0.202 -0.048438 20000 1.000000
243.708000 34.533000 -6.199 -3.108 0.181 0.203 -0.030479 20000 1.000000
243.185000 34.674900 -7.705 -1.05 0.18 0.208 0.063217 20000 1.000000
241.793000 34.128800 -13.274 2.952 0.168 0.196 -0.013903 20000 1.000000
240.647000 34.683400 -11.789 1.35 0.187 0.222 -0.033279 20000 1.000000
242.814000 39.521100 -6.511 -4.523 0.179 0.218 -0.017962 20000 1.000000
245.995000 32.722500 -5.893 -4.097 0.177 0.2 0.025901 20000 1.000000
244.721000 39.910200 -5.995 -4.667 0.185 0.216 -0.004968 20000 1.000000
245.543000 36.154200 -6.014 -4.266 0.174 0.204 -0.020607 20000 1.000000
245.180000 41.724200 -5.911 -4.407 0.166 0.212 -0.045327 20000 1.000000
242.670000 41.428700 -6.097 -5.261 0.194 0.25 -0.008138 20000 1.000000
242.935000 42.981700 -6.261 -4.422 0.162 0.212 -0.016340 20000 1.000000
235.925000 40.876300 -5.299 -0.01 0.213 0.267 0.031799 20000 1.000000
236.274000 38.928300 -12.148 5.777 0.197 0.242 -0.021922 20000 1.000000
237.585000 40.997600 -8.045 -3.547 0.192 0.251 -0.099908 20000 1.000000
243.830000 32.616500 -13.672 4.39 0.169 0.192 -0.020407 20000 1.000000
238.997000 35.551800 -13.856 7.039 0.167 0.199 -0.006884 20000 1.000000
242.015000 39.305600 -6.365 -4.163 0.17 0.214 -0.050493 20000 1.000000
242.395000 39.287900 -6.332 -3.718 0.168 0.206 -0.023239 20000 1.000000
243.576000 39.500500 -6.213 -4.518 0.163 0.21 -0.001313 20000 1.000000
243.950000 39.546400 -6.948 -5.213 0.169 0.206 0.004609 20000 1.000000
244.111000 39.374200 -6.033 -4.852 0.165 0.205 -0.000227 20000 1.000000
244.487000 39.536100 -5.672 -3.953 0.167 0.209 -0.015648 20000 1.000000
244.568000 39.388600 -6.957 -4.292 0.161 0.202 -0.016331 20000 1.000000
242.120000 40.433400 -6.149 -4.328 0.167 0.21 0.010877 20000 1.000000
245.308000 39.255200 -6.491 -3.942 0.169 0.206 0.034381 20000 1.000000
245.723000 39.119400 -7.952 -6.118 0.17 0.215 -0.008604 20000 1.000000
246.129000 39.067300 -6.356 -4.046 0.167 0.208 -0.032234 20000 1.000000
246.495000 39.268900 -7.189 -4.493 0.181 0.23 -0.010859 20000 1.000000
242.532000 40.320600 -6.558 -4.559 0.171 0.212 -0.054177 20000 1.000000
246.946000 40.494000 -7.062 -4.474 0.164 0.209 0.001058 20000 1.000000
243.264000 40.495500 -7.241 -4.582 0.173 0.216 -0.046784 20000 1.000000
243.721000 40.363200 -6.649 -4.534 0.164 0.207 0.004634 20000 1.000000
240.200000 39.572800 -7.783 -3.275 0.168 0.209 -0.028250 20000 1.000000
242.469000 36.614300 -6.035 -4.209 0.168 0.201 -0.022263 20000 1.000000
242.593000 36.804200 -6.502 -3.466 0.162 0.196 -0.015515 20000 1.000000
242.006000 36.606000 -6.095 -2.119 0.175 0.204 0.067212 20000 1.000000
242.296000 37.200800 -6.447 -3.42 0.167 0.202 -0.015619 20000 1.000000
240.463000 39.698400 -6.925 -3.88 0.173 0.215 -0.023038 20000 1.000000
240.694000 39.795600 -6.173 -3.958 0.207 0.265 0.023300 20000 1.000000
241.126000 39.838800 -6.188 -4.13 0.181 0.22 -0.058562 20000 1.000000
241.316000 39.888900 -6.486 -4.016 0.17 0.213 -0.027931 20000 1.000000
241.841000 39.212300 -6.495 -3.987 0.161 0.201 -0.013877 20000 1.000000
246.706000 41.856800 -5.908 -4.378 0.172 0.222 0.021571 20000 1.000000
246.958000 39.345100 -6.337 -4.63 0.168 0.207 -0.016055 20000 1.000000
246.988000 41.817300 -5.938 -4.257 0.166 0.212 -0.023532 20000 1.000000
246.722000 40.671300 -6.681 -4.5 0.169 0.213 -0.028621 20000 1.000000
240.400000 39.499200 -6.158 -3.003 0.182 0.215 0.033202 20000 1.000000
241.550000 39.133900 -5.878 -3.025 0.165 0.205 -0.005512 20000 1.000000
241.062000 39.268000 -5.121 -3.59 0.252 0.301 -0.027290 20000 1.000000
241.649000 39.454700 -6.701 -3.671 0.167 0.207 0.026072 20000 1.000000
241.995000 38.728800 -6.365 -3.827 0.167 0.204 -0.008899 20000 1.000000
241.540000 38.724600 -6.317 -4.126 0.184 0.228 -0.008804 20000 1.000000
241.070000 38.980900 -6.241 -3.406 0.163 0.207 -0.005173 20000 1.000000
240.541000 38.761400 -6.735 -2.533 0.179 0.213 -0.095503 20000 1.000000
240.523000 40.779800 -6.417 -4.091 0.182 0.219 0.061822 20000 1.000000
240.990000 40.242200 -6.527 -4.066 0.188 0.218 -0.085015 20000 1.000000
240.278000 39.908200 -6.507 -3.08 0.176 0.222 0.018233 20000 1.000000
239.307000 38.829200 -8.49 -3.173 0.187 0.212 0.081107 20000 1.000000
239.614000 39.046600 -6.904 -3.161 0.185 0.222 -0.066962 20000 1.000000
240.189000 39.123500 -6.901 -2.828 0.171 0.213 -0.080021 20000 1.000000
239.107000 39.466700 -7.831 -2.428 0.198 0.236 0.072080 20000 1.000000
240.376000 41.357700 -6.94 -4.293 0.165 0.212 -0.011275 20000 1.000000
239.716000 39.937400 -6.58 -2.536 0.161 0.202 -0.018315 20000 1.000000
239.194000 40.418600 -7.579 -4.555 0.213 0.257 0.004152 20000 1.000000
239.923000 40.288900 -6.958 -3.554 0.168 0.211 -0.004133 20000 1.000000
235.692000 40.247500 -11.344 6.921 0.162 0.205 -0.017112 20000 1.000000
235.867000 40.551300 -6.849 1.49 0.167 0.211 -0.024479 20000 1.000000
235.787000 40.637400 -5.123 2.19 0.191 0.239 0.004559 20000 1.000000
235.943000 40.219600 -11.002 1.371 0.168 0.212 -0.000160 20000 1.000000
236.307000 40.119300 -9.514 0.068 0.177 0.227 0.021260 20000 1.000000
238.207000 36.485500 -14.139 4.533 0.163 0.196 -0.019477 20000 1.000000
238.710000 35.945700 -14.66 6.083 0.17 0.202 0.029428 20000 1.000000
238.949000 36.302100 -14.321 5.021 0.167 0.201 -0.000131 20000 1.000000
238.865000 36.425900 -13.905 6.071 0.171 0.204 0.018605 20000 1.000000
237.668000 37.534500 -14.3 3.788 0.22 0.233 -0.099623 20000 1.000000
237.623000 37.914500 -11.228 2.195 0.173 0.211 -0.006448 20000 1.000000
236.819000 38.495000 -11.726 5.794 0.168 0.209 -0.076226 20000 1.000000
236.652000 38.987400 -11.582 2.388 0.176 0.212 0.059594 20000 1.000000
236.796000 39.242000 -12.018 1.293 0.166 0.206 -0.014545 20000 1.000000
236.895000 39.319700 -11.326 -0.356 0.173 0.212 0.010272 20000 1.000000
237.041000 38.664700 -10.756 1.982 0.201 0.259 0.068297 20000 1.000000
237.233000 38.428600 -11.975 2.937 0.168 0.21 -0.002828 20000 1.000000
237.548000 38.239800 -11.208 1.932 0.17 0.21 -0.013924 20000 1.000000
237.083000 38.866100 -10.888 1.007 0.162 0.202 -0.019028 20000 1.000000
237.037000 39.398100 -12.162 0.295 0.226 0.262 -0.087980 20000 1.000000
237.424000 38.777800 -9.026 -0.883 0.171 0.222 -0.050370 20000 1.000000
237.281000 39.260000 -7.004 -4.305 0.167 0.206 0.024815 20000 1.000000
237.696000 39.109300 -7.63 -4.65 0.173 0.213 -0.020795 20000 1.000000
237.873000 37.069200 -12.48 5.166 0.2 0.235 0.171333 20000 1.000000
238.137000 36.962000 -13.137 4.962 0.193 0.218 -0.046263 20000 1.000000
238.009000 37.201700 -13.145 3.419 0.195 0.226 -0.087849 20000 1.000000
238.203000 37.001000 -12.827 5.443 0.254 0.274 0.068172 20000 1.000000
238.274000 37.002400 -12.575 4.426 0.18 0.22 0.004232 20000 1.000000
238.349000 37.104500 -11.635 2.777 0.206 0.225 -0.130512 20000 1.000000
238.286000 37.203500 -11.124 3.652 0.175 0.206 0.036230 20000 1.000000
237.786000 37.329900 -11.948 2.455 0.165 0.2 -0.004739 20000 1.000000
237.901000 37.336900 -13.608 2.091 0.194 0.249 -0.038486 20000 1.000000
237.900000 37.722000 -9.993 0.851 0.165 0.199 -0.019843 20000 1.000000
237.781000 37.863900 -10.444 1.498 0.172 0.214 -0.019798 20000 1.000000
237.942000 37.713900 -9.344 -1.771 0.186 0.223 -0.077965 20000 1.000000
238.174000 37.336800 -9.954 3.637 0.17 0.21 -0.003844 20000 1.000000
238.210000 37.533000 -9.296 -1.238 0.166 0.201 -0.009617 20000 1.000000
238.313000 37.601800 -9.367 -1.944 0.173 0.207 0.032227 20000 1.000000
238.022000 37.749400 -10.539 0.116 0.168 0.204 -0.022449 20000 1.000000
238.214000 37.819000 -9.891 -1.545 0.172 0.206 -0.011214 20000 1.000000
238.095000 36.621700 -14.517 6.063 0.172 0.208 -0.029179 20000 1.000000
238.421000 36.724000 -14.029 6.57 0.168 0.201 -0.026184 20000 1.000000
238.580000 36.800400 -11.16 2.975 0.166 0.199 -0.024326 20000 1.000000
238.409000 36.858500 -13.546 5.886 0.167 0.201 -0.033925 20000 1.000000
238.459000 36.814300 -13.89 5.543 0.168 0.2 -0.012262 20000 1.000000
238.445000 36.903500 -12.368 3.389 0.17 0.202 -0.032361 20000 1.000000
238.613000 36.637000 -14.377 6.113 0.18 0.214 -0.072540 20000 1.000000
238.458000 37.007800 -12.423 3.418 0.174 0.215 -0.005063 20000 1.000000
238.426000 37.213000 -8.338 -0.469 0.167 0.2 -0.012542 20000 1.000000
238.665000 36.918200 -8.649 -2.173 0.165 0.198 -0.015400 20000 1.000000
238.645000 37.010800 -9.425 -2.609 0.176 0.214 -0.043657 20000 1.000000
240.294000 37.713100 -8.785 -2.014 0.173 0.21 -0.033174 20000 1.000000
238.812000 36.559500 -13.793 6.714 0.164 0.197 -0.019958 20000 1.000000
238.131000 37.975600 -9.393 -1.723 0.168 0.205 0.003988 20000 1.000000
238.936000 36.611600 -5.623 0.981 0.163 0.196 -0.019948 20000 1.000000
238.732000 36.950000 -8.618 -2.781 0.167 0.201 0.009460 20000 1.000000
238.652000 36.811400 -9.012 -1.346 0.169 0.203 -0.026144 20000 1.000000
238.942000 37.169600 -7.81 -2.52 0.174 0.209 -0.003517 20000 1.000000
238.347000 37.478400 -8.811 -1.136 0.184 0.221 -0.017657 20000 1.000000
238.531000 37.489600 -10.667 -0.338 0.164 0.199 -0.023091 20000 1.000000
238.675000 37.581900 -7.854 -2.122 0.17 0.208 -0.023353 20000 1.000000
238.395000 37.932000 -8.514 -2.637 0.168 0.205 -0.016993 20000 1.000000
238.536000 37.755300 -7.59 -2.357 0.169 0.205 -0.028011 20000 1.000000
238.717000 37.385400 -9.792 -2.626 0.17 0.211 -0.017524 20000 1.000000
237.782000 38.153000 -8.118 -0.122 0.165 0.202 -0.038244 20000 1.000000
237.904000 38.025100 -10.821 0.055 0.171 0.212 -0.071557 20000 1.000000
237.805000 38.444200 -9.615 -2.908 0.176 0.226 -0.010975 20000 1.000000
237.645000 38.999500 -7.213 -3.329 0.202 0.221 0.056957 20000 1.000000
238.905000 38.645300 -8.77 -4.06 0.165 0.203 -0.015588 20000 1.000000
239.652000 35.544100 -14.042 4.012 0.173 0.204 -0.020719 20000 1.000000
239.611000 35.841100 -10.838 3.607 0.175 0.205 -0.041769 20000 1.000000
239.655000 35.837800 -10.4 1.207 0.172 0.207 -0.022522 20000 1.000000
239.715000 35.806700 -9.988 1.08 0.182 0.215 -0.027202 20000 1.000000
239.093000 35.933300 -13.436 6.339 0.166 0.199 -0.015016 20000 1.000000
239.019000 36.417200 -8.656 -0.877 0.198 0.234 -0.004993 20000 1.000000
239.147000 36.515900 -8.603 -2.865 0.174 0.211 -0.028784 20000 1.000000
239.302000 36.024800 -13.78 5.305 0.166 0.204 -0.015635 20000 1.000000
239.121000 36.140200 -14.654 4.924 0.168 0.199 -0.023530 20000 1.000000
239.251000 36.106800 -14.366 5.743 0.163 0.195 -0.015941 20000 1.000000
239.272000 36.178900 -8.103 -0.62 0.164 0.195 -0.016119 20000 1.000000
239.355000 35.922800 -12.838 5.419 0.166 0.197 -0.028111 20000 1.000000
239.525000 36.007500 -0.244 4.417 0.189 0.212 -0.012507 20000 1.000000
239.457000 36.089400 -10.978 1.708 0.165 0.197 -0.017795 20000 1.000000
239.560000 36.123200 -7.95 -0.644 0.165 0.198 -0.017147 20000 1.000000
239.158000 35.697100 -13.868 5.852 0.171 0.198 0.023943 20000 1.000000
239.637000 36.051700 -8.069 -1.05 0.17 0.197 -0.017576 20000 1.000000
239.448000 35.974100 -10.187 3.316 0.183 0.209 -0.062499 20000 1.000000
239.706000 36.015800 -8.848 -1.438 0.167 0.199 -0.025488 20000 1.000000
239.723000 36.304400 -4.927 2.287 0.171 0.205 -0.029197 20000 1.000000
239.257000 36.806300 -7.525 -2.673 0.167 0.202 -0.012006 20000 1.000000
239.803000 37.352200 -8.393 -2.656 0.178 0.216 -0.019962 20000 1.000000
239.356000 37.795200 -6.175 -0.768 0.177 0.208 -0.012819 20000 1.000000
240.160000 37.901100 -8.877 -3.816 0.188 0.213 -0.115094 20000 1.000000
239.049000 38.090000 -8.001 -3.191 0.214 0.255 -0.021296 20000 1.000000
239.666000 38.735600 -7.121 -4.148 0.187 0.212 0.027774 20000 1.000000
241.480000 37.177600 -6.767 0.141 0.165 0.198 -0.007445 20000 1.000000
236.283000 39.863600 -11.889 0.6 0.207 0.257 -0.095342 20000 1.000000
236.448000 39.905700 -12.917 -1.606 0.195 0.251 -0.063986 20000 1.000000
236.628000 39.452400 -12.23 -0.812 0.168 0.21 -0.003171 20000 1.000000
236.705000 39.707100 -12.073 -2.832 0.179 0.221 -0.069923 20000 1.000000
236.813000 39.492800 -11.804 -1.43 0.209 0.281 0.034692 20000 1.000000
236.817000 39.962100 -9.679 -3.691 0.181 0.226 -0.062058 20000 1.000000
236.344000 40.256800 -9.818 -0.892 0.166 0.21 -0.002475 20000 1.000000
236.301000 40.575300 -7.604 -0.664 0.175 0.219 0.066728 20000 1.000000
236.427000 40.478900 -8.428 -2.994 0.201 0.253 0.185701 20000 1.000000
236.548000 40.082200 -10.309 -1.375 0.162 0.204 -0.014076 20000 1.000000
236.864000 40.324100 -8.951 -3.668 0.162 0.206 -0.021626 20000 1.000000
236.676000 40.732900 -9.544 -3.777 0.164 0.208 -0.039018 20000 1.000000
236.826000 40.546700 -9.332 -4.507 0.167 0.214 -0.032976 20000 1.000000
237.024000 39.621400 -7.882 -3.261 0.177 0.21 0.039151 20000 1.000000
237.126000 39.726200 -7.779 -3.937 0.167 0.211 0.020185 20000 1.000000
237.077000 40.747600 -8.771 -3.937 0.172 0.216 -0.030236 20000 1.000000
237.332000 40.034100 -9.242 -3.411 0.17 0.211 -0.026246 20000 1.000000
237.393000 40.650700 -9.78 -6.152 0.173 0.222 -0.059442 20000 1.000000
236.666000 40.887100 -8.172 -3.847 0.161 0.206 -0.018363 20000 1.000000
237.729000 40.271200 -9.149 -3.757 0.23 0.269 -0.089965 20000 1.000000
239.132000 39.794700 -5.602 -1.691 0.164 0.21 -0.048665 20000 1.000000
239.052000 41.183300 -6.943 -3.22 0.165 0.212 -0.039626 20000 1.000000
237.681000 40.731100 -8.31 -4.895 0.197 0.227 0.026422 20000 1.000000
235.774000 42.209100 -6.62 -1.916 0.17 0.212 -0.004525 20000 1.000000
235.946000 42.860100 -8.387 -4.066 0.188 0.239 0.049285 20000 1.000000
236.617000 42.503500 -6.76 -4.769 0.167 0.216 -0.010743 20000 1.000000
237.344000 42.191000 -9.01 -6.174 0.171 0.221 -0.045645 20000 1.000000
238.220000 42.259700 -3.931 -2.148 0.165 0.21 -0.021219 20000 1.000000
239.622000 42.468800 -6.803 -5.722 0.167 0.218 -0.041257 20000 1.000000
243.371000 36.071300 -5.824 -3.625 0.183 0.219 0.033034 20000 1.000000
242.835000 36.022500 -5.819 -3.302 0.175 0.201 -0.025679 20000 1.000000
242.590000 36.159000 -8.301 -3.35 0.195 0.227 0.029248 20000 1.000000
241.868000 36.466800 -6.498 -2.969 0.19 0.232 -0.207935 20000 1.000000
242.211000 36.531200 -5.509 -2.319 0.163 0.198 -0.017163 20000 1.000000
241.909000 36.570200 -6.926 -4.057 0.189 0.213 -0.079581 20000 1.000000
241.882000 36.975700 -4.389 -2.564 0.164 0.198 -0.009459 20000 1.000000
242.064000 37.231400 -7.058 -3.904 0.17 0.202 0.025546 20000 1.000000
242.606000 34.462400 -9.202 0.459 0.181 0.204 -0.017820 20000 1.000000
242.459000 33.562100 -13.743 4.684 0.177 0.201 0.008315 20000 1.000000
242.895000 32.889200 -13.662 5.099 0.17 0.193 -0.029357 20000 1.000000
243.050000 32.733800 -14.389 4.557 0.166 0.189 -0.019397 20000 1.000000
242.756000 32.666400 -14.353 5.345 0.183 0.199 0.066739 20000 1.000000
242.810000 33.439600 -12.926 4.477 0.167 0.192 -0.012108 20000 1.000000
242.928000 33.235700 -13.881 4.219 0.178 0.196 0.019617 20000 1.000000
243.217000 33.493300 -12.757 2.949 0.168 0.193 -0.016921 20000 1.000000
243.651000 32.976000 -12.95 3.843 0.172 0.196 -0.014339 20000 1.000000
243.989000 32.822200 -12.534 3.485 0.172 0.194 -0.050082 20000 1.000000
243.329000 33.240200 -13.451 3.165 0.176 0.2 -0.015561 20000 1.000000
243.431000 33.059200 -14.855 4.302 0.167 0.19 -0.022483 20000 1.000000
243.379000 33.375600 -12.692 3.118 0.172 0.197 0.015877 20000 1.000000
243.591000 33.210200 -13.424 2.443 0.183 0.21 -0.000365 20000 1.000000
243.817000 33.213500 -12.425 2.531 0.169 0.193 -0.016930 20000 1.000000
243.921000 33.201000 -11.158 1.294 0.169 0.193 -0.011953 20000 1.000000
243.888000 33.296200 -10.659 0.367 0.173 0.198 -0.069733 20000 1.000000
243.574000 33.523500 -10.305 2.415 0.179 0.199 0.050338 20000 1.000000
243.773000 33.574700 -8.754 0.946 0.177 0.211 0.006355 20000 1.000000
244.031000 32.887000 -13.058 2.994 0.171 0.195 -0.013928 20000 1.000000
244.175000 32.954700 -11.685 2.686 0.205 0.223 -0.008285 20000 1.000000
244.268000 32.759700 -11.721 2.676 0.175 0.201 -0.006018 20000 1.000000
244.404000 32.750600 -9.747 0.855 0.18 0.2 -0.009823 20000 1.000000
244.423000 32.834700 -10.069 1.557 0.176 0.199 -0.014362 20000 1.000000
244.430000 32.898400 -8.826 0.883 0.176 0.198 0.002613 20000 1.000000
244.700000 32.690000 -6.805 -2.519 0.169 0.193 -0.021166 20000 1.000000
244.602000 32.875800 -5.464 -3.348 0.178 0.204 0.003121 20000 1.000000
244.578000 32.982500 -6.156 -3.767 0.175 0.203 0.000338 20000 1.000000
244.280000 32.948900 -10.411 1.386 0.177 0.2 -0.009952 20000 1.000000
244.234000 33.516400 -7.212 -2.639 0.178 0.203 0.036292 20000 1.000000
244.313000 33.423900 -5.289 -3.637 0.176 0.2 0.027091 20000 1.000000
244.571000 33.247800 -5.746 -4.049 0.175 0.2 -0.026571 20000 1.000000
244.657000 33.143600 -6.051 -3.693 0.176 0.201 -0.066850 20000 1.000000
244.704000 33.886900 -5.704 -3.984 0.179 0.2 -0.008184 20000 1.000000
240.305000 37.562600 -7.446 -2.161 0.185 0.207 0.087903 20000 1.000000
239.350000 34.907300 -15.1 6.235 0.17 0.198 -0.005311 20000 1.000000
239.590000 35.010700 -12.159 5.127 0.175 0.203 -0.025001 20000 1.000000
239.760000 34.870600 -15.27 5.558 0.167 0.195 0.006121 20000 1.000000
239.617000 35.106200 -14.417 5.951 0.175 0.203 0.054195 20000 1.000000
241.822000 34.376400 -12.55 2.781 0.169 0.197 -0.005309 20000 1.000000
239.925000 35.020000 -11.838 5.289 0.164 0.192 -0.015445 20000 1.000000
240.208000 34.507800 -11.363 3.775 0.172 0.194 -0.017323 20000 1.000000
240.384000 34.630500 -14.817 5.21 0.164 0.192 -0.013371 20000 1.000000
240.185000 34.888600 -12.942 3.383 0.163 0.192 -0.012069 20000 1.000000
240.464000 35.086600 -9.157 1.227 0.167 0.196 0.003573 20000 1.000000
239.192000 35.425800 -13.733 6.946 0.166 0.196 -0.032989 20000 1.000000
239.455000 35.327800 -14.65 5.795 0.169 0.202 0.035647 20000 1.000000
239.646000 35.440500 -13.824 3.607 0.179 0.209 -0.035957 20000 1.000000
239.520000 35.624800 -12.458 5.496 0.167 0.199 -0.003510 20000 1.000000
239.463000 35.792700 -13.066 4.594 0.178 0.214 0.025915 20000 1.000000
239.733000 35.633800 -12.315 3.138 0.196 0.227 0.018247 20000 1.000000
239.629000 35.747900 -12.539 3.991 0.171 0.202 -0.004112 20000 1.000000
237.762000 37.061200 -12.213 5.749 0.166 0.201 -0.007477 20000 1.000000
239.899000 35.235100 -13.969 3.616 0.19 0.212 0.034739 20000 1.000000
239.975000 35.279800 -12.497 3.188 0.173 0.208 -0.037731 20000 1.000000
240.065000 35.316800 -11.073 3.06 0.172 0.204 -0.011569 20000 1.000000
239.887000 35.534200 -10.002 1.881 0.177 0.211 -0.009601 20000 1.000000
239.818000 35.702700 -10.788 1.148 0.167 0.197 -0.009677 20000 1.000000
239.869000 35.801300 -9.405 -0.639 0.176 0.202 0.000805 20000 1.000000
239.999000 35.686700 -9.713 0.263 0.174 0.201 -0.069171 20000 1.000000
239.707000 35.688900 -12.28 3.152 0.167 0.197 -0.027564 20000 1.000000
240.287000 35.319000 -10.734 0.45 0.179 0.212 -0.027645 20000 1.000000
240.091000 35.934700 -8.02 -0.848 0.168 0.198 -0.011587 20000 1.000000
240.496000 34.466800 -15.312 3.755 0.165 0.191 -0.012656 20000 1.000000
240.674000 34.599600 -14.943 1.202 0.173 0.206 0.059380 20000 1.000000
240.885000 34.660100 -13.295 2.275 0.173 0.199 0.045063 20000 1.000000
240.845000 34.856200 -12.4 0.314 0.247 0.329 -0.107575 20000 1.000000
239.755000 35.686700 -12.036 1.994 0.169 0.197 -0.020084 20000 1.000000
241.121000 34.835100 -11.087 -0.043 0.168 0.195 -0.005803 20000 1.000000
241.152000 34.792300 -12.265 0.893 0.173 0.206 -0.007004 20000 1.000000
241.331000 34.695000 -13.887 4.503 0.174 0.204 0.042011 20000 1.000000
241.454000 34.771100 -9.549 0.083 0.17 0.2 -0.006697 20000 1.000000
241.344000 34.944400 -8.939 -0.062 0.174 0.206 -0.059101 20000 1.000000
241.388000 35.138600 -7.573 -0.451 0.167 0.196 -0.037836 20000 1.000000
241.459000 34.821800 -10.049 0.466 0.177 0.203 -0.017393 20000 1.000000
241.811000 34.982100 -7.589 -0.14 0.168 0.196 -0.014000 20000 1.000000
241.876000 35.378000 -6.181 -0.721 0.171 0.198 -0.028724 20000 1.000000
241.740000 35.667300 -7.659 -1.808 0.176 0.202 -0.002360 20000 1.000000
241.233000 36.231400 -8.031 -2.208 0.172 0.2 0.043952 20000 1.000000
241.045000 36.585500 -7.814 -2.532 0.164 0.198 -0.013642 20000 1.000000
241.740000 36.093100 -6.465 -2.309 0.169 0.197 -0.015446 20000 1.000000
241.994000 35.038800 -7.933 -0.751 0.168 0.196 -0.006145 20000 1.000000
242.271000 34.509700 -9.443 1.489 0.169 0.197 -0.014643 20000 1.000000
242.451000 34.634300 -8.591 0.084 0.167 0.196 -0.016496 20000 1.000000
242.457000 34.987000 -7.798 -0.951 0.171 0.201 0.018249 20000 1.000000
243.048000 33.892600 -10.596 1.563 0.166 0.192 -0.015353 20000 1.000000
243.454000 34.019300 -7.894 0.767 0.168 0.195 -0.027319 20000 1.000000
242.719000 34.534800 -8.666 -0.173 0.194 0.207 -0.118224 20000 1.000000
241.969000 34.332200 -12.18 1.818 0.17 0.198 0.001864 20000 1.000000
242.635000 35.116800 -7.186 -1.007 0.18 0.208 -0.030183 20000 1.000000
241.983000 35.152400 -7.628 -0.59 0.169 0.198 -0.023359 20000 1.000000
242.697000 35.238500 -6.247 -2.019 0.171 0.198 -0.005041 20000 1.000000
242.795000 35.387900 -6.023 -1.423 0.164 0.195 -0.007245 20000 1.000000
242.610000 35.896700 -8.452 -3.077 0.182 0.216 -0.044997 20000 1.000000
242.597000 35.697600 -7.248 -2.307 0.168 0.197 -0.015983 20000 1.000000
243.111000 35.998200 -6.378 -3.341 0.178 0.202 -0.022505 20000 1.000000
243.112000 35.710600 -7.462 -3.492 0.166 0.198 -0.007580 20000 1.000000
243.290000 34.192500 -8.706 0.433 0.17 0.195 -0.023136 20000 1.000000
243.463000 34.217200 -7.411 -0.665 0.171 0.196 0.002305 20000 1.000000
243.788000 33.865800 -7.611 -0.787 0.167 0.193 -0.003152 20000 1.000000
243.920000 33.959300 -7.739 -2.169 0.17 0.194 -0.012916 20000 1.000000
239.772000 35.729200 -9.95 1.303 0.212 0.247 0.001723 20000 1.000000
243.971000 34.716900 -6.2 -4.202 0.175 0.201 -0.045513 20000 1.000000
243.329000 34.936800 -5.768 -2.564 0.171 0.201 0.001795 20000 1.000000
242.063000 34.341100 -11.673 2.449 0.183 0.217 -0.017869 20000 1.000000
243.120000 34.462100 -8.23 0.216 0.168 0.195 -0.013451 20000 1.000000
244.179000 33.741000 -6.883 -2.84 0.182 0.208 -0.007971 20000 1.000000
243.107000 34.062700 -8.838 -0.407 0.195 0.23 -0.057174 20000 1.000000
244.236000 34.425700 -5.949 -4.435 0.205 0.218 0.018954 20000 1.000000
244.350000 35.204800 -6.126 -4.15 0.172 0.201 -0.040692 20000 1.000000
242.685000 34.187400 -10.937 1.662 0.17 0.198 0.022714 20000 1.000000
242.950000 34.196200 -8.83 0.691 0.199 0.202 0.062286 20000 1.000000
244.750000 34.731800 -5.835 -4.565 0.211 0.245 -0.012332 20000 1.000000
243.237000 35.204600 -6.83 -3.063 0.168 0.196 -0.007432 20000 1.000000
242.107000 35.424600 -6.092 -0.834 0.171 0.2 -0.018760 20000 1.000000
243.428000 35.320600 -5.922 -3.486 0.167 0.199 -0.021031 20000 1.000000
243.896000 35.141900 -5.468 -4.349 0.179 0.201 -0.047629 20000 1.000000
243.878000 35.526000 -5.182 -4.266 0.169 0.2 -0.025421 20000 1.000000
243.855000 35.785400 -6.055 -4.344 0.171 0.202 -0.025137 20000 1.000000
244.456000 35.472800 -4.881 -3.829 0.168 0.201 -0.010507 20000 1.000000
244.634000 35.163000 -6.408 -4.172 0.18 0.212 -0.022318 20000 1.000000
245.401000 34.188900 -5.864 -4.594 0.173 0.201 -0.005826 20000 1.000000
245.035000 34.844400 -6.003 -3.976 0.174 0.2 -0.027099 20000 1.000000
244.762000 35.291100 -6.501 -3.991 0.168 0.199 -0.021011 20000 1.000000
241.621000 37.973100 -7.136 -1.937 0.221 0.268 -0.053109 20000 1.000000
241.000000 37.613000 -9.535 -3.889 0.17 0.204 -0.048905 20000 1.000000
241.084000 37.605300 -6.403 -1.989 0.174 0.221 -0.028481 20000 1.000000
240.914000 37.785700 -8.454 -2.625 0.204 0.231 -0.132428 20000 1.000000
240.967000 37.913500 -7.184 -0.21 0.182 0.222 -0.013755 20000 1.000000
240.974000 37.696600 -7.805 -1.303 0.199 0.224 0.108185 20000 1.000000
240.862000 37.839300 -7.45 -2.323 0.178 0.21 0.009962 20000 1.000000
240.853000 37.962800 -7.576 -2.132 0.167 0.201 -0.017424 20000 1.000000
240.916000 37.914100 -7.086 -0.578 0.168 0.202 -0.013222 20000 1.000000
241.056000 37.734300 -7.97 -1.063 0.166 0.202 -0.015492 20000 1.000000
241.131000 37.654600 -5.065 -3.37 0.168 0.206 -0.018360 20000 1.000000
241.040000 37.891700 -6.538 -1.284 0.174 0.206 -0.023578 20000 1.000000
241.148000 37.878200 -5.592 -1.815 0.167 0.201 -0.029379 20000 1.000000
241.183000 37.591400 -5.875 -2.547 0.171 0.217 0.051191 20000 1.000000
241.302000 37.561600 -7.186 -2.629 0.173 0.227 -0.019039 20000 1.000000
241.316000 37.495400 -5.866 -2.278 0.165 0.2 -0.015859 20000 1.000000
241.406000 37.541300 -6.928 -2.896 0.167 0.203 -0.018170 20000 1.000000
241.180000 37.677000 -4.511 -1.176 0.166 0.203 -0.012320 20000 1.000000
241.232000 37.754400 -5.362 -1.856 0.173 0.217 0.025455 20000 1.000000
240.981000 37.800000 -8.391 -1.38 0.169 0.204 0.021449 20000 1.000000
241.264000 37.903500 -6.099 -1.634 0.168 0.205 -0.027116 20000 1.000000
241.445000 37.891300 -5.932 -1.87 0.177 0.207 0.051875 20000 1.000000
241.762000 37.589200 -5.231 -2.564 0.165 0.2 -0.015703 20000 1.000000
241.528000 37.737500 -5.607 -3.015 0.276 0.312 -0.030147 20000 1.000000
240.850000 38.057900 -4.493 -1.871 0.177 0.212 -0.008497 20000 1.000000
237.804000 41.344800 -9.554 -1.931 0.176 0.229 0.028868 20000 1.000000
237.706000 41.381200 -9.033 -1.984 0.177 0.215 0.044589 20000 1.000000
237.809000 41.479200 -7.893 -6.695 0.165 0.224 -0.057224 20000 1.000000
237.687000 41.463600 -7.558 -3.625 0.168 0.224 -0.054639 20000 1.000000
237.847000 41.531900 -8.293 -3.593 0.201 0.23 0.035107 20000 1.000000
238.493000 41.711600 -7.861 -6.169 0.164 0.212 -0.015319 20000 1.000000
246.132000 42.878900 -6.356 -5.285 0.162 0.214 -0.021025 20000 1.000000
241.275000 37.380400 -3.434 -1.546 0.23 0.249 0.115431 20000 1.000000
241.439000 37.439500 -7.224 -2.06 0.179 0.211 -0.013916 20000 1.000000
240.254000 37.088900 -8.464 -1.851 0.17 0.204 0.026276 20000 1.000000
241.853000 37.280500 -5.753 -3.065 0.167 0.203 -0.007093 20000 1.000000
239.172000 41.359200 -5.645 -3.865 0.198 0.249 -0.068898 20000 1.000000
239.527000 41.332500 -6.614 -3.147 0.166 0.211 -0.013465 20000 1.000000
235.587000 42.442000 -4.5 -0.302 0.176 0.227 -0.090992 20000 1.000000
235.707000 42.076600 -5.568 -2.344 0.172 0.214 0.003724 20000 1.000000
238.120000 42.579800 -5.678 -2.69 0.168 0.214 -0.037570 20000 1.000000
237.390000 42.727100 -6.821 -3.062 0.185 0.224 0.096809 20000 1.000000
240.341000 42.546100 -7.366 -4.844 0.165 0.216 -0.023989 20000 1.000000
242.275000 42.020200 -6.939 -4.699 0.166 0.214 -0.015795 20000 1.000000
243.404000 33.598200 -10.769 1.999 0.251 0.285 -0.199485 20000 1.000000
243.397000 33.495500 -13.272 2.602 0.173 0.201 -0.011630 20000 1.000000
244.492000 32.829400 -7.606 2.276 0.172 0.194 -0.020841 20000 1.000000
239.784000 35.693800 -11.384 2.289 0.189 0.216 0.045711 20000 1.000000
237.579000 41.830800 -5.897 -2.715 0.173 0.22 0.015304 20000 1.000000
236.019000 41.845500 -7.449 -2.93 0.185 0.266 -0.073830 20000 1.000000
238.521000 36.744300 -12.947 5.805 0.176 0.207 0.010219 20000 1.000000
239.528000 35.946600 -10.804 0.686 0.187 0.214 0.047634 20000 1.000000
239.485000 35.929100 -13.446 2.204 0.22 0.271 0.000393 20000 1.000000
236.427000 40.478800 -8.426 -2.9 0.198 0.251 0.173438 20000 1.000000
237.036000 39.845700 -8.852 -2.407 0.163 0.205 -0.041958 20000 1.000000
243.852000 34.508100 -6.02 -3.831 0.17 0.198 -0.014893 20000 1.000000
245.241000 32.497900 -4.768 -3.521 0.178 0.196 -0.012862 20000 1.000000
243.407000 33.537300 -12.23 1.733 0.181 0.21 0.043930 20000 1.000000
241.651000 34.021700 -13.708 4.84 0.177 0.212 -0.002372 20000 1.000000
241.379000 34.836000 -9.126 0.57 0.171 0.2 -0.013571 20000 1.000000
241.983000 35.152400 -7.931 -0.727 0.171 0.2 -0.016141 20000 1.000000
241.983000 35.152500 -7.9 -0.832 0.17 0.2 -0.011524 20000 1.000000
242.968000 33.389000 -15.102 3.247 0.175 0.202 0.023070 20000 1.000000
243.936000 31.559100 -16.112 5.704 0.174 0.192 0.048293 20000 1.000000
238.728000 35.709000 -14.266 6.895 0.185 0.22 -0.033018 20000 1.000000
242.077000 34.508200 -10.492 1.443 0.174 0.203 -0.003019 20000 1.000000
244.450000 32.490100 -11.743 3.337 0.172 0.203 -0.047872 20000 1.000000
242.305000 34.925400 -7.585 -0.386 0.172 0.201 -0.041327 20000 1.000000
243.076000 33.687100 -11.45 4.295 0.165 0.19 -0.018847 20000 1.000000
239.522000 35.919900 -11.626 3.323 0.172 0.205 0.017526 20000 1.000000
242.818000 33.835700 -12.108 2.912 0.189 0.208 -0.011949 20000 1.000000
242.193000 34.091800 -12.545 2.546 0.171 0.209 -0.010095 20000 1.000000
244.543000 32.377900 -11.932 4.754 0.166 0.188 -0.020358 20000 1.000000
241.596000 33.743300 -14.213 5.295 0.174 0.203 -0.051683 20000 1.000000
241.628000 33.779500 -14.232 4.435 0.193 0.22 0.049182 20000 1.000000
238.863000 36.161100 -14.38 6.126 0.175 0.204 0.013588 20000 1.000000
241.755000 34.628700 -9.888 1.507 0.191 0.224 -0.055487 20000 1.000000
239.056000 39.974600 -4.654 -2.593 0.181 0.227 -0.055362 20000 1.000000
243.849000 34.683200 -6.173 -3.511 0.166 0.195 -0.014053 20000 1.000000
242.317000 35.338700 -6.968 -0.54 0.169 0.197 -0.010656 20000 1.000000
240.280000 34.500000 -15.223 3.78 0.17 0.199 -0.014700 20000 1.000000
243.375000 34.643900 -7.416 -1.605 0.172 0.197 -0.042762 20000 1.000000
241.974000 34.019100 -12.787 2.371 0.191 0.219 -0.055324 20000 1.000000
242.391000 33.674100 -17.08 2.686 0.177 0.204 0.012758 20000 1.000000
242.445000 33.485800 -13.348 4.499 0.183 0.208 0.039834 20000 1.000000
239.475000 35.900000 -5.02 1.277 0.178 0.217 -0.033006 20000 1.000000
241.807000 34.875100 -8.203 0.17 0.179 0.207 0.010002 20000 1.000000
240.816000 34.541500 -12.638 1.627 0.187 0.216 0.059781 20000 1.000000
244.877000 40.617200 -6.476 -4.838 0.168 0.218 0.005296 20000 1.000000
243.350000 36.316300 -6.349 -4.595 0.312 0.357 0.004638 20000 1.000000
238.442000 37.666500 -9.145 -2.193 0.168 0.203 -0.024353 20000 1.000000
241.245000 34.459800 -13.428 2.803 0.188 0.222 -0.029133 20000 1.000000
239.775000 40.591700 -6.975 -2.401 0.171 0.219 -0.039726 20000 1.000000
240.984000 41.868400 -6.437 -4.134 0.177 0.226 0.052747 20000 1.000000
243.701000 35.971300 -5.841 -3.737 0.179 0.206 -0.068884 20000 1.000000
241.521000 34.438600 -12.359 1.851 0.204 0.231 -0.058525 20000 1.000000
243.746000 33.192600 -12.684 3.589 0.17 0.195 -0.022863 20000 1.000000
244.022000 33.292200 -9.138 0.651 0.172 0.196 -0.011683 20000 1.000000
240.476000 33.247900 -16.501 7.308 0.177 0.215 -0.040826 20000 1.000000
240.936000 34.319900 -13.156 4.403 0.187 0.216 -0.009725 20000 1.000000
241.354000 34.059300 -13.783 4.281 0.173 0.197 -0.055720 20000 1.000000
242.151000 33.992700 -13.099 2.921 0.178 0.204 0.001312 20000 1.000000
239.935000 34.004300 -14.418 6.177 0.178 0.202 -0.032262 20000 1.000000
239.930000 34.607300 -16.33 5.971 0.174 0.216 -0.040864 20000 1.000000
239.640000 35.917400 -6.382 3.404 0.196 0.218 0.063394 20000 1.000000
241.585000 35.158200 -8.19 -0.026 0.167 0.197 -0.012350 20000 1.000000
243.923000 33.650600 -8.899 -1.365 0.172 0.199 0.013568 20000 1.000000
242.233000 33.549600 -14.348 5.297 0.198 0.212 -0.031592 20000 1.000000
243.770000 36.934800 -6.132 -3.68 0.164 0.197 0.001053 20000 1.000000
239.867000 34.483500 -14.877 6.434 0.173 0.206 -0.018403 20000 1.000000
243.839000 33.641200 -9.191 0.12 0.18 0.202 -0.002274 20000 1.000000
246.368000 31.335500 -5.422 -3.728 0.171 0.189 -0.033417 20000 1.000000
242.951000 39.542200 -6.024 -4.542 0.172 0.208 0.059432 20000 1.000000
242.816000 38.097200 -6.255 -4.352 0.165 0.201 -0.021893 20000 1.000000
241.669000 33.797800 -13.556 4.25 0.177 0.204 -0.017181 20000 1.000000
241.163000 34.248000 -14.056 4.703 0.173 0.199 0.036202 20000 1.000000
241.771000 34.878900 -7.962 0.394 0.177 0.21 -0.080655 20000 1.000000
235.849000 41.053900 -5.289 -0.435 0.171 0.215 -0.031259 20000 1.000000
241.198000 39.627100 -7.243 -3.377 0.173 0.214 -0.008339 20000 1.000000
241.723000 34.019500 -12.207 4.587 0.164 0.191 -0.013095 20000 1.000000
243.915000 33.030100 -12.738 3.003 0.169 0.193 -0.017258 20000 1.000000
240.516000 34.851500 -13.71 5.41 0.319 0.369 0.007804 20000 1.000000
238.053000 38.394500 -9.222 -3.453 0.169 0.208 -0.025190 20000 1.000000
241.780000 34.178600 -12.051 3.186 0.214 0.224 0.061949 20000 1.000000
241.486000 34.126400 -13.812 3.822 0.168 0.195 0.014199 20000 1.000000
241.516000 34.293200 -13.162 3.294 0.173 0.197 -0.011398 20000 1.000000
239.384000 34.556300 -14.827 5.926 0.167 0.196 -0.011133 20000 1.000000
241.879000 34.501500 -10.361 1.484 0.185 0.209 0.004029 20000 1.000000
241.706000 33.712600 -13.902 5.213 0.173 0.2 -0.030619 20000 1.000000
242.807000 33.225000 -13.854 4.536 0.167 0.191 -0.003028 20000 1.000000
241.443000 35.738400 -8.185 0.784 0.437 0.508 0.320294 20000 1.000000
241.346000 37.664300 -5.325 -2.079 0.175 0.215 -0.008788 20000 1.000000
241.016000 35.010800 -10.184 0.872 0.185 0.221 -0.048822 20000 1.000000
241.648000 35.695000 -7.239 -2.262 0.183 0.216 -0.050203 20000 1.000000
243.608000 33.934800 -7.717 -0.611 0.181 0.21 -0.015083 20000 1.000000
241.258000 34.568500 -14.277 3.067 0.184 0.209 0.108628 20000 1.000000
241.586000 34.259400 -13.234 2.7 0.202 0.235 -0.033009 20000 1.000000
244.418000 33.038300 -9.895 -4.814 0.172 0.198 -0.017277 20000 1.000000
243.068000 34.669000 -6.55 -1.307 0.186 0.215 -0.115814 20000 1.000000
241.758000 35.695600 -8.041 -2.617 0.264 0.305 0.148645 20000 1.000000
241.572000 33.958200 -14.109 4.732 0.242 0.257 -0.282985 20000 1.000000
244.421000 33.278800 -6.285 -5.045 0.183 0.207 0.012778 20000 1.000000
243.346000 33.955300 -9.67 1.109 0.173 0.198 -0.022097 20000 1.000000
243.111000 35.425200 -6.069 -3.235 0.182 0.214 -0.018320 20000 1.000000
243.920000 35.287000 -5.694 -4.744 0.173 0.202 -0.013553 20000 1.000000
