242.907000 34.116400 -10.869 1.176 0.185 0.227 0.017300 20000 1.000000
242.555000 33.274300 -14.528 6.93 0.172 0.203 0.047761 20000 1.000000
243.571000 34.594300 -7.669 -0.337 0.169 0.205 0.050033 20000 1.000000
241.305000 34.824500 -10.9 4.022 0.179 0.216 0.032958 20000 1.000000
242.675000 33.341900 -14.198 6.891 0.171 0.204 0.058217 20000 1.000000
242.524000 33.381100 -14.153 6.401 0.173 0.203 0.050850 20000 1.000000
242.103000 34.126000 -13.534 4.238 0.255 0.279 0.158255 20000 1.000000
242.795000 40.412800 -7.314 -1.741 0.168 0.217 0.032371 20000 1.000000
240.970000 33.480500 -15.13 8.517 0.19 0.221 0.016662 20000 1.000000
243.116000 34.264300 -9.48 1.985 0.197 0.236 0.119892 20000 1.000000
240.594000 34.920500 -12.318 5.378 0.173 0.207 0.020852 20000 1.000000
243.379000 37.039900 -7.26 -2.012 0.179 0.22 0.048661 20000 1.000000
244.002000 34.000500 -7.469 -0.837 0.172 0.206 0.025021 20000 1.000000
242.935000 33.578200 -13.022 5.703 0.183 0.215 0.032051 20000 1.000000
243.920000 35.287000 -6.803 -2.297 0.173 0.211 0.048877 20000 1.000000
245.285000 33.610400 -6.53 -2.576 0.172 0.204 0.036218 20000 1.000000
243.947000 34.251400 -6.377 -1.002 0.174 0.207 0.047676 20000 1.000000
241.723000 34.184900 -13.42 6.109 0.198 0.233 0.068399 20000 1.000000
242.988000 34.918600 -8.102 1.038 0.176 0.213 0.031746 20000 1.000000
241.812000 34.292800 -13.648 5.215 0.259 0.272 -0.295214 20000 1.000000
242.156000 42.779500 -6.171 -1.473 0.17 0.23 0.036735 20000 1.000000
240.653000 35.157300 -11.829 2.267 0.175 0.217 0.060215 20000 1.000000
235.437000 42.836100 -1.994 0.938 0.184 0.243 0.027272 20000 1.000000
244.010000 33.655100 -6.682 -0.668 0.191 0.23 0.069939 20000 1.000000
239.566000 35.939400 -10.787 2.701 0.171 0.211 0.021681 20000 1.000000
239.569000 35.888400 -10.594 5.741 0.194 0.232 0.045351 20000 1.000000
241.666000 33.311600 -14.688 8.78 0.169 0.203 0.053559 20000 1.000000
241.517000 33.445800 -14.492 8.644 0.173 0.208 0.025368 20000 1.000000
241.370000 34.138600 -14.864 6.319 0.209 0.234 0.138791 20000 1.000000
242.329000 35.565300 -8.368 0.338 0.176 0.216 0.039463 20000 1.000000
240.987000 34.806400 -13.279 2.757 0.189 0.247 -0.076770 20000 1.000000
243.664000 34.829500 -7.592 -1.012 0.185 0.215 0.031983 20000 1.000000
242.035000 34.244000 -12.877 5.278 0.202 0.251 -0.062482 20000 1.000000
241.974000 34.333400 -11.892 6.319 0.191 0.217 0.111649 20000 1.000000
242.172000 34.640500 -10.007 3.181 0.178 0.219 0.081695 20000 1.000000
241.063000 34.109600 -14.168 7.618 0.187 0.232 0.074134 20000 1.000000
241.873000 34.136700 -15.736 3.08 0.174 0.209 0.069710 20000 1.000000
242.576000 34.271200 -11.822 2.909 0.173 0.203 0.031600 20000 1.000000
242.521000 34.313800 -10.579 4.639 0.185 0.218 0.145264 20000 1.000000
241.856000 34.530300 -11.629 2.965 0.195 0.224 -0.108212 20000 1.000000
242.291000 34.109900 -11.918 4.396 0.177 0.212 0.024891 20000 1.000000
245.126000 40.558400 -6.647 -2.403 0.184 0.222 0.087140 20000 1.000000
244.272000 32.850500 -11.226 4.324 0.174 0.202 0.041237 20000 1.000000
240.120000 34.414900 -14.347 8.715 0.176 0.211 0.011306 20000 1.000000
242.427000 35.071700 -8.622 2.089 0.177 0.213 0.088954 20000 1.000000
239.249000 35.791600 -14.26 8.822 0.178 0.216 0.034968 20000 1.000000
242.900000 34.039100 -11.41 4.306 0.171 0.202 0.068776 20000 1.000000
240.275000 35.242100 -11.354 4.405 0.17 0.207 0.043656 20000 1.000000
244.265000 33.069800 -9.747 2.718 0.181 0.213 0.055115 20000 1.000000
240.961000 34.168400 -13.411 7.411 0.174 0.209 0.059886 20000 1.000000
241.743000 33.861500 -13.787 6.857 0.177 0.215 0.030943 20000 1.000000
241.476000 34.253600 -13.256 5.933 0.179 0.215 0.096127 20000 1.000000
240.629000 34.408100 -14.461 6.673 0.195 0.239 0.017308 20000 1.000000
241.387000 34.516500 -13.102 4.805 0.177 0.211 0.030102 20000 1.000000
243.630000 34.124100 -8.243 1.06 0.185 0.22 0.004325 20000 1.000000
242.098000 34.082000 -12.355 5.362 0.185 0.218 -0.037928 20000 1.000000
241.603000 34.334800 -20.542 4.394 0.332 0.319 -0.024810 20000 1.000000
241.603000 34.334000 -12.259 5.997 0.272 0.264 -0.129465 20000 1.000000
244.212000 33.389800 -8.696 -0.368 0.18 0.212 0.037812 20000 1.000000
242.140000 34.413400 -11.342 4.532 0.172 0.219 0.031863 20000 1.000000
241.873000 33.938300 -13.74 8.781 0.171 0.203 0.050282 20000 1.000000
242.588000 33.647700 -14.252 6.371 0.168 0.202 0.046176 20000 1.000000
241.170000 34.946200 -10.241 2.948 0.181 0.221 0.043035 20000 1.000000
245.061000 39.345200 -7.031 -2.361 0.174 0.22 0.035168 20000 1.000000
244.183000 40.914700 -7.283 -1.939 0.167 0.219 0.040627 20000 1.000000
241.871000 33.583500 -11.222 6.178 0.188 0.222 0.059591 20000 1.000000
241.574000 34.703100 -8.969 8.283 0.183 0.219 0.045624 20000 1.000000
242.474000 34.104200 -13.062 4.138 0.198 0.24 0.074287 20000 1.000000
239.991000 34.733000 -14.747 8.068 0.174 0.208 0.066889 20000 1.000000
243.064000 34.093600 -9.946 2.989 0.196 0.287 0.149461 20000 1.000000
241.116000 34.356300 -13.644 7.595 0.174 0.207 0.039419 20000 1.000000
246.195000 39.369400 -7.059 -2.01 0.174 0.218 0.032181 20000 1.000000
244.200000 32.945000 -11.987 4.224 0.197 0.218 0.057471 20000 1.000000
241.107000 34.800200 -12.173 4.221 0.177 0.214 0.034587 20000 1.000000
240.644000 40.416500 -7.468 -1.225 0.171 0.223 0.005348 20000 1.000000
240.136000 35.189400 -13.514 5.303 0.174 0.214 0.042100 20000 1.000000
244.479000 33.274800 -6.795 -3.211 0.181 0.212 0.037128 20000 1.000000
245.173000 33.051100 -6.211 -2.059 0.21 0.241 -0.029302 20000 1.000000
244.340000 34.784000 -6.365 -2.004 0.196 0.241 0.036208 20000 1.000000
245.810000 34.308600 -6.364 -1.786 0.177 0.21 0.049486 20000 1.000000
243.111000 35.425200 -6.676 1.869 0.175 0.212 0.025317 20000 1.000000
245.820000 40.640200 -6.952 -2.051 0.169 0.217 0.055452 20000 1.000000
239.584000 36.399000 -10.142 -0.785 0.205 0.248 0.020625 20000 1.000000
241.887000 34.047400 -13.502 5.77 0.172 0.207 0.076089 20000 1.000000
241.714000 33.783600 -14.291 7.684 0.199 0.238 -0.020839 20000 1.000000
243.570000 34.754800 -7.966 -1.057 0.173 0.208 0.061169 20000 1.000000
238.530000 40.815900 -8.394 -2.283 0.175 0.23 0.033603 20000 1.000000
244.365000 33.705000 -7.299 -1.787 0.193 0.241 0.033267 20000 1.000000
239.520000 35.866700 -13.319 6.426 0.199 0.259 0.063103 20000 1.000000
242.155000 34.458200 -10.245 2.986 0.231 0.278 0.018198 20000 1.000000
239.598000 35.880800 -10.919 3.582 0.184 0.224 0.126773 20000 1.000000
240.812000 34.441200 -14.583 5.266 0.187 0.226 0.043633 20000 1.000000
244.089000 34.727300 -6.46 -1.702 0.175 0.213 0.075458 20000 1.000000
243.779000 33.796800 -9.384 0.796 0.179 0.217 0.093254 20000 1.000000
244.855000 34.157600 -6.855 -2.075 0.17 0.207 0.074558 20000 1.000000
241.526000 35.662300 -9.294 1.026 0.181 0.224 0.001495 20000 1.000000
242.045000 34.449100 -9.739 3.516 0.167 0.207 0.025722 20000 1.000000
240.992000 34.398500 -11.846 4.24 0.177 0.214 0.044391 20000 1.000000
243.827000 33.925400 -7.694 0.131 0.182 0.216 0.055797 20000 1.000000
242.165000 34.485500 -10.644 4.133 0.168 0.202 0.036936 20000 1.000000
242.609000 33.744200 -13.673 5.515 0.241 0.269 0.111338 20000 1.000000
242.555000 33.817400 -12.95 6.543 0.173 0.206 0.059427 20000 1.000000
243.060000 35.090200 -7.877 0.242 0.174 0.209 0.054571 20000 1.000000
242.246000 34.133300 -13.059 5.256 0.178 0.212 0.069151 20000 1.000000
239.406000 35.828700 -13.609 8.284 0.176 0.217 0.062000 20000 1.000000
242.454000 34.314900 -11.843 3.627 0.194 0.238 0.138673 20000 1.000000
241.970000 34.527100 -11.44 3.302 0.179 0.219 -0.010652 20000 1.000000
240.896000 34.733600 -13.247 3.857 0.173 0.212 0.036140 20000 1.000000
239.557000 35.832600 -12.918 7.104 0.173 0.212 0.046720 20000 1.000000
242.563000 33.856800 -12.761 6.265 0.174 0.205 0.038363 20000 1.000000
238.778000 42.418300 -6.42 -2.326 0.243 0.321 0.008325 20000 1.000000
239.241000 36.186900 -7.429 4.833 0.176 0.213 0.087697 20000 1.000000
239.233000 36.180500 -14.091 9.389 0.175 0.213 0.043367 20000 1.000000
244.021000 36.632500 -5.541 -0.77 0.264 0.324 0.080250 20000 1.000000
239.649000 34.038300 -14.85 10.092 0.174 0.211 -0.000060 20000 1.000000
241.874000 34.136800 -13.709 5.989 0.173 0.207 0.065751 20000 1.000000
243.904000 40.148400 -6.306 -2.238 0.175 0.225 -0.027185 20000 1.000000
242.682000 33.918400 -12.2 5.703 0.174 0.207 0.062846 20000 1.000000
239.566000 35.969500 -10.227 2.692 0.178 0.211 -0.013319 20000 1.000000
244.588000 40.710700 -7.201 -2.242 0.174 0.232 0.033134 20000 1.000000
241.122000 34.295500 -13.872 7.452 0.194 0.227 0.052505 20000 1.000000
242.118000 34.175200 -11.244 5.627 0.244 0.264 -0.243749 20000 1.000000
243.352000 34.038500 -10.631 3.398 0.188 0.228 0.161751 20000 1.000000
242.790000 34.230800 -10.331 2.293 0.257 0.271 0.246117 20000 1.000000
241.755000 34.055200 -12.915 5.736 0.235 0.235 0.209093 20000 1.000000
245.381000 34.767700 -6.67 -1.83 0.186 0.224 0.050782 20000 1.000000
242.491000 39.685600 -6.899 -2.048 0.177 0.223 0.043261 20000 1.000000
240.859000 34.498700 -14.631 5.383 0.17 0.205 0.040231 20000 1.000000
243.932000 34.141000 -7.091 -0.948 0.174 0.207 0.080261 20000 1.000000
242.653000 33.240700 -14.204 7.465 0.192 0.214 -0.081815 20000 1.000000
244.082000 34.369900 -6.555 -1.655 0.172 0.209 0.018191 20000 1.000000
243.695000 34.427700 -7.14 -0.227 0.176 0.215 0.011869 20000 1.000000
243.708000 34.533000 -8.923 -4.405 0.183 0.214 0.031591 20000 1.000000
243.185000 34.674900 -8.56 0.101 0.174 0.209 0.071903 20000 1.000000
241.793000 34.128800 -13.232 6.21 0.17 0.203 0.031093 20000 1.000000
240.647000 34.683400 -13.885 5.233 0.213 0.261 -0.010591 20000 1.000000
242.814000 39.521100 -6.928 -2.411 0.177 0.223 0.047017 20000 1.000000
245.995000 32.722500 -6.514 -1.821 0.18 0.21 0.093822 20000 1.000000
244.721000 39.910200 -6.422 -0.878 0.257 0.302 0.040496 20000 1.000000
245.543000 36.154200 -6.989 -2.079 0.174 0.209 0.043648 20000 1.000000
245.180000 41.724200 -7.112 -1.502 0.17 0.221 0.007868 20000 1.000000
242.670000 41.428700 -6.931 -2.372 0.17 0.224 0.059445 20000 1.000000
242.935000 42.981700 -6.666 -2.09 0.167 0.224 0.012377 20000 1.000000
235.925000 40.876300 -2.733 1.528 0.226 0.279 0.110914 20000 1.000000
236.274000 38.928300 -11.814 10.879 0.168 0.213 0.023546 20000 1.000000
237.585000 40.997600 -6.009 -1.328 0.197 0.265 -0.038601 20000 1.000000
235.986000 42.967400 -2.741 -0.676 0.175 0.238 0.081121 20000 1.000000
243.830000 32.616500 -13.123 6.712 0.171 0.202 0.031314 20000 1.000000
238.997000 35.551800 -14.069 10.34 0.174 0.214 0.051445 20000 1.000000
242.015000 39.305600 -7.382 -1.929 0.19 0.245 0.019721 20000 1.000000
242.395000 39.287900 -7.372 -2.25 0.18 0.226 0.036255 20000 1.000000
243.576000 39.500500 -6.631 -2.096 0.168 0.22 0.057832 20000 1.000000
243.950000 39.546400 -7.027 -2.306 0.173 0.217 0.068098 20000 1.000000
244.111000 39.374200 -6.655 -2.032 0.168 0.215 0.057956 20000 1.000000
244.487000 39.536100 -6.93 -2.465 0.169 0.218 0.046518 20000 1.000000
244.568000 39.388600 -5.475 -1.988 0.164 0.211 0.042354 20000 1.000000
242.120000 40.433400 -7.346 -1.831 0.172 0.221 0.078911 20000 1.000000
245.308000 39.255200 -6.554 -2.508 0.174 0.217 0.087997 20000 1.000000
245.723000 39.119400 -7.358 -1.928 0.172 0.224 0.054467 20000 1.000000
246.129000 39.067300 -7.009 -2.327 0.169 0.215 0.033669 20000 1.000000
246.495000 39.268900 -6.867 -1.851 0.168 0.219 0.054368 20000 1.000000
242.532000 40.320600 -7.215 -1.995 0.176 0.223 -0.005478 20000 1.000000
246.946000 40.494000 -6.718 -1.971 0.167 0.217 0.053388 20000 1.000000
243.264000 40.495500 -6.705 -2.463 0.178 0.227 -0.002463 20000 1.000000
243.721000 40.363200 -6.781 -2.61 0.167 0.217 0.057673 20000 1.000000
240.200000 39.572800 -8.474 -0.719 0.171 0.219 0.030336 20000 1.000000
242.469000 36.614300 -7.251 -0.826 0.169 0.208 0.033412 20000 1.000000
242.593000 36.804200 -7.266 -2.384 0.165 0.205 0.041105 20000 1.000000
242.006000 36.606000 -7.869 -1.29 0.177 0.214 0.127241 20000 1.000000
242.296000 37.200800 -6.48 -1.735 0.17 0.212 0.045960 20000 1.000000
240.463000 39.698400 -8.597 -1.023 0.178 0.227 0.041483 20000 1.000000
240.694000 39.795600 -8.804 -2.584 0.197 0.261 0.100801 20000 1.000000
241.126000 39.838800 -8.41 -2.518 0.177 0.224 0.003400 20000 1.000000
241.316000 39.888900 -7.668 -1.647 0.173 0.223 0.020233 20000 1.000000
241.841000 39.212300 -7.193 -1.436 0.164 0.21 0.041571 20000 1.000000
246.706000 41.856800 -7.694 -1.76 0.178 0.234 0.084070 20000 1.000000
246.958000 39.345100 -6.851 -2.265 0.172 0.217 0.042525 20000 1.000000
246.988000 41.817300 -6.571 -2.028 0.169 0.22 0.037516 20000 1.000000
246.722000 40.671300 -6.869 -1.801 0.172 0.223 0.048305 20000 1.000000
240.400000 39.499200 -8.783 -0.578 0.218 0.264 0.092580 20000 1.000000
240.931000 39.486100 -7.988 -1.73 0.174 0.222 0.040094 20000 1.000000
241.550000 39.133900 -7.56 -1.89 0.17 0.218 0.050051 20000 1.000000
241.062000 39.268000 -7.395 -2.558 0.252 0.317 0.031380 20000 1.000000
241.649000 39.454700 -7.6 -1.847 0.173 0.219 0.090151 20000 1.000000
241.995000 38.728800 -6.986 -1.705 0.17 0.214 0.043684 20000 1.000000
241.540000 38.724600 -7.513 -1.832 0.173 0.221 0.048933 20000 1.000000
241.070000 38.980900 -7.814 -0.907 0.166 0.216 0.045366 20000 1.000000
240.985000 38.704600 -8.727 -1.108 0.202 0.252 -0.021177 20000 1.000000
240.541000 38.761400 -9.073 -0.535 0.18 0.222 -0.040357 20000 1.000000
240.523000 40.779800 -6.814 -1.693 0.187 0.231 0.119527 20000 1.000000
240.990000 40.242200 -7.917 -1.846 0.188 0.227 -0.038190 20000 1.000000
240.278000 39.908200 -8.622 -1.411 0.174 0.223 0.093539 20000 1.000000
239.307000 38.829200 -7.315 0.182 0.195 0.224 0.147696 20000 1.000000
239.614000 39.046600 -9.493 -0.703 0.194 0.237 -0.043415 20000 1.000000
240.189000 39.123500 -9.244 -0.6 0.188 0.24 -0.020763 20000 1.000000
239.107000 39.466700 -9.448 -0.536 0.19 0.229 0.139286 20000 1.000000
240.376000 41.357700 -7.279 -1.534 0.17 0.224 0.036775 20000 1.000000
239.716000 39.937400 -9.27 -0.772 0.164 0.212 0.032242 20000 1.000000
239.194000 40.418600 -8.072 -1.557 0.192 0.231 0.090524 20000 1.000000
239.923000 40.288900 -8.258 -1.565 0.171 0.221 0.052180 20000 1.000000
235.692000 40.247500 -8.392 7.399 0.171 0.223 0.039700 20000 1.000000
235.867000 40.551300 -3.54 3.733 0.171 0.221 0.025259 20000 1.000000
235.787000 40.637400 -3.665 2.678 0.192 0.248 0.034751 20000 1.000000
235.943000 40.219600 -9.163 5.32 0.173 0.225 0.046901 20000 1.000000
236.307000 40.119300 -11.521 1.921 0.351 0.466 0.082017 20000 1.000000
238.207000 36.485500 -14.323 9.811 0.167 0.206 0.032500 20000 1.000000
238.710000 35.945700 -15.294 9.327 0.175 0.216 0.088176 20000 1.000000
238.949000 36.302100 -13.9 9.502 0.17 0.211 0.043185 20000 1.000000
238.865000 36.425900 -13.748 8.696 0.175 0.216 0.077061 20000 1.000000
237.668000 37.534500 -12.025 7.103 0.211 0.234 -0.046810 20000 1.000000
237.623000 37.914500 -9.416 4.657 0.178 0.225 0.047810 20000 1.000000
236.819000 38.495000 -11.139 8.502 0.172 0.22 -0.025585 20000 1.000000
236.291000 39.117200 -12.173 7.243 0.171 0.22 0.042102 20000 1.000000
236.652000 38.987400 -10.547 7.788 0.181 0.225 0.110183 20000 1.000000
236.796000 39.242000 -9.501 3.085 0.17 0.219 0.046995 20000 1.000000
236.368000 42.275400 -3.857 -0.422 0.177 0.234 0.027231 20000 1.000000
236.895000 39.319700 -9.955 2.748 0.175 0.221 0.059361 20000 1.000000
237.041000 38.664700 -10.321 6.33 0.199 0.269 0.108025 20000 1.000000
237.233000 38.428600 -6.615 6.037 0.172 0.222 0.057501 20000 1.000000
237.548000 38.239800 -9.592 5.634 0.172 0.219 0.026851 20000 1.000000
237.083000 38.866100 -8.658 3.273 0.166 0.212 0.025289 20000 1.000000
237.037000 39.398100 -10.304 -3.207 0.207 0.255 -0.002590 20000 1.000000
237.424000 38.777800 -8.322 3.464 0.178 0.236 0.028546 20000 1.000000
237.281000 39.260000 -11.058 2.285 0.17 0.217 0.067946 20000 1.000000
237.696000 39.109300 -7.906 -0.182 0.175 0.223 0.023606 20000 1.000000
237.873000 37.069200 -14.274 10.192 0.199 0.245 0.194815 20000 1.000000
238.137000 36.962000 -13.281 8.339 0.193 0.226 -0.005156 20000 1.000000
238.009000 37.201700 -11.889 6.35 0.198 0.239 -0.029149 20000 1.000000
238.203000 37.001000 -13.192 6.754 0.258 0.291 0.124878 20000 1.000000
238.274000 37.002400 -11.314 6.305 0.184 0.236 0.056439 20000 1.000000
238.349000 37.104500 -8.788 2.533 0.205 0.243 -0.069519 20000 1.000000
238.286000 37.203500 -10.023 5.543 0.178 0.217 0.086521 20000 1.000000
237.786000 37.329900 -12.748 9.547 0.17 0.212 0.049318 20000 1.000000
237.901000 37.336900 -11.83 7.298 0.174 0.224 0.020235 20000 1.000000
237.900000 37.722000 -9.506 3.982 0.169 0.211 0.024330 20000 1.000000
237.781000 37.863900 -7.201 3.599 0.17 0.217 -0.000738 20000 1.000000
237.942000 37.713900 -10.785 5.714 0.188 0.232 -0.022386 20000 1.000000
238.174000 37.336800 -9.787 5.921 0.173 0.22 0.041239 20000 1.000000
238.210000 37.533000 -9.281 2.151 0.17 0.213 0.048702 20000 1.000000
238.313000 37.601800 -9.17 0.104 0.178 0.218 0.088209 20000 1.000000
238.022000 37.749400 -9.085 3.908 0.173 0.214 0.029514 20000 1.000000
238.214000 37.819000 -7.759 0.548 0.173 0.216 0.030671 20000 1.000000
238.095000 36.621700 -13.779 9.401 0.172 0.213 0.024841 20000 1.000000
238.421000 36.724000 -13.514 9.299 0.172 0.213 0.018908 20000 1.000000
238.580000 36.800400 -10.102 6.739 0.169 0.209 0.022484 20000 1.000000
238.409000 36.858500 -13.647 8.533 0.172 0.214 0.013449 20000 1.000000
238.459000 36.814300 -13.749 8.82 0.173 0.212 0.047162 20000 1.000000
238.445000 36.903500 -12.005 5.892 0.175 0.212 0.009592 20000 1.000000
238.613000 36.637000 -11.3 8.955 0.181 0.224 -0.019239 20000 1.000000
238.458000 37.007800 -12.878 4.974 0.172 0.217 0.040831 20000 1.000000
238.426000 37.213000 -10.83 0.397 0.171 0.211 0.031598 20000 1.000000
238.665000 36.918200 -8.813 1.45 0.168 0.209 0.033294 20000 1.000000
238.645000 37.010800 -10.535 0.89 0.19 0.232 -0.008561 20000 1.000000
240.294000 37.713100 -8.463 1.932 0.177 0.221 0.021202 20000 1.000000
238.812000 36.559500 -14.272 5.794 0.182 0.224 0.025874 20000 1.000000
238.131000 37.975600 -6.696 0.937 0.17 0.214 0.047145 20000 1.000000
238.936000 36.611600 -10.14 0.77 0.169 0.21 0.029477 20000 1.000000
238.732000 36.950000 -9.183 1.256 0.185 0.227 0.066421 20000 1.000000
238.652000 36.811400 -8.281 2.578 0.17 0.212 0.028171 20000 1.000000
238.942000 37.169600 -10.035 0.23 0.177 0.219 0.053736 20000 1.000000
238.347000 37.478400 -9.091 0.157 0.184 0.23 0.035728 20000 1.000000
238.531000 37.489600 -7.117 -2.55 0.167 0.21 0.023099 20000 1.000000
238.675000 37.581900 -9.74 -0.536 0.172 0.218 0.020062 20000 1.000000
238.395000 37.932000 -7.537 0.702 0.169 0.213 0.031055 20000 1.000000
238.536000 37.755300 -10.198 2.003 0.17 0.214 0.023309 20000 1.000000
238.717000 37.385400 -7.423 -0.862 0.174 0.222 0.043051 20000 1.000000
237.782000 38.153000 -6.004 -3.272 0.168 0.213 0.012451 20000 1.000000
237.904000 38.025100 -4.994 1.996 0.216 0.276 -0.029855 20000 1.000000
237.805000 38.444200 -8.326 1.126 0.179 0.236 0.051521 20000 1.000000
237.645000 38.999500 -7.275 -0.233 0.21 0.234 0.136512 20000 1.000000
238.905000 38.645300 -9.17 0.515 0.168 0.213 0.031096 20000 1.000000
239.652000 35.544100 -13.932 7.518 0.175 0.214 0.038440 20000 1.000000
239.611000 35.841100 -13.191 7.55 0.18 0.219 0.019511 20000 1.000000
239.655000 35.837800 -10.256 4.29 0.175 0.219 0.040954 20000 1.000000
239.715000 35.806700 -10.446 3.263 0.183 0.226 0.030354 20000 1.000000
239.093000 35.933300 -13.203 8.319 0.169 0.209 0.034374 20000 1.000000
239.019000 36.417200 -9.178 1.772 0.171 0.215 0.045159 20000 1.000000
239.147000 36.515900 -9.463 1.682 0.176 0.221 0.017314 20000 1.000000
239.302000 36.024800 -13.927 9.363 0.17 0.215 0.033078 20000 1.000000
239.121000 36.140200 -13.285 7.777 0.17 0.209 0.032988 20000 1.000000
239.251000 36.106800 -14.259 8.101 0.167 0.206 0.033048 20000 1.000000
239.272000 36.178900 -8.151 1.302 0.167 0.206 0.029710 20000 1.000000
239.355000 35.922800 -13.883 8.539 0.169 0.208 0.025644 20000 1.000000
239.525000 36.007500 -15.308 -0.541 0.186 0.22 0.033298 20000 1.000000
239.457000 36.089400 -5.748 3.09 0.168 0.207 0.033810 20000 1.000000
239.560000 36.123200 -8.574 2.496 0.168 0.207 0.033441 20000 1.000000
239.158000 35.697100 -13.616 8.854 0.173 0.208 0.070549 20000 1.000000
239.637000 36.051700 -8.747 1.338 0.171 0.208 0.029302 20000 1.000000
239.448000 35.974100 -12.875 7.53 0.186 0.221 0.000516 20000 1.000000
239.706000 36.015800 -9.65 1.132 0.171 0.21 0.025201 20000 1.000000
239.723000 36.304400 -13.018 0.404 0.17 0.211 0.033506 20000 1.000000
239.257000 36.806300 -10.352 1.167 0.169 0.212 0.030990 20000 1.000000
239.803000 37.352200 -8.615 0.672 0.18 0.227 0.011422 20000 1.000000
239.356000 37.795200 -8.75 0.07 0.186 0.222 0.039611 20000 1.000000
240.160000 37.901100 -9.941 -0.445 0.186 0.224 -0.055053 20000 1.000000
239.049000 38.090000 -7.833 0.325 0.172 0.218 0.030999 20000 1.000000
239.666000 38.735600 -9.561 0.262 0.186 0.22 0.054210 20000 1.000000
241.480000 37.177600 -9.499 -0.488 0.167 0.208 0.040955 20000 1.000000
236.283000 39.863600 -11.484 4.044 0.207 0.261 -0.040127 20000 1.000000
236.448000 39.905700 -8.227 2.177 0.197 0.262 -0.017667 20000 1.000000
236.628000 39.452400 -9.842 3.168 0.169 0.219 0.035974 20000 1.000000
236.705000 39.707100 -9.69 1.335 0.181 0.228 -0.053678 20000 1.000000
236.813000 39.492800 -10.35 2.324 0.186 0.255 0.070769 20000 1.000000
236.817000 39.962100 -8.057 0.589 0.185 0.238 -0.019352 20000 1.000000
236.344000 40.256800 -6.935 1.978 0.17 0.223 0.050377 20000 1.000000
236.117000 41.151700 -3.293 0.274 0.172 0.224 0.051421 20000 1.000000
236.301000 40.575300 -6.353 -0.775 0.18 0.231 0.083357 20000 1.000000
236.427000 40.478900 -5.931 0.545 0.205 0.266 0.243899 20000 1.000000
236.548000 40.082200 -8.324 1.298 0.166 0.216 0.037107 20000 1.000000
236.864000 40.324100 -7.068 0.272 0.165 0.215 0.024676 20000 1.000000
236.676000 40.732900 -4.057 0.69 0.167 0.218 0.000351 20000 1.000000
236.826000 40.546700 -5.215 1.463 0.17 0.223 0.015710 20000 1.000000
237.024000 39.621400 -9.478 0.719 0.18 0.221 0.083450 20000 1.000000
237.264000 39.493600 -7.724 2.91 0.167 0.212 0.019629 20000 1.000000
237.126000 39.726200 -9.498 0.64 0.171 0.222 0.077743 20000 1.000000
237.077000 40.747600 -5.915 0.605 0.175 0.226 0.013201 20000 1.000000
237.332000 40.034100 -8.697 -0.588 0.172 0.22 0.025523 20000 1.000000
237.393000 40.650700 -6.469 -0.31 0.175 0.233 -0.007396 20000 1.000000
236.666000 40.887100 -4.736 0.163 0.165 0.216 0.022521 20000 1.000000
237.729000 40.271200 -6.633 -0.125 0.178 0.229 -0.027835 20000 1.000000
239.132000 39.794700 -10.06 -1.06 0.168 0.221 0.001205 20000 1.000000
239.052000 41.183300 -7.389 -1.666 0.17 0.224 0.011210 20000 1.000000
237.681000 40.731100 -6.877 0.343 0.202 0.239 0.093409 20000 1.000000
235.774000 42.209100 -0.71 -1.263 0.174 0.222 0.025746 20000 1.000000
235.946000 42.860100 -2.326 -0.696 0.194 0.254 0.106973 20000 1.000000
236.617000 42.503500 -4.405 0.023 0.171 0.227 0.036958 20000 1.000000
237.344000 42.191000 -4.796 -2.211 0.174 0.232 -0.003468 20000 1.000000
238.220000 42.259700 -7.834 -1.328 0.17 0.22 0.028036 20000 1.000000
239.622000 42.468800 -6.871 -1.511 0.173 0.23 -0.002743 20000 1.000000
241.588000 42.254600 -5.962 -1.33 0.166 0.22 0.029191 20000 1.000000
243.371000 36.071300 -7.166 -1.692 0.289 0.342 0.113753 20000 1.000000
242.835000 36.022500 -7.306 -0.981 0.179 0.211 0.027741 20000 1.000000
242.590000 36.159000 -7.737 -0.715 0.179 0.221 0.089900 20000 1.000000
241.868000 36.466800 -9.172 1.18 0.192 0.24 -0.159063 20000 1.000000
242.211000 36.531200 -7.7 -0.592 0.166 0.208 0.036006 20000 1.000000
241.909000 36.570200 -9.24 0.586 0.188 0.221 -0.014810 20000 1.000000
241.882000 36.975700 -7.948 -0.685 0.166 0.208 0.043057 20000 1.000000
242.064000 37.231400 -7.448 -1.437 0.174 0.213 0.086216 20000 1.000000
242.606000 34.462400 -9.711 2.317 0.181 0.214 0.039270 20000 1.000000
242.459000 33.562100 -13.693 6.757 0.172 0.205 0.071259 20000 1.000000
242.895000 32.889200 -14.558 6.973 0.173 0.204 0.036583 20000 1.000000
243.050000 32.733800 -14.57 7.706 0.168 0.199 0.041497 20000 1.000000
242.756000 32.666400 -14.866 7.177 0.188 0.211 0.140128 20000 1.000000
242.810000 33.439600 -14.715 7.052 0.17 0.203 0.049834 20000 1.000000
242.928000 33.235700 -13.679 5.634 0.183 0.208 0.096418 20000 1.000000
243.217000 33.493300 -12.891 5.418 0.17 0.203 0.045610 20000 1.000000
243.651000 32.976000 -11.91 7.039 0.173 0.206 0.050919 20000 1.000000
243.989000 32.822200 -13.238 5.808 0.173 0.204 0.008731 20000 1.000000
243.329000 33.240200 -13.132 5.2 0.18 0.21 0.050983 20000 1.000000
243.431000 33.059200 -13.093 6.831 0.17 0.2 0.038364 20000 1.000000
243.379000 33.375600 -11.043 4.744 0.175 0.206 0.095869 20000 1.000000
243.591000 33.210200 -13.765 4.529 0.183 0.218 0.045577 20000 1.000000
243.817000 33.213500 -12.269 4.007 0.17 0.201 0.045703 20000 1.000000
243.921000 33.201000 -12.01 3.417 0.17 0.202 0.050920 20000 1.000000
243.888000 33.296200 -10.983 2.012 0.174 0.207 -0.003461 20000 1.000000
243.574000 33.523500 -11.678 2.257 0.184 0.209 0.130680 20000 1.000000
243.773000 33.574700 -10.171 2.044 0.177 0.217 0.064146 20000 1.000000
244.031000 32.887000 -13.254 5.373 0.173 0.204 0.044579 20000 1.000000
244.175000 32.954700 -12.193 4.657 0.173 0.203 0.043301 20000 1.000000
244.268000 32.759700 -12.181 4.699 0.179 0.213 0.049209 20000 1.000000
244.404000 32.750600 -10.934 4.241 0.18 0.21 0.046118 20000 1.000000
244.423000 32.834700 -10.33 3.577 0.18 0.211 0.043031 20000 1.000000
244.430000 32.898400 -9.924 3.28 0.182 0.213 0.067209 20000 1.000000
244.700000 32.690000 -6.824 -0.805 0.171 0.203 0.037006 20000 1.000000
244.602000 32.875800 -6.877 -2.182 0.179 0.21 0.058269 20000 1.000000
244.578000 32.982500 -6.879 -1.615 0.176 0.208 0.052980 20000 1.000000
244.280000 32.948900 -10.944 3.78 0.175 0.206 0.039134 20000 1.000000
244.234000 33.516400 -8.006 -0.671 0.181 0.213 0.112297 20000 1.000000
244.313000 33.423900 -7.72 -1.459 0.182 0.215 0.095624 20000 1.000000
244.571000 33.247800 -6.751 -2.072 0.177 0.209 0.037003 20000 1.000000
244.657000 33.143600 -5.727 -2.711 0.177 0.209 -0.001453 20000 1.000000
244.704000 33.886900 -6.526 -1.868 0.179 0.209 0.048445 20000 1.000000
240.305000 37.562600 -10.831 -2.01 0.188 0.219 0.142474 20000 1.000000
239.350000 34.907300 -14.468 10.407 0.168 0.204 0.038240 20000 1.000000
239.590000 35.010700 -15.155 8.726 0.176 0.213 0.037326 20000 1.000000
239.760000 34.870600 -15.102 7.407 0.172 0.207 0.062531 20000 1.000000
239.617000 35.106200 -14.822 8.055 0.18 0.217 0.116809 20000 1.000000
241.822000 34.376400 -12.717 4.325 0.172 0.209 0.050051 20000 1.000000
239.925000 35.020000 -14.047 5.221 0.168 0.204 0.033652 20000 1.000000
240.208000 34.507800 -15.655 7.547 0.175 0.205 0.026926 20000 1.000000
240.384000 34.630500 -15.271 6.003 0.167 0.202 0.038709 20000 1.000000
240.185000 34.888600 -12.804 8.951 0.167 0.203 0.040575 20000 1.000000
240.464000 35.086600 -11.752 4.431 0.171 0.208 0.067498 20000 1.000000
239.192000 35.425800 -14.207 9.215 0.171 0.208 0.021054 20000 1.000000
239.455000 35.327800 -13.92 8.843 0.174 0.214 0.092701 20000 1.000000
239.646000 35.440500 -13.988 7.319 0.172 0.209 0.027345 20000 1.000000
239.520000 35.624800 -15.061 5.007 0.171 0.21 0.043828 20000 1.000000
239.463000 35.792700 -13.31 8.175 0.172 0.212 0.064512 20000 1.000000
239.733000 35.633800 -12.332 6.196 0.176 0.21 0.071750 20000 1.000000
239.629000 35.747900 -13.388 7.017 0.174 0.213 0.048435 20000 1.000000
237.762000 37.061200 -13.176 9.378 0.172 0.214 0.051071 20000 1.000000
239.899000 35.235100 -13.07 7.261 0.195 0.223 0.086837 20000 1.000000
239.975000 35.279800 -12.718 6.51 0.177 0.218 0.010783 20000 1.000000
240.065000 35.316800 -12.572 5.644 0.174 0.216 0.047806 20000 1.000000
239.887000 35.534200 -12.355 5.234 0.176 0.216 0.034775 20000 1.000000
239.818000 35.702700 -10.716 3.978 0.169 0.207 0.040627 20000 1.000000
239.869000 35.801300 -9.606 2.431 0.176 0.211 0.045830 20000 1.000000
239.999000 35.686700 -9.544 3.133 0.174 0.21 -0.004313 20000 1.000000
239.707000 35.688900 -12.46 6.647 0.169 0.207 0.027329 20000 1.000000
240.287000 35.319000 -10.167 4.737 0.189 0.232 0.035313 20000 1.000000
240.091000 35.934700 -8.936 1.283 0.17 0.208 0.041018 20000 1.000000
240.496000 34.466800 -13.645 7.09 0.168 0.202 0.039458 20000 1.000000
240.674000 34.599600 -14.216 5.543 0.177 0.217 0.116297 20000 1.000000
240.885000 34.660100 -13.961 4.482 0.178 0.213 0.108387 20000 1.000000
240.845000 34.856200 -12.361 1.772 0.234 0.346 -0.026392 20000 1.000000
239.755000 35.686700 -11.392 5.353 0.172 0.207 0.027147 20000 1.000000
241.121000 34.835100 -11.798 4.056 0.171 0.206 0.050424 20000 1.000000
241.152000 34.792300 -11.913 2.325 0.176 0.217 0.053192 20000 1.000000
241.331000 34.695000 -10.328 3.436 0.178 0.215 0.112835 20000 1.000000
241.454000 34.771100 -10.138 3.979 0.171 0.209 0.042752 20000 1.000000
241.344000 34.944400 -10.583 1.867 0.177 0.216 0.009542 20000 1.000000
241.388000 35.138600 -9.538 2.234 0.17 0.207 0.015817 20000 1.000000
241.459000 34.821800 -9.767 3.005 0.178 0.212 0.034128 20000 1.000000
241.811000 34.982100 -9.427 2.726 0.169 0.204 0.039078 20000 1.000000
241.876000 35.378000 -7.655 1.243 0.171 0.206 0.028604 20000 1.000000
241.740000 35.667300 -8.377 1.451 0.177 0.209 0.041288 20000 1.000000
241.233000 36.231400 -9.344 1.637 0.176 0.212 0.102526 20000 1.000000
241.045000 36.585500 -8.299 0.692 0.168 0.209 0.033937 20000 1.000000
241.740000 36.093100 -8.971 0.673 0.172 0.207 0.037269 20000 1.000000
241.994000 35.038800 -8.341 2.389 0.17 0.206 0.047188 20000 1.000000
242.271000 34.509700 -10.171 3.375 0.17 0.205 0.036915 20000 1.000000
242.451000 34.634300 -9.241 2.404 0.169 0.206 0.044694 20000 1.000000
242.457000 34.987000 -8.135 2.342 0.173 0.209 0.081432 20000 1.000000
243.048000 33.892600 -10.769 3.833 0.168 0.202 0.046498 20000 1.000000
243.454000 34.019300 -8.521 1.392 0.17 0.204 0.038289 20000 1.000000
242.719000 34.534800 -9.081 2.714 0.192 0.215 -0.056765 20000 1.000000
241.969000 34.332200 -12.347 4.946 0.175 0.211 0.057568 20000 1.000000
242.635000 35.116800 -7.878 1.399 0.172 0.208 0.030422 20000 1.000000
241.983000 35.152400 -7.881 1.705 0.17 0.206 0.039973 20000 1.000000
242.697000 35.238500 -7.609 0.964 0.172 0.207 0.055639 20000 1.000000
242.795000 35.387900 -7.513 0.74 0.167 0.204 0.049577 20000 1.000000
242.610000 35.896700 -8.99 0.584 0.184 0.226 0.026429 20000 1.000000
242.597000 35.697600 -8.186 0.484 0.169 0.206 0.041892 20000 1.000000
243.111000 35.998200 -7.478 -1.322 0.177 0.21 0.032812 20000 1.000000
243.112000 35.710600 -6.748 -1.036 0.168 0.207 0.044788 20000 1.000000
243.290000 34.192500 -8.628 2.115 0.174 0.205 0.028631 20000 1.000000
243.463000 34.217200 -8.292 1.199 0.172 0.205 0.061354 20000 1.000000
243.788000 33.865800 -8.418 0.935 0.169 0.203 0.063818 20000 1.000000
243.920000 33.959300 -7.496 -0.528 0.171 0.203 0.049364 20000 1.000000
239.772000 35.729200 -10.646 3.97 0.172 0.208 0.056790 20000 1.000000
243.971000 34.716900 -6.68 -1.933 0.175 0.208 0.022846 20000 1.000000
243.329000 34.936800 -7.631 -0.332 0.172 0.209 0.054067 20000 1.000000
242.063000 34.341100 -12.304 4.409 0.185 0.225 0.027803 20000 1.000000
243.120000 34.462100 -8.817 1.636 0.169 0.204 0.045462 20000 1.000000
244.179000 33.741000 -7.203 -1.251 0.181 0.215 0.055707 20000 1.000000
243.107000 34.062700 -9.458 3.503 0.186 0.224 0.007144 20000 1.000000
244.236000 34.425700 -6.403 -2.309 0.214 0.225 0.090811 20000 1.000000
244.350000 35.204800 -6.543 -2.348 0.174 0.209 0.020326 20000 1.000000
242.685000 34.187400 -10.45 2.408 0.177 0.213 0.089747 20000 1.000000
242.950000 34.196200 -9.097 3.783 0.207 0.213 0.131437 20000 1.000000
244.750000 34.731800 -6.591 -2.317 0.214 0.264 0.124969 20000 1.000000
243.237000 35.204600 -7.47 -0.304 0.169 0.205 0.048097 20000 1.000000
242.107000 35.424600 -8.15 1.17 0.17 0.206 0.040693 20000 1.000000
243.428000 35.320600 -6.29 -1.107 0.169 0.207 0.044185 20000 1.000000
243.896000 35.141900 -6.718 -1.631 0.18 0.21 0.018732 20000 1.000000
243.878000 35.526000 -7.765 -2.564 0.192 0.23 0.016474 20000 1.000000
243.855000 35.785400 -6.257 -1.663 0.17 0.208 0.031206 20000 1.000000
244.456000 35.472800 -6.347 -2.165 0.17 0.209 0.057722 20000 1.000000
244.634000 35.163000 -6.253 -2.195 0.179 0.219 0.038073 20000 1.000000
245.401000 34.188900 -6.486 -1.946 0.175 0.21 0.055079 20000 1.000000
245.035000 34.844400 -6.715 -2.1 0.175 0.21 0.041996 20000 1.000000
244.762000 35.291100 -6.387 -2.1 0.17 0.207 0.049545 20000 1.000000
241.621000 37.973100 -7.388 -1.364 0.172 0.218 0.013872 20000 1.000000
241.000000 37.613000 -9.526 -2.185 0.172 0.213 -0.003681 20000 1.000000
241.084000 37.605300 -9.579 -2.818 0.177 0.23 0.001565 20000 1.000000
240.914000 37.785700 -9.885 0.4 0.205 0.241 -0.066487 20000 1.000000
240.967000 37.913500 -9.372 0.722 0.166 0.209 0.039515 20000 1.000000
240.974000 37.696600 -9.11 -0.187 0.195 0.23 0.152651 20000 1.000000
240.862000 37.839300 -10.602 0.323 0.18 0.219 0.056167 20000 1.000000
240.853000 37.962800 -9.622 0.463 0.168 0.209 0.039337 20000 1.000000
240.916000 37.914100 -8.902 0.624 0.169 0.21 0.039464 20000 1.000000
241.056000 37.734300 -9.709 0.801 0.168 0.212 0.038790 20000 1.000000
241.131000 37.654600 -8.302 -1.153 0.169 0.214 0.039022 20000 1.000000
241.040000 37.891700 -9.012 0.118 0.177 0.216 0.026620 20000 1.000000
241.148000 37.878200 -8.547 0.751 0.168 0.211 0.029256 20000 1.000000
241.183000 37.591400 -10.111 -2.367 0.171 0.224 0.086954 20000 1.000000
241.302000 37.561600 -8.244 -1.637 0.174 0.234 0.012717 20000 1.000000
241.316000 37.495400 -9.98 -1.379 0.165 0.207 0.036805 20000 1.000000
241.406000 37.541300 -8.716 -1.145 0.169 0.212 0.041872 20000 1.000000
241.180000 37.677000 -7.677 -0.754 0.169 0.213 0.040248 20000 1.000000
241.232000 37.754400 -7.951 0.22 0.178 0.23 0.099483 20000 1.000000
240.981000 37.800000 -9.237 0.469 0.172 0.214 0.072061 20000 1.000000
241.264000 37.903500 -7.58 -0.202 0.172 0.216 0.021865 20000 1.000000
241.445000 37.891300 -7.475 -0.517 0.177 0.216 0.093770 20000 1.000000
241.762000 37.589200 -7.584 -1.055 0.168 0.211 0.041925 20000 1.000000
241.528000 37.737500 -7.784 -0.87 0.176 0.216 0.059554 20000 1.000000
240.850000 38.057900 -11.119 -0.498 0.177 0.218 0.038276 20000 1.000000
237.804000 41.344800 4.082 -67.213 0.195 0.263 0.074946 20000 1.000000
237.706000 41.381200 -4.95 -0.921 0.179 0.225 0.084911 20000 1.000000
237.809000 41.479200 -4.922 -0.17 0.169 0.232 -0.004658 20000 1.000000
237.687000 41.463600 -5.299 -1.279 0.172 0.234 -0.007975 20000 1.000000
237.847000 41.531900 -6.017 -1.911 0.209 0.244 0.094212 20000 1.000000
238.493000 41.711600 -6.487 -2.212 0.168 0.221 0.033323 20000 1.000000
246.132000 42.878900 -7.187 -2.115 0.166 0.223 0.024918 20000 1.000000
241.275000 37.380400 -11.881 -2.358 0.236 0.266 0.205432 20000 1.000000
241.439000 37.439500 -9.554 -0.743 0.182 0.222 0.050381 20000 1.000000
240.254000 37.088900 -9.05 0.166 0.175 0.216 0.093646 20000 1.000000
241.853000 37.280500 -8.177 -1.267 0.172 0.215 0.056597 20000 1.000000
239.172000 41.359200 -7.472 -1.561 0.194 0.248 -0.041819 20000 1.000000
239.527000 41.332500 -6.855 -1.577 0.172 0.224 0.039946 20000 1.000000
235.587000 42.442000 -2.319 0.75 0.172 0.23 -0.028074 20000 1.000000
235.707000 42.076600 -3.595 -0.323 0.176 0.226 0.048196 20000 1.000000
238.120000 42.579800 -5.494 -1.204 0.171 0.225 0.018881 20000 1.000000
237.390000 42.727100 -5.287 -1.632 0.205 0.252 0.157156 20000 1.000000
240.341000 42.546100 -6.339 -1.839 0.169 0.226 0.021550 20000 1.000000
242.275000 42.020200 -5.315 -1.098 0.171 0.224 0.037074 20000 1.000000
243.404000 33.598200 -10.356 4.685 0.247 0.301 -0.057973 20000 1.000000
243.397000 33.495500 -11.197 3.949 0.176 0.21 0.052254 20000 1.000000
244.492000 32.829400 -8.735 2.871 0.174 0.204 0.033323 20000 1.000000
239.784000 35.693800 -12.06 4.42 0.189 0.225 0.079370 20000 1.000000
237.579000 41.830800 -9.428 -0.791 0.183 0.243 0.088256 20000 1.000000
236.019000 41.845500 -3.02 0.624 0.188 0.273 -0.055678 20000 1.000000
238.521000 36.744300 -18.254 8.983 0.19 0.229 0.110687 20000 1.000000
239.528000 35.946600 -8.427 2.783 0.187 0.225 0.093558 20000 1.000000
239.485000 35.929100 -10.987 7.015 0.243 0.323 0.056394 20000 1.000000
236.427000 40.478800 -4.884 0.333 0.203 0.265 0.242551 20000 1.000000
243.852000 34.508100 -6.537 -1.25 0.168 0.203 0.049406 20000 1.000000
245.241000 32.497900 -5.848 -0.999 0.178 0.206 0.047660 20000 1.000000
243.407000 33.537300 -11.466 4.425 0.18 0.217 0.089229 20000 1.000000
241.651000 34.021700 -13.819 6.571 0.178 0.219 0.066788 20000 1.000000
241.379000 34.836000 -10.061 3.359 0.173 0.209 0.039435 20000 1.000000
241.983000 35.152400 -7.712 0.61 0.172 0.21 0.039230 20000 1.000000
241.983000 35.152500 -7.635 1.663 0.172 0.209 0.041496 20000 1.000000
243.936000 31.559100 -14.713 7.823 0.178 0.204 0.111623 20000 1.000000
238.728000 35.709000 -14.485 9.344 0.193 0.236 0.020250 20000 1.000000
242.077000 34.508200 -11.076 3.162 0.178 0.213 0.056734 20000 1.000000
244.450000 32.490100 -12.103 6.051 0.174 0.211 0.000220 20000 1.000000
242.305000 34.925400 -8.265 2.235 0.175 0.209 -0.001777 20000 1.000000
244.116000 32.417000 -15.085 6.908 0.17 0.2 0.044319 20000 1.000000
239.522000 35.919900 -3.172 16.311 0.176 0.217 0.080733 20000 1.000000
242.818000 33.835700 -11.758 5.23 0.203 0.23 0.041643 20000 1.000000
243.506000 33.819200 -10.873 2.652 0.189 0.222 0.031102 20000 1.000000
242.193000 34.091800 -13.65 5.124 0.177 0.222 0.027022 20000 1.000000
244.165000 31.313100 -15.519 7.673 0.171 0.2 0.033558 20000 1.000000
244.543000 32.377900 -11.497 5.375 0.227 0.264 0.043535 20000 1.000000
241.596000 33.743300 -14.625 8.295 0.171 0.201 0.039438 20000 1.000000
238.863000 36.161100 -14.321 8.133 0.185 0.223 0.056933 20000 1.000000
241.755000 34.628700 -11.198 3.864 0.188 0.227 0.000656 20000 1.000000
239.056000 39.974600 -11.713 -1.918 0.184 0.236 -0.007868 20000 1.000000
242.317000 35.338700 -7.778 1.359 0.17 0.207 0.046427 20000 1.000000
240.280000 34.500000 -14.585 8.149 0.173 0.21 0.037150 20000 1.000000
243.375000 34.643900 -7.882 0.293 0.172 0.205 0.029640 20000 1.000000
241.974000 34.019100 -12.945 6.064 0.194 0.23 -0.018098 20000 1.000000
242.445000 33.485800 -13.953 6.461 0.176 0.207 0.073905 20000 1.000000
239.475000 35.900000 -8.882 7.875 0.18 0.222 0.014211 20000 1.000000
241.807000 34.875100 -9.014 3.073 0.182 0.217 0.068416 20000 1.000000
240.816000 34.541500 -15.062 6.607 0.193 0.23 0.113882 20000 1.000000
244.877000 40.617200 -6.821 -2.197 0.171 0.227 0.058141 20000 1.000000
243.350000 36.316300 -7.384 -2.654 0.249 0.308 0.052054 20000 1.000000
238.442000 37.666500 -8.716 0.975 0.17 0.213 0.023332 20000 1.000000
241.245000 34.459800 -13.851 5.393 0.19 0.236 0.048133 20000 1.000000
242.138000 34.205600 -11.751 4.473 0.26 0.273 -0.042811 20000 1.000000
239.775000 40.591700 -7.035 -1.662 0.176 0.231 0.021205 20000 1.000000
240.984000 41.868400 -8.079 -3.208 0.247 0.323 0.125228 20000 1.000000
243.701000 35.971300 -6.548 -1.44 0.179 0.213 -0.002157 20000 1.000000
241.521000 34.438600 -13.199 3.92 0.206 0.246 0.009761 20000 1.000000
243.746000 33.192600 -12.138 4.734 0.171 0.202 0.039334 20000 1.000000
240.116000 39.314300 -10.104 -0.335 0.17 0.219 0.008928 20000 1.000000
244.022000 33.292200 -9.248 2.988 0.177 0.208 0.055912 20000 1.000000
240.476000 33.247900 -13.224 7.182 0.177 0.218 0.002734 20000 1.000000
240.936000 34.319900 -12.397 5.587 0.169 0.203 0.042992 20000 1.000000
241.354000 34.059300 -13.935 8.485 0.173 0.205 0.000580 20000 1.000000
242.151000 33.992700 -13.668 5.699 0.182 0.215 0.059726 20000 1.000000
239.935000 34.004300 -15.338 9.488 0.178 0.21 0.030486 20000 1.000000
239.640000 35.917400 -8.4 3.746 0.199 0.235 0.119654 20000 1.000000
241.585000 35.158200 -9.907 1.806 0.169 0.207 0.042482 20000 1.000000
243.923000 33.650600 -8.97 0.947 0.177 0.21 0.089885 20000 1.000000
242.233000 33.549600 -13.698 7.493 0.193 0.215 0.031592 20000 1.000000
243.770000 36.934800 -7.149 -2.819 0.166 0.207 0.061736 20000 1.000000
239.867000 34.483500 -15.553 9.612 0.177 0.216 0.027444 20000 1.000000
243.839000 33.641200 -8.607 0.272 0.209 0.241 0.065818 20000 1.000000
242.951000 39.542200 -7.156 -2.382 0.176 0.22 0.121816 20000 1.000000
242.816000 38.097200 -6.795 -2.311 0.168 0.211 0.035179 20000 1.000000
241.669000 33.797800 -13.616 7.487 0.176 0.209 0.032601 20000 1.000000
241.163000 34.248000 -14.14 7.486 0.177 0.211 0.102953 20000 1.000000
235.849000 41.053900 -3.019 2.465 0.176 0.224 -0.008025 20000 1.000000
241.558000 34.069100 -13.166 6.035 0.19 0.214 0.088410 20000 1.000000
240.156000 34.413300 -14.839 8.46 0.174 0.212 -0.001500 20000 1.000000
241.198000 39.627100 -7.796 -1.444 0.177 0.226 0.044670 20000 1.000000
241.715000 34.024000 -14.088 5.811 0.229 0.25 0.140035 20000 1.000000
243.915000 33.030100 -13.237 4.875 0.172 0.204 0.053965 20000 1.000000
240.516000 34.851500 -14.681 4.836 0.184 0.221 0.040768 20000 1.000000
238.053000 38.394500 -10.039 1.829 0.171 0.217 0.022833 20000 1.000000
241.780000 34.178600 -14.403 5.548 0.227 0.239 0.149400 20000 1.000000
241.486000 34.126400 -14.746 7.687 0.171 0.205 0.063394 20000 1.000000
241.516000 34.293200 -14.296 6.001 0.176 0.208 0.040292 20000 1.000000
239.384000 34.556300 -14.664 8.878 0.174 0.209 0.046411 20000 1.000000
241.879000 34.501500 -11.668 4.263 0.184 0.216 0.067512 20000 1.000000
241.706000 33.712600 -14.738 7.38 0.173 0.207 0.022199 20000 1.000000
242.807000 33.225000 -14.205 6.354 0.17 0.202 0.062280 20000 1.000000
241.346000 37.664300 -9.638 -0.248 0.233 0.294 0.061102 20000 1.000000
241.016000 35.010800 -10.22 2.025 0.197 0.231 0.040501 20000 1.000000
243.608000 33.934800 -8.856 1.693 0.183 0.215 0.042576 20000 1.000000
241.258000 34.568500 -13.233 5.3 0.187 0.222 0.171468 20000 1.000000
241.586000 34.259400 -13.858 5.511 0.201 0.245 0.020110 20000 1.000000
244.418000 33.038300 -7.821 0.237 0.172 0.202 0.040940 20000 1.000000
243.068000 34.669000 -8.453 0.957 0.187 0.223 -0.055217 20000 1.000000
241.572000 33.958200 -14.472 7.357 0.241 0.255 -0.285079 20000 1.000000
244.421000 33.278800 -7.801 -2.336 0.173 0.204 0.028538 20000 1.000000
243.346000 33.955300 -10.196 1.942 0.173 0.205 0.033622 20000 1.000000
243.111000 35.425200 -6.721 1.992 0.186 0.223 0.031901 20000 1.000000
243.920000 35.287000 -6.803 -2.297 0.173 0.211 0.048877 20000 1.000000
