242.907000 34.116400 -6.673 3.868 0.186 0.238 0.003777 20000 1.000000
243.571000 34.594300 -3.595 0.355 0.163 0.201 0.053475 20000 1.000000
241.305000 34.824500 -6.994 3.796 0.172 0.212 0.044460 20000 1.000000
242.103000 34.126000 -10.974 5.124 0.254 0.284 0.179123 20000 1.000000
242.795000 40.412800 -3.365 -2.187 0.162 0.213 0.038099 20000 1.000000
240.970000 33.480500 -11.599 8.81 0.195 0.233 0.027971 20000 1.000000
243.116000 34.264300 -5.34 3.069 0.186 0.233 0.122886 20000 1.000000
240.594000 34.920500 -7.271 4.859 0.167 0.206 0.017434 20000 1.000000
244.002000 34.000500 -4.001 -1.176 0.167 0.203 0.033059 20000 1.000000
242.935000 33.578200 -11.366 2.804 0.179 0.215 0.036901 20000 1.000000
243.920000 35.287000 -3.37 -3.125 0.168 0.208 0.054162 20000 1.000000
245.285000 33.610400 -4.059 -3.845 0.168 0.205 0.037813 20000 1.000000
243.947000 34.251400 -2.789 -0.93 0.167 0.203 0.052004 20000 1.000000
241.723000 34.184900 -10.051 5.992 0.193 0.237 0.085659 20000 1.000000
242.988000 34.918600 -4.405 0.857 0.178 0.219 0.060016 20000 1.000000
241.812000 34.292800 -8.359 4.906 0.245 0.262 -0.281547 20000 1.000000
242.156000 42.779500 -2.457 -2.884 0.164 0.226 0.042925 20000 1.000000
240.653000 35.157300 -7.781 2.597 0.169 0.211 0.061796 20000 1.000000
235.437000 42.836100 -0.448 2.185 0.172 0.233 0.018093 20000 1.000000
244.010000 33.655100 -3.256 -0.881 0.219 0.261 0.033478 20000 1.000000
239.566000 35.939400 -3.924 4.054 0.164 0.206 0.018461 20000 1.000000
239.569000 35.888400 -9.805 9.12 0.189 0.229 0.037063 20000 1.000000
241.666000 33.311600 -11.746 8.627 0.163 0.2 0.053442 20000 1.000000
241.517000 33.445800 -12.178 8.219 0.167 0.206 0.020576 20000 1.000000
241.370000 34.138600 -10.734 7.576 0.207 0.234 0.138877 20000 1.000000
242.329000 35.565300 -3.739 1.565 0.169 0.212 0.044897 20000 1.000000
241.789000 33.876300 -12.493 4.569 0.176 0.218 0.099943 20000 1.000000
240.987000 34.806400 -8.947 4.359 0.181 0.242 -0.070811 20000 1.000000
243.664000 34.829500 -3.577 -0.955 0.18 0.213 0.051195 20000 1.000000
242.035000 34.244000 -10.634 3.701 0.193 0.246 -0.067928 20000 1.000000
237.881000 37.724100 -7.159 3.07 0.204 0.255 0.013147 20000 1.000000
241.974000 34.333400 -9.839 5.795 0.184 0.217 0.128941 20000 1.000000
242.172000 34.640500 -6.089 2.679 0.172 0.215 0.078657 20000 1.000000
241.063000 34.109600 -10.849 7.786 0.179 0.229 0.086551 20000 1.000000
241.873000 34.136700 -9.758 4.139 0.167 0.204 0.050283 20000 1.000000
242.521000 34.313800 -7.314 3.828 0.183 0.223 0.165911 20000 1.000000
242.291000 34.109900 -9.898 6.376 0.173 0.21 0.011070 20000 1.000000
245.126000 40.558400 -3.508 -2.002 0.177 0.218 0.092662 20000 1.000000
240.120000 34.414900 -12.322 7.327 0.17 0.208 0.007280 20000 1.000000
242.427000 35.071700 -4.94 1.451 0.17 0.208 0.097347 20000 1.000000
239.249000 35.791600 -10.457 8.784 0.17 0.211 0.023933 20000 1.000000
242.900000 34.039100 -7.47 5.611 0.17 0.206 0.065373 20000 1.000000
244.265000 33.069800 -14.08 6.041 0.178 0.213 0.052621 20000 1.000000
240.961000 34.168400 -12.905 8.53 0.166 0.203 0.057344 20000 1.000000
241.743000 33.861500 -10.814 4.933 0.169 0.208 0.039099 20000 1.000000
241.476000 34.253600 -11.038 5.721 0.216 0.267 0.085927 20000 1.000000
240.629000 34.408100 -11.836 5.854 0.188 0.234 0.029834 20000 1.000000
241.387000 34.516500 -9.914 4.534 0.17 0.208 0.031371 20000 1.000000
243.630000 34.124100 -4.316 0.84 0.179 0.215 0.007963 20000 1.000000
242.098000 34.082000 -8.901 6.891 0.178 0.217 -0.012545 20000 1.000000
244.212000 33.389800 -5.398 0.038 0.185 0.224 0.049016 20000 1.000000
242.140000 34.413400 -8.684 2.522 0.169 0.22 0.044814 20000 1.000000
241.873000 33.938300 -10.938 5.159 0.166 0.203 0.048461 20000 1.000000
242.588000 33.647700 -10.784 6.816 0.162 0.198 0.051209 20000 1.000000
241.170000 34.946200 -6.97 5.655 0.174 0.217 0.047213 20000 1.000000
245.061000 39.345200 -2.481 -1.62 0.173 0.219 0.038399 20000 1.000000
244.183000 40.914700 -3.267 -1.52 0.16 0.213 0.045354 20000 1.000000
241.574000 34.703100 -5.967 1.531 0.171 0.212 0.055497 20000 1.000000
242.474000 34.104200 -9.37 5.156 0.187 0.234 0.069835 20000 1.000000
239.991000 34.733000 -11.941 8.285 0.167 0.204 0.067601 20000 1.000000
243.064000 34.093600 -5.124 3.069 0.192 0.292 0.131943 20000 1.000000
241.116000 34.356300 -10.874 6.711 0.167 0.203 0.043584 20000 1.000000
246.195000 39.369400 -4.223 -1.844 0.185 0.235 0.041818 20000 1.000000
244.200000 32.945000 -11.825 3.356 0.189 0.216 0.053415 20000 1.000000
241.107000 34.800200 -9.68 4.023 0.19 0.233 0.048894 20000 1.000000
240.644000 40.416500 -3.169 -1.483 0.165 0.22 0.000688 20000 1.000000
240.136000 35.189400 -9.561 5.592 0.169 0.213 0.030347 20000 1.000000
244.479000 33.274800 -3.19 -3.791 0.193 0.229 0.056079 20000 1.000000
245.173000 33.051100 -2.014 -1.816 0.221 0.258 -0.030127 20000 1.000000
244.340000 34.784000 -2.903 -2.242 0.189 0.236 0.042897 20000 1.000000
245.810000 34.308600 -2.351 -1.561 0.172 0.207 0.063487 20000 1.000000
243.111000 35.425200 -2.914 1.651 0.168 0.208 0.028681 20000 1.000000
245.820000 40.640200 -3.118 -1.625 0.163 0.213 0.057521 20000 1.000000
239.584000 36.399000 -4.553 0.783 0.203 0.251 0.032451 20000 1.000000
241.887000 34.047400 -10.379 3.387 0.17 0.209 0.054198 20000 1.000000
239.318000 34.469400 -12.677 11.592 0.17 0.21 0.047219 20000 1.000000
241.714000 33.783600 -8.941 7.608 0.193 0.244 -0.019301 20000 1.000000
243.570000 34.754800 -3.984 -0.314 0.167 0.205 0.072568 20000 1.000000
238.530000 40.815900 -5.147 -1.685 0.166 0.221 0.026708 20000 1.000000
244.365000 33.705000 -3.208 -1.627 0.185 0.236 0.027953 20000 1.000000
239.520000 35.866700 -9.502 7.844 0.19 0.249 0.055061 20000 1.000000
242.155000 34.458200 -7.537 4.253 0.178 0.219 0.028785 20000 1.000000
239.598000 35.880800 -5.82 3.809 0.177 0.22 0.137949 20000 1.000000
240.812000 34.441200 -11.093 5.664 0.18 0.223 0.058521 20000 1.000000
244.089000 34.727300 -3.363 -1.89 0.169 0.21 0.068660 20000 1.000000
243.779000 33.796800 -4.636 0.986 0.173 0.214 0.097341 20000 1.000000
244.855000 34.157600 -3.242 -2.277 0.169 0.208 0.094071 20000 1.000000
241.526000 35.662300 -4.604 1.012 0.185 0.234 0.017895 20000 1.000000
240.992000 34.398500 -10.721 6.234 0.176 0.217 0.056560 20000 1.000000
243.827000 33.925400 -4.569 -0.502 0.18 0.218 0.047823 20000 1.000000
242.165000 34.485500 -7.328 4.19 0.167 0.207 0.042852 20000 1.000000
243.060000 35.090200 -3.783 -0.089 0.168 0.205 0.056141 20000 1.000000
242.246000 34.133300 -9.822 5.389 0.172 0.21 0.071567 20000 1.000000
239.406000 35.828700 -9.437 8.694 0.17 0.215 0.069906 20000 1.000000
242.454000 34.314900 -8.917 0.461 0.188 0.234 0.122184 20000 1.000000
240.896000 34.733600 -8.001 4.837 0.167 0.211 0.038099 20000 1.000000
239.557000 35.832600 -9.408 7.786 0.166 0.208 0.052952 20000 1.000000
242.563000 33.856800 -9.523 5.934 0.168 0.202 0.051448 20000 1.000000
238.778000 42.418300 -3.393 -2.366 0.237 0.326 -0.005432 20000 1.000000
239.241000 36.186900 -9.65 -5.602 0.169 0.208 0.093596 20000 1.000000
239.233000 36.180500 -11.507 8.254 0.167 0.207 0.041681 20000 1.000000
239.649000 34.038300 -12.18 9.447 0.166 0.206 -0.003747 20000 1.000000
243.904000 40.148400 -3.326 -2.793 0.169 0.222 -0.031224 20000 1.000000
242.682000 33.918400 -9.308 5.654 0.167 0.202 0.063753 20000 1.000000
239.566000 35.969500 -4.023 3.299 0.171 0.206 -0.004084 20000 1.000000
244.588000 40.710700 -3.309 -2.872 0.167 0.229 0.032824 20000 1.000000
241.122000 34.295500 -11.586 7.491 0.185 0.221 0.023060 20000 1.000000
242.118000 34.175200 -9.865 6.069 0.227 0.256 -0.251559 20000 1.000000
243.352000 34.038500 -5.327 3.371 0.187 0.232 0.172764 20000 1.000000
242.790000 34.230800 -7.151 4.299 0.234 0.255 0.224152 20000 1.000000
245.381000 34.767700 -2.679 -1.615 0.182 0.223 0.054094 20000 1.000000
242.491000 39.685600 -3.06 -1.79 0.17 0.219 0.040328 20000 1.000000
240.859000 34.498700 -10.275 5.324 0.163 0.2 0.041985 20000 1.000000
243.932000 34.141000 -3.563 -0.452 0.168 0.205 0.084337 20000 1.000000
242.653000 33.240700 -10.441 7.122 0.174 0.206 -0.006799 20000 1.000000
244.082000 34.369900 -3.067 -1.624 0.169 0.207 0.010891 20000 1.000000
243.695000 34.427700 -2.795 -0.208 0.172 0.214 0.019845 20000 1.000000
243.708000 34.533000 -3.316 -0.329 0.175 0.209 0.038414 20000 1.000000
243.185000 34.674900 -4.928 1.407 0.166 0.204 0.066369 20000 1.000000
241.793000 34.128800 -7.794 4.26 0.167 0.205 0.046970 20000 1.000000
240.647000 34.683400 -11.488 5.306 0.19 0.236 -0.004084 20000 1.000000
242.814000 39.521100 -3.239 -1.824 0.166 0.214 0.051436 20000 1.000000
245.995000 32.722500 -3.166 -1.308 0.175 0.208 0.111815 20000 1.000000
244.721000 39.910200 -2.966 -1.895 0.186 0.229 0.039122 20000 1.000000
245.543000 36.154200 -2.921 -1.134 0.168 0.206 0.054836 20000 1.000000
245.180000 41.724200 -3.23 -1.409 0.165 0.217 0.016525 20000 1.000000
242.670000 41.428700 -3.033 -2.401 0.163 0.218 0.063731 20000 1.000000
242.935000 42.981700 -3.646 -2.105 0.161 0.22 0.022948 20000 1.000000
235.925000 40.876300 -2.858 2.541 0.217 0.271 0.071241 20000 1.000000
236.274000 38.928300 -10.333 8.955 0.161 0.209 0.012105 20000 1.000000
237.585000 40.997600 -6.099 -1.728 0.188 0.262 -0.056014 20000 1.000000
235.986000 42.967400 -4.82 -1.619 0.166 0.232 0.060076 20000 1.000000
243.830000 32.616500 -12.222 6.958 0.168 0.201 0.038335 20000 1.000000
238.997000 35.551800 -10.515 9.77 0.164 0.206 0.044381 20000 1.000000
242.015000 39.305600 -3.426 -1.122 0.168 0.222 0.021107 20000 1.000000
242.395000 39.287900 -3.866 -1.741 0.167 0.213 0.040890 20000 1.000000
243.576000 39.500500 -3.538 -2.611 0.162 0.216 0.062476 20000 1.000000
243.950000 39.546400 -3.993 -2.105 0.167 0.213 0.076677 20000 1.000000
244.111000 39.374200 -3.421 -2.042 0.163 0.211 0.062688 20000 1.000000
244.487000 39.536100 -3.31 -1.902 0.163 0.214 0.045272 20000 1.000000
244.568000 39.388600 -3.109 -1.612 0.159 0.207 0.045935 20000 1.000000
242.120000 40.433400 -3.731 -1.301 0.165 0.217 0.079051 20000 1.000000
245.308000 39.255200 -3.211 -1.651 0.167 0.213 0.100748 20000 1.000000
245.723000 39.119400 -3.771 -1.249 0.167 0.22 0.063740 20000 1.000000
246.129000 39.067300 -3.561 -1.73 0.165 0.214 0.041261 20000 1.000000
246.495000 39.268900 -3.549 -1.283 0.163 0.216 0.058117 20000 1.000000
242.532000 40.320600 -3.645 -1.401 0.169 0.219 0.005807 20000 1.000000
246.946000 40.494000 -3.847 -1.704 0.163 0.214 0.067189 20000 1.000000
243.264000 40.495500 -3.669 -1.718 0.171 0.222 0.007036 20000 1.000000
243.721000 40.363200 -3.54 -1.848 0.161 0.213 0.067072 20000 1.000000
240.200000 39.572800 -4.205 -0.168 0.164 0.215 0.037086 20000 1.000000
242.469000 36.614300 -3.621 -0.404 0.163 0.204 0.042266 20000 1.000000
242.593000 36.804200 -3.65 -2.033 0.159 0.201 0.048664 20000 1.000000
242.006000 36.606000 -3.309 0.66 0.207 0.25 0.115655 20000 1.000000
242.296000 37.200800 -3.294 -1.068 0.164 0.208 0.051467 20000 1.000000
240.463000 39.698400 -3.726 -1.204 0.172 0.224 0.047594 20000 1.000000
240.694000 39.795600 -3.668 -1.214 0.183 0.25 0.116347 20000 1.000000
241.126000 39.838800 -4.369 -0.426 0.348 0.419 0.027497 20000 1.000000
241.316000 39.888900 -3.678 -1.083 0.167 0.219 0.026913 20000 1.000000
241.841000 39.212300 -3.548 -1.866 0.172 0.225 0.054580 20000 1.000000
246.706000 41.856800 -3.925 -0.481 0.172 0.229 0.086031 20000 1.000000
246.958000 39.345100 -3.693 -1.419 0.166 0.213 0.055850 20000 1.000000
246.988000 41.817300 -2.424 -1.214 0.163 0.216 0.042407 20000 1.000000
246.722000 40.671300 -3.529 -1.814 0.166 0.219 0.048366 20000 1.000000
240.400000 39.499200 -4.071 -0.253 0.18 0.224 0.090145 20000 1.000000
240.931000 39.486100 -4.869 -0.904 0.166 0.216 0.044006 20000 1.000000
241.550000 39.133900 -3.478 -0.483 0.165 0.215 0.049608 20000 1.000000
241.062000 39.268000 -3.742 -2.216 0.28 0.36 0.030894 20000 1.000000
241.649000 39.454700 -4.096 -1.426 0.166 0.216 0.089232 20000 1.000000
241.995000 38.728800 -3.024 -1.95 0.173 0.221 0.062874 20000 1.000000
241.540000 38.724600 -3.742 -1.585 0.165 0.215 0.045348 20000 1.000000
241.070000 38.980900 -3.959 -1.195 0.176 0.233 0.046934 20000 1.000000
240.985000 38.704600 -4.419 -0.698 0.17 0.218 -0.010004 20000 1.000000
240.541000 38.761400 -3.429 0.903 0.174 0.218 -0.031695 20000 1.000000
240.523000 40.779800 -3.868 -1.653 0.179 0.226 0.126190 20000 1.000000
240.990000 40.242200 -4.57 -1.524 0.184 0.223 -0.016147 20000 1.000000
240.278000 39.908200 -4.8 -1.093 0.168 0.22 0.096935 20000 1.000000
239.307000 38.829200 -4.592 0.057 0.187 0.22 0.144185 20000 1.000000
239.614000 39.046600 -4.461 0.025 0.184 0.232 -0.044875 20000 1.000000
240.189000 39.123500 -6.048 -0.439 0.167 0.218 -0.018750 20000 1.000000
240.376000 41.357700 -3.472 -1.914 0.163 0.218 0.039147 20000 1.000000
239.716000 39.937400 -4.205 0.062 0.158 0.208 0.035187 20000 1.000000
239.194000 40.418600 -4.981 -1.686 0.171 0.217 0.030204 20000 1.000000
239.923000 40.288900 -3.795 -1.295 0.165 0.218 0.057033 20000 1.000000
235.692000 40.247500 -8.655 9.291 0.16 0.211 0.030344 20000 1.000000
235.867000 40.551300 -3.454 3.483 0.163 0.215 0.021920 20000 1.000000
235.787000 40.637400 -1.91 4.954 0.181 0.239 0.008547 20000 1.000000
235.943000 40.219600 -7.996 4.425 0.166 0.219 0.039250 20000 1.000000
236.307000 40.119300 -6.698 1.897 0.174 0.235 0.082211 20000 1.000000
238.207000 36.485500 -11.409 6.544 0.16 0.202 0.033292 20000 1.000000
238.710000 35.945700 -12.023 9.149 0.167 0.21 0.091123 20000 1.000000
238.949000 36.302100 -12.251 9.428 0.162 0.205 0.036403 20000 1.000000
238.865000 36.425900 -12.66 9.921 0.171 0.215 0.069657 20000 1.000000
237.668000 37.534500 -9.894 5.934 0.19 0.218 -0.041155 20000 1.000000
237.623000 37.914500 -7.977 4.392 0.17 0.218 0.041765 20000 1.000000
236.819000 38.495000 -9.079 7.964 0.164 0.216 -0.034335 20000 1.000000
236.291000 39.117200 -9.753 7.02 0.19 0.247 0.012577 20000 1.000000
236.652000 38.987400 -8.534 5.088 0.174 0.22 0.112922 20000 1.000000
236.796000 39.242000 -6.09 1.95 0.163 0.215 0.046691 20000 1.000000
236.368000 42.275400 -2.281 -0.178 0.187 0.249 0.039050 20000 1.000000
236.895000 39.319700 -7.136 1.236 0.168 0.217 0.053376 20000 1.000000
237.041000 38.664700 -7.666 5.841 0.185 0.26 0.088392 20000 1.000000
237.233000 38.428600 -6.662 5.969 0.166 0.216 0.059150 20000 1.000000
237.548000 38.239800 -7.469 3.802 0.165 0.214 0.031599 20000 1.000000
237.083000 38.866100 -10.343 2.963 0.159 0.206 0.023831 20000 1.000000
237.037000 39.398100 -9.016 -0.302 0.191 0.244 -0.014552 20000 1.000000
237.424000 38.777800 -5.911 1.443 0.173 0.233 0.023788 20000 1.000000
237.281000 39.260000 -4.867 -1.35 0.162 0.211 0.067414 20000 1.000000
237.696000 39.109300 -5.614 -0.951 0.168 0.218 0.024961 20000 1.000000
237.873000 37.069200 -9.611 7.638 0.192 0.238 0.203379 20000 1.000000
238.137000 36.962000 -10.343 7.778 0.181 0.219 -0.002214 20000 1.000000
238.009000 37.201700 -9.532 6.679 0.192 0.235 -0.030898 20000 1.000000
238.203000 37.001000 -9.599 7.399 0.246 0.28 0.112714 20000 1.000000
238.274000 37.002400 -9.538 6.787 0.174 0.232 0.064720 20000 1.000000
238.349000 37.104500 -8.448 4.765 0.197 0.237 -0.068679 20000 1.000000
238.286000 37.203500 -7.547 5.888 0.17 0.213 0.085030 20000 1.000000
237.786000 37.329900 -10.443 5.936 0.162 0.206 0.045188 20000 1.000000
237.901000 37.336900 -10.057 5.873 0.166 0.219 0.024805 20000 1.000000
237.900000 37.722000 -7.322 3.53 0.161 0.205 0.027547 20000 1.000000
237.781000 37.863900 -7.296 4.393 0.164 0.212 -0.022958 20000 1.000000
237.942000 37.713900 -7.298 2.627 0.174 0.221 -0.016131 20000 1.000000
238.174000 37.336800 -9.369 4.558 0.172 0.223 0.043932 20000 1.000000
238.210000 37.533000 -6.05 1.909 0.162 0.207 0.043694 20000 1.000000
238.313000 37.601800 -6.086 1.013 0.17 0.213 0.088986 20000 1.000000
238.022000 37.749400 -6.81 2.687 0.163 0.208 0.028734 20000 1.000000
238.214000 37.819000 -4.789 1.676 0.166 0.21 0.037001 20000 1.000000
238.095000 36.621700 -11.378 8.081 0.164 0.208 0.023409 20000 1.000000
238.421000 36.724000 -10.598 9.223 0.164 0.208 0.021990 20000 1.000000
238.580000 36.800400 -8.592 5.754 0.162 0.205 0.019074 20000 1.000000
238.409000 36.858500 -10.314 8.002 0.163 0.207 0.018815 20000 1.000000
238.459000 36.814300 -10.55 6.971 0.167 0.207 0.044235 20000 1.000000
238.445000 36.903500 -9.513 5.426 0.167 0.208 0.009851 20000 1.000000
238.613000 36.637000 -11.163 8.192 0.171 0.218 -0.009406 20000 1.000000
238.458000 37.007800 -8.59 5.282 0.162 0.208 0.039429 20000 1.000000
238.426000 37.213000 -4.814 2.514 0.164 0.206 0.034858 20000 1.000000
238.665000 36.918200 -6.007 1.122 0.162 0.205 0.039411 20000 1.000000
238.645000 37.010800 -6.685 0.38 0.177 0.223 -0.003893 20000 1.000000
240.294000 37.713100 -5.076 2.024 0.17 0.217 0.023265 20000 1.000000
238.812000 36.559500 -11.392 9.185 0.162 0.205 0.026457 20000 1.000000
238.131000 37.975600 -6.424 0.732 0.164 0.21 0.053041 20000 1.000000
238.936000 36.611600 -3.28 1.904 0.16 0.202 0.033518 20000 1.000000
238.732000 36.950000 -5.773 0.301 0.172 0.217 0.060724 20000 1.000000
238.652000 36.811400 -6.084 1.834 0.166 0.209 0.026789 20000 1.000000
238.942000 37.169600 -5.413 -0.125 0.17 0.214 0.048405 20000 1.000000
238.347000 37.478400 -5.728 1.642 0.175 0.225 0.034971 20000 1.000000
238.531000 37.489600 -6.823 1.629 0.16 0.205 0.026547 20000 1.000000
238.675000 37.581900 -6.024 0.089 0.165 0.213 0.022909 20000 1.000000
238.395000 37.932000 -5.14 -0.399 0.163 0.208 0.033061 20000 1.000000
238.536000 37.755300 -5.715 0.688 0.164 0.209 0.033567 20000 1.000000
238.717000 37.385400 -6.063 0.639 0.168 0.22 0.047822 20000 1.000000
237.782000 38.153000 -6.637 2.781 0.179 0.23 0.011467 20000 1.000000
237.904000 38.025100 -6.726 2.465 0.166 0.215 -0.023858 20000 1.000000
237.805000 38.444200 -6.545 1.064 0.172 0.233 0.053791 20000 1.000000
237.645000 38.999500 -5.565 0.231 0.2 0.228 0.132828 20000 1.000000
238.905000 38.645300 -5.689 -0.919 0.162 0.209 0.038786 20000 1.000000
239.652000 35.544100 -10.976 7.335 0.168 0.21 0.038629 20000 1.000000
239.611000 35.841100 -7.009 7.261 0.169 0.21 0.016689 20000 1.000000
239.655000 35.837800 -6.496 3.072 0.167 0.212 0.023792 20000 1.000000
239.715000 35.806700 -5.794 3.427 0.176 0.22 0.025355 20000 1.000000
239.093000 35.933300 -10.814 9.647 0.162 0.205 0.030081 20000 1.000000
239.019000 36.417200 -6.425 1.422 0.163 0.208 0.047085 20000 1.000000
239.147000 36.515900 -5.404 -2.407 0.169 0.216 0.020744 20000 1.000000
239.302000 36.024800 -11.557 8.294 0.163 0.211 0.035862 20000 1.000000
239.121000 36.140200 -11.709 11.24 0.163 0.205 0.033544 20000 1.000000
239.251000 36.106800 -10.814 8.912 0.16 0.201 0.038650 20000 1.000000
239.272000 36.178900 -8.578 -6.36 0.16 0.201 0.035043 20000 1.000000
239.355000 35.922800 -10.48 8.313 0.161 0.203 0.026028 20000 1.000000
239.525000 36.007500 -3.247 6.178 0.177 0.214 0.043232 20000 1.000000
239.457000 36.089400 -3.438 2.165 0.161 0.203 0.036465 20000 1.000000
239.560000 36.123200 -4.429 1.088 0.161 0.203 0.036834 20000 1.000000
239.158000 35.697100 -10.919 8.532 0.167 0.204 0.078658 20000 1.000000
239.637000 36.051700 -4.715 0.852 0.164 0.203 0.034975 20000 1.000000
239.448000 35.974100 -10.445 7.825 0.18 0.216 -0.018605 20000 1.000000
239.706000 36.015800 -4.803 1.007 0.164 0.206 0.028338 20000 1.000000
239.723000 36.304400 -3.196 2.54 0.165 0.208 0.031202 20000 1.000000
239.257000 36.806300 -5.494 0.019 0.162 0.207 0.032167 20000 1.000000
239.803000 37.352200 -5.615 -0.005 0.174 0.224 0.050079 20000 1.000000
239.356000 37.795200 -5.691 0.697 0.178 0.219 0.057190 20000 1.000000
240.160000 37.901100 -6.403 -2.048 0.182 0.221 -0.048650 20000 1.000000
239.049000 38.090000 -6.161 -0.426 0.167 0.214 0.027517 20000 1.000000
239.666000 38.735600 -4.983 -1.14 0.177 0.214 0.057730 20000 1.000000
241.480000 37.177600 -4.484 -0.839 0.16 0.203 0.046769 20000 1.000000
236.283000 39.863600 -9.34 3.455 0.197 0.253 -0.071994 20000 1.000000
236.448000 39.905700 -10.178 0.806 0.185 0.255 -0.005704 20000 1.000000
236.628000 39.452400 -7.938 1.447 0.162 0.214 0.033351 20000 1.000000
236.705000 39.707100 -8.166 -0.056 0.173 0.225 -0.050583 20000 1.000000
236.813000 39.492800 -8.021 0.119 0.178 0.252 0.068542 20000 1.000000
236.817000 39.962100 -6.644 -1.645 0.161 0.214 -0.016943 20000 1.000000
236.344000 40.256800 -6.744 1.007 0.162 0.217 0.047940 20000 1.000000
236.117000 41.151700 -4.128 0.734 0.163 0.217 0.044555 20000 1.000000
236.301000 40.575300 -5.011 1.474 0.171 0.225 0.083310 20000 1.000000
236.427000 40.478900 -6.653 -1.478 0.2 0.262 0.253687 20000 1.000000
236.548000 40.082200 -7.534 0.458 0.159 0.21 0.034515 20000 1.000000
236.864000 40.324100 -6.432 -1.892 0.159 0.21 0.023329 20000 1.000000
236.676000 40.732900 -6.992 -1.678 0.16 0.213 0.000462 20000 1.000000
236.826000 40.546700 -6.682 -2.865 0.163 0.219 0.012073 20000 1.000000
237.024000 39.621400 -4.281 -0.848 0.171 0.215 0.077087 20000 1.000000
237.264000 39.493600 -4.87 -0.614 0.16 0.208 0.023256 20000 1.000000
237.126000 39.726200 -3.488 -1.703 0.164 0.217 0.079469 20000 1.000000
237.077000 40.747600 -5.805 -1.958 0.168 0.221 0.012125 20000 1.000000
237.332000 40.034100 -6.221 -1.837 0.165 0.214 0.022885 20000 1.000000
237.393000 40.650700 -7.18 -4.115 0.169 0.228 -0.010862 20000 1.000000
236.666000 40.887100 -6.351 -1.261 0.159 0.211 0.024085 20000 1.000000
237.729000 40.271200 -6.872 -1.557 0.171 0.225 -0.033909 20000 1.000000
239.132000 39.794700 -3.017 0.27 0.161 0.216 0.004378 20000 1.000000
239.052000 41.183300 -3.958 -1.079 0.162 0.22 0.019075 20000 1.000000
237.681000 40.731100 -6.139 -2.57 0.239 0.292 0.053274 20000 1.000000
235.774000 42.209100 0.031 0.732 0.165 0.216 0.016213 20000 1.000000
235.946000 42.860100 -4.163 -2.821 0.185 0.247 0.107980 20000 1.000000
236.617000 42.503500 -1.725 -1.447 0.198 0.267 0.031280 20000 1.000000
237.344000 42.191000 -4.623 -2.695 0.166 0.226 0.001303 20000 1.000000
238.220000 42.259700 -2.548 -1.816 0.162 0.215 0.029251 20000 1.000000
239.622000 42.468800 -3.443 -1.806 0.166 0.227 -0.007150 20000 1.000000
241.588000 42.254600 -2.83 -1.228 0.159 0.216 0.033851 20000 1.000000
243.371000 36.071300 -3.224 -1.634 0.174 0.222 0.124357 20000 1.000000
242.835000 36.022500 -2.852 -0.228 0.172 0.208 0.033049 20000 1.000000
242.590000 36.159000 -5.331 -0.944 0.174 0.217 0.100962 20000 1.000000
241.868000 36.466800 -5.445 1.289 0.182 0.235 -0.153077 20000 1.000000
242.211000 36.531200 -3.72 -0.612 0.16 0.203 0.044371 20000 1.000000
241.909000 36.570200 -4.218 -0.077 0.184 0.217 -0.012223 20000 1.000000
241.882000 36.975700 -3.756 -0.505 0.16 0.203 0.045136 20000 1.000000
242.064000 37.231400 -3.382 -0.902 0.167 0.208 0.088955 20000 1.000000
242.606000 34.462400 -6.366 2.448 0.174 0.208 0.037186 20000 1.000000
242.459000 33.562100 -10.789 7.487 0.165 0.2 0.083160 20000 1.000000
242.895000 32.889200 -11.416 7.643 0.166 0.199 0.039435 20000 1.000000
243.050000 32.733800 -12.088 7.55 0.162 0.195 0.048241 20000 1.000000
242.756000 32.666400 -12.12 8.135 0.179 0.206 0.145658 20000 1.000000
242.810000 33.439600 -10.097 7.036 0.163 0.199 0.051685 20000 1.000000
242.928000 33.235700 -10.821 7.147 0.175 0.204 0.103404 20000 1.000000
243.217000 33.493300 -9.494 5.494 0.164 0.199 0.048320 20000 1.000000
243.651000 32.976000 -10.24 7.205 0.168 0.203 0.059417 20000 1.000000
243.989000 32.822200 -10.361 6.306 0.168 0.201 0.016307 20000 1.000000
243.329000 33.240200 -10.82 6.38 0.178 0.213 0.054652 20000 1.000000
243.431000 33.059200 -11.088 7.003 0.163 0.196 0.043943 20000 1.000000
243.379000 33.375600 -9.767 5.718 0.168 0.203 0.095200 20000 1.000000
243.591000 33.210200 -10.421 4.346 0.178 0.215 0.057488 20000 1.000000
243.817000 33.213500 -9.822 4.932 0.166 0.2 0.051926 20000 1.000000
243.921000 33.201000 -8.877 3.984 0.166 0.201 0.057690 20000 1.000000
243.888000 33.296200 -8.999 3.567 0.169 0.205 -0.000528 20000 1.000000
243.574000 33.523500 -7.9 4.192 0.177 0.204 0.139174 20000 1.000000
243.773000 33.574700 -7.71 1.32 0.173 0.217 0.074117 20000 1.000000
244.031000 32.887000 -11.491 5.904 0.169 0.203 0.055135 20000 1.000000
244.175000 32.954700 -12.163 5.026 0.167 0.199 0.049197 20000 1.000000
244.268000 32.759700 -9.565 5.916 0.175 0.215 0.065575 20000 1.000000
244.404000 32.750600 -7.26 5.641 0.176 0.207 0.036494 20000 1.000000
244.423000 32.834700 -5.886 10.748 0.172 0.206 0.057058 20000 1.000000
244.430000 32.898400 -3.151 23.351 0.182 0.217 0.083710 20000 1.000000
244.700000 32.690000 -2.494 -0.94 0.166 0.2 0.045547 20000 1.000000
244.602000 32.875800 1.035 -3.67 0.176 0.211 0.075452 20000 1.000000
244.578000 32.982500 14.863 -6.658 0.174 0.213 0.095338 20000 1.000000
244.280000 32.948900 -14.882 4.454 0.171 0.203 0.050725 20000 1.000000
244.234000 33.516400 -4.429 -0.606 0.175 0.21 0.118267 20000 1.000000
244.313000 33.423900 -3.621 -1.57 0.174 0.209 0.096032 20000 1.000000
244.571000 33.247800 -3.838 -3.614 0.171 0.205 0.043844 20000 1.000000
244.657000 33.143600 -1.978 -3.425 0.172 0.207 0.000684 20000 1.000000
244.704000 33.886900 -3.581 -2.452 0.175 0.206 0.059853 20000 1.000000
240.305000 37.562600 -3.971 0.344 0.181 0.216 0.151464 20000 1.000000
239.350000 34.907300 -11.943 9.015 0.16 0.199 0.037214 20000 1.000000
239.590000 35.010700 -10.368 8.923 0.167 0.206 0.037469 20000 1.000000
239.760000 34.870600 -11.676 8.694 0.163 0.201 0.055539 20000 1.000000
239.617000 35.106200 -11.401 8.373 0.172 0.211 0.122739 20000 1.000000
241.822000 34.376400 -9.454 5.12 0.164 0.204 0.056385 20000 1.000000
239.925000 35.020000 -10.135 9.64 0.161 0.2 0.032841 20000 1.000000
240.208000 34.507800 -11.46 7.495 0.168 0.201 0.028500 20000 1.000000
240.384000 34.630500 -12.642 6.66 0.16 0.198 0.040445 20000 1.000000
240.185000 34.888600 -9.373 7.824 0.161 0.2 0.037146 20000 1.000000
240.464000 35.086600 -8.009 4.447 0.162 0.201 0.054246 20000 1.000000
239.192000 35.425800 -10.192 9.613 0.162 0.202 0.022176 20000 1.000000
239.455000 35.327800 -11.312 8.949 0.166 0.209 0.089134 20000 1.000000
239.646000 35.440500 -10.438 6.786 0.164 0.204 0.031327 20000 1.000000
239.520000 35.624800 -9.571 8.072 0.163 0.204 0.045456 20000 1.000000
239.463000 35.792700 -10.005 9.053 0.164 0.208 0.060579 20000 1.000000
239.733000 35.633800 -8.975 6.521 0.169 0.206 0.075913 20000 1.000000
239.629000 35.747900 -10.221 7.597 0.167 0.207 0.043068 20000 1.000000
237.762000 37.061200 -11.363 8.97 0.163 0.208 0.051472 20000 1.000000
239.899000 35.235100 -11.299 6.621 0.187 0.22 0.092475 20000 1.000000
239.975000 35.279800 -9.958 6.456 0.17 0.214 0.009754 20000 1.000000
240.065000 35.316800 -9.319 5.79 0.174 0.219 0.052941 20000 1.000000
239.887000 35.534200 -9.477 5.046 0.214 0.261 0.062376 20000 1.000000
239.818000 35.702700 -6.431 3.567 0.162 0.203 0.041690 20000 1.000000
239.869000 35.801300 -5.816 2.607 0.17 0.208 0.059242 20000 1.000000
239.999000 35.686700 -5.908 3.13 0.168 0.207 -0.005901 20000 1.000000
239.707000 35.688900 -9.246 6.72 0.163 0.204 0.031204 20000 1.000000
240.287000 35.319000 -7.691 2.6 0.181 0.225 0.027045 20000 1.000000
240.091000 35.934700 -4.881 1.255 0.162 0.204 0.045291 20000 1.000000
240.496000 34.466800 -12.586 6.697 0.16 0.197 0.042633 20000 1.000000
240.674000 34.599600 -11.439 5.246 0.171 0.214 0.130160 20000 1.000000
240.885000 34.660100 -9.802 4.849 0.171 0.208 0.116303 20000 1.000000
240.845000 34.856200 -10.524 3.189 0.235 0.346 -0.038409 20000 1.000000
239.755000 35.686700 -8.191 6.186 0.165 0.203 0.025618 20000 1.000000
241.121000 34.835100 -7.948 4.336 0.163 0.201 0.051775 20000 1.000000
241.152000 34.792300 -9.572 2.032 0.168 0.213 0.053785 20000 1.000000
241.331000 34.695000 -9.273 6.63 0.171 0.212 0.120448 20000 1.000000
241.454000 34.771100 -7.196 4.725 0.164 0.204 0.042741 20000 1.000000
241.344000 34.944400 -6.18 2.543 0.17 0.212 0.010488 20000 1.000000
241.388000 35.138600 -5.958 2.164 0.163 0.202 0.023671 20000 1.000000
241.382000 34.838900 -6.669 3.97 0.169 0.21 0.054024 20000 1.000000
241.459000 34.821800 -6.254 3.106 0.173 0.212 0.074226 20000 1.000000
241.811000 34.982100 -5.102 2.648 0.162 0.2 0.046493 20000 1.000000
241.876000 35.378000 -4.811 1.278 0.164 0.202 0.037112 20000 1.000000
241.740000 35.667300 -5.293 1.117 0.169 0.206 0.046522 20000 1.000000
241.233000 36.231400 -4.821 1.114 0.17 0.207 0.111246 20000 1.000000
241.045000 36.585500 -4.303 0.392 0.161 0.204 0.042084 20000 1.000000
241.740000 36.093100 -4.63 0.903 0.165 0.203 0.047027 20000 1.000000
241.994000 35.038800 -4.927 2.621 0.163 0.201 0.055946 20000 1.000000
242.271000 34.509700 -6.903 3.141 0.164 0.201 0.042802 20000 1.000000
242.451000 34.634300 -5.681 2.752 0.166 0.205 0.041911 20000 1.000000
242.457000 34.987000 -4.573 2.28 0.167 0.206 0.088125 20000 1.000000
243.048000 33.892600 -7.354 4.612 0.162 0.198 0.052973 20000 1.000000
243.454000 34.019300 -4.405 4.081 0.164 0.2 0.044194 20000 1.000000
242.719000 34.534800 -5.927 3.227 0.19 0.212 -0.044986 20000 1.000000
241.969000 34.332200 -9.861 5.633 0.167 0.205 0.067518 20000 1.000000
242.635000 35.116800 -4.78 1.673 0.166 0.204 0.038391 20000 1.000000
241.983000 35.152400 -4.417 2.146 0.164 0.204 0.050042 20000 1.000000
242.697000 35.238500 -3.539 1.025 0.165 0.202 0.058721 20000 1.000000
242.795000 35.387900 -3.351 0.939 0.161 0.2 0.054906 20000 1.000000
242.610000 35.896700 -6.077 -0.712 0.178 0.224 0.036549 20000 1.000000
242.597000 35.697600 -4.502 0.443 0.164 0.204 0.049153 20000 1.000000
243.111000 35.998200 -3.182 -2.049 0.173 0.208 0.047053 20000 1.000000
243.112000 35.710600 -2.754 -0.505 0.162 0.204 0.054360 20000 1.000000
243.290000 34.192500 -5.757 3.605 0.168 0.202 0.034896 20000 1.000000
243.463000 34.217200 -4.213 2.357 0.167 0.201 0.063611 20000 1.000000
243.788000 33.865800 -4.824 1.087 0.163 0.199 0.068214 20000 1.000000
243.920000 33.959300 -4.638 -0.475 0.165 0.2 0.053142 20000 1.000000
239.772000 35.729200 -6.009 3.69 0.166 0.206 0.058648 20000 1.000000
243.971000 34.716900 -3.175 -1.404 0.169 0.206 0.022598 20000 1.000000
243.329000 34.936800 -3.769 -0.224 0.167 0.206 0.056876 20000 1.000000
242.063000 34.341100 -9.019 5.462 0.176 0.219 0.028503 20000 1.000000
243.120000 34.462100 -5.77 1.682 0.164 0.201 0.050992 20000 1.000000
244.179000 33.741000 -3.77 -1.309 0.173 0.21 0.057134 20000 1.000000
243.107000 34.062700 -1.358 4.534 0.18 0.221 0.017306 20000 1.000000
244.236000 34.425700 -2.931 -1.754 0.207 0.223 0.089030 20000 1.000000
244.350000 35.204800 -2.76 -1.654 0.17 0.207 0.024625 20000 1.000000
242.685000 34.187400 -7.138 4.218 0.167 0.205 0.100481 20000 1.000000
242.950000 34.196200 -5.61 5.47 0.198 0.209 0.132329 20000 1.000000
244.750000 34.731800 -2.925 -2.302 0.203 0.256 0.106695 20000 1.000000
243.237000 35.204600 -4.282 0.123 0.164 0.202 0.058264 20000 1.000000
242.107000 35.424600 -4.531 1.129 0.164 0.203 0.043839 20000 1.000000
243.428000 35.320600 -2.613 -0.661 0.163 0.204 0.042429 20000 1.000000
243.896000 35.141900 -3.056 -1.675 0.174 0.207 0.027017 20000 1.000000
243.878000 35.526000 -3.031 -2.075 0.167 0.207 0.042390 20000 1.000000
243.855000 35.785400 -2.806 -1.514 0.164 0.205 0.042703 20000 1.000000
244.456000 35.472800 -2.26 -1.458 0.165 0.207 0.064782 20000 1.000000
244.634000 35.163000 -3.386 -1.375 0.172 0.212 0.025145 20000 1.000000
245.401000 34.188900 -2.725 -2.004 0.17 0.208 0.068409 20000 1.000000
245.035000 34.844400 -3.203 -1.908 0.17 0.207 0.049281 20000 1.000000
244.762000 35.291100 -2.961 -1.55 0.165 0.205 0.060017 20000 1.000000
241.621000 37.973100 -4.098 -0.785 0.163 0.211 0.008391 20000 1.000000
241.000000 37.613000 -6.611 -3.773 0.166 0.21 -0.000959 20000 1.000000
241.084000 37.605300 -5.413 -5.268 0.17 0.226 0.005141 20000 1.000000
240.914000 37.785700 -8.004 1.783 0.22 0.265 -0.045705 20000 1.000000
240.967000 37.913500 -4.863 2.538 0.16 0.205 0.041989 20000 1.000000
240.974000 37.696600 -7.427 0.345 0.193 0.228 0.169825 20000 1.000000
240.862000 37.839300 -9.062 3.084 0.176 0.219 0.064943 20000 1.000000
240.853000 37.962800 -7.537 1.877 0.162 0.205 0.042337 20000 1.000000
240.916000 37.914100 -6.812 1.787 0.164 0.207 0.045524 20000 1.000000
241.056000 37.734300 -6.861 2.228 0.163 0.208 0.043818 20000 1.000000
241.131000 37.654600 -3.26 -2.533 0.163 0.21 0.038453 20000 1.000000
241.040000 37.891700 -4.47 2.825 0.176 0.219 0.026211 20000 1.000000
241.148000 37.878200 -2.905 1.688 0.163 0.207 0.033551 20000 1.000000
241.183000 37.591400 -6.009 -6.309 0.165 0.221 0.087858 20000 1.000000
241.302000 37.561600 -3.553 -2.071 0.167 0.229 0.009882 20000 1.000000
241.316000 37.495400 -4.339 -2.795 0.159 0.203 0.044035 20000 1.000000
241.406000 37.541300 -4.037 -1.138 0.163 0.207 0.046785 20000 1.000000
241.180000 37.677000 -1.531 -0.081 0.162 0.208 0.045450 20000 1.000000
241.232000 37.754400 -1.989 1.344 0.183 0.244 0.102681 20000 1.000000
240.981000 37.800000 -7.733 1.815 0.165 0.209 0.072365 20000 1.000000
241.264000 37.903500 -3.332 0.869 0.166 0.212 0.034278 20000 1.000000
241.445000 37.891300 -3.117 0.167 0.173 0.215 0.108532 20000 1.000000
241.762000 37.589200 -2.043 -0.896 0.161 0.206 0.044624 20000 1.000000
241.528000 37.737500 -3.632 -0.618 0.169 0.212 0.068695 20000 1.000000
240.850000 38.057900 -7.511 0.711 0.169 0.212 0.049768 20000 1.000000
237.706000 41.381200 -6.17 -0.514 0.183 0.236 0.091451 20000 1.000000
237.809000 41.479200 -4.761 -4.509 0.162 0.228 -0.009189 20000 1.000000
237.687000 41.463600 -5.119 -0.246 0.166 0.23 -0.012741 20000 1.000000
237.847000 41.531900 -5.587 -1.235 0.201 0.24 0.086484 20000 1.000000
238.493000 41.711600 -3.789 -2.369 0.162 0.218 0.037730 20000 1.000000
246.132000 42.878900 -3.947 -2.246 0.16 0.219 0.035666 20000 1.000000
241.275000 37.380400 -5.415 -1.737 0.224 0.261 0.206253 20000 1.000000
241.439000 37.439500 -4.184 -0.987 0.175 0.217 0.062572 20000 1.000000
240.254000 37.088900 -5.151 1.348 0.169 0.211 0.103551 20000 1.000000
241.853000 37.280500 -2.89 -0.613 0.164 0.209 0.052943 20000 1.000000
239.172000 41.359200 -3.456 -1.617 0.179 0.238 -0.028747 20000 1.000000
239.527000 41.332500 -3.877 -0.784 0.165 0.219 0.043669 20000 1.000000
235.587000 42.442000 -1.168 1.317 0.164 0.224 -0.030493 20000 1.000000
235.707000 42.076600 -3.76 1.102 0.233 0.302 0.059942 20000 1.000000
238.120000 42.579800 -2.97 -1.901 0.178 0.237 0.022409 20000 1.000000
237.390000 42.727100 -2.915 -0.244 0.204 0.254 0.160956 20000 1.000000
240.341000 42.546100 -3.945 -1.738 0.161 0.22 0.028934 20000 1.000000
242.275000 42.020200 -3.605 -2.082 0.164 0.22 0.043917 20000 1.000000
243.404000 33.598200 -9.219 4.921 0.238 0.299 -0.098944 20000 1.000000
243.397000 33.495500 -8.766 5.115 0.171 0.208 0.059241 20000 1.000000
244.492000 32.829400 -4.845 6.956 0.167 0.2 0.046700 20000 1.000000
238.928000 37.699000 -5.946 -1.194 0.169 0.214 0.019208 20000 1.000000
239.784000 35.693800 -7.683 6.057 0.183 0.223 0.091346 20000 1.000000
237.579000 41.830800 -3.765 -2.163 0.176 0.239 0.084253 20000 1.000000
236.019000 41.845500 -3.706 1.594 0.18 0.27 -0.058983 20000 1.000000
238.521000 36.744300 -10.471 8.143 0.21 0.26 0.078333 20000 1.000000
239.528000 35.946600 -5.611 2.313 0.18 0.22 0.106179 20000 1.000000
239.485000 35.929100 -9.95 7.513 0.232 0.308 0.025825 20000 1.000000
236.427000 40.478800 -6.967 -1.723 0.197 0.261 0.242349 20000 1.000000
237.036000 39.845700 -5.768 -0.842 0.16 0.211 -0.002650 20000 1.000000
243.852000 34.508100 -2.996 -1.276 0.162 0.2 0.050006 20000 1.000000
245.241000 32.497900 -1.07 -0.575 0.17 0.202 0.051140 20000 1.000000
243.407000 33.537300 -8.652 3.63 0.175 0.214 0.101641 20000 1.000000
241.651000 34.021700 -10.195 6.981 0.171 0.215 0.078892 20000 1.000000
243.936000 31.559100 -13.21 8.383 0.172 0.202 0.116324 20000 1.000000
238.728000 35.709000 -12.083 9.42 0.185 0.233 0.006523 20000 1.000000
242.077000 34.508200 -7.072 4.272 0.171 0.209 0.051795 20000 1.000000
244.450000 32.490100 -8.817 6.485 0.17 0.209 0.011983 20000 1.000000
242.305000 34.925400 -4.435 3.164 0.171 0.21 0.014665 20000 1.000000
244.116000 32.417000 -13.145 8.293 0.164 0.197 0.051227 20000 1.000000
239.522000 35.919900 -12.609 5.78 0.171 0.215 0.084421 20000 1.000000
242.818000 33.835700 -9.028 5.924 0.185 0.215 0.052511 20000 1.000000
243.506000 33.819200 -6.331 2.019 0.173 0.21 0.046783 20000 1.000000
242.193000 34.091800 -9.777 5.616 0.171 0.22 0.022600 20000 1.000000
244.165000 31.313100 -12.849 8.918 0.165 0.197 0.036088 20000 1.000000
244.543000 32.377900 -9.139 7.595 0.164 0.196 0.047421 20000 1.000000
241.596000 33.743300 -8.604 7.01 0.164 0.201 0.050161 20000 1.000000
241.628000 33.779500 -11.121 7.352 0.206 0.258 0.052531 20000 1.000000
238.863000 36.161100 -11.398 8.505 0.17 0.21 0.064180 20000 1.000000
241.755000 34.628700 -6.919 3.556 0.184 0.228 0.003766 20000 1.000000
239.056000 39.974600 -3.423 -0.323 0.174 0.229 -0.009411 20000 1.000000
242.317000 35.338700 -3.948 1.586 0.163 0.203 0.053982 20000 1.000000
240.280000 34.500000 -12.067 6.573 0.166 0.205 0.022106 20000 1.000000
243.375000 34.643900 -3.852 0.588 0.165 0.201 0.037926 20000 1.000000
241.974000 34.019100 -10.442 6.798 0.186 0.225 0.003469 20000 1.000000
239.475000 35.900000 -0.319 6.679 0.173 0.221 0.007161 20000 1.000000
241.807000 34.875100 -5.574 3.438 0.173 0.212 0.063109 20000 1.000000
240.816000 34.541500 -9.869 4.543 0.186 0.225 0.126725 20000 1.000000
244.877000 40.617200 -2.862 -2.201 0.164 0.222 0.052266 20000 1.000000
238.442000 37.666500 -5.894 0.801 0.163 0.208 0.019709 20000 1.000000
241.245000 34.459800 -9.906 7.293 0.183 0.233 0.057159 20000 1.000000
242.138000 34.205600 -10.862 5.488 0.21 0.222 -0.038595 20000 1.000000
239.775000 40.591700 -4.245 -0.673 0.169 0.227 0.023343 20000 1.000000
240.984000 41.868400 -3.586 -1.951 0.171 0.23 0.108388 20000 1.000000
243.701000 35.971300 -2.662 -1.103 0.174 0.21 0.007347 20000 1.000000
241.521000 34.438600 -8.529 4.309 0.193 0.238 0.016263 20000 1.000000
240.116000 39.314300 -4.382 -0.049 0.163 0.215 0.010426 20000 1.000000
244.022000 33.292200 -6.272 2.429 0.171 0.205 0.062692 20000 1.000000
240.936000 34.319900 -11.215 7.414 0.163 0.199 0.043501 20000 1.000000
241.354000 34.059300 -11.48 8.288 0.17 0.206 0.012557 20000 1.000000
242.151000 33.992700 -10.508 5.015 0.184 0.22 0.042572 20000 1.000000
239.935000 34.004300 -11.869 9.102 0.17 0.206 0.033710 20000 1.000000
239.640000 35.917400 -2.107 5.778 0.193 0.242 0.105174 20000 1.000000
241.585000 35.158200 -5.87 2.233 0.161 0.202 0.043338 20000 1.000000
243.923000 33.650600 -5.743 1.402 0.171 0.209 0.077270 20000 1.000000
239.867000 34.483500 -11.657 9.73 0.17 0.214 0.026188 20000 1.000000
243.839000 33.641200 -5.789 2.098 0.178 0.212 0.054143 20000 1.000000
242.951000 39.542200 -3.123 -2.303 0.171 0.216 0.133929 20000 1.000000
242.816000 38.097200 -3.456 -2.2 0.161 0.207 0.039091 20000 1.000000
241.669000 33.797800 -10.876 6.916 0.171 0.207 0.033600 20000 1.000000
241.163000 34.248000 -11.16 7.422 0.172 0.207 0.107193 20000 1.000000
235.849000 41.053900 -2.369 2.29 0.167 0.22 -0.006972 20000 1.000000
241.558000 34.069100 -7.784 5.641 0.184 0.214 0.085189 20000 1.000000
240.156000 34.413300 -10.583 6.68 0.193 0.218 -0.058666 20000 1.000000
241.198000 39.627100 -3.951 -1.135 0.167 0.218 0.054740 20000 1.000000
241.715000 34.024000 -12.692 2.444 0.239 0.287 0.197663 20000 1.000000
243.915000 33.030100 -10.679 5.248 0.167 0.204 0.049172 20000 1.000000
240.516000 34.851500 -10.151 5.278 0.179 0.22 0.049908 20000 1.000000
238.053000 38.394500 -5.78 0.559 0.169 0.221 -0.031520 20000 1.000000
241.780000 34.178600 -9.564 5.746 0.218 0.236 0.152155 20000 1.000000
241.486000 34.126400 -10.357 6.341 0.164 0.201 0.065353 20000 1.000000
241.516000 34.293200 -10.804 5.997 0.172 0.207 0.053282 20000 1.000000
239.384000 34.556300 -12.316 8.979 0.162 0.2 0.040484 20000 1.000000
241.879000 34.501500 -5.9 4.575 0.181 0.218 0.050265 20000 1.000000
241.706000 33.712600 -11.42 8.198 0.168 0.206 0.036667 20000 1.000000
242.807000 33.225000 -11.08 6.873 0.164 0.199 0.069729 20000 1.000000
241.346000 37.664300 -2.168 -0.039 0.174 0.221 0.065450 20000 1.000000
241.016000 35.010800 -7.016 2.824 0.186 0.227 0.037114 20000 1.000000
243.608000 33.934800 -5.584 2.609 0.205 0.247 0.008826 20000 1.000000
241.258000 34.568500 -11.008 5.662 0.178 0.219 0.177769 20000 1.000000
241.586000 34.259400 -10.352 5.979 0.193 0.24 0.016889 20000 1.000000
243.068000 34.669000 -4.324 1.819 0.183 0.221 -0.066858 20000 1.000000
241.572000 33.958200 -12.34 6.06 0.229 0.251 -0.274530 20000 1.000000
243.346000 33.955300 -7.017 1.493 0.173 0.209 0.026193 20000 1.000000
243.111000 35.425200 -2.839 1.583 0.179 0.219 0.022173 20000 1.000000
243.920000 35.287000 -3.37 -3.125 0.168 0.208 0.054162 20000 1.000000
