242.907000 34.116400 -11.918 -0.411 0.245 0.263 -0.066660 20000 1.000000
243.571000 34.594300 -6.905 -0.292 0.173 0.21 0.016509 20000 1.000000
241.305000 34.824500 -10.17 2.379 0.176 0.212 0.044238 20000 1.000000
245.068000 36.319100 -5.099 -3.038 0.194 0.236 0.101718 20000 1.000000
242.103000 34.126000 -12.197 3.227 0.24 0.262 -0.066953 20000 1.000000
242.795000 40.412800 -5.807 -2.732 0.168 0.219 0.018628 20000 1.000000
240.970000 33.480500 -13.683 7.461 0.192 0.221 -0.016867 20000 1.000000
243.116000 34.264300 -9.151 0.062 0.192 0.234 0.054081 20000 1.000000
240.594000 34.920500 -11.582 2.928 0.176 0.211 0.027736 20000 1.000000
243.379000 37.039900 -6.026 -2.845 0.175 0.216 0.045007 20000 1.000000
244.002000 34.000500 -6.313 -1.423 0.17 0.205 0.017011 20000 1.000000
242.935000 33.578200 -12.204 4.725 0.177 0.208 0.017468 20000 1.000000
243.920000 35.287000 -6.394 -2.546 0.239 0.276 0.002249 20000 1.000000
245.285000 33.610400 -5.434 -2.143 0.17 0.202 0.041666 20000 1.000000
243.947000 34.251400 -5.503 -1.792 0.174 0.21 0.008882 20000 1.000000
243.015000 33.962700 -11.712 2.713 0.18 0.212 0.045303 20000 1.000000
241.723000 34.184900 -12.717 3.932 0.212 0.246 0.009692 20000 1.000000
242.988000 34.918600 -7.382 -0.153 0.173 0.211 0.035610 20000 1.000000
241.812000 34.292800 -12.288 4.568 0.265 0.275 -0.313447 20000 1.000000
243.128000 36.917600 -6.097 -3.495 0.194 0.233 0.067018 20000 1.000000
242.156000 42.779500 -4.747 -2.275 0.171 0.232 0.024642 20000 1.000000
240.653000 35.157300 -9.975 1.813 0.172 0.212 0.030841 20000 1.000000
235.437000 42.836100 -1.637 0.277 0.172 0.232 -0.023852 20000 1.000000
244.010000 33.655100 -7.638 -0.209 0.177 0.211 0.060216 20000 1.000000
239.566000 35.939400 -9.623 0.569 0.221 0.26 -0.072710 20000 1.000000
239.569000 35.888400 -11.433 5.006 0.184 0.22 -0.007462 20000 1.000000
241.666000 33.311600 -13.994 7.438 0.168 0.203 0.021045 20000 1.000000
241.517000 33.445800 -13.207 7.086 0.173 0.208 -0.009874 20000 1.000000
241.370000 34.138600 -13.695 5.574 0.194 0.228 0.094109 20000 1.000000
242.329000 35.565300 -7.498 0.035 0.175 0.214 0.025170 20000 1.000000
240.987000 34.806400 -11.747 3.185 0.274 0.35 -0.106586 20000 1.000000
243.664000 34.829500 -5.527 -2.649 0.182 0.214 0.017325 20000 1.000000
242.035000 34.244000 -10.22 5.358 0.204 0.254 -0.113378 20000 1.000000
241.974000 34.333400 -12.968 3.555 0.205 0.242 0.051609 20000 1.000000
243.234000 36.746500 -5.718 -2.587 0.195 0.235 0.091069 20000 1.000000
242.172000 34.640500 -14.341 5.484 0.2 0.235 -0.063719 20000 1.000000
241.063000 34.109600 -13.276 6.796 0.185 0.233 0.038693 20000 1.000000
241.873000 34.136700 -13.292 5.269 0.169 0.203 0.052661 20000 1.000000
242.521000 34.313800 -11.234 1.912 0.209 0.244 0.153072 20000 1.000000
242.291000 34.109900 -11.047 2.501 0.188 0.221 0.012130 20000 1.000000
245.126000 40.558400 -5.742 -2.787 0.183 0.224 0.070416 20000 1.000000
240.120000 34.414900 -13.484 7 0.174 0.211 -0.027209 20000 1.000000
242.427000 35.071700 -7.821 1.248 0.175 0.212 0.055930 20000 1.000000
243.431000 36.807700 -5.942 -3.067 0.211 0.247 0.097848 20000 1.000000
239.249000 35.791600 -12.849 7.375 0.176 0.217 -0.038183 20000 1.000000
242.900000 34.039100 -10.559 2.655 0.172 0.205 0.063788 20000 1.000000
244.265000 33.069800 -9.104 2.577 0.177 0.209 0.031002 20000 1.000000
240.961000 34.168400 -11.787 6.058 0.17 0.205 0.015767 20000 1.000000
241.743000 33.861500 -13.814 5.98 0.174 0.21 0.045941 20000 1.000000
241.476000 34.253600 -10.424 6.491 0.179 0.215 0.077882 20000 1.000000
240.629000 34.408100 -13.594 5.184 0.19 0.235 -0.014683 20000 1.000000
241.387000 34.516500 -11.937 3.173 0.175 0.209 -0.004700 20000 1.000000
243.630000 34.124100 -6.722 0.089 0.182 0.217 -0.003947 20000 1.000000
242.098000 34.082000 -11.198 4.148 0.188 0.224 -0.034716 20000 1.000000
244.212000 33.389800 -9.577 0.346 0.175 0.206 0.051115 20000 1.000000
242.140000 34.413400 -10.158 3.595 0.178 0.227 0.045923 20000 1.000000
241.874000 33.938000 -13.762 4.211 0.197 0.249 0.013382 20000 1.000000
242.588000 33.647700 -11.84 5.312 0.168 0.202 0.024356 20000 1.000000
241.170000 34.946200 -9.652 2.469 0.179 0.217 0.004228 20000 1.000000
245.061000 39.345200 -6.007 -2.147 0.178 0.225 0.023741 20000 1.000000
244.183000 40.914700 -6.554 -2.488 0.168 0.22 0.033905 20000 1.000000
242.474000 34.104200 -11.425 3.53 0.189 0.227 0.014881 20000 1.000000
239.991000 34.733000 -14.049 6.373 0.172 0.207 0.036644 20000 1.000000
241.116000 34.356300 -12.955 6.227 0.17 0.205 0.016678 20000 1.000000
246.195000 39.369400 -5.814 -3.096 0.175 0.22 0.023952 20000 1.000000
241.641000 34.080600 -9.864 6.031 0.206 0.249 -0.024248 20000 1.000000
241.107000 34.800200 -10.615 3.072 0.181 0.217 0.079805 20000 1.000000
240.644000 40.416500 -6.304 -1.916 0.187 0.242 -0.020593 20000 1.000000
240.136000 35.189400 -11.912 4.405 0.176 0.218 0.031476 20000 1.000000
244.479000 33.274800 -6.049 -2.98 0.178 0.209 0.017252 20000 1.000000
245.173000 33.051100 -5.389 -2.522 0.212 0.238 -0.059560 20000 1.000000
244.340000 34.784000 -5.599 -2.058 0.193 0.239 -0.006111 20000 1.000000
245.810000 34.308600 -5.007 -2.494 0.185 0.218 0.038204 20000 1.000000
243.111000 35.425200 -6.528 -0.04 0.178 0.217 0.044284 20000 1.000000
245.820000 40.640200 -6.578 -2.52 0.17 0.22 0.039846 20000 1.000000
239.584000 36.399000 -7.673 -0.286 0.199 0.236 -0.026789 20000 1.000000
241.887000 34.047400 -12.992 4.047 0.175 0.209 0.060744 20000 1.000000
239.318000 34.469400 -13.948 5.616 0.174 0.21 0.043788 20000 1.000000
241.714000 33.783600 -14.937 7.417 0.304 0.359 0.020047 20000 1.000000
243.570000 34.754800 -5.587 0.297 0.203 0.245 0.031983 20000 1.000000
238.530000 40.815900 -9.537 -2.953 0.167 0.22 0.009975 20000 1.000000
244.365000 33.705000 -5.682 -3.513 0.185 0.227 0.005585 20000 1.000000
239.520000 35.866700 -11.906 6.734 0.187 0.23 0.034413 20000 1.000000
242.155000 34.458200 -10.702 1.56 0.184 0.222 0.035001 20000 1.000000
239.598000 35.880800 -9.278 2.277 0.179 0.22 0.086562 20000 1.000000
240.812000 34.441200 -13.45 4.771 0.178 0.216 0.019854 20000 1.000000
244.089000 34.727300 -5.561 -3.262 0.173 0.211 0.036887 20000 1.000000
244.855000 34.157600 -5.761 -2.606 0.173 0.21 0.061274 20000 1.000000
241.526000 35.662300 -8.51 0.078 0.184 0.227 -0.044206 20000 1.000000
243.901000 36.458800 -5.76 -2.787 0.198 0.241 0.145522 20000 1.000000
240.992000 34.398500 -13.77 4.383 0.178 0.215 0.014946 20000 1.000000
243.827000 33.925400 -7.092 -0.136 0.176 0.207 0.060175 20000 1.000000
241.694000 33.927900 -13.068 4.748 0.183 0.215 0.053889 20000 1.000000
243.692000 36.745900 -5.596 -2.315 0.192 0.231 0.065170 20000 1.000000
242.165000 34.485500 -10.213 1.939 0.173 0.209 0.037735 20000 1.000000
243.060000 35.090200 -6.731 -0.517 0.172 0.208 0.026285 20000 1.000000
242.246000 34.133300 -11.967 4.187 0.173 0.207 0.047297 20000 1.000000
239.406000 35.828700 -12.15 7.457 0.172 0.214 0.026485 20000 1.000000
240.896000 34.733600 -12.367 3.251 0.177 0.219 0.019359 20000 1.000000
239.557000 35.832600 -11.908 6.593 0.169 0.209 0.008209 20000 1.000000
242.563000 33.856800 -12.051 4.692 0.17 0.204 0.013985 20000 1.000000
238.778000 42.418300 -6.42 -3.457 0.21 0.286 -0.018223 20000 1.000000
239.241000 36.186900 -6.906 1.979 0.174 0.213 0.059677 20000 1.000000
239.233000 36.180500 -13.599 7.495 0.174 0.213 0.020827 20000 1.000000
244.021000 36.632500 -5.824 -2.61 0.183 0.227 0.108383 20000 1.000000
239.649000 34.038300 -14.045 8.353 0.173 0.21 -0.029059 20000 1.000000
243.904000 40.148400 -5.457 -2.958 0.174 0.227 -0.034237 20000 1.000000
242.682000 33.918400 -11.326 4.489 0.175 0.207 0.029270 20000 1.000000
239.566000 35.969500 -8.224 0.046 0.188 0.223 -0.039222 20000 1.000000
244.588000 40.710700 -6.047 -3.393 0.174 0.235 0.023646 20000 1.000000
241.122000 34.295500 -12.868 5.978 0.186 0.219 -0.030108 20000 1.000000
242.790000 34.230800 -10.922 -0.158 0.207 0.23 0.148581 20000 1.000000
245.381000 34.767700 -5.483 -2.365 0.177 0.215 0.026893 20000 1.000000
242.491000 39.685600 -5.959 -2.825 0.176 0.223 0.015732 20000 1.000000
240.859000 34.498700 -14.145 3.365 0.169 0.205 0.006288 20000 1.000000
243.932000 34.141000 -6.013 -1.784 0.172 0.208 0.040830 20000 1.000000
244.082000 34.369900 -5.241 -2.478 0.18 0.216 -0.030899 20000 1.000000
243.695000 34.427700 -6.283 -0.979 0.176 0.213 -0.019505 20000 1.000000
243.708000 34.533000 -6.065 -1.731 0.177 0.211 0.016300 20000 1.000000
243.185000 34.674900 -7.613 -0.114 0.169 0.206 0.023925 20000 1.000000
241.793000 34.128800 -12.741 4.886 0.173 0.209 0.030853 20000 1.000000
240.647000 34.683400 -12.99 4.543 0.193 0.23 -0.002489 20000 1.000000
242.814000 39.521100 -5.787 -2.998 0.172 0.221 0.023254 20000 1.000000
245.995000 32.722500 -5.635 -2.592 0.176 0.208 0.057267 20000 1.000000
244.721000 39.910200 -5.743 -2.631 0.204 0.247 0.031269 20000 1.000000
245.543000 36.154200 -5.373 -2.357 0.172 0.21 0.026244 20000 1.000000
245.180000 41.724200 -5.96 -3.27 0.17 0.223 0.004797 20000 1.000000
242.670000 41.428700 -5.737 -2.951 0.171 0.227 0.037662 20000 1.000000
242.935000 42.981700 -5.274 -2.594 0.166 0.224 0.018068 20000 1.000000
235.925000 40.876300 -2.831 0.719 0.218 0.262 0.035534 20000 1.000000
236.274000 38.928300 -11.519 9.221 0.166 0.213 -0.004570 20000 1.000000
237.585000 40.997600 -7.414 -2.923 0.196 0.263 -0.096396 20000 1.000000
235.986000 42.967400 -2.463 -0.498 0.172 0.237 0.028127 20000 1.000000
243.830000 32.616500 -14.166 5.826 0.171 0.203 0.014058 20000 1.000000
238.997000 35.551800 -13.021 9.398 0.172 0.211 0.022877 20000 1.000000
242.015000 39.305600 -6.833 -2.978 0.174 0.227 -0.010082 20000 1.000000
242.395000 39.287900 -6.793 -3.015 0.173 0.219 0.018273 20000 1.000000
243.576000 39.500500 -5.716 -2.938 0.168 0.223 0.049880 20000 1.000000
243.950000 39.546400 -5.52 -2.526 0.173 0.219 0.050635 20000 1.000000
244.111000 39.374200 -6.128 -3.173 0.169 0.217 0.039901 20000 1.000000
244.487000 39.536100 -5.708 -2.743 0.171 0.221 0.027071 20000 1.000000
244.568000 39.388600 -4.716 -2.483 0.165 0.213 0.030930 20000 1.000000
242.120000 40.433400 -6.079 -2.655 0.171 0.223 0.052574 20000 1.000000
245.308000 39.255200 -5.07 -2.185 0.175 0.22 0.076296 20000 1.000000
245.723000 39.119400 -5.769 -3.193 0.173 0.224 0.034897 20000 1.000000
246.129000 39.067300 -5.872 -3.333 0.17 0.218 0.022426 20000 1.000000
246.495000 39.268900 -5.913 -2.424 0.168 0.22 0.040731 20000 1.000000
242.532000 40.320600 -6.204 -2.668 0.176 0.226 -0.026927 20000 1.000000
246.946000 40.494000 -5.293 -2.419 0.168 0.219 0.050591 20000 1.000000
243.264000 40.495500 -5.541 -3.249 0.178 0.228 -0.005533 20000 1.000000
243.721000 40.363200 -5.655 -2.821 0.168 0.219 0.043830 20000 1.000000
240.200000 39.572800 -8.953 -2.379 0.169 0.22 0.016606 20000 1.000000
242.469000 36.614300 -6.599 -2.642 0.169 0.209 0.022960 20000 1.000000
242.593000 36.804200 -6.457 -2.758 0.166 0.208 0.025204 20000 1.000000
242.006000 36.606000 -7.65 -1.572 0.178 0.217 0.102717 20000 1.000000
242.296000 37.200800 -5.886 -2.676 0.17 0.214 0.030373 20000 1.000000
240.463000 39.698400 -8.5 -2.831 0.176 0.227 0.026696 20000 1.000000
240.694000 39.795600 -7.08 -2.4 0.178 0.231 0.070998 20000 1.000000
241.126000 39.838800 -6.94 -2.389 0.178 0.227 -0.021587 20000 1.000000
241.316000 39.888900 -7.134 -2.267 0.172 0.222 0.013699 20000 1.000000
241.841000 39.212300 -5.66 -2.101 0.166 0.215 0.030300 20000 1.000000
246.706000 41.856800 -6.225 -3.175 0.178 0.235 0.071736 20000 1.000000
246.958000 39.345100 -5.503 -2.211 0.174 0.222 0.028299 20000 1.000000
246.988000 41.817300 -5.503 -2.708 0.17 0.224 0.029514 20000 1.000000
246.722000 40.671300 -5.255 -2.344 0.172 0.225 0.016113 20000 1.000000
240.400000 39.499200 -8.609 -2.487 0.185 0.227 0.060387 20000 1.000000
240.931000 39.486100 -7.287 -2.796 0.173 0.222 0.015055 20000 1.000000
241.550000 39.133900 -6.835 -2.683 0.169 0.218 0.036974 20000 1.000000
241.062000 39.268000 -7.122 -2.199 0.172 0.22 0.007137 20000 1.000000
241.649000 39.454700 -6.258 -2.662 0.171 0.22 0.068680 20000 1.000000
241.995000 38.728800 -6.578 -2.852 0.171 0.217 0.030880 20000 1.000000
241.540000 38.724600 -6.927 -1.968 0.17 0.219 0.021508 20000 1.000000
241.070000 38.980900 -7.673 -2.323 0.165 0.218 0.024878 20000 1.000000
240.985000 38.704600 -7.505 -1.238 0.173 0.222 -0.013102 20000 1.000000
240.541000 38.761400 -7.995 -2.186 0.177 0.222 -0.051249 20000 1.000000
240.523000 40.779800 -7.852 -2.916 0.184 0.231 0.087543 20000 1.000000
240.990000 40.242200 -6.907 -2.701 0.19 0.23 -0.052692 20000 1.000000
240.278000 39.908200 -9.008 -2.951 0.172 0.222 0.064355 20000 1.000000
239.307000 38.829200 -7.99 -0.745 0.201 0.234 0.104011 20000 1.000000
239.614000 39.046600 -6.616 0.117 0.239 0.299 -0.071459 20000 1.000000
239.107000 39.466700 -7.974 -1.745 0.182 0.228 0.104745 20000 1.000000
240.376000 41.357700 -6.601 -2.351 0.196 0.254 0.020327 20000 1.000000
239.716000 39.937400 -7.736 -1.647 0.164 0.214 0.014197 20000 1.000000
239.194000 40.418600 -8.011 -2.596 0.176 0.22 0.000478 20000 1.000000
239.923000 40.288900 -7.651 -1.838 0.17 0.222 0.036810 20000 1.000000
235.692000 40.247500 -10.085 6.528 0.177 0.231 0.006879 20000 1.000000
235.867000 40.551300 -4.062 2.544 0.17 0.222 -0.008016 20000 1.000000
235.787000 40.637400 -3.132 2.834 0.186 0.236 -0.023831 20000 1.000000
235.943000 40.219600 -8.846 3.464 0.171 0.223 0.025642 20000 1.000000
236.307000 40.119300 -10.699 0.316 0.177 0.236 0.044740 20000 1.000000
238.207000 36.485500 -13.749 7.313 0.166 0.208 0.009045 20000 1.000000
238.710000 35.945700 -13.922 8.738 0.174 0.215 0.062190 20000 1.000000
238.949000 36.302100 -12.841 7.961 0.169 0.211 0.012757 20000 1.000000
238.865000 36.425900 -12.662 7.376 0.171 0.213 0.032184 20000 1.000000
237.668000 37.534500 -11.081 6.181 0.188 0.221 -0.055622 20000 1.000000
237.623000 37.914500 -9.868 4.611 0.175 0.222 0.004726 20000 1.000000
236.819000 38.495000 -10.332 6.424 0.172 0.221 -0.058135 20000 1.000000
236.291000 39.117200 -10.647 6.125 0.179 0.229 -0.016026 20000 1.000000
236.652000 38.987400 -10.144 5.582 0.177 0.224 0.074233 20000 1.000000
236.796000 39.242000 -8.928 1.67 0.168 0.218 0.015156 20000 1.000000
236.368000 42.275400 -5.158 -1.671 0.177 0.237 0.013270 20000 1.000000
236.895000 39.319700 -9.053 1.174 0.175 0.223 0.024269 20000 1.000000
237.041000 38.664700 -9.515 4.95 0.181 0.249 0.000518 20000 1.000000
237.233000 38.428600 -6.436 6.215 0.169 0.216 0.014024 20000 1.000000
237.548000 38.239800 -8.389 1.856 0.171 0.217 0.006275 20000 1.000000
237.083000 38.866100 -6.249 2.417 0.165 0.212 0.000132 20000 1.000000
237.037000 39.398100 -6.079 -3.081 0.191 0.237 -0.017105 20000 1.000000
237.424000 38.777800 -7.884 1.771 0.178 0.235 -0.013310 20000 1.000000
237.281000 39.260000 -8.82 1.618 0.168 0.216 0.030502 20000 1.000000
237.696000 39.109300 -7.214 -1.394 0.174 0.223 0.001685 20000 1.000000
237.873000 37.069200 -13.455 9.008 0.191 0.24 0.127345 20000 1.000000
238.137000 36.962000 -12.063 6.767 0.19 0.227 -0.038988 20000 1.000000
238.009000 37.201700 -10.106 5.214 0.196 0.238 -0.073573 20000 1.000000
238.203000 37.001000 -11.606 6.365 0.244 0.271 0.082741 20000 1.000000
238.274000 37.002400 -11.146 4.076 0.18 0.233 0.027142 20000 1.000000
238.349000 37.104500 -11.192 5.299 0.19 0.231 -0.065330 20000 1.000000
238.286000 37.203500 -10.531 4.254 0.173 0.216 0.051848 20000 1.000000
237.786000 37.329900 -10.122 8.149 0.168 0.212 0.020025 20000 1.000000
237.901000 37.336900 -10.46 6.003 0.172 0.224 0.011184 20000 1.000000
237.900000 37.722000 -9.534 2.732 0.168 0.212 0.002038 20000 1.000000
237.781000 37.863900 -8.506 4.023 0.169 0.215 -0.028540 20000 1.000000
237.942000 37.713900 -8.636 2.451 0.177 0.222 -0.020893 20000 1.000000
238.174000 37.336800 -6.629 5.296 0.205 0.259 0.022649 20000 1.000000
238.210000 37.533000 -7.445 0.783 0.169 0.213 0.023107 20000 1.000000
238.313000 37.601800 -7.978 -1.013 0.174 0.217 0.055585 20000 1.000000
238.022000 37.749400 -8.07 1.553 0.219 0.277 0.001963 20000 1.000000
238.214000 37.819000 -7.308 -0.468 0.172 0.217 0.005622 20000 1.000000
238.095000 36.621700 -12.231 6.418 0.171 0.213 0.004788 20000 1.000000
238.421000 36.724000 -13 7.585 0.17 0.212 0.001471 20000 1.000000
238.580000 36.800400 -9.163 4.787 0.168 0.21 0.000507 20000 1.000000
238.409000 36.858500 -12.021 7.101 0.171 0.214 -0.008750 20000 1.000000
238.459000 36.814300 -11.99 8.243 0.173 0.214 0.017696 20000 1.000000
238.445000 36.903500 -10.414 4.77 0.172 0.212 -0.008895 20000 1.000000
238.613000 36.637000 -12.134 7.127 0.179 0.222 -0.039927 20000 1.000000
238.458000 37.007800 -10.934 3.35 0.168 0.211 0.012767 20000 1.000000
238.426000 37.213000 -9.358 -0.314 0.169 0.211 0.007057 20000 1.000000
238.665000 36.918200 -8.021 0.11 0.167 0.209 0.013334 20000 1.000000
238.645000 37.010800 -7.694 -0.35 0.179 0.223 -0.020887 20000 1.000000
240.294000 37.713100 -6.639 1.532 0.177 0.222 -0.007155 20000 1.000000
238.812000 36.559500 -13.842 5.905 0.167 0.209 0.002296 20000 1.000000
238.131000 37.975600 -7.115 -0.202 0.169 0.214 0.018618 20000 1.000000
238.936000 36.611600 -9.054 -0.93 0.166 0.207 0.008133 20000 1.000000
238.732000 36.950000 -7.296 0.613 0.175 0.217 0.037447 20000 1.000000
238.652000 36.811400 -7.685 0.573 0.17 0.212 0.007142 20000 1.000000
238.942000 37.169600 -8.575 -0.683 0.175 0.218 0.022693 20000 1.000000
238.347000 37.478400 -7.315 -0.737 0.182 0.228 -0.005931 20000 1.000000
238.531000 37.489600 -7.09 -1.098 0.166 0.211 0.004542 20000 1.000000
238.675000 37.581900 -7.962 -1.488 0.171 0.218 -0.002061 20000 1.000000
238.395000 37.932000 -6.754 -0.274 0.169 0.214 0.012424 20000 1.000000
238.536000 37.755300 -8.508 -0.878 0.17 0.216 0.002724 20000 1.000000
238.717000 37.385400 -6.391 -1.969 0.173 0.221 0.013698 20000 1.000000
237.782000 38.153000 3.157 -7.028 0.167 0.214 -0.010758 20000 1.000000
237.904000 38.025100 -8.016 1.913 0.171 0.218 -0.036827 20000 1.000000
237.805000 38.444200 -7.138 0.402 0.178 0.235 0.013881 20000 1.000000
237.645000 38.999500 -7.599 -1.467 0.205 0.231 0.095603 20000 1.000000
238.905000 38.645300 -7.623 -0.085 0.167 0.214 0.014528 20000 1.000000
239.652000 35.544100 -11.136 5.582 0.173 0.213 0.010304 20000 1.000000
239.611000 35.841100 -12.385 6.722 0.174 0.214 -0.005101 20000 1.000000
239.655000 35.837800 -8.909 2.178 0.174 0.216 0.001481 20000 1.000000
239.715000 35.806700 -8.769 1.936 0.179 0.22 0.000343 20000 1.000000
239.093000 35.933300 -11.715 6.307 0.168 0.21 0.003948 20000 1.000000
239.019000 36.417200 -7.869 1.291 0.17 0.214 0.022504 20000 1.000000
239.147000 36.515900 -7.66 0.035 0.173 0.219 0.008807 20000 1.000000
239.302000 36.024800 -12.556 8.633 0.169 0.213 0.009490 20000 1.000000
239.121000 36.140200 -12.154 7.04 0.17 0.21 0.003666 20000 1.000000
239.251000 36.106800 -14.143 6.935 0.166 0.206 0.012548 20000 1.000000
239.272000 36.178900 -6.826 -0.006 0.166 0.206 0.009463 20000 1.000000
239.355000 35.922800 -12.581 7.732 0.168 0.208 -0.001396 20000 1.000000
239.525000 36.007500 -10.414 0.663 0.181 0.219 0.035990 20000 1.000000
239.457000 36.089400 -6.627 0.545 0.167 0.208 0.015938 20000 1.000000
239.560000 36.123200 -7.141 1.272 0.167 0.208 0.013038 20000 1.000000
239.158000 35.697100 -12.892 7.435 0.172 0.209 0.048018 20000 1.000000
239.637000 36.051700 -7.2 0.652 0.17 0.208 0.011205 20000 1.000000
239.448000 35.974100 -12.538 7.596 0.185 0.219 -0.035074 20000 1.000000
239.706000 36.015800 -7.377 1.106 0.17 0.21 0.003809 20000 1.000000
239.723000 36.304400 -7.984 -0.338 0.175 0.217 -0.007313 20000 1.000000
239.257000 36.806300 -7.717 -0.278 0.169 0.213 0.010858 20000 1.000000
239.803000 37.352200 -7.456 0.142 0.177 0.224 0.000245 20000 1.000000
239.356000 37.795200 -6.927 -0.417 0.185 0.231 0.003973 20000 1.000000
240.160000 37.901100 -8.166 -0.759 0.187 0.226 -0.087173 20000 1.000000
239.049000 38.090000 -7.856 -0.76 0.172 0.218 0.003479 20000 1.000000
239.666000 38.735600 -8.665 -1.061 0.175 0.216 0.027562 20000 1.000000
241.480000 37.177600 -9.072 -1.671 0.166 0.209 0.023480 20000 1.000000
236.283000 39.863600 -10.711 3.207 0.204 0.256 -0.067995 20000 1.000000
236.448000 39.905700 -8.127 0.758 0.185 0.249 0.013305 20000 1.000000
236.628000 39.452400 -8.69 0.867 0.168 0.216 -0.000307 20000 1.000000
236.705000 39.707100 -9.864 -0.342 0.176 0.226 -0.055591 20000 1.000000
236.813000 39.492800 -9.12 1.179 0.186 0.259 0.040553 20000 1.000000
236.817000 39.962100 -8.215 -2.774 0.167 0.219 -0.038469 20000 1.000000
236.344000 40.256800 -7.611 0.503 0.168 0.222 0.015144 20000 1.000000
236.117000 41.151700 -3.456 -0.677 0.169 0.223 0.019664 20000 1.000000
236.301000 40.575300 -6.771 -2.558 0.175 0.227 0.064571 20000 1.000000
236.427000 40.478900 -6.603 -1.51 0.202 0.27 0.210039 20000 1.000000
236.548000 40.082200 -8.285 -0.543 0.166 0.217 0.010197 20000 1.000000
236.864000 40.324100 -8.663 -1.483 0.165 0.218 0.002479 20000 1.000000
236.676000 40.732900 -7.771 -1.848 0.166 0.218 -0.020008 20000 1.000000
236.826000 40.546700 -7.848 -1.688 0.17 0.223 -0.013399 20000 1.000000
237.024000 39.621400 -7.343 -0.77 0.175 0.22 0.039654 20000 1.000000
237.264000 39.493600 -6.835 -0.439 0.166 0.214 -0.001606 20000 1.000000
237.126000 39.726200 -8.486 -2.279 0.176 0.229 0.069861 20000 1.000000
237.077000 40.747600 -5.884 -1.545 0.174 0.227 -0.010209 20000 1.000000
237.332000 40.034100 -8.28 -2.821 0.169 0.219 -0.011616 20000 1.000000
237.393000 40.650700 -7.029 -1.995 0.176 0.234 -0.037312 20000 1.000000
236.666000 40.887100 -7.337 -1.254 0.164 0.217 -0.000875 20000 1.000000
237.729000 40.271200 -7.959 -1.658 0.176 0.229 -0.045436 20000 1.000000
239.132000 39.794700 -8.052 -1.37 0.168 0.222 -0.017196 20000 1.000000
239.052000 41.183300 -7.036 -2.374 0.169 0.225 0.001212 20000 1.000000
237.681000 40.731100 -8.438 -0.837 0.198 0.239 0.003871 20000 1.000000
235.774000 42.209100 -2.242 -1.897 0.17 0.222 -0.007647 20000 1.000000
235.946000 42.860100 -2.954 0.065 0.192 0.25 0.065779 20000 1.000000
236.617000 42.503500 -5.985 -2.431 0.168 0.228 0.013998 20000 1.000000
237.344000 42.191000 -6.412 -2.556 0.172 0.232 -0.019150 20000 1.000000
238.220000 42.259700 -7.978 -2.433 0.169 0.222 0.004987 20000 1.000000
239.622000 42.468800 -6.442 -3.02 0.171 0.232 -0.011458 20000 1.000000
243.371000 36.071300 -6.302 -3.941 0.178 0.224 0.076808 20000 1.000000
242.835000 36.022500 -6.298 -1.083 0.179 0.212 0.010929 20000 1.000000
242.590000 36.159000 -5.896 -1.272 0.181 0.222 0.070832 20000 1.000000
241.868000 36.466800 -9.473 1.122 0.193 0.241 -0.182881 20000 1.000000
242.211000 36.531200 -7.354 -1.589 0.173 0.217 0.007882 20000 1.000000
241.909000 36.570200 -8.701 -0.242 0.191 0.224 -0.030504 20000 1.000000
241.882000 36.975700 -7.624 -1.242 0.167 0.209 0.020289 20000 1.000000
242.064000 37.231400 -6.654 -2.113 0.174 0.215 0.067965 20000 1.000000
242.606000 34.462400 -9.118 0.873 0.179 0.213 0.013289 20000 1.000000
242.459000 33.562100 -12.965 5.073 0.17 0.204 0.047859 20000 1.000000
242.895000 32.889200 -13.456 5.829 0.172 0.203 0.006664 20000 1.000000
243.050000 32.733800 -12.696 5.983 0.168 0.2 0.018902 20000 1.000000
242.756000 32.666400 -13.683 5.801 0.182 0.209 0.095825 20000 1.000000
242.810000 33.439600 -12.889 4.893 0.169 0.203 0.024647 20000 1.000000
242.928000 33.235700 -12.765 5.127 0.179 0.207 0.062064 20000 1.000000
243.217000 33.493300 -12.015 4.307 0.169 0.203 0.020975 20000 1.000000
243.651000 32.976000 -12.515 5.669 0.173 0.206 0.029129 20000 1.000000
243.989000 32.822200 -11.87 4.962 0.173 0.205 -0.013834 20000 1.000000
243.329000 33.240200 -12.224 5.429 0.18 0.212 0.028781 20000 1.000000
243.431000 33.059200 -12.316 5.32 0.169 0.201 0.017441 20000 1.000000
243.379000 33.375600 -12.063 4.237 0.174 0.207 0.059983 20000 1.000000
243.591000 33.210200 -11.904 4.228 0.185 0.219 0.037171 20000 1.000000
243.817000 33.213500 -11.589 3.218 0.171 0.203 0.024609 20000 1.000000
243.921000 33.201000 -11.174 2.692 0.171 0.203 0.031459 20000 1.000000
243.888000 33.296200 -10.491 1.539 0.175 0.209 -0.030710 20000 1.000000
243.574000 33.523500 -11.138 2.383 0.178 0.207 0.089409 20000 1.000000
243.773000 33.574700 -9.287 1.273 0.177 0.218 0.055750 20000 1.000000
244.031000 32.887000 -13.107 4.389 0.175 0.207 0.018633 20000 1.000000
244.175000 32.954700 -11.583 4.117 0.171 0.202 0.026654 20000 1.000000
244.268000 32.759700 -11.53 5.319 0.182 0.213 0.035748 20000 1.000000
244.404000 32.750600 -12.932 5.86 0.178 0.208 0.019115 20000 1.000000
244.423000 32.834700 -9.462 4.495 0.178 0.209 0.023844 20000 1.000000
244.430000 32.898400 -9.425 3.486 0.179 0.209 0.040783 20000 1.000000
244.700000 32.690000 -5.407 -0.079 0.171 0.203 0.028254 20000 1.000000
244.602000 32.875800 -5.588 -0.992 0.178 0.21 0.041009 20000 1.000000
244.578000 32.982500 -6.128 -1.413 0.179 0.215 0.065146 20000 1.000000
244.280000 32.948900 -10.792 3.611 0.175 0.206 0.025384 20000 1.000000
244.234000 33.516400 -7.351 -1.961 0.178 0.212 0.082752 20000 1.000000
244.313000 33.423900 -6.839 -2.25 0.178 0.212 0.066161 20000 1.000000
244.571000 33.247800 -5.726 -2.442 0.177 0.21 0.015897 20000 1.000000
244.657000 33.143600 -5.149 -2.303 0.177 0.21 -0.029785 20000 1.000000
244.704000 33.886900 -5.373 -2.488 0.18 0.211 0.027950 20000 1.000000
240.305000 37.562600 -9.36 -1.323 0.217 0.259 0.106164 20000 1.000000
239.350000 34.907300 -13.712 8.357 0.167 0.204 0.009258 20000 1.000000
239.590000 35.010700 -14.486 7.045 0.173 0.21 0.012438 20000 1.000000
239.760000 34.870600 -13.737 6.824 0.169 0.206 0.022912 20000 1.000000
239.617000 35.106200 -13.455 6.969 0.177 0.215 0.077634 20000 1.000000
241.822000 34.376400 -11.78 3.442 0.17 0.207 0.018469 20000 1.000000
239.925000 35.020000 -13.645 3.058 0.168 0.205 0.010763 20000 1.000000
240.208000 34.507800 -14.276 6.721 0.174 0.206 0.004046 20000 1.000000
240.384000 34.630500 -13.775 4.283 0.168 0.204 0.014003 20000 1.000000
240.185000 34.888600 -13.16 5.531 0.167 0.204 0.019382 20000 1.000000
240.464000 35.086600 -10.401 3.055 0.168 0.206 0.019444 20000 1.000000
239.192000 35.425800 -13.05 7.793 0.169 0.208 -0.004376 20000 1.000000
239.455000 35.327800 -12.333 7.722 0.174 0.214 0.061578 20000 1.000000
239.646000 35.440500 -12.333 6.299 0.169 0.208 0.001850 20000 1.000000
239.520000 35.624800 -14.236 5.847 0.175 0.215 0.018324 20000 1.000000
239.463000 35.792700 -12.321 7.222 0.17 0.211 0.024613 20000 1.000000
239.733000 35.633800 -11.565 4.977 0.173 0.21 0.038661 20000 1.000000
239.629000 35.747900 -11.354 6.237 0.172 0.21 0.018102 20000 1.000000
237.762000 37.061200 -12.519 7.936 0.169 0.213 0.020220 20000 1.000000
239.899000 35.235100 -11.933 5.866 0.191 0.222 0.056592 20000 1.000000
239.975000 35.279800 -11.986 5.513 0.175 0.216 -0.012360 20000 1.000000
240.065000 35.316800 -11.817 4.221 0.173 0.213 0.019273 20000 1.000000
239.887000 35.534200 -11.095 4.655 0.199 0.238 0.011168 20000 1.000000
239.818000 35.702700 -9.127 3.482 0.169 0.208 0.014957 20000 1.000000
239.869000 35.801300 -7.689 1.738 0.178 0.213 0.013945 20000 1.000000
239.999000 35.686700 -8.766 2.034 0.179 0.219 -0.021134 20000 1.000000
239.707000 35.688900 -11.016 5.141 0.168 0.208 0.006539 20000 1.000000
240.287000 35.319000 -9.852 2.037 0.181 0.223 0.016106 20000 1.000000
240.091000 35.934700 -7.635 1.129 0.17 0.209 0.016408 20000 1.000000
240.496000 34.466800 -13.299 6.112 0.168 0.203 0.014218 20000 1.000000
240.674000 34.599600 -13.5 3.493 0.178 0.219 0.101594 20000 1.000000
240.885000 34.660100 -12.932 3.606 0.176 0.213 0.064745 20000 1.000000
240.845000 34.856200 -10.455 2.645 0.231 0.346 -0.061273 20000 1.000000
239.755000 35.686700 -11.144 5.557 0.17 0.208 0.003913 20000 1.000000
241.121000 34.835100 -10.614 2.37 0.17 0.206 0.028271 20000 1.000000
241.152000 34.792300 -9.979 3.209 0.175 0.217 0.023126 20000 1.000000
241.331000 34.695000 -10.933 1.446 0.177 0.216 0.081015 20000 1.000000
241.454000 34.771100 -10.033 1.13 0.171 0.209 0.017533 20000 1.000000
241.344000 34.944400 -9.517 0.864 0.175 0.215 -0.020647 20000 1.000000
241.388000 35.138600 -8.444 0.194 0.17 0.208 -0.002855 20000 1.000000
241.382000 34.838900 -9.327 1.437 0.175 0.213 0.016444 20000 1.000000
241.459000 34.821800 -8.641 1.611 0.179 0.219 0.026340 20000 1.000000
241.811000 34.982100 -7.921 0.826 0.168 0.206 0.018076 20000 1.000000
241.876000 35.378000 -8.385 0.255 0.17 0.207 0.010835 20000 1.000000
241.740000 35.667300 -8.391 -0.063 0.176 0.211 0.025000 20000 1.000000
241.233000 36.231400 -7.75 1.129 0.174 0.211 0.075067 20000 1.000000
241.045000 36.585500 -6.981 0.033 0.169 0.211 0.014027 20000 1.000000
241.740000 36.093100 -7.658 0.038 0.171 0.21 0.011702 20000 1.000000
241.994000 35.038800 -8.028 1.384 0.17 0.207 0.026258 20000 1.000000
242.271000 34.509700 -9.445 2.186 0.17 0.206 0.018034 20000 1.000000
242.451000 34.634300 -8.906 0.884 0.17 0.206 0.018034 20000 1.000000
242.457000 34.987000 -7.442 0.889 0.172 0.209 0.055128 20000 1.000000
243.454000 34.019300 -8.482 0.216 0.17 0.204 0.018669 20000 1.000000
242.719000 34.534800 -8.965 1.024 0.195 0.217 -0.076261 20000 1.000000
241.969000 34.332200 -12.326 3.001 0.171 0.207 0.048261 20000 1.000000
242.635000 35.116800 -7.053 0.4 0.17 0.208 0.018007 20000 1.000000
241.983000 35.152400 -7.383 0.915 0.172 0.209 0.021073 20000 1.000000
242.697000 35.238500 -6.896 -0.087 0.172 0.209 0.025811 20000 1.000000
242.795000 35.387900 -6.083 -0.123 0.167 0.205 0.027991 20000 1.000000
242.610000 35.896700 -6.521 -0.737 0.184 0.225 0.014113 20000 1.000000
242.597000 35.697600 -7.09 -0.227 0.168 0.207 0.024299 20000 1.000000
243.111000 35.998200 -6.006 -1.015 0.179 0.213 0.015002 20000 1.000000
243.112000 35.710600 -5.925 -1.334 0.172 0.212 0.028093 20000 1.000000
243.290000 34.192500 -8.283 1.155 0.175 0.206 0.011774 20000 1.000000
243.463000 34.217200 -6.941 0.673 0.173 0.207 0.035458 20000 1.000000
243.788000 33.865800 -7.406 1.074 0.169 0.204 0.034081 20000 1.000000
243.920000 33.959300 -6.467 -1.604 0.171 0.204 0.021736 20000 1.000000
239.772000 35.729200 -9.795 3.012 0.194 0.23 -0.002923 20000 1.000000
243.971000 34.716900 -5.531 -3.23 0.174 0.208 0.015069 20000 1.000000
243.329000 34.936800 -7.846 -1.477 0.169 0.207 0.031489 20000 1.000000
242.063000 34.341100 -11.903 3.085 0.181 0.22 -0.002659 20000 1.000000
243.120000 34.462100 -8.385 1.105 0.17 0.206 0.024616 20000 1.000000
244.179000 33.741000 -7.116 -1.503 0.173 0.208 0.021583 20000 1.000000
243.107000 34.062700 -8.748 1.696 0.201 0.233 -0.019231 20000 1.000000
244.236000 34.425700 -6.01 -3.06 0.211 0.226 0.059743 20000 1.000000
244.350000 35.204800 -5.361 -2.358 0.175 0.211 -0.002175 20000 1.000000
242.685000 34.187400 -11.122 -1.273 0.173 0.209 0.064184 20000 1.000000
242.950000 34.196200 -8.677 1.088 0.206 0.214 0.089591 20000 1.000000
244.750000 34.731800 -5.318 -2.985 0.201 0.251 0.067230 20000 1.000000
243.237000 35.204600 -6.824 -0.942 0.169 0.207 0.033312 20000 1.000000
242.107000 35.424600 -7.272 0.545 0.171 0.208 0.019713 20000 1.000000
243.428000 35.320600 -6.205 -2.161 0.17 0.209 0.015614 20000 1.000000
243.896000 35.141900 -5.807 -2.76 0.182 0.213 -0.002332 20000 1.000000
243.878000 35.526000 -6.174 -3.293 0.171 0.21 0.013097 20000 1.000000
243.855000 35.785400 -5.146 -2.488 0.17 0.21 0.011529 20000 1.000000
244.456000 35.472800 -5.812 -2.974 0.171 0.212 0.042734 20000 1.000000
244.634000 35.163000 -4.905 -1.964 0.175 0.213 -0.018118 20000 1.000000
245.401000 34.188900 -5.184 -2.209 0.174 0.21 0.033899 20000 1.000000
245.035000 34.844400 -5.085 -3.163 0.175 0.212 0.025009 20000 1.000000
244.762000 35.291100 -4.962 -3.072 0.172 0.211 0.024884 20000 1.000000
241.621000 37.973100 -6.517 -2.066 0.168 0.215 -0.003987 20000 1.000000
241.000000 37.613000 -9.687 -2.512 0.174 0.216 -0.024602 20000 1.000000
241.084000 37.605300 -9.49 -3.914 0.178 0.232 -0.004815 20000 1.000000
240.914000 37.785700 -9.407 -1.55 0.205 0.238 -0.086615 20000 1.000000
240.967000 37.913500 -9.174 -1.281 0.166 0.211 0.021163 20000 1.000000
240.974000 37.696600 -9.715 -2.173 0.19 0.229 0.105001 20000 1.000000
240.862000 37.839300 -10.083 -1.119 0.184 0.223 0.033806 20000 1.000000
240.853000 37.962800 -10.067 -0.326 0.168 0.211 0.015502 20000 1.000000
240.916000 37.914100 -8.683 -1.387 0.169 0.213 0.022288 20000 1.000000
241.056000 37.734300 -8.581 -0.286 0.168 0.213 0.024324 20000 1.000000
241.131000 37.654600 -7.864 -1.858 0.169 0.215 0.013045 20000 1.000000
241.040000 37.891700 -8.205 -0.662 0.18 0.219 0.017265 20000 1.000000
241.148000 37.878200 -7.755 -0.889 0.169 0.213 0.012441 20000 1.000000
241.183000 37.591400 -9.333 -3.159 0.173 0.229 0.084346 20000 1.000000
241.302000 37.561600 -7.443 -1.339 0.174 0.238 -0.003202 20000 1.000000
241.316000 37.495400 -9.455 -2.145 0.166 0.209 0.020150 20000 1.000000
241.406000 37.541300 -8.774 -1.869 0.171 0.216 0.023362 20000 1.000000
241.180000 37.677000 -7.802 -2.208 0.169 0.213 0.022034 20000 1.000000
241.232000 37.754400 -7.841 -1.877 0.176 0.23 0.066468 20000 1.000000
240.981000 37.800000 -9.27 -1.325 0.169 0.214 0.035678 20000 1.000000
241.264000 37.903500 -7.129 -1.057 0.172 0.218 0.009352 20000 1.000000
241.445000 37.891300 -7.486 -2.403 0.174 0.218 0.062519 20000 1.000000
241.762000 37.589200 -6.492 -2.304 0.167 0.211 0.024232 20000 1.000000
241.528000 37.737500 -7.328 -1.964 0.175 0.218 0.047468 20000 1.000000
240.850000 38.057900 -8.746 -0.803 0.177 0.22 0.018881 20000 1.000000
237.706000 41.381200 -7.038 -3.547 0.175 0.225 0.056909 20000 1.000000
237.809000 41.479200 -6.426 -2.062 0.168 0.233 -0.020934 20000 1.000000
237.687000 41.463600 -6.751 -2.464 0.172 0.237 -0.029088 20000 1.000000
237.847000 41.531900 -5.707 -4.469 0.253 0.298 0.040636 20000 1.000000
238.493000 41.711600 -6.925 -3.416 0.166 0.223 0.013768 20000 1.000000
246.132000 42.878900 -5.796 -2.834 0.167 0.226 0.028410 20000 1.000000
241.275000 37.380400 -12.193 -3.794 0.226 0.261 0.159805 20000 1.000000
241.439000 37.439500 -9.069 -1.914 0.181 0.222 0.027188 20000 1.000000
240.254000 37.088900 -7.879 -0.532 0.174 0.216 0.066683 20000 1.000000
241.853000 37.280500 -7.396 -2.013 0.17 0.214 0.031453 20000 1.000000
239.172000 41.359200 -7.002 -2.585 0.173 0.23 -0.053232 20000 1.000000
239.527000 41.332500 -6.82 -2.505 0.172 0.226 0.020303 20000 1.000000
235.707000 42.076600 -3.691 -0.682 0.175 0.227 0.020626 20000 1.000000
238.120000 42.579800 -5.297 -2.384 0.171 0.228 0.002309 20000 1.000000
237.390000 42.727100 -5.434 -2.976 0.185 0.234 0.109926 20000 1.000000
240.341000 42.546100 -5.455 -3.035 0.169 0.228 0.006492 20000 1.000000
242.275000 42.020200 -4.663 -2.24 0.17 0.226 0.018632 20000 1.000000
243.397000 33.495500 -11.481 6.077 0.231 0.256 0.001735 20000 1.000000
244.492000 32.829400 -8.661 3.583 0.172 0.203 0.025044 20000 1.000000
238.928000 37.699000 -7.365 -0.177 0.172 0.217 -0.001180 20000 1.000000
239.784000 35.693800 -9.447 4.207 0.182 0.219 0.017619 20000 1.000000
237.579000 41.830800 -10.271 -2.97 0.178 0.239 0.066907 20000 1.000000
236.019000 41.845500 -4.497 -0.555 0.19 0.282 -0.076066 20000 1.000000
238.521000 36.744300 -20.49 9.009 0.269 0.331 0.035445 20000 1.000000
239.528000 35.946600 -5.997 0.826 0.189 0.226 0.076614 20000 1.000000
239.485000 35.929100 -12.19 7.234 0.244 0.302 -0.051392 20000 1.000000
242.077000 34.508200 -10.099 1.953 0.173 0.209 0.027978 20000 1.000000
243.314000 36.901800 -5.665 -2.336 0.184 0.221 0.071735 20000 1.000000
242.305000 34.925400 -7.686 0.917 0.177 0.214 0.015350 20000 1.000000
243.880000 36.579600 -5.634 -3.016 0.199 0.239 0.042554 20000 1.000000
239.522000 35.919900 -11.495 5.465 0.182 0.226 0.045761 20000 1.000000
242.818000 33.835700 -11.466 4.056 0.191 0.217 0.008539 20000 1.000000
243.506000 33.819200 -9.15 2.119 0.177 0.207 0.044611 20000 1.000000
242.193000 34.091800 -12.599 2.996 0.397 0.452 -0.065569 20000 1.000000
241.596000 33.743300 -13.193 6.417 0.171 0.204 0.050750 20000 1.000000
241.628000 33.779500 -13.923 1.298 0.22 0.271 0.031421 20000 1.000000
238.863000 36.161100 -13.633 6.739 0.175 0.214 0.027245 20000 1.000000
239.056000 39.974600 -10.031 -4.838 0.178 0.23 -0.001890 20000 1.000000
242.317000 35.338700 -7.257 0.562 0.169 0.207 0.028370 20000 1.000000
240.280000 34.500000 -14.141 6.249 0.172 0.208 -0.009930 20000 1.000000
243.375000 34.643900 -7.281 -0.022 0.174 0.207 -0.003109 20000 1.000000
243.446000 36.715400 -5.903 -2.672 0.184 0.225 0.104781 20000 1.000000
241.974000 34.019100 -12.616 4.945 0.192 0.229 -0.038717 20000 1.000000
239.475000 35.900000 -11.719 7.527 0.173 0.214 0.001818 20000 1.000000
241.807000 34.875100 -8.75 1.628 0.253 0.286 -0.059241 20000 1.000000
240.816000 34.541500 -14.224 5.561 0.194 0.231 0.088674 20000 1.000000
244.877000 40.617200 -6.278 -2.493 0.17 0.227 0.029470 20000 1.000000
243.350000 36.316300 -5.47 -2.13 0.171 0.212 0.025837 20000 1.000000
238.442000 37.666500 -7.364 -0.35 0.17 0.214 -0.002768 20000 1.000000
241.245000 34.459800 -12.556 4.233 0.187 0.235 0.008587 20000 1.000000
242.138000 34.205600 -10.637 2.469 0.322 0.327 -0.060144 20000 1.000000
239.775000 40.591700 -6.863 -2.848 0.173 0.229 0.010658 20000 1.000000
240.984000 41.868400 -6.25 -2.817 0.176 0.235 0.076181 20000 1.000000
243.701000 35.971300 -5.45 -2.682 0.178 0.213 0.004636 20000 1.000000
243.789000 36.730500 -5.952 -2.854 0.196 0.239 0.092136 20000 1.000000
241.521000 34.438600 -11.875 2.62 0.189 0.226 -0.043778 20000 1.000000
240.116000 39.314300 -9.501 -1.958 0.182 0.237 -0.033991 20000 1.000000
244.022000 33.292200 -8.831 1.611 0.173 0.205 0.026769 20000 1.000000
244.412000 36.319600 -5.941 -2.984 0.184 0.22 0.049709 20000 1.000000
240.476000 33.247900 -14.477 7.537 0.175 0.208 0.050081 20000 1.000000
240.936000 34.319900 -12.925 5.78 0.17 0.205 0.017608 20000 1.000000
241.354000 34.059300 -12.629 7.029 0.174 0.206 0.009194 20000 1.000000
242.151000 33.992700 -13.043 4.419 0.191 0.224 -0.020663 20000 1.000000
239.935000 34.004300 -14.184 7.904 0.178 0.21 -0.007625 20000 1.000000
243.662000 36.644600 -5.802 -3.368 0.189 0.231 0.070106 20000 1.000000
243.426000 36.931600 -6.576 -3.695 0.185 0.226 0.084346 20000 1.000000
239.640000 35.917400 -8.324 2.006 0.185 0.228 0.014927 20000 1.000000
241.585000 35.158200 -8.528 0.442 0.168 0.206 0.018229 20000 1.000000
243.770000 36.934800 -5.392 -2.802 0.179 0.218 0.110857 20000 1.000000
239.867000 34.483500 -13.866 6.887 0.177 0.215 -0.028689 20000 1.000000
243.839000 33.641200 -8.559 -0.338 0.191 0.221 0.003535 20000 1.000000
242.951000 39.542200 -6.078 -3.104 0.176 0.221 0.099887 20000 1.000000
242.816000 38.097200 -6.174 -2.683 0.169 0.214 0.014238 20000 1.000000
241.669000 33.797800 -12.731 4.823 0.326 0.417 0.047910 20000 1.000000
241.163000 34.248000 -13.39 5.213 0.172 0.207 0.046179 20000 1.000000
235.849000 41.053900 -1.927 1.675 0.17 0.224 -0.032310 20000 1.000000
243.470000 34.840000 -8.644 -0.882 0.183 0.231 0.053392 20000 1.000000
241.558000 34.069100 -13.373 5.006 0.191 0.217 0.057135 20000 1.000000
240.156000 34.413300 -12.674 7.975 0.212 0.235 -0.050378 20000 1.000000
241.198000 39.627100 -6.485 -2.46 0.178 0.229 0.037670 20000 1.000000
241.715000 34.024000 -12.894 5.79 0.236 0.281 0.128291 20000 1.000000
243.915000 33.030100 -12.074 4.57 0.171 0.202 0.017454 20000 1.000000
240.516000 34.851500 -13.013 3.852 0.256 0.307 0.038483 20000 1.000000
241.780000 34.178600 -13.319 3.864 0.218 0.235 0.072820 20000 1.000000
241.486000 34.126400 -14.248 5.889 0.17 0.205 0.022621 20000 1.000000
241.516000 34.293200 -13.204 5.102 0.176 0.209 0.023724 20000 1.000000
239.384000 34.556300 -14.774 8.788 0.218 0.249 -0.012098 20000 1.000000
241.879000 34.501500 -11.31 3.936 0.191 0.219 0.005227 20000 1.000000
241.706000 33.712600 -13.478 5.412 0.175 0.211 0.030864 20000 1.000000
242.010000 34.030000 -12.812 4.446 0.194 0.236 0.019884 20000 1.000000
241.346000 37.664300 -7.338 -1.103 0.172 0.217 0.031284 20000 1.000000
241.016000 35.010800 -9.336 1.421 0.193 0.224 -0.026370 20000 1.000000
243.608000 33.934800 -8.411 1.27 0.182 0.212 0.026296 20000 1.000000
241.258000 34.568500 -11.129 3.109 0.184 0.221 0.133306 20000 1.000000
241.586000 34.259400 -11.989 6.176 0.201 0.24 0.015659 20000 1.000000
243.068000 34.669000 -8.491 0.459 0.186 0.22 -0.075571 20000 1.000000
241.572000 33.958200 -13.227 5.854 0.253 0.266 -0.320784 20000 1.000000
243.346000 33.955300 -9.74 1.84 0.181 0.212 0.024075 20000 1.000000
243.111000 35.425200 -6.637 -0.064 0.186 0.223 0.031799 20000 1.000000
243.532000 36.840400 -5.418 -2.253 0.179 0.222 0.099659 20000 1.000000
