242.907000 34.116400 -6.647 2.716 0.236 0.265 -0.102055 20000 1.000000
243.571000 34.594300 -4.518 1.688 0.176 0.21 -0.013895 20000 1.000000
241.305000 34.824500 -8.443 4.059 0.178 0.212 0.015012 20000 1.000000
242.103000 34.126000 -10.954 6.306 0.245 0.276 -0.053561 20000 1.000000
242.795000 40.412800 -4.352 -0.52 0.169 0.218 -0.004032 20000 1.000000
240.970000 33.480500 -11.315 10.945 0.201 0.223 -0.041411 20000 1.000000
243.116000 34.264300 -6.662 4.408 0.199 0.236 0.047188 20000 1.000000
240.594000 34.920500 -9.574 7.001 0.177 0.211 0.001069 20000 1.000000
243.379000 37.039900 -4.38 -0.022 0.225 0.275 0.025302 20000 1.000000
244.002000 34.000500 -4.662 1.27 0.174 0.204 -0.009789 20000 1.000000
242.935000 33.578200 -10.423 7.627 0.176 0.205 -0.011663 20000 1.000000
243.920000 35.287000 -4.46 -0.206 0.262 0.303 -0.034109 20000 1.000000
245.285000 33.610400 -3.023 -0.512 0.178 0.21 0.015234 20000 1.000000
243.947000 34.251400 -3.473 0.269 0.178 0.209 -0.016141 20000 1.000000
243.015000 33.962700 -8.572 5.445 0.185 0.213 0.022054 20000 1.000000
241.723000 34.184900 -10.793 7.107 0.222 0.254 -0.008345 20000 1.000000
242.988000 34.918600 -5.359 2.725 0.178 0.213 -0.006952 20000 1.000000
241.812000 34.292800 -10.736 7.7 0.252 0.262 -0.325304 20000 1.000000
243.128000 36.917600 -3.992 -0.375 0.202 0.236 0.026516 20000 1.000000
242.156000 42.779500 -3.188 -0.614 0.173 0.231 0.009907 20000 1.000000
240.653000 35.157300 -8.169 4.383 0.176 0.213 0.003914 20000 1.000000
235.437000 42.836100 0.774 3.954 0.175 0.233 -0.025983 20000 1.000000
244.010000 33.655100 -5.366 1.936 0.18 0.211 0.030966 20000 1.000000
239.566000 35.939400 -5.677 4.664 0.234 0.277 -0.093128 20000 1.000000
239.569000 35.888400 -9.204 9.05 0.187 0.221 -0.021057 20000 1.000000
241.666000 33.311600 -11.9 10.786 0.172 0.203 -0.002238 20000 1.000000
241.517000 33.445800 -11.966 10.783 0.176 0.209 -0.029581 20000 1.000000
241.370000 34.138600 -11.228 8.917 0.197 0.229 0.085010 20000 1.000000
242.329000 35.565300 -4.651 3.563 0.179 0.216 -0.001195 20000 1.000000
241.789000 33.876300 -10.272 7.882 0.188 0.221 0.068375 20000 1.000000
240.987000 34.806400 -9.092 6.097 0.234 0.303 -0.102192 20000 1.000000
243.664000 34.829500 -4.826 0.616 0.189 0.218 -0.005499 20000 1.000000
242.035000 34.244000 -10.098 6.025 0.205 0.255 -0.122185 20000 1.000000
237.881000 37.724100 -7.827 6.044 0.192 0.235 -0.002171 20000 1.000000
243.234000 36.746500 -2.631 0.566 0.193 0.228 0.065678 20000 1.000000
242.172000 34.640500 -13.222 8.331 0.221 0.248 -0.147924 20000 1.000000
241.063000 34.109600 -11.768 9.417 0.19 0.233 0.017977 20000 1.000000
241.873000 34.136700 -11.457 7.248 0.171 0.2 0.023407 20000 1.000000
242.521000 34.313800 -8.685 5.125 0.2 0.229 0.139481 20000 1.000000
242.291000 34.109900 -10.851 7.639 0.192 0.223 -0.012440 20000 1.000000
245.126000 40.558400 -4.442 -0.382 0.184 0.223 0.049720 20000 1.000000
240.120000 34.414900 -12.33 10.221 0.177 0.21 -0.038398 20000 1.000000
242.427000 35.071700 -5.296 3.851 0.179 0.212 0.029297 20000 1.000000
243.431000 36.807700 -4.153 -0.161 0.226 0.262 0.076724 20000 1.000000
239.249000 35.791600 -11.327 10.713 0.182 0.218 -0.054423 20000 1.000000
242.900000 34.039100 -8.644 8.162 0.178 0.206 0.044118 20000 1.000000
244.265000 33.069800 -7.405 4.72 0.184 0.212 0.005175 20000 1.000000
240.961000 34.168400 -12.121 9.601 0.173 0.206 -0.002082 20000 1.000000
241.743000 33.861500 -12.028 8.564 0.178 0.211 0.016394 20000 1.000000
241.476000 34.253600 -10.359 7.968 0.18 0.213 0.047796 20000 1.000000
240.629000 34.408100 -11.729 8.329 0.195 0.236 -0.022447 20000 1.000000
241.387000 34.516500 -10.577 5.988 0.179 0.211 -0.031967 20000 1.000000
243.630000 34.124100 -4.772 2.928 0.185 0.214 -0.020988 20000 1.000000
242.098000 34.082000 -10.885 7.329 0.187 0.222 -0.054557 20000 1.000000
244.212000 33.389800 -6.339 2.709 0.179 0.208 0.018453 20000 1.000000
242.140000 34.413400 -9.292 6.527 0.18 0.228 0.014631 20000 1.000000
241.874000 33.938000 -12.166 8.436 0.317 0.404 0.003484 20000 1.000000
242.588000 33.647700 -11.378 8.843 0.172 0.204 -0.006218 20000 1.000000
241.170000 34.946200 -8.561 4.197 0.181 0.218 -0.010001 20000 1.000000
245.061000 39.345200 -3.668 -0.029 0.178 0.223 0.007555 20000 1.000000
244.183000 40.914700 -4.585 -0.283 0.169 0.218 0.011546 20000 1.000000
242.474000 34.104200 -9.803 6.45 0.196 0.234 -0.016894 20000 1.000000
239.991000 34.733000 -12.33 9.983 0.177 0.209 0.018181 20000 1.000000
241.116000 34.356300 -11.637 9.02 0.174 0.205 -0.001485 20000 1.000000
246.195000 39.369400 -4.399 0.276 0.176 0.219 0.004410 20000 1.000000
244.200000 32.945000 -9.917 7.124 0.262 0.267 0.050242 20000 1.000000
241.641000 34.080600 -12.166 7.214 0.233 0.272 -0.012803 20000 1.000000
241.107000 34.800200 -9.754 5.798 0.194 0.227 0.034961 20000 1.000000
240.644000 40.416500 -2.406 1.38 0.214 0.275 -0.027504 20000 1.000000
240.136000 35.189400 -9.518 10.937 0.178 0.219 0.008098 20000 1.000000
244.479000 33.274800 -4.144 0.418 0.183 0.21 -0.000309 20000 1.000000
245.173000 33.051100 -3.802 -0.673 0.207 0.229 -0.089814 20000 1.000000
244.340000 34.784000 -3.792 -0.517 0.197 0.239 -0.020555 20000 1.000000
245.810000 34.308600 -3.572 0.524 0.19 0.219 0.006239 20000 1.000000
243.111000 35.425200 -4.283 5.445 0.196 0.234 0.010654 20000 1.000000
245.820000 40.640200 -4.142 -0.326 0.17 0.218 0.015395 20000 1.000000
239.584000 36.399000 -6.317 2.173 0.201 0.234 -0.045602 20000 1.000000
241.887000 34.047400 -11.568 7.375 0.178 0.21 0.033358 20000 1.000000
239.318000 34.469400 -12.26 11.436 0.177 0.211 0.024632 20000 1.000000
241.714000 33.783600 -12.182 9.72 0.186 0.214 0.012304 20000 1.000000
243.570000 34.754800 -5.465 1.123 0.175 0.208 0.007215 20000 1.000000
238.530000 40.815900 -4.952 1.331 0.168 0.219 -0.006605 20000 1.000000
244.365000 33.705000 -4.04 1.281 0.192 0.229 -0.028495 20000 1.000000
239.520000 35.866700 -10.538 9.781 0.189 0.227 0.011829 20000 1.000000
242.155000 34.458200 -8.976 5.153 0.177 0.212 0.005834 20000 1.000000
239.598000 35.880800 -7.117 5.237 0.182 0.219 0.073455 20000 1.000000
240.812000 34.441200 -11.456 7.342 0.183 0.218 0.002068 20000 1.000000
244.089000 34.727300 -3.992 0.191 0.177 0.211 0.008129 20000 1.000000
244.855000 34.157600 -4.15 -0.494 0.177 0.211 0.036381 20000 1.000000
241.526000 35.662300 -5.952 2.42 0.19 0.228 -0.064702 20000 1.000000
243.901000 36.458800 -3.496 0.222 0.197 0.237 0.115441 20000 1.000000
240.992000 34.398500 -11.908 9.065 0.181 0.215 -0.014072 20000 1.000000
243.827000 33.925400 -5.436 2.24 0.179 0.208 0.032954 20000 1.000000
243.692000 36.745900 -3.34 -0.359 0.197 0.233 0.033492 20000 1.000000
242.165000 34.485500 -8.386 5.458 0.177 0.211 0.010469 20000 1.000000
243.060000 35.090200 -5.444 2.152 0.175 0.208 -0.005435 20000 1.000000
242.246000 34.133300 -10.521 6.844 0.176 0.208 0.020466 20000 1.000000
239.406000 35.828700 -10.528 9.751 0.175 0.213 0.007432 20000 1.000000
240.896000 34.733600 -10.429 6.802 0.179 0.218 -0.000900 20000 1.000000
239.557000 35.832600 -10.707 9.313 0.172 0.208 -0.007524 20000 1.000000
242.563000 33.856800 -10.224 7.706 0.176 0.207 -0.011215 20000 1.000000
238.778000 42.418300 -2.989 0.067 0.226 0.305 -0.051242 20000 1.000000
239.241000 36.186900 -5.944 4.096 0.177 0.212 0.048752 20000 1.000000
239.233000 36.180500 -11.602 11.034 0.175 0.211 0.012410 20000 1.000000
244.021000 36.632500 -3.711 -0.5 0.188 0.229 0.086197 20000 1.000000
239.649000 34.038300 -12.207 12.058 0.178 0.212 -0.048274 20000 1.000000
243.904000 40.148400 -4.075 -0.71 0.179 0.227 -0.064963 20000 1.000000
242.682000 33.918400 -9.584 7.284 0.178 0.207 0.001717 20000 1.000000
239.566000 35.969500 -6.199 4.511 0.18 0.211 -0.047834 20000 1.000000
244.588000 40.710700 -4.103 -0.684 0.175 0.233 0.010992 20000 1.000000
241.122000 34.295500 -11.791 8.855 0.191 0.221 -0.055916 20000 1.000000
243.352000 34.038500 -5.973 4.319 0.195 0.23 0.137407 20000 1.000000
242.790000 34.230800 -7.001 5.607 0.218 0.235 0.148755 20000 1.000000
245.381000 34.767700 -3.751 0.162 0.182 0.216 -0.000707 20000 1.000000
242.491000 39.685600 -4.027 -0.684 0.175 0.221 -0.003263 20000 1.000000
240.859000 34.498700 -11.682 7.19 0.171 0.203 -0.009801 20000 1.000000
243.932000 34.141000 -4.059 1.444 0.177 0.209 0.019638 20000 1.000000
244.082000 34.369900 -4.294 0.15 0.182 0.215 -0.049793 20000 1.000000
243.695000 34.427700 -3.935 1.796 0.18 0.214 -0.046822 20000 1.000000
243.708000 34.533000 -3.734 1.353 0.181 0.211 -0.010648 20000 1.000000
243.185000 34.674900 -6.116 3.236 0.173 0.206 -0.005260 20000 1.000000
241.793000 34.128800 -10.979 7.146 0.179 0.212 -0.003077 20000 1.000000
240.647000 34.683400 -11.19 6.866 0.196 0.233 -0.035692 20000 1.000000
242.814000 39.521100 -3.699 -0.784 0.172 0.218 0.005045 20000 1.000000
245.995000 32.722500 -4.577 -0.283 0.22 0.25 0.032176 20000 1.000000
244.721000 39.910200 -4.097 -0.095 0.191 0.228 0.012790 20000 1.000000
245.543000 36.154200 -4.81 0.414 0.177 0.211 0.000345 20000 1.000000
245.180000 41.724200 -4.176 -0.039 0.17 0.221 -0.013246 20000 1.000000
242.670000 41.428700 -4.138 -0.402 0.171 0.223 0.014915 20000 1.000000
235.925000 40.876300 -2.109 4.673 0.217 0.265 0.010365 20000 1.000000
236.274000 38.928300 -10.269 11.018 0.169 0.214 -0.015056 20000 1.000000
237.585000 40.997600 -4.442 2.115 0.196 0.262 -0.101288 20000 1.000000
235.986000 42.967400 0.481 2.563 0.173 0.236 0.008533 20000 1.000000
243.830000 32.616500 -12.078 8.866 0.176 0.203 -0.009083 20000 1.000000
238.997000 35.551800 -11.12 12.019 0.174 0.21 0.010953 20000 1.000000
242.015000 39.305600 -4.424 0.105 0.175 0.225 -0.026690 20000 1.000000
242.395000 39.287900 -4.883 -0.057 0.174 0.218 0.007251 20000 1.000000
243.576000 39.500500 -4.048 -0.205 0.169 0.222 0.033242 20000 1.000000
243.950000 39.546400 -4.278 -0.022 0.173 0.217 0.028399 20000 1.000000
244.111000 39.374200 -4.362 -0.246 0.171 0.216 0.017412 20000 1.000000
244.487000 39.536100 -3.812 -0.353 0.174 0.221 0.010125 20000 1.000000
244.568000 39.388600 -2.818 0.42 0.167 0.212 0.010134 20000 1.000000
242.120000 40.433400 -4.181 0.1 0.172 0.221 0.033107 20000 1.000000
245.308000 39.255200 -3.402 -0.199 0.177 0.218 0.059789 20000 1.000000
245.723000 39.119400 -4.073 0.286 0.176 0.223 0.002548 20000 1.000000
246.129000 39.067300 -4.022 -0.499 0.173 0.217 0.000787 20000 1.000000
246.495000 39.268900 -4.549 0.529 0.171 0.22 0.021583 20000 1.000000
242.532000 40.320600 -4.593 0.181 0.177 0.223 -0.040499 20000 1.000000
246.946000 40.494000 -4.695 -0.325 0.17 0.219 0.030585 20000 1.000000
243.264000 40.495500 -4.015 -0.426 0.177 0.224 -0.014742 20000 1.000000
243.721000 40.363200 -4.379 -0.259 0.169 0.218 0.018413 20000 1.000000
240.200000 39.572800 -5.54 1.364 0.171 0.218 0.012866 20000 1.000000
242.469000 36.614300 -5.255 0.953 0.171 0.208 -0.001459 20000 1.000000
242.593000 36.804200 -4.505 -0.684 0.168 0.207 0.000698 20000 1.000000
242.006000 36.606000 -4.142 0.831 0.182 0.217 0.087068 20000 1.000000
242.296000 37.200800 -3.568 0.948 0.172 0.212 0.007096 20000 1.000000
240.463000 39.698400 -4.719 1.261 0.179 0.227 0.002914 20000 1.000000
240.694000 39.795600 -4.544 0.45 0.18 0.23 0.060962 20000 1.000000
241.126000 39.838800 -4.437 -0.06 0.181 0.225 -0.033724 20000 1.000000
241.316000 39.888900 -4.605 0.012 0.174 0.222 -0.000799 20000 1.000000
241.841000 39.212300 -4.929 0.422 0.166 0.212 0.008528 20000 1.000000
246.706000 41.856800 -4.291 0.095 0.179 0.233 0.044235 20000 1.000000
246.958000 39.345100 -4.443 0.15 0.18 0.224 0.001593 20000 1.000000
246.988000 41.817300 -3.288 -0.251 0.17 0.221 -0.002280 20000 1.000000
246.722000 40.671300 -4.574 -0.178 0.174 0.224 -0.013486 20000 1.000000
240.400000 39.499200 -4.475 1.093 0.187 0.227 0.047289 20000 1.000000
240.931000 39.486100 -4.787 0.458 0.175 0.22 -0.003000 20000 1.000000
241.550000 39.133900 -4.562 0.329 0.171 0.217 0.017416 20000 1.000000
241.062000 39.268000 -4.372 0.666 0.177 0.223 -0.015819 20000 1.000000
241.649000 39.454700 -4.951 0.312 0.173 0.219 0.050111 20000 1.000000
241.995000 38.728800 -4.044 -0.123 0.173 0.215 0.010300 20000 1.000000
241.540000 38.724600 -4.967 0.755 0.172 0.217 0.008030 20000 1.000000
241.070000 38.980900 -5.586 0.713 0.168 0.217 0.011710 20000 1.000000
240.985000 38.704600 -4.926 1.003 0.175 0.221 -0.030701 20000 1.000000
240.541000 38.761400 -5.463 2.465 0.18 0.222 -0.074284 20000 1.000000
240.523000 40.779800 -4.231 0.096 0.186 0.229 0.078907 20000 1.000000
240.990000 40.242200 -5.381 0.047 0.193 0.229 -0.068710 20000 1.000000
240.278000 39.908200 -5.462 0.65 0.174 0.222 0.047385 20000 1.000000
239.307000 38.829200 -5.368 2.278 0.205 0.232 0.095653 20000 1.000000
239.614000 39.046600 -5.321 1.729 0.197 0.241 -0.081958 20000 1.000000
240.189000 39.123500 -6.795 1.799 0.178 0.225 -0.061936 20000 1.000000
239.107000 39.466700 -5.3 2.024 0.185 0.227 0.095018 20000 1.000000
240.376000 41.357700 -3.682 0.556 0.17 0.223 0.005434 20000 1.000000
239.716000 39.937400 -5.151 1.586 0.166 0.213 -0.000787 20000 1.000000
239.194000 40.418600 -5.06 0.634 0.176 0.219 -0.013043 20000 1.000000
239.923000 40.288900 -4.744 0.695 0.172 0.221 0.023065 20000 1.000000
235.692000 40.247500 -9.069 10.665 0.168 0.217 -0.005735 20000 1.000000
235.867000 40.551300 -3.04 6.082 0.175 0.225 -0.020342 20000 1.000000
235.787000 40.637400 -1.804 7.314 0.186 0.238 -0.036938 20000 1.000000
235.943000 40.219600 -7.253 6.925 0.172 0.221 0.016897 20000 1.000000
236.307000 40.119300 -6.987 4.711 0.18 0.238 0.032687 20000 1.000000
238.207000 36.485500 -11.686 11.037 0.168 0.206 -0.003134 20000 1.000000
238.710000 35.945700 -12.378 11.761 0.177 0.214 0.046149 20000 1.000000
238.949000 36.302100 -11.652 11.37 0.172 0.21 0.003980 20000 1.000000
238.865000 36.425900 -11.002 11.164 0.174 0.212 0.016328 20000 1.000000
237.668000 37.534500 -9.769 8.572 0.193 0.221 -0.068587 20000 1.000000
237.623000 37.914500 -7.902 6.604 0.176 0.22 -0.009824 20000 1.000000
236.819000 38.495000 -8.966 10.334 0.174 0.22 -0.068843 20000 1.000000
236.291000 39.117200 -9.539 9.493 0.181 0.229 -0.023707 20000 1.000000
236.652000 38.987400 -8.5 7.507 0.179 0.223 0.064943 20000 1.000000
236.796000 39.242000 -8.602 6.108 0.171 0.219 0.009595 20000 1.000000
236.368000 42.275400 -2.225 2.352 0.178 0.235 -0.001394 20000 1.000000
236.895000 39.319700 -7.283 4.951 0.177 0.223 0.017513 20000 1.000000
237.041000 38.664700 -7.5 7.734 0.185 0.253 -0.007004 20000 1.000000
237.233000 38.428600 -5.024 9.428 0.172 0.217 0.007536 20000 1.000000
237.548000 38.239800 -6.981 5.783 0.174 0.217 -0.005726 20000 1.000000
237.083000 38.866100 -6.703 3.792 0.167 0.211 -0.010925 20000 1.000000
237.037000 39.398100 -7.42 2.902 0.194 0.237 -0.040005 20000 1.000000
237.424000 38.777800 -6.506 4.238 0.18 0.235 -0.021218 20000 1.000000
237.281000 39.260000 -4.998 2.286 0.17 0.215 0.019922 20000 1.000000
237.696000 39.109300 -6.122 1.492 0.177 0.223 -0.011767 20000 1.000000
237.873000 37.069200 -10.31 11.646 0.196 0.24 0.139896 20000 1.000000
238.137000 36.962000 -10.989 10.223 0.194 0.227 -0.055304 20000 1.000000
238.009000 37.201700 -9.683 8.674 0.199 0.238 -0.085893 20000 1.000000
238.203000 37.001000 -9.293 9.34 0.256 0.281 0.110335 20000 1.000000
238.274000 37.002400 -9.375 8.96 0.183 0.234 0.004894 20000 1.000000
238.349000 37.104500 -8.795 7.272 0.196 0.231 -0.083251 20000 1.000000
238.286000 37.203500 -7.682 7.821 0.177 0.215 0.047789 20000 1.000000
237.786000 37.329900 -9.641 9.05 0.17 0.211 0.009598 20000 1.000000
237.901000 37.336900 -9.482 8.491 0.174 0.224 -0.004456 20000 1.000000
237.900000 37.722000 -7.645 5.662 0.181 0.222 -0.016778 20000 1.000000
237.781000 37.863900 -6.396 6.745 0.171 0.214 -0.045761 20000 1.000000
237.942000 37.713900 -7.632 5.119 0.181 0.222 -0.041910 20000 1.000000
238.174000 37.336800 -6.557 8.359 0.241 0.3 0.028133 20000 1.000000
238.210000 37.533000 -6.091 3.3 0.171 0.212 0.008966 20000 1.000000
238.313000 37.601800 -6.407 2.768 0.178 0.217 0.048830 20000 1.000000
238.022000 37.749400 -6.756 4.476 0.172 0.213 -0.005219 20000 1.000000
238.214000 37.819000 -5.732 3.315 0.174 0.215 -0.004917 20000 1.000000
238.095000 36.621700 -10.702 8.564 0.174 0.213 -0.003902 20000 1.000000
238.421000 36.724000 -11.071 11.568 0.172 0.211 -0.010669 20000 1.000000
238.580000 36.800400 -8.206 8.09 0.171 0.21 -0.015022 20000 1.000000
238.409000 36.858500 -10.426 10.261 0.173 0.213 -0.022102 20000 1.000000
238.459000 36.814300 -10.612 9.359 0.175 0.212 0.006319 20000 1.000000
238.445000 36.903500 -9.309 7.488 0.174 0.211 -0.016968 20000 1.000000
238.613000 36.637000 -11.621 10.821 0.182 0.221 -0.063614 20000 1.000000
238.458000 37.007800 -9.259 6.003 0.17 0.209 0.001695 20000 1.000000
238.426000 37.213000 -6.384 3.156 0.171 0.21 -0.002259 20000 1.000000
238.665000 36.918200 -6.174 3.017 0.17 0.209 -0.001161 20000 1.000000
238.645000 37.010800 -6.022 2.921 0.181 0.223 -0.034804 20000 1.000000
240.294000 37.713100 -5.027 5.438 0.179 0.221 -0.017403 20000 1.000000
238.812000 36.559500 -11.85 10.145 0.169 0.207 -0.009211 20000 1.000000
238.131000 37.975600 -6.297 3.669 0.172 0.214 0.012384 20000 1.000000
238.936000 36.611600 -4.722 2.993 0.168 0.206 -0.006468 20000 1.000000
238.732000 36.950000 -6.138 2.98 0.177 0.216 0.028056 20000 1.000000
238.652000 36.811400 -6.394 3.627 0.173 0.212 -0.005626 20000 1.000000
238.942000 37.169600 -6.301 2.237 0.178 0.218 0.014391 20000 1.000000
238.347000 37.478400 -5.541 2.895 0.185 0.227 -0.028226 20000 1.000000
238.531000 37.489600 -6.471 2.335 0.169 0.21 -0.009372 20000 1.000000
238.675000 37.581900 -7.287 1.705 0.173 0.218 -0.012176 20000 1.000000
238.395000 37.932000 -4.641 1.962 0.171 0.213 -0.000795 20000 1.000000
238.536000 37.755300 -7.707 3.065 0.175 0.217 0.007331 20000 1.000000
238.717000 37.385400 -5.387 1.58 0.176 0.221 0.000368 20000 1.000000
237.782000 38.153000 -7.146 3.862 0.169 0.212 -0.021284 20000 1.000000
237.904000 38.025100 -6.413 3.718 0.173 0.218 -0.051867 20000 1.000000
237.805000 38.444200 -6.005 2.456 0.179 0.233 -0.006268 20000 1.000000
237.645000 38.999500 -5.65 1.611 0.208 0.231 0.082742 20000 1.000000
238.905000 38.645300 -5.881 1.44 0.17 0.213 0.002320 20000 1.000000
239.652000 35.544100 -12.011 9.793 0.179 0.215 -0.004440 20000 1.000000
239.611000 35.841100 -9.527 10.14 0.177 0.213 -0.028973 20000 1.000000
239.655000 35.837800 -7.215 5.792 0.176 0.215 -0.012983 20000 1.000000
239.715000 35.806700 -7.102 5.16 0.182 0.218 -0.011857 20000 1.000000
239.093000 35.933300 -11.51 9.965 0.172 0.209 -0.013000 20000 1.000000
239.019000 36.417200 -6.2 4.189 0.172 0.212 0.009276 20000 1.000000
239.147000 36.515900 -5.499 2.097 0.176 0.218 -0.015692 20000 1.000000
239.302000 36.024800 -10.93 10.678 0.172 0.213 -0.007671 20000 1.000000
239.121000 36.140200 -11.86 10.93 0.173 0.209 -0.014056 20000 1.000000
239.251000 36.106800 -11.78 10.234 0.169 0.205 -0.001067 20000 1.000000
239.272000 36.178900 -5.31 3.421 0.169 0.205 -0.005737 20000 1.000000
239.355000 35.922800 -11.274 10.631 0.171 0.208 -0.012080 20000 1.000000
239.525000 36.007500 -8.628 3.194 0.186 0.219 0.015120 20000 1.000000
239.457000 36.089400 -4.756 2.137 0.17 0.207 -0.003880 20000 1.000000
239.158000 35.697100 -10.925 10.544 0.175 0.209 0.033616 20000 1.000000
239.637000 36.051700 -5.661 2.779 0.172 0.207 -0.006626 20000 1.000000
239.448000 35.974100 -10.719 8.012 0.213 0.248 -0.054995 20000 1.000000
239.706000 36.015800 -6.103 3.45 0.172 0.209 -0.013481 20000 1.000000
239.257000 36.806300 -6.371 2.244 0.172 0.212 -0.002185 20000 1.000000
239.803000 37.352200 -5.813 2.027 0.18 0.225 -0.006580 20000 1.000000
239.356000 37.795200 -5.715 2.115 0.18 0.218 0.012489 20000 1.000000
240.160000 37.901100 -7.476 0.855 0.191 0.225 -0.102849 20000 1.000000
239.049000 38.090000 -6.23 1.798 0.175 0.219 -0.008605 20000 1.000000
239.666000 38.735600 -5.391 1.279 0.179 0.216 0.019181 20000 1.000000
241.480000 37.177600 -6.344 1.32 0.168 0.208 0.000384 20000 1.000000
236.283000 39.863600 -8.778 6.348 0.205 0.257 -0.076800 20000 1.000000
236.448000 39.905700 -8.622 4.585 0.19 0.25 -0.019356 20000 1.000000
236.628000 39.452400 -8.043 4.386 0.17 0.216 -0.011620 20000 1.000000
236.705000 39.707100 -7.868 2.68 0.18 0.227 -0.069246 20000 1.000000
236.813000 39.492800 -8.132 3.314 0.185 0.255 0.027268 20000 1.000000
236.817000 39.962100 -5.705 3.736 0.17 0.219 -0.052065 20000 1.000000
236.344000 40.256800 -5.885 4.416 0.17 0.221 0.002822 20000 1.000000
236.117000 41.151700 -3.315 3.113 0.169 0.221 0.002530 20000 1.000000
236.301000 40.575300 -4.644 2.721 0.177 0.226 0.055436 20000 1.000000
236.427000 40.478900 -3.559 2.363 0.208 0.272 0.191602 20000 1.000000
236.548000 40.082200 -6.411 4.202 0.167 0.216 -0.002570 20000 1.000000
236.864000 40.324100 -3.608 2.022 0.167 0.217 -0.010885 20000 1.000000
236.676000 40.732900 -3.625 1.933 0.168 0.218 -0.034514 20000 1.000000
236.826000 40.546700 -3.332 1.836 0.171 0.224 -0.023850 20000 1.000000
237.024000 39.621400 -4.675 3.235 0.176 0.219 0.026742 20000 1.000000
237.264000 39.493600 -5.249 4.006 0.168 0.213 -0.011681 20000 1.000000
237.126000 39.726200 -4.413 3.191 0.173 0.222 0.051827 20000 1.000000
237.077000 40.747600 -4.321 1.042 0.176 0.226 -0.023634 20000 1.000000
237.332000 40.034100 -5.291 1.508 0.171 0.218 -0.020743 20000 1.000000
237.393000 40.650700 -4.247 1.087 0.179 0.234 -0.051500 20000 1.000000
236.666000 40.887100 -3.595 0.22 0.166 0.216 -0.009257 20000 1.000000
237.729000 40.271200 -4.284 1.498 0.18 0.229 -0.061708 20000 1.000000
239.132000 39.794700 -3.606 1.444 0.171 0.222 -0.028426 20000 1.000000
239.052000 41.183300 -3.518 1.317 0.171 0.224 -0.012006 20000 1.000000
237.681000 40.731100 -3.81 1.383 0.201 0.24 -0.004463 20000 1.000000
235.774000 42.209100 0.592 2.991 0.171 0.221 -0.016472 20000 1.000000
235.946000 42.860100 -0.615 2.493 0.191 0.25 0.056998 20000 1.000000
236.617000 42.503500 -2.413 2.444 0.171 0.227 0.004010 20000 1.000000
237.344000 42.191000 -3.525 0.878 0.175 0.233 -0.035303 20000 1.000000
238.220000 42.259700 -3.299 0.595 0.17 0.221 -0.005718 20000 1.000000
239.622000 42.468800 -4.757 -0.043 0.172 0.229 -0.024321 20000 1.000000
241.588000 42.254600 -3.096 0.084 0.167 0.222 0.001145 20000 1.000000
243.371000 36.071300 -4.111 1.14 0.184 0.225 0.058211 20000 1.000000
242.835000 36.022500 -3.283 1.548 0.183 0.213 -0.002992 20000 1.000000
242.590000 36.159000 -4.193 1.402 0.184 0.222 0.043268 20000 1.000000
241.868000 36.466800 -8.248 3.346 0.194 0.239 -0.192325 20000 1.000000
242.211000 36.531200 -5.978 -1.706 0.209 0.249 -0.055042 20000 1.000000
241.909000 36.570200 -5.896 2.926 0.194 0.222 -0.065233 20000 1.000000
241.882000 36.975700 -4.926 1.534 0.168 0.208 -0.002021 20000 1.000000
242.064000 37.231400 -4.612 0.382 0.175 0.214 0.037339 20000 1.000000
242.606000 34.462400 -7.3 3.933 0.184 0.214 -0.025458 20000 1.000000
242.459000 33.562100 -11.109 8.72 0.174 0.205 0.018672 20000 1.000000
242.895000 32.889200 -11.703 9.361 0.176 0.203 -0.010947 20000 1.000000
243.050000 32.733800 -11.912 9.216 0.172 0.2 -0.009083 20000 1.000000
242.756000 32.666400 -12.321 9.464 0.191 0.212 0.081509 20000 1.000000
242.810000 33.439600 -10.865 8.241 0.173 0.203 -0.006338 20000 1.000000
242.928000 33.235700 -11.041 8.373 0.183 0.207 0.033086 20000 1.000000
243.217000 33.493300 -10.197 7.604 0.174 0.203 -0.006043 20000 1.000000
243.651000 32.976000 -10.848 7.945 0.178 0.206 0.002493 20000 1.000000
243.989000 32.822200 -10.292 8.065 0.177 0.205 -0.038944 20000 1.000000
243.329000 33.240200 -11.411 7.583 0.182 0.211 -0.004578 20000 1.000000
243.431000 33.059200 -11.083 8.807 0.172 0.201 -0.007104 20000 1.000000
243.379000 33.375600 -10.047 7.693 0.178 0.207 0.039043 20000 1.000000
243.591000 33.210200 -11.623 7.256 0.189 0.222 0.013277 20000 1.000000
243.817000 33.213500 -9.294 6.443 0.175 0.204 -0.001048 20000 1.000000
243.921000 33.201000 -8.688 5.89 0.176 0.205 0.005313 20000 1.000000
243.888000 33.296200 -8.984 4.957 0.181 0.21 -0.060070 20000 1.000000
243.574000 33.523500 -8.165 5.638 0.183 0.207 0.065577 20000 1.000000
243.773000 33.574700 -7.936 4.226 0.181 0.219 0.027254 20000 1.000000
244.031000 32.887000 -11.542 7.415 0.178 0.206 -0.005476 20000 1.000000
244.175000 32.954700 -9.604 7.398 0.176 0.203 -0.003351 20000 1.000000
244.268000 32.759700 -10.668 7.42 0.188 0.215 0.025827 20000 1.000000
244.404000 32.750600 -11.202 8.871 0.183 0.208 -0.005751 20000 1.000000
244.423000 32.834700 -8.315 7.203 0.181 0.209 0.002370 20000 1.000000
244.430000 32.898400 -6.615 7.08 0.184 0.21 0.017846 20000 1.000000
244.700000 32.690000 -4.287 2.162 0.176 0.205 0.002864 20000 1.000000
244.602000 32.875800 -2.341 1.15 0.181 0.21 0.014169 20000 1.000000
244.578000 32.982500 -3.821 1.361 0.184 0.215 0.038127 20000 1.000000
244.280000 32.948900 -7.169 6.84 0.186 0.215 -0.001132 20000 1.000000
244.234000 33.516400 -4.756 1.323 0.183 0.214 0.053901 20000 1.000000
244.313000 33.423900 -4.381 1.964 0.183 0.213 0.043938 20000 1.000000
244.571000 33.247800 -4.009 0.646 0.181 0.21 -0.003125 20000 1.000000
244.657000 33.143600 -3.699 0.166 0.185 0.212 -0.060446 20000 1.000000
244.704000 33.886900 -3.629 -0.046 0.189 0.216 0.000501 20000 1.000000
240.305000 37.562600 -6.519 1.008 0.187 0.219 0.097792 20000 1.000000
239.350000 34.907300 -12.524 11.659 0.169 0.204 -0.006300 20000 1.000000
239.590000 35.010700 -11.418 11.06 0.176 0.211 -0.007344 20000 1.000000
239.760000 34.870600 -12.374 10.275 0.174 0.207 0.012818 20000 1.000000
239.617000 35.106200 -11.565 10.931 0.182 0.216 0.068138 20000 1.000000
241.822000 34.376400 -9.905 7.001 0.173 0.207 -0.002051 20000 1.000000
239.925000 35.020000 -11.016 8.526 0.171 0.205 -0.011094 20000 1.000000
240.208000 34.507800 -12.504 10.089 0.177 0.205 -0.011559 20000 1.000000
240.384000 34.630500 -12.686 7.876 0.17 0.203 -0.004794 20000 1.000000
240.185000 34.888600 -9.635 10.018 0.17 0.204 -0.000238 20000 1.000000
240.464000 35.086600 -8.271 6.29 0.171 0.206 0.001277 20000 1.000000
239.192000 35.425800 -10.343 12.017 0.172 0.207 -0.020679 20000 1.000000
239.455000 35.327800 -11.062 10.809 0.177 0.214 0.047842 20000 1.000000
239.646000 35.440500 -11.047 9.154 0.173 0.208 -0.016447 20000 1.000000
239.520000 35.624800 -12.755 6.33 0.173 0.21 0.008447 20000 1.000000
239.463000 35.792700 -10.881 9.974 0.174 0.212 0.013463 20000 1.000000
239.733000 35.633800 -9.357 8.371 0.177 0.21 0.025036 20000 1.000000
239.629000 35.747900 -10.988 9.255 0.174 0.21 0.001394 20000 1.000000
237.762000 37.061200 -11.275 11.167 0.171 0.212 0.012389 20000 1.000000
239.899000 35.235100 -11.64 8.534 0.192 0.222 0.041086 20000 1.000000
239.975000 35.279800 -10.445 8.606 0.179 0.217 -0.030621 20000 1.000000
240.065000 35.316800 -9.854 7.556 0.176 0.213 0.003332 20000 1.000000
239.887000 35.534200 -9.539 7.647 0.178 0.216 -0.008841 20000 1.000000
239.818000 35.702700 -7.804 6.597 0.172 0.208 0.000223 20000 1.000000
239.869000 35.801300 -7.114 4.605 0.18 0.212 -0.001116 20000 1.000000
239.999000 35.686700 -6.795 5.197 0.176 0.211 -0.043288 20000 1.000000
239.707000 35.688900 -9.954 8.363 0.172 0.208 -0.012186 20000 1.000000
240.287000 35.319000 -8.316 5.067 0.186 0.224 -0.002609 20000 1.000000
240.091000 35.934700 -5.741 3.38 0.173 0.209 -0.003245 20000 1.000000
240.496000 34.466800 -11.173 9.968 0.17 0.202 -0.006041 20000 1.000000
240.674000 34.599600 -11.646 7.662 0.18 0.219 0.085591 20000 1.000000
240.885000 34.660100 -10.974 7.828 0.178 0.211 0.049688 20000 1.000000
240.845000 34.856200 -10.016 5.05 0.24 0.349 -0.077697 20000 1.000000
239.755000 35.686700 -8.262 7.661 0.173 0.208 -0.014718 20000 1.000000
241.121000 34.835100 -9.097 6.655 0.172 0.206 0.004265 20000 1.000000
241.152000 34.792300 -10.894 4.72 0.178 0.217 -0.000922 20000 1.000000
241.331000 34.695000 -8.746 7.464 0.181 0.215 0.064345 20000 1.000000
241.454000 34.771100 -8.105 5.276 0.174 0.209 -0.012252 20000 1.000000
241.344000 34.944400 -6.98 3.892 0.179 0.214 -0.049448 20000 1.000000
241.388000 35.138600 -7.038 4.26 0.173 0.207 -0.028959 20000 1.000000
241.382000 34.838900 -7.451 5.659 0.179 0.214 -0.005845 20000 1.000000
241.459000 34.821800 -7.501 5.427 0.179 0.213 -0.000280 20000 1.000000
241.811000 34.982100 -6.659 4.26 0.172 0.206 -0.008235 20000 1.000000
241.876000 35.378000 -4.507 3.71 0.173 0.207 -0.014252 20000 1.000000
241.740000 35.667300 -5.414 3.478 0.18 0.212 0.006453 20000 1.000000
241.233000 36.231400 -5.93 3.502 0.178 0.212 0.054992 20000 1.000000
241.045000 36.585500 -5.365 2.45 0.172 0.211 -0.005175 20000 1.000000
241.740000 36.093100 -6.031 2.573 0.173 0.209 -0.007439 20000 1.000000
241.994000 35.038800 -6.082 4.277 0.173 0.207 0.000744 20000 1.000000
242.271000 34.509700 -7.46 5.758 0.173 0.207 -0.008639 20000 1.000000
242.451000 34.634300 -6.922 4.842 0.173 0.207 -0.006246 20000 1.000000
242.457000 34.987000 -5.593 4.082 0.175 0.208 0.028987 20000 1.000000
243.048000 33.892600 -8.207 6.597 0.172 0.204 -0.005424 20000 1.000000
243.454000 34.019300 -6.284 4.783 0.174 0.205 -0.011550 20000 1.000000
242.719000 34.534800 -6.381 4.688 0.199 0.217 -0.096585 20000 1.000000
241.969000 34.332200 -9.609 6.848 0.174 0.207 0.023087 20000 1.000000
242.635000 35.116800 -5.643 3.343 0.174 0.208 -0.009286 20000 1.000000
241.983000 35.152400 -5.219 3.777 0.174 0.209 -0.002929 20000 1.000000
242.697000 35.238500 -4.501 2.699 0.174 0.207 0.004083 20000 1.000000
242.795000 35.387900 -4.511 2.985 0.169 0.204 0.004861 20000 1.000000
242.610000 35.896700 -5.179 1.91 0.188 0.226 -0.013286 20000 1.000000
242.597000 35.697600 -5.323 1.908 0.173 0.207 -0.002299 20000 1.000000
243.111000 35.998200 -4.045 0.185 0.182 0.213 -0.011114 20000 1.000000
243.112000 35.710600 -4.519 2.101 0.326 0.38 0.004413 20000 1.000000
243.290000 34.192500 -6.536 4.717 0.177 0.206 -0.016923 20000 1.000000
243.463000 34.217200 -5.865 4.115 0.175 0.206 0.001496 20000 1.000000
243.788000 33.865800 -5.675 3.854 0.173 0.204 0.009079 20000 1.000000
243.920000 33.959300 -5.303 1.323 0.175 0.205 -0.002331 20000 1.000000
239.772000 35.729200 -8.132 5.504 0.2 0.234 -0.019111 20000 1.000000
243.971000 34.716900 -4.078 -0.15 0.177 0.208 -0.015727 20000 1.000000
243.329000 34.936800 -4.745 1.995 0.173 0.208 0.005775 20000 1.000000
242.063000 34.341100 -9.819 6.957 0.184 0.222 -0.031853 20000 1.000000
243.120000 34.462100 -6.504 3.796 0.173 0.205 -0.002795 20000 1.000000
244.179000 33.741000 -4.323 1.105 0.177 0.209 -0.004035 20000 1.000000
243.107000 34.062700 -7.003 5.118 0.198 0.233 -0.048418 20000 1.000000
244.236000 34.425700 -3.39 0.308 0.217 0.23 0.057298 20000 1.000000
244.350000 35.204800 -3.793 -0.168 0.179 0.211 -0.029488 20000 1.000000
242.685000 34.187400 -8.216 5.654 0.177 0.21 0.045235 20000 1.000000
242.950000 34.196200 -6.764 5.81 0.208 0.215 0.077696 20000 1.000000
244.750000 34.731800 -3.685 0.062 0.223 0.273 0.051618 20000 1.000000
243.237000 35.204600 -4.089 2.16 0.172 0.207 0.007554 20000 1.000000
242.107000 35.424600 -5.651 3.177 0.178 0.212 -0.012355 20000 1.000000
243.428000 35.320600 -3.605 0.973 0.173 0.209 -0.012278 20000 1.000000
243.896000 35.141900 -4.258 0.319 0.184 0.212 -0.024384 20000 1.000000
243.878000 35.526000 -4.627 -0.31 0.175 0.21 -0.008993 20000 1.000000
243.855000 35.785400 -3.438 0.259 0.173 0.209 -0.015620 20000 1.000000
244.456000 35.472800 -3.805 0.154 0.174 0.212 0.012150 20000 1.000000
244.634000 35.163000 -4.06 0.42 0.18 0.213 -0.035422 20000 1.000000
245.401000 34.188900 -3.771 -0.285 0.18 0.212 0.005312 20000 1.000000
245.035000 34.844400 -3.953 -0.171 0.18 0.212 -0.000342 20000 1.000000
244.762000 35.291100 -4.44 0.057 0.175 0.211 0.000690 20000 1.000000
241.621000 37.973100 -5.093 0.631 0.171 0.214 -0.025049 20000 1.000000
241.000000 37.613000 -6.185 -1.62 0.178 0.218 -0.036490 20000 1.000000
241.084000 37.605300 -6.674 -0.026 0.178 0.232 -0.018710 20000 1.000000
240.914000 37.785700 -6.173 2.58 0.209 0.237 -0.107615 20000 1.000000
240.967000 37.913500 -6.07 1.779 0.169 0.21 0.003255 20000 1.000000
240.974000 37.696600 -4.814 1.954 0.193 0.23 0.099442 20000 1.000000
240.862000 37.839300 -7.275 2.011 0.186 0.221 0.013073 20000 1.000000
240.853000 37.962800 -7.272 2.217 0.17 0.21 -0.001285 20000 1.000000
240.916000 37.914100 -6.176 2.146 0.172 0.213 0.005118 20000 1.000000
241.056000 37.734300 -5.677 -0.584 0.17 0.212 0.006867 20000 1.000000
241.131000 37.654600 -6.755 2.738 0.171 0.214 -0.006173 20000 1.000000
241.040000 37.891700 -4.875 1.527 0.18 0.217 0.000780 20000 1.000000
241.148000 37.878200 -5.496 1.744 0.17 0.211 -0.008412 20000 1.000000
241.183000 37.591400 -6.837 -0.7 0.174 0.227 0.059195 20000 1.000000
241.302000 37.561600 -4.136 1.327 0.176 0.238 -0.015804 20000 1.000000
241.316000 37.495400 -6.98 0.843 0.167 0.208 0.001439 20000 1.000000
241.406000 37.541300 -5.335 1.484 0.172 0.212 0.002771 20000 1.000000
241.180000 37.677000 -6.772 1.052 0.17 0.213 0.002434 20000 1.000000
241.232000 37.754400 -5.224 1.853 0.18 0.23 0.050321 20000 1.000000
240.981000 37.800000 -5.908 1.252 0.173 0.213 0.025556 20000 1.000000
241.264000 37.903500 -5.746 1.985 0.174 0.216 -0.010914 20000 1.000000
241.445000 37.891300 -4.533 1.487 0.176 0.216 0.043870 20000 1.000000
241.762000 37.589200 -2.737 1.057 0.25 0.309 -0.000617 20000 1.000000
241.528000 37.737500 -5.546 1.672 0.177 0.217 0.029470 20000 1.000000
240.850000 38.057900 -6.415 2.99 0.178 0.216 0.003395 20000 1.000000
237.804000 41.344800 -4.448 1.884 0.177 0.238 0.008542 20000 1.000000
237.706000 41.381200 -4.377 1.312 0.177 0.223 0.047801 20000 1.000000
237.809000 41.479200 -3.826 0.2 0.169 0.232 -0.033603 20000 1.000000
237.687000 41.463600 -4.669 2.011 0.173 0.236 -0.037007 20000 1.000000
237.847000 41.531900 -3.987 1.681 0.203 0.242 0.037396 20000 1.000000
238.493000 41.711600 -3.913 0.655 0.169 0.221 -0.000515 20000 1.000000
246.132000 42.878900 -4.697 -1.211 0.167 0.223 0.012286 20000 1.000000
241.275000 37.380400 -8.382 0.829 0.227 0.263 0.131471 20000 1.000000
241.439000 37.439500 -6.342 2.026 0.184 0.221 0.009928 20000 1.000000
240.254000 37.088900 -5.895 2.994 0.176 0.215 0.053991 20000 1.000000
241.853000 37.280500 -5 0.763 0.172 0.213 0.005245 20000 1.000000
239.172000 41.359200 -4.328 0.775 0.176 0.228 -0.074824 20000 1.000000
239.527000 41.332500 -3.887 0.906 0.173 0.224 0.006989 20000 1.000000
235.587000 42.442000 -0.725 3.209 0.171 0.228 -0.054467 20000 1.000000
235.707000 42.076600 -1.144 3.154 0.178 0.227 0.015351 20000 1.000000
238.120000 42.579800 -3.153 1.567 0.173 0.225 -0.007578 20000 1.000000
237.390000 42.727100 -4.235 2.186 0.187 0.234 0.100218 20000 1.000000
240.341000 42.546100 -4.001 0.155 0.169 0.226 -0.004953 20000 1.000000
242.275000 42.020200 -3.427 0.069 0.172 0.224 0.006165 20000 1.000000
243.404000 33.598200 -8.399 6.509 0.237 0.281 -0.095928 20000 1.000000
243.397000 33.495500 -10.126 6.647 0.179 0.212 0.009022 20000 1.000000
244.492000 32.829400 -6.938 6.827 0.177 0.205 -0.000234 20000 1.000000
238.928000 37.699000 -6.71 2.004 0.176 0.218 -0.012268 20000 1.000000
239.784000 35.693800 -8.292 7.372 0.183 0.217 -0.012705 20000 1.000000
237.579000 41.830800 -3.063 0.387 0.181 0.242 0.057513 20000 1.000000
236.019000 41.845500 -1.445 3.85 0.19 0.285 -0.082301 20000 1.000000
238.521000 36.744300 -11.604 7.277 0.347 0.377 0.031561 20000 1.000000
239.528000 35.946600 -5.132 4.304 0.197 0.233 0.058463 20000 1.000000
239.485000 35.929100 -9.853 10.104 0.278 0.335 -0.078925 20000 1.000000
236.427000 40.478800 -3.543 1.707 0.202 0.264 0.195918 20000 1.000000
242.077000 34.508200 -7.762 4.989 0.176 0.209 0.001174 20000 1.000000
243.314000 36.901800 -3.362 -0.236 0.184 0.218 0.037083 20000 1.000000
242.305000 34.925400 -5.29 3.95 0.178 0.213 -0.010357 20000 1.000000
243.880000 36.579600 -3.122 -0.136 0.198 0.234 0.017494 20000 1.000000
239.522000 35.919900 -9.653 7.031 0.189 0.231 0.031563 20000 1.000000
242.818000 33.835700 -9.215 7.341 0.196 0.218 -0.013535 20000 1.000000
243.506000 33.819200 -7.933 4.717 0.181 0.209 0.015379 20000 1.000000
242.193000 34.091800 -9.971 3.844 0.513 0.565 -0.036631 20000 1.000000
241.596000 33.743300 -12.098 10.305 0.176 0.206 0.033247 20000 1.000000
241.628000 33.779500 -6.11 7.507 0.227 0.275 0.017855 20000 1.000000
238.863000 36.161100 -11.631 10.192 0.179 0.214 0.026773 20000 1.000000
239.056000 39.974600 -5.423 1.036 0.174 0.224 -0.016883 20000 1.000000
242.317000 35.338700 -5.265 3.466 0.172 0.207 0.002299 20000 1.000000
240.280000 34.500000 -12.127 9.314 0.176 0.209 -0.028846 20000 1.000000
243.375000 34.643900 -5.236 2.616 0.177 0.207 -0.027095 20000 1.000000
243.446000 36.715400 -4.26 0.153 0.188 0.226 0.084883 20000 1.000000
241.974000 34.019100 -11.148 7.84 0.192 0.228 -0.049422 20000 1.000000
239.475000 35.900000 -0.637 9.334 0.177 0.217 -0.028479 20000 1.000000
241.807000 34.875100 -6.717 4.985 0.25 0.284 -0.052823 20000 1.000000
240.816000 34.541500 -11.435 8.62 0.196 0.231 0.079987 20000 1.000000
244.877000 40.617200 -4.349 -0.481 0.172 0.225 -0.001409 20000 1.000000
243.350000 36.316300 -3.571 -0.354 0.174 0.211 0.004060 20000 1.000000
238.442000 37.666500 -5.867 2.313 0.172 0.213 -0.014946 20000 1.000000
241.245000 34.459800 -11.103 9.507 0.193 0.234 -0.018380 20000 1.000000
242.138000 34.205600 -9.856 7.229 0.28 0.284 -0.064410 20000 1.000000
239.775000 40.591700 -4.283 0.76 0.175 0.228 -0.005244 20000 1.000000
240.984000 41.868400 -3.715 0.032 0.177 0.232 0.061621 20000 1.000000
243.701000 35.971300 -3.654 0.439 0.181 0.214 -0.031753 20000 1.000000
243.789000 36.730500 -3.463 0.485 0.193 0.231 0.051908 20000 1.000000
241.521000 34.438600 -8.168 5.573 0.192 0.225 -0.066943 20000 1.000000
240.116000 39.314300 -5.995 1.899 0.173 0.224 -0.026217 20000 1.000000
244.022000 33.292200 -6.413 4.827 0.178 0.207 -0.007151 20000 1.000000
244.412000 36.319600 -4.356 -1.083 0.19 0.224 0.004736 20000 1.000000
240.476000 33.247900 -12.033 11.778 0.179 0.212 0.024465 20000 1.000000
240.936000 34.319900 -11.019 9.033 0.173 0.205 -0.002311 20000 1.000000
241.354000 34.059300 -11.503 9.863 0.18 0.209 -0.017452 20000 1.000000
242.151000 33.992700 -10.399 6.602 0.186 0.216 -0.011475 20000 1.000000
239.935000 34.004300 -12.58 11.623 0.184 0.213 -0.023779 20000 1.000000
243.662000 36.644600 -4.11 -0.477 0.186 0.223 0.042037 20000 1.000000
243.426000 36.931600 -4.024 -0.199 0.196 0.234 0.049091 20000 1.000000
239.640000 35.917400 -3.587 7.91 0.19 0.231 -0.000355 20000 1.000000
241.585000 35.158200 -6.632 3.921 0.17 0.205 -0.009106 20000 1.000000
243.923000 33.650600 -5.967 3.014 0.178 0.209 0.057415 20000 1.000000
243.770000 36.934800 -3.784 -0.422 0.181 0.217 0.072312 20000 1.000000
239.867000 34.483500 -11.814 9.982 0.181 0.215 -0.050547 20000 1.000000
243.839000 33.641200 -5.842 3.114 0.188 0.217 0.024478 20000 1.000000
242.951000 39.542200 -4.351 -0.174 0.18 0.22 0.087546 20000 1.000000
242.816000 38.097200 -4.195 -0.422 0.186 0.232 -0.012213 20000 1.000000
241.669000 33.797800 -11.545 9.2 0.181 0.211 0.021093 20000 1.000000
241.163000 34.248000 -11.694 7.667 0.176 0.208 0.035265 20000 1.000000
235.849000 41.053900 -1.064 4.351 0.171 0.222 -0.042974 20000 1.000000
243.470000 34.840000 -4.847 1.616 0.187 0.231 0.020242 20000 1.000000
241.558000 34.069100 -10.292 9.215 0.198 0.224 0.043065 20000 1.000000
240.156000 34.413300 -11.621 9.927 0.207 0.223 -0.071431 20000 1.000000
241.198000 39.627100 -4.594 1.287 0.172 0.219 0.016375 20000 1.000000
241.715000 34.024000 -11.799 6.848 0.24 0.276 0.105181 20000 1.000000
243.915000 33.030100 -9.949 7.568 0.175 0.203 -0.008278 20000 1.000000
240.516000 34.851500 -9.704 5.123 0.225 0.267 0.014134 20000 1.000000
241.780000 34.178600 -11.429 7.269 0.225 0.237 0.069870 20000 1.000000
241.486000 34.126400 -11.354 8.429 0.174 0.206 -0.000258 20000 1.000000
241.516000 34.293200 -11.182 8.479 0.179 0.21 0.009653 20000 1.000000
239.384000 34.556300 -12.486 10.602 0.229 0.26 -0.027002 20000 1.000000
241.879000 34.501500 -7.621 4.701 0.196 0.221 0.003808 20000 1.000000
241.706000 33.712600 -12.201 9.698 0.176 0.21 0.001669 20000 1.000000
242.010000 34.030000 -11.569 7.823 0.199 0.236 0.001899 20000 1.000000
241.346000 37.664300 -4.572 1.106 0.178 0.224 0.033452 20000 1.000000
241.016000 35.010800 -7.588 4.461 0.196 0.229 -0.030794 20000 1.000000
243.608000 33.934800 -6.073 3.663 0.186 0.215 -0.001366 20000 1.000000
241.258000 34.568500 -12.754 6.9 0.189 0.223 0.130545 20000 1.000000
241.586000 34.259400 -10.725 7.754 0.198 0.234 -0.007218 20000 1.000000
243.068000 34.669000 -5.884 3.336 0.19 0.222 -0.108427 20000 1.000000
241.572000 33.958200 -11.799 9.314 0.255 0.268 -0.328131 20000 1.000000
243.346000 33.955300 -7.537 4.692 0.187 0.213 -0.007650 20000 1.000000
243.111000 35.425200 -4.201 5.363 0.201 0.237 -0.009354 20000 1.000000
243.532000 36.840400 -3.024 0.202 0.183 0.223 0.076436 20000 1.000000
