242.907000 34.116400 -9.936 0.271 0.181 0.221 -0.031470 20000 1.000000
242.555000 33.274300 -13.847 3.886 0.173 0.198 -0.003395 20000 1.000000
242.555000 33.274300 -13.796 4.089 0.17 0.194 -0.002031 20000 1.000000
243.571000 34.594300 -7.006 -2.71 0.166 0.194 -0.003516 20000 1.000000
241.305000 34.824500 -9.867 0.642 0.178 0.208 -0.019346 20000 1.000000
242.675000 33.341900 -13.497 3.989 0.166 0.193 0.007730 20000 1.000000
242.524000 33.381100 -13.866 4.044 0.168 0.192 -0.009019 20000 1.000000
242.103000 34.126000 -13.034 2.708 0.223 0.24 -0.043671 20000 1.000000
242.795000 40.412800 -6.139 -4.462 0.164 0.206 -0.016390 20000 1.000000
240.970000 33.480500 -14.036 5.587 0.187 0.207 -0.053505 20000 1.000000
245.125000 42.605800 -6.661 -4.789 0.203 0.265 -0.005911 20000 1.000000
243.116000 34.264300 -8.575 -0.019 0.189 0.224 0.044517 20000 1.000000
243.379000 37.039900 -5.841 -4.01 0.175 0.211 0.025640 20000 1.000000
244.002000 34.000500 -6.642 -3.198 0.169 0.195 -0.028512 20000 1.000000
242.935000 33.578200 -12.668 3.083 0.178 0.203 -0.019031 20000 1.000000
243.920000 35.287000 -5.656 -2.863 0.17 0.2 -0.009415 20000 1.000000
245.108000 42.616100 -10.619 -1.567 0.503 0.617 0.139916 20000 1.000000
245.285000 33.610400 -5.006 -3.721 0.167 0.194 -0.024559 20000 1.000000
243.947000 34.251400 -6.425 -3.545 0.169 0.196 -0.014979 20000 1.000000
241.723000 34.184900 -13.75 1.971 0.196 0.223 0.021476 20000 1.000000
242.988000 34.918600 -7.468 -1.583 0.168 0.198 0.002166 20000 1.000000
241.812000 34.292800 -13.936 3.547 0.262 0.265 -0.318852 20000 1.000000
242.156000 42.779500 -6.096 -3.679 0.168 0.22 -0.003213 20000 1.000000
240.653000 35.157300 -10.104 -0.339 0.169 0.203 0.008462 20000 1.000000
235.437000 42.836100 -2.859 -1.706 0.161 0.209 -0.014215 20000 1.000000
244.010000 33.655100 -7.043 -2.742 0.174 0.203 0.020990 20000 1.000000
239.566000 35.939400 -10.196 0.096 0.166 0.199 -0.022354 20000 1.000000
239.569000 35.888400 -11.486 2.38 0.189 0.219 0.003866 20000 1.000000
241.666000 33.311600 -14.085 5.101 0.164 0.191 0.001008 20000 1.000000
241.517000 33.445800 -13.985 4.958 0.167 0.196 -0.018888 20000 1.000000
241.370000 34.138600 -14.132 3.59 0.207 0.22 0.091143 20000 1.000000
242.329000 35.565300 -8.227 -1.14 0.172 0.207 -0.003123 20000 1.000000
243.664000 34.829500 -6.023 -3.719 0.182 0.206 -0.026957 20000 1.000000
242.035000 34.244000 -12.027 3.421 0.197 0.242 -0.117175 20000 1.000000
241.974000 34.333400 -12.678 1.413 0.183 0.207 0.032788 20000 1.000000
242.172000 34.640500 -9.603 0.064 0.175 0.209 0.033884 20000 1.000000
241.063000 34.109600 -14.039 4.551 0.182 0.218 0.008604 20000 1.000000
241.873000 34.136700 -19.084 -0.449 0.2 0.221 0.016622 20000 1.000000
242.576000 34.271200 -15.536 3.58 0.168 0.192 -0.009230 20000 1.000000
242.521000 34.313800 -10.583 -0.029 0.187 0.21 0.091163 20000 1.000000
241.856000 34.530300 -11.185 1.418 0.186 0.209 -0.126221 20000 1.000000
242.291000 34.109900 -12.784 1.449 0.177 0.205 -0.044611 20000 1.000000
245.126000 40.558400 -6.192 -4.259 0.178 0.21 0.028313 20000 1.000000
244.877000 32.863500 -5.324 -4.18 0.171 0.194 -0.010604 20000 1.000000
244.272000 32.850500 -11.025 2.24 0.178 0.2 -0.032470 20000 1.000000
240.120000 34.414900 -13.236 6.25 0.167 0.195 -0.021514 20000 1.000000
242.427000 35.071700 -7.72 -0.584 0.174 0.202 0.039428 20000 1.000000
239.249000 35.791600 -12.925 5.484 0.173 0.204 -0.030375 20000 1.000000
242.900000 34.039100 -9.785 0.163 0.167 0.194 0.003755 20000 1.000000
240.275000 35.242100 -10.594 1.63 0.163 0.193 0.002819 20000 1.000000
244.265000 33.069800 -9.086 0.813 0.176 0.202 -0.014764 20000 1.000000
240.961000 34.168400 -13.343 4.567 0.168 0.196 0.012067 20000 1.000000
241.743000 33.861500 -14.055 3.848 0.171 0.2 -0.016626 20000 1.000000
241.476000 34.253600 -13.628 3.703 0.173 0.203 0.042533 20000 1.000000
240.629000 34.408100 -14.187 3.825 0.193 0.226 -0.020518 20000 1.000000
241.387000 34.516500 -11.841 1.74 0.173 0.2 -0.023678 20000 1.000000
243.630000 34.124100 -6.817 -1.245 0.185 0.215 -0.080084 20000 1.000000
242.098000 34.082000 -13.568 3.2 0.182 0.211 -0.076569 20000 1.000000
241.603000 34.334800 -12.077 7.823 0.324 0.324 -0.198265 20000 1.000000
241.603000 34.334000 -14.54 1.522 0.266 0.259 -0.174513 20000 1.000000
244.212000 33.389800 -8.891 -1.955 0.178 0.205 -0.009942 20000 1.000000
242.154000 35.267500 -7.443 -0.635 0.166 0.196 -0.011720 20000 1.000000
242.140000 34.413400 -11.517 1.269 0.169 0.21 0.001453 20000 1.000000
241.873000 33.938300 -12.575 4.208 0.168 0.195 -0.007662 20000 1.000000
242.588000 33.647700 -12.447 3.326 0.164 0.19 -0.005013 20000 1.000000
241.170000 34.946200 -11.93 -1.829 0.174 0.209 -0.008406 20000 1.000000
245.061000 39.345200 -6.033 -4.195 0.167 0.206 -0.015143 20000 1.000000
244.183000 40.914700 -5.419 -3.447 0.162 0.207 -0.013288 20000 1.000000
241.871000 33.583500 -15.278 5.336 0.186 0.211 0.023214 20000 1.000000
242.574000 33.649100 -12.477 3.417 0.171 0.199 -0.051823 20000 1.000000
241.574000 34.703100 -9.39 0.56 0.168 0.197 0.002293 20000 1.000000
242.474000 34.104200 -12.673 2.371 0.195 0.227 -0.021140 20000 1.000000
241.558000 34.066600 -30.404 -27.632 1.661 0.759 -0.188167 20000 1.000000
239.991000 34.733000 -14.277 4.232 0.17 0.197 0.022325 20000 1.000000
243.064000 34.093600 -9.892 0.563 0.188 0.267 0.056872 20000 1.000000
241.116000 34.356300 -13.709 4.088 0.169 0.195 -0.008909 20000 1.000000
246.195000 39.369400 -5.98 -3.998 0.172 0.209 -0.028040 20000 1.000000
241.760000 34.733900 -9.677 0.634 0.169 0.2 -0.008903 20000 1.000000
244.200000 32.945000 -12.053 0.624 0.205 0.226 0.017249 20000 1.000000
241.107000 34.800200 -11.322 0.163 0.176 0.205 0.004025 20000 1.000000
240.644000 40.416500 -7.951 -3.936 0.167 0.213 -0.041563 20000 1.000000
244.479000 33.274800 -6.81 -4.572 0.174 0.197 -0.020455 20000 1.000000
243.617000 34.291400 -6.762 -1.996 0.17 0.199 -0.041088 20000 1.000000
245.173000 33.051100 -4.534 -3.809 0.172 0.198 -0.063237 20000 1.000000
244.340000 34.784000 -5.706 -4.189 0.202 0.239 -0.055862 20000 1.000000
245.810000 34.308600 -5.296 -4.329 0.17 0.196 -0.023069 20000 1.000000
243.111000 35.425200 -6.617 -2.517 0.17 0.199 -0.025932 20000 1.000000
245.820000 40.640200 -5.642 -4.699 0.165 0.206 0.002143 20000 1.000000
239.584000 36.399000 -7.996 -0.709 0.203 0.236 -0.043895 20000 1.000000
241.887000 34.047400 -17.428 4.241 1.013 0.587 -0.011428 20000 1.000000
241.714000 33.783600 -14.013 4.195 0.192 0.221 -0.109731 20000 1.000000
243.570000 34.754800 -6.801 -3.227 0.168 0.197 0.008195 20000 1.000000
242.999000 33.708100 -12.075 2.237 0.17 0.199 0.001767 20000 1.000000
244.365000 33.705000 -6.322 -4.524 0.186 0.225 -0.043227 20000 1.000000
239.520000 35.866700 -12.756 4.286 0.192 0.239 0.026615 20000 1.000000
242.155000 34.458200 -10.456 1.989 0.172 0.203 -0.026491 20000 1.000000
239.598000 35.880800 -10.16 1.15 0.179 0.21 0.073042 20000 1.000000
240.812000 34.441200 -13.561 3.415 0.178 0.208 -0.004513 20000 1.000000
244.089000 34.727300 -6.092 -4.299 0.171 0.202 -0.001370 20000 1.000000
243.779000 33.796800 -8.378 -1.425 0.171 0.2 0.016804 20000 1.000000
244.855000 34.157600 -5.237 -3.739 0.167 0.196 0.014681 20000 1.000000
241.526000 35.662300 -8.224 -1.245 0.175 0.207 -0.073631 20000 1.000000
242.045000 34.449100 -11.008 1.441 0.165 0.2 -0.018089 20000 1.000000
240.992000 34.398500 -13.921 2.935 0.169 0.199 -0.022326 20000 1.000000
243.827000 33.925400 -7.785 -1.881 0.178 0.201 -0.007069 20000 1.000000
243.241000 33.236000 -18.536 3.498 0.178 0.209 -0.001801 20000 1.000000
242.165000 34.485500 -9.937 0.741 0.166 0.194 -0.005056 20000 1.000000
242.609000 33.744200 -12.721 2.4 0.192 0.214 0.071049 20000 1.000000
242.555000 33.817400 -12.337 2.898 0.178 0.202 -0.000531 20000 1.000000
243.060000 35.090200 -6.366 -1.606 0.172 0.199 -0.008293 20000 1.000000
239.553000 34.691000 -29.907 5.916 0.171 0.197 -0.013595 20000 1.000000
242.246000 34.133300 -12.376 2.297 0.171 0.198 0.018840 20000 1.000000
239.406000 35.828700 -12.764 5.149 0.172 0.205 0.015020 20000 1.000000
241.970000 34.527100 -10.716 1.507 0.923 0.541 -0.045678 20000 1.000000
240.896000 34.733600 -12.542 1.163 0.17 0.204 0.007451 20000 1.000000
239.557000 35.832600 -11.919 4.064 0.167 0.198 -0.004674 20000 1.000000
242.563000 33.856800 -12.46 2.7 0.169 0.193 -0.018842 20000 1.000000
238.778000 42.418300 -6.58 -3.063 0.238 0.33 0.001782 20000 1.000000
244.021000 36.632500 -5.776 -3.519 0.166 0.201 0.021541 20000 1.000000
239.649000 34.038300 -14.921 6.78 0.17 0.2 -0.047440 20000 1.000000
243.904000 40.148400 -6.573 -3.924 0.171 0.217 -0.086227 20000 1.000000
242.682000 33.918400 -11.967 2.764 0.169 0.195 -0.003720 20000 1.000000
239.566000 35.969500 -9.748 -0.055 0.175 0.2 -0.047474 20000 1.000000
244.588000 40.710700 -6.442 -3.902 0.167 0.22 -0.019271 20000 1.000000
241.122000 34.295500 -13.882 4.265 0.189 0.214 0.001354 20000 1.000000
243.352000 34.038500 -8.174 0.423 0.183 0.215 0.094559 20000 1.000000
242.790000 34.230800 -9.11 1.699 0.283 0.275 0.261678 20000 1.000000
245.381000 34.767700 -5.652 -4.033 0.18 0.211 -0.015514 20000 1.000000
242.491000 39.685600 -5.953 -4.159 0.169 0.211 -0.012313 20000 1.000000
240.859000 34.498700 -14.385 2.524 0.167 0.194 -0.009723 20000 1.000000
245.104000 42.614500 -16.187 -12.285 0.253 0.334 -0.016212 20000 1.000000
243.932000 34.141000 -6.473 -2.854 0.168 0.195 0.005517 20000 1.000000
242.653000 33.240700 -13.905 5.068 0.192 0.206 -0.148228 20000 1.000000
244.082000 34.369900 -5.936 -3.768 0.169 0.2 -0.041003 20000 1.000000
243.695000 34.427700 -6.55 -2.6 0.171 0.204 -0.034811 20000 1.000000
243.708000 34.533000 -6.814 -2.673 0.179 0.202 -0.022254 20000 1.000000
243.185000 34.674900 -7.03 -1.97 0.177 0.207 0.079400 20000 1.000000
241.793000 34.128800 -13.256 2.685 0.167 0.194 -0.014122 20000 1.000000
240.647000 34.683400 -13.159 3.313 0.178 0.21 -0.013757 20000 1.000000
242.814000 39.521100 -6.186 -4.156 0.168 0.207 -0.012997 20000 1.000000
245.995000 32.722500 -4.333 -3.89 0.175 0.199 0.030030 20000 1.000000
244.721000 39.910200 -6.587 -3.847 0.182 0.214 -0.003673 20000 1.000000
245.543000 36.154200 -5.257 -4.246 0.167 0.197 -0.012580 20000 1.000000
245.180000 41.724200 -6.508 -4.315 0.167 0.21 -0.037228 20000 1.000000
242.670000 41.428700 -5.742 -4.092 0.163 0.209 -0.000442 20000 1.000000
242.935000 42.981700 -6.087 -4.443 0.161 0.211 -0.010950 20000 1.000000
235.925000 40.876300 -4.503 -0.172 0.214 0.267 0.046292 20000 1.000000
236.274000 38.928300 -13.035 6.819 0.163 0.201 -0.014046 20000 1.000000
237.585000 40.997600 -6.237 -3.751 0.19 0.251 -0.086425 20000 1.000000
243.830000 32.616500 -14.126 3.808 0.167 0.192 -0.020727 20000 1.000000
238.997000 35.551800 -14.434 6.544 0.166 0.198 -0.003515 20000 1.000000
242.015000 39.305600 -6.356 -4.301 0.17 0.213 -0.048038 20000 1.000000
242.395000 39.287900 -5.719 -4.32 0.168 0.205 -0.016195 20000 1.000000
243.576000 39.500500 -5.994 -4.177 0.169 0.218 0.007872 20000 1.000000
243.950000 39.546400 -6.114 -3.955 0.168 0.204 0.010887 20000 1.000000
244.111000 39.374200 -6.216 -3.85 0.164 0.204 0.006866 20000 1.000000
244.487000 39.536100 -6.374 -4.198 0.171 0.214 -0.006766 20000 1.000000
244.568000 39.388600 -6.251 -4.363 0.16 0.2 -0.009314 20000 1.000000
242.120000 40.433400 -6.683 -4.582 0.165 0.208 0.011632 20000 1.000000
245.723000 39.119400 -6.618 -3.718 0.22 0.281 -0.002288 20000 1.000000
246.129000 39.067300 -6.333 -3.943 0.175 0.217 -0.030430 20000 1.000000
246.495000 39.268900 -5.743 -4.227 0.163 0.207 0.003103 20000 1.000000
242.532000 40.320600 -5.795 -4.861 0.17 0.21 -0.052486 20000 1.000000
246.946000 40.494000 -5.953 -4.008 0.163 0.207 0.003847 20000 1.000000
243.264000 40.495500 -5.878 -4.27 0.184 0.228 -0.055426 20000 1.000000
243.721000 40.363200 -6.342 -3.979 0.163 0.206 0.014573 20000 1.000000
240.200000 39.572800 -8.443 -4.1 0.166 0.206 -0.019360 20000 1.000000
242.469000 36.614300 -6.933 -3.036 0.168 0.201 -0.014777 20000 1.000000
242.593000 36.804200 -6.571 -3.609 0.161 0.194 -0.006953 20000 1.000000
242.006000 36.606000 -8.608 -2.995 0.173 0.202 0.074641 20000 1.000000
242.296000 37.200800 -6.987 -4.054 0.166 0.2 -0.006459 20000 1.000000
240.463000 39.698400 -7.764 -3.34 0.173 0.213 -0.012479 20000 1.000000
240.694000 39.795600 -8.036 -3.484 0.173 0.222 0.034507 20000 1.000000
241.126000 39.838800 -7.044 -4.019 0.173 0.211 -0.032573 20000 1.000000
241.316000 39.888900 -6.831 -3.683 0.169 0.211 -0.024098 20000 1.000000
241.841000 39.212300 -5.937 -3.57 0.166 0.206 -0.004464 20000 1.000000
246.706000 41.856800 -6.549 -4.641 0.173 0.222 0.012730 20000 1.000000
246.958000 39.345100 -6.007 -4.226 0.167 0.206 -0.011581 20000 1.000000
246.988000 41.817300 -7.093 -4.566 0.165 0.21 -0.021450 20000 1.000000
246.722000 40.671300 -5.892 -4.098 0.168 0.212 -0.015446 20000 1.000000
240.400000 39.499200 -7.65 -3.545 0.18 0.214 0.036170 20000 1.000000
240.931000 39.486100 -7.47 -3.698 0.169 0.209 -0.006618 20000 1.000000
241.550000 39.133900 -6.669 -3.907 0.172 0.214 0.001682 20000 1.000000
241.062000 39.268000 -7.422 -3.648 0.165 0.205 -0.017323 20000 1.000000
241.649000 39.454700 -6.757 -3.907 0.166 0.206 0.036951 20000 1.000000
241.995000 38.728800 -6.853 -3.784 0.166 0.203 -0.001846 20000 1.000000
241.540000 38.724600 -6.828 -3.408 0.168 0.21 -0.007014 20000 1.000000
241.070000 38.980900 -7.914 -3.564 0.162 0.206 0.000269 20000 1.000000
240.523000 40.779800 -6.884 -3.563 0.185 0.223 0.073780 20000 1.000000
240.990000 40.242200 -6.082 -3.974 0.261 0.308 -0.075021 20000 1.000000
240.278000 39.908200 -6.8 -3.055 0.166 0.208 0.022349 20000 1.000000
239.307000 38.829200 -8.748 -2.827 0.186 0.211 0.093234 20000 1.000000
239.614000 39.046600 -8.86 -2.824 0.183 0.22 -0.056334 20000 1.000000
240.189000 39.123500 -6.701 -3.181 0.17 0.21 -0.072693 20000 1.000000
239.107000 39.466700 -8.669 -3.207 0.206 0.248 0.087640 20000 1.000000
240.376000 41.357700 -6.625 -3.224 0.164 0.211 -0.005866 20000 1.000000
239.716000 39.937400 -8.01 -3.77 0.16 0.201 -0.010456 20000 1.000000
239.194000 40.418600 -7.41 -2.512 0.207 0.254 0.031093 20000 1.000000
239.923000 40.288900 -7.527 -3.812 0.166 0.209 0.002609 20000 1.000000
235.692000 40.247500 -11.393 4.587 0.162 0.205 -0.006493 20000 1.000000
235.867000 40.551300 -5.769 1.01 0.166 0.21 -0.011606 20000 1.000000
235.787000 40.637400 -6.308 0.995 0.19 0.238 0.000044 20000 1.000000
235.943000 40.219600 -9.832 2.664 0.167 0.21 0.007379 20000 1.000000
236.307000 40.119300 -10.288 -1.316 0.177 0.225 0.027044 20000 1.000000
238.207000 36.485500 -13.812 5.875 0.167 0.198 -0.011130 20000 1.000000
238.710000 35.945700 -14.456 6.334 0.169 0.202 0.029301 20000 1.000000
238.949000 36.302100 -13.893 6.085 0.167 0.2 0.010422 20000 1.000000
238.865000 36.425900 -13.052 5.042 0.192 0.227 0.010069 20000 1.000000
237.668000 37.534500 -12.046 4.107 0.209 0.219 -0.095377 20000 1.000000
237.623000 37.914500 -12.086 3.306 0.171 0.207 0.000367 20000 1.000000
236.819000 38.495000 -12.215 5.273 0.167 0.208 -0.066142 20000 1.000000
236.291000 39.117200 -13.026 3.951 0.167 0.208 -0.003265 20000 1.000000
236.652000 38.987400 -12.925 4.377 0.175 0.211 0.071996 20000 1.000000
236.796000 39.242000 -10.105 -0.07 0.164 0.203 -0.010575 20000 1.000000
236.368000 42.275400 -4.671 -1.235 0.171 0.217 -0.007367 20000 1.000000
236.895000 39.319700 -10.622 -0.957 0.17 0.208 0.031613 20000 1.000000
237.041000 38.664700 -12.16 2.164 0.209 0.264 0.110206 20000 1.000000
237.233000 38.428600 -10.084 3.457 0.166 0.207 0.006097 20000 1.000000
237.548000 38.239800 -9.844 1.057 0.168 0.206 -0.007163 20000 1.000000
237.083000 38.866100 -9.356 0.515 0.161 0.201 -0.007703 20000 1.000000
237.037000 39.398100 -9.41 -0.097 0.623 0.737 -0.077925 20000 1.000000
237.424000 38.777800 -8.963 0.519 0.169 0.219 -0.047478 20000 1.000000
237.281000 39.260000 -11.264 -1.504 0.167 0.205 0.035839 20000 1.000000
237.696000 39.109300 -7.97 -2.463 0.171 0.21 -0.018444 20000 1.000000
237.873000 37.069200 -14.402 5.726 0.201 0.235 0.198696 20000 1.000000
238.137000 36.962000 -14.017 5.319 0.189 0.213 -0.043525 20000 1.000000
238.009000 37.201700 -11.604 4.212 0.195 0.227 -0.069432 20000 1.000000
238.203000 37.001000 -13.203 4.022 0.254 0.274 0.070175 20000 1.000000
238.274000 37.002400 -13.293 3.336 0.178 0.22 0.023074 20000 1.000000
238.349000 37.104500 -10.41 1.589 0.203 0.221 -0.115258 20000 1.000000
238.286000 37.203500 -12.314 1.707 0.173 0.204 0.042238 20000 1.000000
237.786000 37.329900 -13.099 6.421 0.163 0.198 0.002556 20000 1.000000
237.901000 37.336900 -11.812 4.924 0.209 0.258 -0.026707 20000 1.000000
237.900000 37.722000 -9.05 0.199 0.163 0.198 -0.010016 20000 1.000000
237.781000 37.863900 -10.395 0.37 0.172 0.214 0.002737 20000 1.000000
237.942000 37.713900 -10.374 1.545 0.188 0.222 -0.082662 20000 1.000000
238.174000 37.336800 -9.595 3.52 0.165 0.201 -0.010540 20000 1.000000
238.210000 37.533000 -8.779 -0.663 0.164 0.199 -0.004118 20000 1.000000
238.313000 37.601800 -8.726 -0.958 0.17 0.204 0.035883 20000 1.000000
238.022000 37.749400 -9.34 -0.731 0.166 0.202 -0.011197 20000 1.000000
238.214000 37.819000 -9.26 -3.426 0.171 0.205 0.004980 20000 1.000000
238.095000 36.621700 -13.859 5.946 0.166 0.2 -0.024661 20000 1.000000
238.421000 36.724000 -13.961 5.407 0.165 0.198 -0.008327 20000 1.000000
238.580000 36.800400 -10.743 3.483 0.165 0.198 -0.014770 20000 1.000000
238.409000 36.858500 -13.732 5.043 0.165 0.2 -0.022950 20000 1.000000
238.459000 36.814300 -12.505 6.252 0.168 0.2 -0.004105 20000 1.000000
238.445000 36.903500 -12.181 3.37 0.167 0.199 -0.024175 20000 1.000000
238.613000 36.637000 -14.046 5.915 0.176 0.209 -0.068955 20000 1.000000
238.458000 37.007800 -11.63 2.192 0.167 0.209 0.006951 20000 1.000000
238.426000 37.213000 -9.817 -1.448 0.166 0.199 -0.005631 20000 1.000000
238.665000 36.918200 -8.792 -1.915 0.163 0.197 -0.006436 20000 1.000000
238.645000 37.010800 -9.361 -1.526 0.173 0.211 -0.037218 20000 1.000000
240.294000 37.713100 -8.308 -2.276 0.171 0.209 -0.027989 20000 1.000000
238.812000 36.559500 -13.861 5.83 0.163 0.196 -0.012467 20000 1.000000
238.131000 37.975600 -7.511 -2.453 0.164 0.2 0.001340 20000 1.000000
238.936000 36.611600 -9.575 -2.827 0.162 0.195 -0.010333 20000 1.000000
238.732000 36.950000 -7.865 -1.706 0.165 0.199 0.010402 20000 1.000000
238.652000 36.811400 -8.664 -0.585 0.166 0.201 -0.019071 20000 1.000000
238.942000 37.169600 -8.578 -2.335 0.171 0.205 0.000830 20000 1.000000
238.347000 37.478400 -8.553 -2.351 0.18 0.217 -0.001004 20000 1.000000
238.531000 37.489600 -7.687 -3.083 0.163 0.198 -0.015473 20000 1.000000
238.675000 37.581900 -8.346 -1.866 0.168 0.207 -0.020350 20000 1.000000
238.395000 37.932000 -8.228 -1.915 0.165 0.201 -0.008383 20000 1.000000
238.536000 37.755300 -8.419 -2.255 0.167 0.203 -0.007830 20000 1.000000
238.717000 37.385400 -7.621 -2.183 0.167 0.207 -0.012900 20000 1.000000
237.782000 38.153000 -9.12 -0.594 0.163 0.201 -0.024898 20000 1.000000
237.904000 38.025100 -8.699 -0.49 0.169 0.207 -0.064584 20000 1.000000
237.805000 38.444200 -8.321 -1.533 0.175 0.224 0.005868 20000 1.000000
237.645000 38.999500 -7.882 -2.484 0.198 0.217 0.068831 20000 1.000000
238.905000 38.645300 -7.986 -1.828 0.164 0.201 -0.007651 20000 1.000000
239.652000 35.544100 -12.333 4.683 0.17 0.201 -0.013961 20000 1.000000
239.611000 35.841100 -11.687 3.341 0.173 0.203 -0.038434 20000 1.000000
239.655000 35.837800 -9.978 1.643 0.169 0.205 -0.013041 20000 1.000000
239.715000 35.806700 -9.902 1.336 0.175 0.209 -0.015180 20000 1.000000
239.093000 35.933300 -12.985 5.662 0.164 0.197 -0.010436 20000 1.000000
239.019000 36.417200 -7.587 -0.761 0.164 0.197 -0.008001 20000 1.000000
239.147000 36.515900 -7.486 -1.162 0.171 0.206 -0.025070 20000 1.000000
239.302000 36.024800 -13.645 5.496 0.165 0.203 -0.004873 20000 1.000000
239.121000 36.140200 -13.583 5.306 0.165 0.197 -0.009589 20000 1.000000
239.251000 36.106800 -13.302 5.062 0.162 0.194 -0.006432 20000 1.000000
239.272000 36.178900 -8.332 -1.686 0.162 0.194 -0.004944 20000 1.000000
239.355000 35.922800 -13.066 5.48 0.164 0.195 -0.016060 20000 1.000000
239.525000 36.007500 -12.552 -1.677 0.194 0.214 -0.019001 20000 1.000000
239.457000 36.089400 -9.299 -2.224 0.164 0.198 -0.008579 20000 1.000000
239.560000 36.123200 -7.504 -0.164 0.164 0.196 -0.009866 20000 1.000000
239.158000 35.697100 -13.053 6.28 0.17 0.197 0.040506 20000 1.000000
239.637000 36.051700 -7.676 0.503 0.168 0.196 -0.012312 20000 1.000000
239.448000 35.974100 -12.539 4.827 0.18 0.206 -0.049395 20000 1.000000
239.706000 36.015800 -7.784 0.701 0.166 0.197 -0.013952 20000 1.000000
239.723000 36.304400 -6.13 -1.695 0.166 0.2 -0.010281 20000 1.000000
239.257000 36.806300 -7.485 -1.13 0.166 0.202 -0.008318 20000 1.000000
239.803000 37.352200 -8.296 -1.622 0.174 0.211 -0.020575 20000 1.000000
239.356000 37.795200 -7.812 -1.966 0.169 0.202 -0.015745 20000 1.000000
240.160000 37.901100 -7.958 -1.169 0.187 0.211 -0.108316 20000 1.000000
239.049000 38.090000 -8.658 -1.421 0.167 0.205 -0.018273 20000 1.000000
239.666000 38.735600 -9.255 -2.503 0.187 0.213 0.041992 20000 1.000000
241.480000 37.177600 -9.224 -3.12 0.163 0.197 -0.000730 20000 1.000000
236.283000 39.863600 -12.46 2.243 0.244 0.302 -0.102230 20000 1.000000
236.448000 39.905700 -9.555 -0.513 0.195 0.252 -0.059603 20000 1.000000
236.628000 39.452400 -10.795 -0.456 0.166 0.209 0.009871 20000 1.000000
236.705000 39.707100 -10.528 -1.705 0.177 0.218 -0.059034 20000 1.000000
236.813000 39.492800 -10.575 0.936 0.21 0.285 0.022736 20000 1.000000
236.817000 39.962100 -7.816 -1.869 0.174 0.22 -0.055973 20000 1.000000
236.344000 40.256800 -8.027 -0.201 0.167 0.211 0.015652 20000 1.000000
236.117000 41.151700 -4.819 -2.269 0.168 0.212 0.014256 20000 1.000000
236.301000 40.575300 -6.536 -3.514 0.174 0.219 0.070319 20000 1.000000
236.427000 40.478900 -7.16 -2.307 0.202 0.252 0.200546 20000 1.000000
236.548000 40.082200 -9.398 -0.626 0.161 0.203 -0.002563 20000 1.000000
236.864000 40.324100 -7.235 -1.686 0.161 0.204 -0.013678 20000 1.000000
236.676000 40.732900 -5.138 -2.575 0.162 0.206 -0.031109 20000 1.000000
236.826000 40.546700 -6.009 -2.177 0.166 0.214 -0.026508 20000 1.000000
237.024000 39.621400 -10.951 -2.979 0.177 0.209 0.048453 20000 1.000000
237.264000 39.493600 -10.252 -2.575 0.163 0.201 -0.018541 20000 1.000000
237.126000 39.726200 -10.116 -1.448 0.167 0.21 0.026378 20000 1.000000
237.077000 40.747600 -6.389 -2.725 0.169 0.212 -0.032974 20000 1.000000
237.332000 40.034100 -7.614 -2.489 0.168 0.207 -0.019511 20000 1.000000
237.393000 40.650700 -6.442 -1.163 0.172 0.22 -0.054885 20000 1.000000
236.666000 40.887100 -6.108 -2.54 0.161 0.205 -0.006645 20000 1.000000
237.729000 40.271200 -7.05 -2.502 0.176 0.216 -0.077812 20000 1.000000
239.132000 39.794700 -10.261 -3.25 0.164 0.209 -0.040390 20000 1.000000
239.052000 41.183300 -6.894 -4.408 0.165 0.214 -0.036260 20000 1.000000
237.681000 40.731100 -6.829 -2.941 0.195 0.225 0.039793 20000 1.000000
235.774000 42.209100 -5.557 -2.506 0.169 0.211 0.001024 20000 1.000000
236.617000 42.503500 -5.422 -1.966 0.165 0.213 -0.003906 20000 1.000000
237.344000 42.191000 -4.569 -2.462 0.168 0.218 -0.039378 20000 1.000000
238.220000 42.259700 -6.791 -3.035 0.164 0.208 -0.012412 20000 1.000000
239.622000 42.468800 -6.03 -2.814 0.165 0.216 -0.036071 20000 1.000000
241.588000 42.254600 -6.584 -4.339 0.16 0.209 -0.015355 20000 1.000000
243.371000 36.071300 -6.647 -4.073 0.174 0.211 0.047218 20000 1.000000
242.835000 36.022500 -7.402 -2.949 0.173 0.2 -0.016016 20000 1.000000
242.590000 36.159000 -6.7 -2.156 0.175 0.207 0.040646 20000 1.000000
241.868000 36.466800 -9.757 -1.171 0.189 0.231 -0.210582 20000 1.000000
242.211000 36.531200 -7.884 -3.12 0.161 0.196 -0.009826 20000 1.000000
241.909000 36.570200 -7.92 -1.043 0.187 0.209 -0.073455 20000 1.000000
241.882000 36.975700 -8.123 -2.846 0.162 0.197 -0.004030 20000 1.000000
242.064000 37.231400 -7.015 -3.498 0.17 0.202 0.037546 20000 1.000000
242.606000 34.462400 -9.281 -0.316 0.177 0.203 -0.002015 20000 1.000000
242.459000 33.562100 -12.994 3.704 0.165 0.191 0.014800 20000 1.000000
242.895000 32.889200 -13.962 4.008 0.17 0.193 -0.019147 20000 1.000000
243.050000 32.733800 -14.013 3.877 0.164 0.188 -0.012136 20000 1.000000
242.756000 32.666400 -14.108 4.668 0.177 0.195 0.062467 20000 1.000000
242.810000 33.439600 -13.609 3.357 0.165 0.192 0.002547 20000 1.000000
242.928000 33.235700 -13.352 3.499 0.177 0.196 0.033362 20000 1.000000
243.217000 33.493300 -12.49 2.775 0.166 0.192 -0.007176 20000 1.000000
243.651000 32.976000 -13.833 3.583 0.17 0.195 -0.009005 20000 1.000000
243.989000 32.822200 -11.962 2.725 0.171 0.193 -0.050060 20000 1.000000
243.329000 33.240200 -13.797 3.462 0.175 0.199 -0.011905 20000 1.000000
243.431000 33.059200 -12.882 3.156 0.165 0.189 -0.014261 20000 1.000000
243.379000 33.375600 -12.413 1.951 0.17 0.196 0.021265 20000 1.000000
243.591000 33.210200 -12.742 2.51 0.181 0.208 0.000888 20000 1.000000
243.817000 33.213500 -11.734 1.659 0.167 0.191 -0.010989 20000 1.000000
243.921000 33.201000 -11.895 0.847 0.167 0.192 -0.002391 20000 1.000000
243.888000 33.296200 -10.005 -0.185 0.17 0.196 -0.062360 20000 1.000000
243.574000 33.523500 -10.697 0.764 0.18 0.201 0.059458 20000 1.000000
243.773000 33.574700 -9.738 0.353 0.175 0.209 0.006520 20000 1.000000
244.031000 32.887000 -11.823 2.985 0.169 0.194 -0.007132 20000 1.000000
244.175000 32.954700 -12.561 2.655 0.167 0.191 -0.011453 20000 1.000000
244.268000 32.759700 -11.515 2.698 0.175 0.202 -0.009213 20000 1.000000
244.404000 32.750600 -10.969 3.134 0.181 0.2 -0.015211 20000 1.000000
244.423000 32.834700 -9.723 1.637 0.175 0.199 -0.012975 20000 1.000000
244.430000 32.898400 -9.203 0.946 0.174 0.198 -0.000847 20000 1.000000
244.700000 32.690000 -6.179 -2.073 0.167 0.192 -0.018163 20000 1.000000
244.602000 32.875800 -4.478 -3.035 0.177 0.203 0.010300 20000 1.000000
244.578000 32.982500 -5.856 -3.44 0.173 0.201 0.000521 20000 1.000000
244.280000 32.948900 -10.06 1.242 0.17 0.195 -0.012761 20000 1.000000
244.234000 33.516400 -7.083 -3.525 0.175 0.201 0.042296 20000 1.000000
244.313000 33.423900 -7.223 -3.553 0.174 0.199 0.030123 20000 1.000000
244.571000 33.247800 -6.017 -4.017 0.172 0.197 -0.019725 20000 1.000000
244.657000 33.143600 -6.118 -3.633 0.172 0.196 -0.039847 20000 1.000000
244.704000 33.886900 -6.136 -4.053 0.177 0.199 -0.006863 20000 1.000000
240.305000 37.562600 -8.833 -2.309 0.185 0.207 0.094865 20000 1.000000
239.350000 34.907300 -14.022 6.57 0.162 0.191 -0.007498 20000 1.000000
239.590000 35.010700 -14.825 4.694 0.169 0.197 -0.001805 20000 1.000000
239.760000 34.870600 -14.176 5.243 0.166 0.194 0.008169 20000 1.000000
239.617000 35.106200 -14.064 5.339 0.175 0.203 0.067446 20000 1.000000
241.822000 34.376400 -12.027 2.458 0.167 0.195 -0.009107 20000 1.000000
239.925000 35.020000 -15.307 2.765 0.163 0.192 -0.009853 20000 1.000000
240.208000 34.507800 -14.482 4.604 0.169 0.192 0.000280 20000 1.000000
240.384000 34.630500 -13.999 2.939 0.163 0.191 -0.007592 20000 1.000000
240.185000 34.888600 -15.09 3.65 0.162 0.191 -0.003929 20000 1.000000
240.464000 35.086600 -11.118 1.4 0.163 0.192 -0.005214 20000 1.000000
239.192000 35.425800 -15.206 5.515 0.165 0.195 -0.019485 20000 1.000000
239.455000 35.327800 -13.276 5.39 0.168 0.2 0.037886 20000 1.000000
239.646000 35.440500 -12.9 4.996 0.167 0.198 -0.020171 20000 1.000000
239.520000 35.624800 -13.109 6.384 0.182 0.216 -0.002962 20000 1.000000
239.463000 35.792700 -12.365 5.229 0.166 0.198 0.006811 20000 1.000000
239.733000 35.633800 -11.91 3.633 0.169 0.197 0.018498 20000 1.000000
239.629000 35.747900 -11.938 3.968 0.168 0.199 0.002682 20000 1.000000
237.762000 37.061200 -13.167 5.963 0.164 0.199 0.002069 20000 1.000000
239.899000 35.235100 -13.248 4.362 0.187 0.211 0.039066 20000 1.000000
239.975000 35.279800 -12.968 3.685 0.17 0.205 -0.041876 20000 1.000000
240.065000 35.316800 -11.712 2.835 0.167 0.199 -0.008090 20000 1.000000
239.887000 35.534200 -11.48 2.425 0.166 0.198 -0.012870 20000 1.000000
239.818000 35.702700 -9.5 1.21 0.164 0.195 -0.003341 20000 1.000000
239.869000 35.801300 -8.77 0.546 0.174 0.201 0.004054 20000 1.000000
239.999000 35.686700 -9.223 0.157 0.172 0.2 -0.052251 20000 1.000000
239.707000 35.688900 -11.725 3.77 0.164 0.195 -0.015110 20000 1.000000
240.287000 35.319000 -10.149 0.667 0.176 0.208 -0.032259 20000 1.000000
240.091000 35.934700 -8.377 -0.272 0.167 0.197 -0.002092 20000 1.000000
240.496000 34.466800 -12.706 4.725 0.164 0.191 -0.004582 20000 1.000000
240.674000 34.599600 -14.167 1.513 0.171 0.205 0.064668 20000 1.000000
240.885000 34.660100 -13.071 1.822 0.171 0.199 0.054032 20000 1.000000
240.845000 34.856200 -11.329 2.704 0.249 0.327 -0.119123 20000 1.000000
239.755000 35.686700 -11.351 3.619 0.166 0.196 -0.015088 20000 1.000000
241.121000 34.835100 -10.874 0.367 0.166 0.194 0.003105 20000 1.000000
241.152000 34.792300 -10.696 1.656 0.17 0.204 -0.009642 20000 1.000000
241.331000 34.695000 -10.359 -0.334 0.172 0.203 0.050310 20000 1.000000
241.454000 34.771100 -9.942 1.215 0.168 0.198 -0.001850 20000 1.000000
241.344000 34.944400 -10.261 -0.257 0.172 0.203 -0.057566 20000 1.000000
241.388000 35.138600 -8.479 -1.032 0.166 0.195 -0.027924 20000 1.000000
241.459000 34.821800 -9.944 0.567 0.175 0.201 -0.019845 20000 1.000000
241.876000 35.378000 -9.475 -1.339 0.167 0.195 -0.016369 20000 1.000000
241.740000 35.667300 -9.268 -1.081 0.173 0.2 -0.001262 20000 1.000000
241.233000 36.231400 -7.961 -1.408 0.171 0.199 0.053296 20000 1.000000
241.045000 36.585500 -7.988 -1.257 0.162 0.195 -0.003217 20000 1.000000
241.740000 36.093100 -8.527 -0.989 0.167 0.196 -0.008844 20000 1.000000
241.994000 35.038800 -8.115 -0.058 0.167 0.195 0.001955 20000 1.000000
242.271000 34.509700 -9.524 0.25 0.167 0.195 -0.010923 20000 1.000000
242.451000 34.634300 -8.6 -0.114 0.166 0.196 -0.020142 20000 1.000000
242.457000 34.987000 -7.694 -1.138 0.177 0.207 0.033016 20000 1.000000
243.048000 33.892600 -10.509 1.387 0.164 0.191 -0.006252 20000 1.000000
243.454000 34.019300 -8.153 -0.185 0.166 0.192 -0.017392 20000 1.000000
242.719000 34.534800 -8.732 -0.776 0.193 0.204 -0.114902 20000 1.000000
241.969000 34.332200 -12.564 1.651 0.169 0.197 0.003224 20000 1.000000
242.635000 35.116800 -7.088 -0.089 0.233 0.277 -0.013929 20000 1.000000
241.983000 35.152400 -8.443 -0.283 0.167 0.196 -0.012743 20000 1.000000
242.697000 35.238500 -6.988 -1.173 0.168 0.196 0.001589 20000 1.000000
242.795000 35.387900 -6.648 -1.156 0.163 0.193 0.001079 20000 1.000000
242.610000 35.896700 -6.369 -2.843 0.181 0.214 -0.042009 20000 1.000000
242.597000 35.697600 -7.327 -1.932 0.166 0.196 -0.006951 20000 1.000000
243.111000 35.998200 -7.323 -3.02 0.176 0.199 -0.011867 20000 1.000000
243.112000 35.710600 -5.969 -2.947 0.164 0.196 -0.001751 20000 1.000000
243.290000 34.192500 -8.554 -0.55 0.169 0.195 -0.019643 20000 1.000000
243.463000 34.217200 -7.711 -0.958 0.169 0.194 0.006384 20000 1.000000
243.788000 33.865800 -7.786 -1.921 0.165 0.192 0.003633 20000 1.000000
243.920000 33.959300 -6.385 -2.328 0.18 0.205 -0.011755 20000 1.000000
239.772000 35.729200 -9.795 1.758 0.167 0.196 0.002331 20000 1.000000
243.971000 34.716900 -6.219 -3.758 0.177 0.203 -0.045842 20000 1.000000
243.329000 34.936800 -7.294 -2.891 0.17 0.201 0.000526 20000 1.000000
242.063000 34.341100 -12.597 2.363 0.18 0.216 -0.010984 20000 1.000000
243.120000 34.462100 -8.166 -1.196 0.166 0.194 -0.009102 20000 1.000000
244.179000 33.741000 -6.796 -3.216 0.181 0.206 -0.007745 20000 1.000000
243.107000 34.062700 -9.752 0.675 0.18 0.212 -0.046024 20000 1.000000
244.236000 34.425700 -5.691 -3.819 0.202 0.215 0.028542 20000 1.000000
244.350000 35.204800 -5.75 -4.116 0.171 0.2 -0.043377 20000 1.000000
242.685000 34.187400 -10.882 -0.475 0.168 0.197 0.031795 20000 1.000000
242.950000 34.196200 -8.988 1.147 0.199 0.202 0.073888 20000 1.000000
244.750000 34.731800 -5.87 -3.931 0.212 0.246 -0.037198 20000 1.000000
243.237000 35.204600 -7.173 -2.584 0.166 0.194 0.000576 20000 1.000000
242.107000 35.424600 -8.086 -1.07 0.165 0.194 -0.011189 20000 1.000000
243.428000 35.320600 -6.716 -3.188 0.166 0.199 -0.006483 20000 1.000000
243.896000 35.141900 -5.707 -3.894 0.178 0.199 -0.043367 20000 1.000000
243.878000 35.526000 -5.802 -3.538 0.167 0.198 -0.015431 20000 1.000000
243.855000 35.785400 -6.328 -4.234 0.166 0.197 -0.020117 20000 1.000000
244.456000 35.472800 -5.419 -4.186 0.166 0.199 -0.000571 20000 1.000000
244.634000 35.163000 -5.939 -4.859 0.194 0.224 0.008726 20000 1.000000
245.401000 34.188900 -5.442 -3.889 0.168 0.197 -0.008141 20000 1.000000
245.035000 34.844400 -5.434 -4.208 0.168 0.196 -0.019114 20000 1.000000
244.762000 35.291100 -5.877 -4.14 0.166 0.197 -0.011114 20000 1.000000
241.621000 37.973100 -7.055 -3.1 0.204 0.256 -0.035730 20000 1.000000
241.000000 37.613000 -9.043 -2.217 0.168 0.203 -0.045045 20000 1.000000
241.084000 37.605300 -9.264 -5.51 0.172 0.219 -0.027629 20000 1.000000
240.914000 37.785700 -7.927 -1.271 0.207 0.233 -0.128057 20000 1.000000
240.967000 37.913500 -8.841 -1.524 0.162 0.198 -0.007472 20000 1.000000
240.974000 37.696600 -9.887 -1.451 0.197 0.221 0.127215 20000 1.000000
240.862000 37.839300 -8.336 -1.96 0.18 0.212 0.021362 20000 1.000000
240.853000 37.962800 -8.414 -1.206 0.223 0.272 0.007413 20000 1.000000
240.916000 37.914100 -7.637 -1.555 0.166 0.2 -0.008110 20000 1.000000
241.056000 37.734300 -8.437 0.532 0.164 0.2 -0.010863 20000 1.000000
241.131000 37.654600 -6.26 -3.015 0.166 0.204 -0.015092 20000 1.000000
241.040000 37.891700 -9.171 -1.248 0.172 0.204 -0.019957 20000 1.000000
241.148000 37.878200 -8.03 -1.144 0.165 0.2 -0.020405 20000 1.000000
241.183000 37.591400 -8.499 -4.265 0.168 0.214 0.052048 20000 1.000000
241.302000 37.561600 -7.521 -3.14 0.169 0.222 -0.021218 20000 1.000000
241.316000 37.495400 -8.812 -3.315 0.161 0.196 -0.009457 20000 1.000000
241.406000 37.541300 -7.947 -2.885 0.172 0.209 -0.007073 20000 1.000000
241.180000 37.677000 -5.998 -2.368 0.164 0.2 -0.008313 20000 1.000000
241.232000 37.754400 -6.638 -1.355 0.172 0.215 0.032241 20000 1.000000
240.981000 37.800000 -9.308 -1.219 0.166 0.202 0.027277 20000 1.000000
241.264000 37.903500 -6.995 -1.555 0.165 0.202 -0.016182 20000 1.000000
241.445000 37.891300 -7.685 -2.32 0.174 0.205 0.058879 20000 1.000000
241.762000 37.589200 -7.485 -3.589 0.164 0.2 -0.010107 20000 1.000000
241.528000 37.737500 -7.564 -2.709 0.17 0.203 0.014889 20000 1.000000
240.850000 38.057900 -8.612 -2.514 0.216 0.258 -0.002258 20000 1.000000
237.804000 41.344800 -0.903 -16.546 0.183 0.235 0.017156 20000 1.000000
237.706000 41.381200 -5.393 -3.602 0.175 0.214 0.051044 20000 1.000000
237.809000 41.479200 -6.445 0.046 0.167 0.226 -0.049108 20000 1.000000
237.687000 41.463600 -5.946 -3.561 0.166 0.222 -0.048543 20000 1.000000
237.847000 41.531900 -6.353 -2.807 0.294 0.35 0.072515 20000 1.000000
238.493000 41.711600 -5.898 -3.147 0.162 0.209 -0.010202 20000 1.000000
246.132000 42.878900 -5.717 -4.236 0.162 0.213 -0.022853 20000 1.000000
241.275000 37.380400 -12.772 -3.051 0.227 0.248 0.132381 20000 1.000000
241.439000 37.439500 -8.278 -2.976 0.2 0.23 -0.016691 20000 1.000000
240.254000 37.088900 -8.038 -1.475 0.167 0.201 0.034741 20000 1.000000
241.853000 37.280500 -7.798 -3.792 0.166 0.201 -0.000420 20000 1.000000
239.172000 41.359200 -7.01 -3.255 0.208 0.255 -0.079183 20000 1.000000
239.527000 41.332500 -7.117 -3.926 0.168 0.212 -0.005060 20000 1.000000
235.587000 42.442000 -3.763 -1.802 0.167 0.217 -0.063372 20000 1.000000
235.707000 42.076600 -3.672 -1.57 0.17 0.212 0.009972 20000 1.000000
238.120000 42.579800 -6.185 -3.188 0.167 0.212 -0.020622 20000 1.000000
240.341000 42.546100 -5.489 -3.829 0.164 0.214 -0.020334 20000 1.000000
242.275000 42.020200 -6.532 -4.774 0.166 0.212 -0.013627 20000 1.000000
243.404000 33.598200 -11.314 0.117 0.247 0.283 -0.139587 20000 1.000000
243.397000 33.495500 -11.803 1.909 0.172 0.2 -0.006425 20000 1.000000
244.492000 32.829400 -8.26 1.108 0.202 0.222 -0.025649 20000 1.000000
239.784000 35.693800 -10.452 1.761 0.183 0.212 0.035165 20000 1.000000
237.579000 41.830800 -6.779 -3.157 0.171 0.218 0.021202 20000 1.000000
236.019000 41.845500 -4.512 -1.029 0.183 0.26 -0.077235 20000 1.000000
238.521000 36.744300 -15.424 5.379 0.179 0.208 0.038045 20000 1.000000
239.528000 35.946600 -7.637 0.335 0.185 0.211 0.044203 20000 1.000000
239.485000 35.929100 -11.983 5.322 0.223 0.273 0.011085 20000 1.000000
236.427000 40.478800 -7.433 -1.924 0.204 0.252 0.216644 20000 1.000000
237.036000 39.845700 -8.714 -2.679 0.168 0.212 -0.031531 20000 1.000000
243.852000 34.508100 -5.316 -3.529 0.164 0.192 -0.005786 20000 1.000000
245.241000 32.497900 -5.466 -4.13 0.174 0.195 -0.014381 20000 1.000000
243.407000 33.537300 -10.937 1.574 0.179 0.209 0.049313 20000 1.000000
241.651000 34.021700 -15.83 -4.156 0.194 0.234 0.016051 20000 1.000000
241.379000 34.836000 -8.882 -0.003 0.169 0.199 -0.009632 20000 1.000000
241.983000 35.152400 -8.191 1.048 0.168 0.199 -0.008917 20000 1.000000
241.983000 35.152500 -8.309 -0.069 0.169 0.198 -0.002828 20000 1.000000
235.946000 42.861900 -3.647 -1.609 0.191 0.235 0.149303 20000 1.000000
242.968000 33.389000 -13.375 2.931 0.181 0.213 0.062652 20000 1.000000
243.936000 31.559100 -14.361 5.214 0.174 0.192 0.058924 20000 1.000000
238.728000 35.709000 -14.036 6.488 0.184 0.217 -0.015001 20000 1.000000
242.077000 34.508200 -10.541 1.18 0.173 0.2 0.006738 20000 1.000000
239.241000 36.186900 -6.826 1.002 0.172 0.201 0.048315 20000 1.000000
239.233000 36.180500 -13.923 5.165 0.17 0.199 0.003232 20000 1.000000
244.450000 32.490100 -10.677 3.861 0.169 0.201 -0.042842 20000 1.000000
242.305000 34.925400 -7.931 -0.648 0.17 0.198 -0.036226 20000 1.000000
244.116000 32.417000 -13.867 4.435 0.166 0.19 -0.013763 20000 1.000000
243.076000 33.687100 -12.77 0.73 0.166 0.193 -0.016238 20000 1.000000
239.522000 35.919900 -11.631 2.983 0.169 0.201 0.022624 20000 1.000000
242.818000 33.835700 -11.917 3.064 0.185 0.206 -0.022812 20000 1.000000
242.193000 34.091800 -13.177 2.387 0.176 0.21 -0.001850 20000 1.000000
244.165000 31.313100 -14.921 4.917 0.166 0.188 -0.019071 20000 1.000000
241.596000 33.743300 -13.698 3.848 0.168 0.193 0.004345 20000 1.000000
241.628000 33.779500 -12.67 3.216 0.317 0.354 0.072160 20000 1.000000
238.863000 36.161100 -13.907 5.773 0.173 0.202 0.016195 20000 1.000000
241.755000 34.628700 -9.788 1.515 0.238 0.275 -0.056427 20000 1.000000
239.056000 39.974600 -9.477 -3.551 0.226 0.281 -0.055775 20000 1.000000
243.849000 34.683200 -5.94 -4.131 0.166 0.195 -0.008965 20000 1.000000
242.317000 35.338700 -7.093 -1.348 0.167 0.196 -0.002097 20000 1.000000
240.280000 34.500000 -14.095 4.916 0.169 0.197 -0.011754 20000 1.000000
242.413000 33.444100 -14.297 4.753 0.194 0.216 0.008713 20000 1.000000
243.375000 34.643900 -7.801 -2.086 0.17 0.195 -0.031353 20000 1.000000
241.974000 34.019100 -13.785 2.625 0.186 0.215 -0.050834 20000 1.000000
242.391000 33.674100 -12.422 3.841 0.176 0.202 0.030085 20000 1.000000
242.445000 33.485800 -11.706 3.424 0.175 0.2 0.031146 20000 1.000000
239.475000 35.900000 -18.152 5.432 0.174 0.209 -0.029299 20000 1.000000
241.807000 34.875100 -8.937 0.16 0.176 0.204 0.007388 20000 1.000000
240.816000 34.541500 -14.778 4.321 0.186 0.216 0.068974 20000 1.000000
244.877000 40.617200 -7.088 -3.809 0.168 0.216 -0.000357 20000 1.000000
243.350000 36.316300 -5.982 -3.163 0.208 0.241 0.011095 20000 1.000000
238.442000 37.666500 -8.026 -1.884 0.166 0.202 -0.017152 20000 1.000000
241.245000 34.459800 -12.974 2.519 0.186 0.221 -0.020760 20000 1.000000
239.775000 40.591700 -7.203 -3.255 0.169 0.216 -0.032719 20000 1.000000
240.984000 41.868400 -6.505 -4.078 0.177 0.223 0.059815 20000 1.000000
243.701000 35.971300 -5.433 -4.12 0.176 0.203 -0.052935 20000 1.000000
241.521000 34.438600 -13.365 2 0.203 0.229 -0.061750 20000 1.000000
243.746000 33.192600 -11.819 2.653 0.168 0.193 -0.014198 20000 1.000000
244.022000 33.292200 -8.639 0.067 0.17 0.194 -0.003054 20000 1.000000
240.476000 33.247900 -15.463 5.981 0.167 0.193 -0.011527 20000 1.000000
240.936000 34.319900 -13.925 3.826 0.165 0.192 -0.005920 20000 1.000000
241.354000 34.059300 -14.265 3.636 0.173 0.197 -0.052915 20000 1.000000
242.151000 33.992700 -12.873 2.795 0.176 0.201 0.001032 20000 1.000000
245.105000 42.612700 -11.293 -9.773 0.234 0.303 -0.001659 20000 1.000000
239.930000 34.607300 -14.891 5.311 0.175 0.218 -0.045220 20000 1.000000
239.640000 35.917400 -11.952 -0.767 0.191 0.215 0.073239 20000 1.000000
241.585000 35.158200 -8.123 -0.567 0.165 0.196 -0.006957 20000 1.000000
243.923000 33.650600 -8.289 -1.026 0.17 0.199 0.028748 20000 1.000000
242.233000 33.549600 -13.936 4.108 0.197 0.211 -0.029675 20000 1.000000
243.770000 36.934800 -5.732 -3.873 0.163 0.196 0.009535 20000 1.000000
239.867000 34.483500 -14.433 4.46 0.172 0.204 -0.017152 20000 1.000000
243.839000 33.641200 -9.218 -0.174 0.178 0.2 0.011167 20000 1.000000
246.368000 31.335500 -5.278 -4.123 0.169 0.188 -0.025911 20000 1.000000
242.951000 39.542200 -6.293 -4.14 0.172 0.207 0.067906 20000 1.000000
242.816000 38.097200 -5.718 -4.263 0.163 0.2 -0.017101 20000 1.000000
241.669000 33.797800 -13.983 4.413 0.186 0.212 -0.015444 20000 1.000000
241.163000 34.248000 -13.914 4.222 0.171 0.198 0.047941 20000 1.000000
241.771000 34.878900 -8.745 -0.583 0.177 0.21 -0.079796 20000 1.000000
235.849000 41.053900 -4.371 0.38 0.169 0.213 -0.007753 20000 1.000000
241.558000 34.069100 -13.123 2.932 0.218 0.247 0.005184 20000 1.000000
241.198000 39.627100 -8.852 -4.557 0.163 0.204 0.000059 20000 1.000000
241.723000 34.019500 -14.042 1.608 0.255 0.29 -0.022458 20000 1.000000
243.915000 33.030100 -12.205 2.457 0.167 0.192 -0.010273 20000 1.000000
238.053000 38.394500 -8.086 -2.247 0.167 0.206 -0.016287 20000 1.000000
241.780000 34.178600 -13.562 2.663 0.214 0.226 0.051268 20000 1.000000
241.486000 34.126400 -13.405 4.083 0.165 0.193 0.009927 20000 1.000000
241.516000 34.293200 -13.255 3.093 0.169 0.195 -0.004772 20000 1.000000
239.384000 34.556300 -14.99 7.88 0.166 0.195 -0.002471 20000 1.000000
241.879000 34.501500 -12.877 2.056 0.183 0.206 0.015074 20000 1.000000
241.706000 33.712600 -13.761 4.555 0.173 0.199 -0.023125 20000 1.000000
242.807000 33.225000 -13.507 3.522 0.165 0.19 0.001301 20000 1.000000
241.443000 35.738400 -8.273 -3.541 0.374 0.439 0.279747 20000 1.000000
241.346000 37.664300 -7.545 -1.057 0.173 0.21 -0.004710 20000 1.000000
241.016000 35.010800 -10.17 1.74 0.182 0.218 -0.040690 20000 1.000000
241.648000 35.695000 -9.079 -1.451 0.181 0.214 -0.048945 20000 1.000000
243.608000 33.934800 -10.435 -0.892 0.912 0.55 -0.026146 20000 1.000000
241.258000 34.568500 -11.896 1.662 0.182 0.208 0.118451 20000 1.000000
241.586000 34.259400 -13.287 2.959 0.206 0.239 -0.039542 20000 1.000000
244.418000 33.038300 -9.222 -3.634 1.429 0.703 -0.007800 20000 1.000000
243.068000 34.669000 -8.285 -1.147 0.184 0.214 -0.117407 20000 1.000000
241.758000 35.695600 -8.994 -1.804 0.26 0.306 0.128165 20000 1.000000
241.572000 33.958200 -14.288 4.25 0.238 0.247 -0.313049 20000 1.000000
244.421000 33.278800 -7.238 -4.624 0.172 0.197 -0.021562 20000 1.000000
243.346000 33.955300 -7.451 1.272 0.17 0.195 -0.007365 20000 1.000000
243.111000 35.425200 -6.593 -2.674 0.181 0.213 -0.020452 20000 1.000000
243.920000 35.287000 -5.657 -2.863 0.17 0.2 -0.009415 20000 1.000000
