242.907000 34.116400 -7.055 2.038 0.223 0.288 -0.007167 20000 1.000000
243.571000 34.594300 -6.78 -3.668 0.162 0.2 0.050653 20000 1.000000
241.305000 34.824500 -9.56 -0.622 0.17 0.21 0.038472 20000 1.000000
242.103000 34.126000 -12.684 2.079 0.25 0.28 0.176694 20000 1.000000
242.795000 40.412800 -5.574 -4.71 0.16 0.21 0.038512 20000 1.000000
240.970000 33.480500 -14.166 6.059 0.187 0.222 0.009865 20000 1.000000
243.116000 34.264300 -7.868 -0.078 0.184 0.231 0.123010 20000 1.000000
240.594000 34.920500 -11.191 0.84 0.165 0.205 0.014626 20000 1.000000
244.002000 34.000500 -5.522 -3.616 0.165 0.201 0.033158 20000 1.000000
242.935000 33.578200 -12.307 2.896 0.166 0.199 0.038908 20000 1.000000
243.920000 35.287000 -5.022 -4.493 0.166 0.206 0.050218 20000 1.000000
245.285000 33.610400 -5.031 -4.572 0.166 0.205 0.033409 20000 1.000000
243.947000 34.251400 -5.687 -4.443 0.166 0.202 0.048840 20000 1.000000
241.723000 34.184900 -12.582 2.481 0.192 0.235 0.076837 20000 1.000000
242.988000 34.918600 -6.269 -1.709 0.176 0.217 0.060855 20000 1.000000
241.812000 34.292800 -14.197 2.365 0.241 0.258 -0.274992 20000 1.000000
242.156000 42.779500 -5.777 -5.097 0.162 0.223 0.042926 20000 1.000000
240.653000 35.157300 -8.65 -0.364 0.167 0.209 0.061043 20000 1.000000
235.437000 42.836100 -2.9 -1.265 0.17 0.23 0.019529 20000 1.000000
244.010000 33.655100 -7.946 -2.307 0.219 0.261 0.023778 20000 1.000000
239.566000 35.939400 -7.74 1.202 0.162 0.204 0.013078 20000 1.000000
239.569000 35.888400 -11.59 4.966 0.187 0.226 0.036279 20000 1.000000
241.666000 33.311600 -13.648 5.111 0.16 0.196 0.048855 20000 1.000000
241.517000 33.445800 -14.093 4.519 0.164 0.202 0.017498 20000 1.000000
241.370000 34.138600 -13.136 3.524 0.204 0.231 0.139209 20000 1.000000
242.329000 35.565300 -6.633 -1.887 0.168 0.21 0.044473 20000 1.000000
241.789000 33.876300 -11.173 4.74 0.174 0.215 0.097876 20000 1.000000
240.987000 34.806400 -11.588 1.298 0.18 0.242 -0.073986 20000 1.000000
243.664000 34.829500 -6.374 -4.769 0.178 0.211 0.051379 20000 1.000000
242.035000 34.244000 -11.554 1.379 0.191 0.245 -0.085126 20000 1.000000
237.881000 37.724100 -10.678 1.425 0.201 0.252 0.014250 20000 1.000000
241.974000 34.333400 -6.702 2.407 0.188 0.221 0.117082 20000 1.000000
242.172000 34.640500 -8.201 0.557 0.17 0.213 0.071733 20000 1.000000
241.063000 34.109600 -13.983 4.707 0.177 0.226 0.083492 20000 1.000000
241.873000 34.136700 -11.811 2.506 0.163 0.201 0.038061 20000 1.000000
242.521000 34.313800 -8.031 0.405 0.186 0.226 0.163162 20000 1.000000
242.291000 34.109900 -11.499 3.123 0.17 0.207 0.012567 20000 1.000000
245.126000 40.558400 -6.549 -5.743 0.174 0.216 0.094751 20000 1.000000
240.120000 34.414900 -14.108 3.67 0.167 0.204 0.014964 20000 1.000000
242.427000 35.071700 -6.551 -1.257 0.169 0.207 0.097237 20000 1.000000
239.249000 35.791600 -12.439 5.262 0.168 0.208 0.023768 20000 1.000000
242.900000 34.039100 -9.686 -1.304 0.169 0.205 0.053997 20000 1.000000
244.265000 33.069800 -8.055 -0.425 0.175 0.211 0.044312 20000 1.000000
240.961000 34.168400 -13.665 4.966 0.163 0.2 0.055995 20000 1.000000
241.743000 33.861500 -13.135 3.66 0.167 0.206 0.034232 20000 1.000000
241.476000 34.253600 -12.26 2.877 0.173 0.217 0.074684 20000 1.000000
240.629000 34.408100 -13.984 3.861 0.186 0.231 0.017448 20000 1.000000
241.387000 34.516500 -11.883 1.836 0.168 0.205 0.029267 20000 1.000000
243.630000 34.124100 -6.058 -2.256 0.177 0.213 0.004474 20000 1.000000
242.098000 34.082000 -14.935 2.706 0.174 0.216 -0.023939 20000 1.000000
244.212000 33.389800 -5.326 -2.565 0.191 0.232 0.040183 20000 1.000000
242.140000 34.413400 -10.606 1.167 0.167 0.219 0.033797 20000 1.000000
242.588000 33.647700 -12.121 2.939 0.16 0.196 0.048639 20000 1.000000
241.170000 34.946200 -9.922 -1.829 0.171 0.214 0.040906 20000 1.000000
245.061000 39.345200 -6.148 -5.313 0.171 0.218 0.039475 20000 1.000000
244.183000 40.914700 -5.807 -5.34 0.158 0.21 0.050889 20000 1.000000
241.574000 34.703100 -13.455 -3.166 0.17 0.211 0.045396 20000 1.000000
242.474000 34.104200 -11.215 2.83 0.185 0.233 0.070332 20000 1.000000
239.991000 34.733000 -14.175 4.269 0.165 0.201 0.067071 20000 1.000000
243.064000 34.093600 -9.387 0.859 0.192 0.294 0.121881 20000 1.000000
241.116000 34.356300 -13.776 3.839 0.165 0.2 0.041676 20000 1.000000
246.195000 39.369400 -5.413 -5.215 0.183 0.233 0.041916 20000 1.000000
244.200000 32.945000 -7.822 1.079 0.269 0.305 0.042008 20000 1.000000
241.107000 34.800200 -9.827 0.362 0.19 0.233 0.026873 20000 1.000000
240.644000 40.416500 -6.649 -4.562 0.163 0.218 0.000411 20000 1.000000
240.136000 35.189400 -10.323 1.654 0.167 0.212 0.024775 20000 1.000000
244.479000 33.274800 -4.735 -4.657 0.192 0.228 0.050968 20000 1.000000
245.173000 33.051100 -4.624 -5.359 0.202 0.235 -0.035675 20000 1.000000
244.340000 34.784000 -5.529 -4.569 0.187 0.233 0.041666 20000 1.000000
245.810000 34.308600 -5.463 -5.652 0.17 0.206 0.064927 20000 1.000000
243.111000 35.425200 -6.737 -5.1 0.166 0.207 0.033323 20000 1.000000
245.820000 40.640200 -5.997 -5.821 0.161 0.211 0.060295 20000 1.000000
239.584000 36.399000 -4.997 0.08 0.202 0.247 0.028685 20000 1.000000
241.887000 34.047400 -12.136 2.569 0.169 0.208 0.050433 20000 1.000000
239.318000 34.469400 -14.831 8.682 0.243 0.304 0.045052 20000 1.000000
241.714000 33.783600 -10.014 2.62 0.2 0.254 -0.025281 20000 1.000000
243.570000 34.754800 -5.878 -3.854 0.166 0.203 0.068590 20000 1.000000
238.530000 40.815900 -3.65 -1.953 0.164 0.219 0.027660 20000 1.000000
244.365000 33.705000 -5.664 -5.118 0.183 0.234 0.024885 20000 1.000000
239.520000 35.866700 -11.916 4.354 0.19 0.25 0.068954 20000 1.000000
242.155000 34.458200 -9.578 0.865 0.175 0.217 0.023044 20000 1.000000
239.598000 35.880800 -8.663 1.012 0.175 0.216 0.130064 20000 1.000000
240.812000 34.441200 -13.732 2.946 0.176 0.218 0.044764 20000 1.000000
244.089000 34.727300 -5.077 -4.967 0.168 0.208 0.061965 20000 1.000000
243.779000 33.796800 -8.256 -1.487 0.172 0.213 0.088819 20000 1.000000
244.855000 34.157600 -4.746 -5.102 0.167 0.206 0.087447 20000 1.000000
241.526000 35.662300 -6.709 -1.839 0.182 0.23 0.007749 20000 1.000000
240.992000 34.398500 -12.937 1.404 0.175 0.215 0.050720 20000 1.000000
243.827000 33.925400 -5.602 -2.559 0.188 0.229 0.041622 20000 1.000000
242.165000 34.485500 -9.806 0.491 0.165 0.205 0.032241 20000 1.000000
243.060000 35.090200 -6.488 -1.915 0.166 0.203 0.053487 20000 1.000000
242.246000 34.133300 -11.797 1.607 0.169 0.206 0.069332 20000 1.000000
239.406000 35.828700 -12.758 5.573 0.169 0.212 0.070788 20000 1.000000
242.454000 34.314900 -9.476 1.512 0.186 0.234 0.113609 20000 1.000000
240.896000 34.733600 -11.621 1.421 0.166 0.211 0.029133 20000 1.000000
239.557000 35.832600 -11.985 4.818 0.164 0.206 0.050763 20000 1.000000
242.563000 33.856800 -12.18 2.878 0.165 0.201 0.041872 20000 1.000000
238.778000 42.418300 -5.423 -2.666 0.229 0.311 -0.009011 20000 1.000000
239.241000 36.186900 -8.183 -2.907 0.167 0.206 0.098304 20000 1.000000
239.233000 36.180500 -13.276 4.473 0.166 0.206 0.043010 20000 1.000000
239.649000 34.038300 -13.513 6.192 0.165 0.203 -0.010781 20000 1.000000
243.904000 40.148400 -5.611 -4.728 0.167 0.22 -0.028091 20000 1.000000
242.682000 33.918400 -11.682 2.459 0.165 0.2 0.064052 20000 1.000000
239.566000 35.969500 -7.51 -0.33 0.169 0.204 -0.006530 20000 1.000000
244.588000 40.710700 -6.414 -4.058 0.164 0.226 0.029112 20000 1.000000
241.122000 34.295500 -13.254 4.717 0.183 0.218 0.016901 20000 1.000000
242.118000 34.175200 -12.922 0.378 0.227 0.256 -0.264788 20000 1.000000
242.790000 34.230800 -9.268 0.052 0.226 0.246 0.225805 20000 1.000000
245.381000 34.767700 -5.45 -5.632 0.18 0.221 0.048621 20000 1.000000
242.491000 39.685600 -6.152 -5.15 0.167 0.217 0.040689 20000 1.000000
240.859000 34.498700 -12.703 2.48 0.161 0.197 0.045050 20000 1.000000
243.932000 34.141000 -5.5 -3.558 0.166 0.203 0.082032 20000 1.000000
242.653000 33.240700 -11 3.978 0.286 0.334 -0.019436 20000 1.000000
244.082000 34.369900 -4.904 -5.028 0.167 0.205 0.011637 20000 1.000000
243.695000 34.427700 -6.001 -3.252 0.169 0.211 0.011645 20000 1.000000
243.708000 34.533000 -6.207 -4.014 0.172 0.207 0.035269 20000 1.000000
243.185000 34.674900 -7.094 -2.12 0.163 0.201 0.064738 20000 1.000000
241.793000 34.128800 -12.559 2.614 0.164 0.203 0.034243 20000 1.000000
240.647000 34.683400 -12.746 1.528 0.187 0.232 -0.008001 20000 1.000000
242.814000 39.521100 -5.932 -4.798 0.164 0.212 0.050676 20000 1.000000
245.995000 32.722500 -3.149 -5.897 0.172 0.205 0.102288 20000 1.000000
244.721000 39.910200 -7.041 -5.392 0.179 0.224 0.031075 20000 1.000000
245.543000 36.154200 -5.628 -4.981 0.166 0.204 0.054177 20000 1.000000
245.180000 41.724200 -6.712 -6.036 0.162 0.215 0.017898 20000 1.000000
242.670000 41.428700 -6.265 -4.64 0.16 0.215 0.060851 20000 1.000000
242.935000 42.981700 -5.184 -4.914 0.159 0.219 0.026853 20000 1.000000
235.925000 40.876300 -3.246 0.056 0.212 0.265 0.077465 20000 1.000000
236.274000 38.928300 -12.664 5.151 0.159 0.207 0.005014 20000 1.000000
237.585000 40.997600 -5.294 -2.654 0.184 0.258 -0.060647 20000 1.000000
235.986000 42.967400 -3.465 -1.801 0.164 0.229 0.063871 20000 1.000000
243.830000 32.616500 -14.292 3.714 0.166 0.199 0.035474 20000 1.000000
238.997000 35.551800 -13.442 6.234 0.163 0.205 0.048351 20000 1.000000
242.015000 39.305600 -5.631 -4.681 0.166 0.22 0.022533 20000 1.000000
242.395000 39.287900 -4.72 -4.746 0.165 0.211 0.045188 20000 1.000000
243.576000 39.500500 -5.541 -4.238 0.159 0.214 0.060100 20000 1.000000
243.950000 39.546400 -5.173 -4.738 0.165 0.21 0.074808 20000 1.000000
244.111000 39.374200 -5.656 -5.075 0.161 0.209 0.065815 20000 1.000000
244.487000 39.536100 -6.312 -4.95 0.162 0.212 0.047886 20000 1.000000
244.568000 39.388600 -7.899 -5.776 0.157 0.205 0.047882 20000 1.000000
242.120000 40.433400 -6.728 -5.107 0.163 0.214 0.079678 20000 1.000000
245.308000 39.255200 -6.372 -5.612 0.166 0.211 0.098558 20000 1.000000
245.723000 39.119400 -4.148 -3.623 0.167 0.22 0.061474 20000 1.000000
246.129000 39.067300 -6.127 -4.811 0.163 0.212 0.039893 20000 1.000000
246.495000 39.268900 -6.477 -5.182 0.161 0.213 0.056893 20000 1.000000
242.532000 40.320600 -5.581 -5.916 0.167 0.217 0.004883 20000 1.000000
246.946000 40.494000 -6.712 -5.359 0.161 0.212 0.069624 20000 1.000000
243.264000 40.495500 -5.78 -4.7 0.168 0.219 0.006339 20000 1.000000
243.721000 40.363200 -5.659 -5.02 0.159 0.211 0.067489 20000 1.000000
240.200000 39.572800 -6.964 -4.023 0.162 0.213 0.032946 20000 1.000000
242.469000 36.614300 -5.787 -3.908 0.161 0.202 0.041896 20000 1.000000
242.593000 36.804200 -5.738 -2.562 0.157 0.2 0.047365 20000 1.000000
242.006000 36.606000 -7.741 -3.348 0.173 0.211 0.144412 20000 1.000000
242.296000 37.200800 -6.998 -4.651 0.162 0.207 0.050488 20000 1.000000
240.463000 39.698400 -5.701 -3.176 0.17 0.222 0.049108 20000 1.000000
240.694000 39.795600 -7.343 -4.304 0.178 0.243 0.107791 20000 1.000000
241.126000 39.838800 -5.598 -3.633 0.169 0.218 0.012643 20000 1.000000
241.316000 39.888900 -6.315 -4.832 0.165 0.218 0.033217 20000 1.000000
241.841000 39.212300 -6.016 -4.242 0.164 0.215 0.055940 20000 1.000000
246.706000 41.856800 -5.857 -5.181 0.17 0.227 0.092670 20000 1.000000
246.958000 39.345100 -6.332 -5.104 0.164 0.211 0.056383 20000 1.000000
246.988000 41.817300 -8.109 -5.19 0.161 0.215 0.046784 20000 1.000000
246.722000 40.671300 -6.534 -4.83 0.164 0.217 0.049678 20000 1.000000
240.400000 39.499200 -5.077 -3.667 0.178 0.222 0.091459 20000 1.000000
240.931000 39.486100 -5.48 -4.047 0.164 0.214 0.048389 20000 1.000000
241.550000 39.133900 -5.675 -4.545 0.163 0.215 0.040753 20000 1.000000
241.062000 39.268000 -5.037 -3.346 0.176 0.228 0.034834 20000 1.000000
241.649000 39.454700 -5.79 -3.993 0.164 0.216 0.083480 20000 1.000000
241.995000 38.728800 -5.818 -4.022 0.165 0.212 0.057661 20000 1.000000
241.540000 38.724600 -5.81 -3.712 0.163 0.213 0.047219 20000 1.000000
241.070000 38.980900 -5.994 -3.267 0.175 0.231 0.049833 20000 1.000000
240.985000 38.704600 -5.589 -2.899 0.167 0.216 -0.013399 20000 1.000000
240.541000 38.761400 -7.535 -4.146 0.171 0.215 -0.029136 20000 1.000000
240.523000 40.779800 -5.801 -4.197 0.178 0.225 0.130766 20000 1.000000
240.990000 40.242200 -4.896 -3.823 0.181 0.22 -0.014214 20000 1.000000
240.278000 39.908200 -4.634 -3.411 0.166 0.218 0.099680 20000 1.000000
239.307000 38.829200 -8.282 -2.998 0.184 0.217 0.147911 20000 1.000000
239.614000 39.046600 -7.781 -2.488 0.183 0.231 -0.040723 20000 1.000000
240.189000 39.123500 -3.82 -3.018 0.166 0.216 -0.018855 20000 1.000000
239.107000 39.466700 -7.252 -3.093 0.178 0.221 0.141809 20000 1.000000
240.376000 41.357700 -5.712 -3.91 0.161 0.216 0.041029 20000 1.000000
239.716000 39.937400 -7.098 -4.208 0.156 0.206 0.036469 20000 1.000000
239.194000 40.418600 -4.754 -1.966 0.169 0.216 0.026413 20000 1.000000
239.923000 40.288900 -6.654 -4.105 0.163 0.216 0.057845 20000 1.000000
235.692000 40.247500 -10.318 3.44 0.158 0.208 0.034922 20000 1.000000
235.867000 40.551300 -5.585 1.529 0.161 0.212 0.023421 20000 1.000000
235.787000 40.637400 -4.695 0.914 0.178 0.234 0.006588 20000 1.000000
235.943000 40.219600 -8.298 4.173 0.164 0.217 0.041530 20000 1.000000
236.307000 40.119300 -8.368 -0.128 0.172 0.232 0.087685 20000 1.000000
238.207000 36.485500 -13.448 8.061 0.158 0.199 0.034001 20000 1.000000
238.710000 35.945700 -13.046 6.318 0.165 0.208 0.090912 20000 1.000000
238.949000 36.302100 -13.784 5.577 0.16 0.203 0.033601 20000 1.000000
238.865000 36.425900 -13.919 5.544 0.164 0.206 0.067548 20000 1.000000
237.668000 37.534500 -11.434 3.627 0.188 0.216 -0.045413 20000 1.000000
237.623000 37.914500 -10.716 3.1 0.168 0.215 0.042539 20000 1.000000
236.819000 38.495000 -11.847 4.72 0.162 0.212 -0.033107 20000 1.000000
236.291000 39.117200 -12.077 4.165 0.186 0.241 0.009724 20000 1.000000
236.652000 38.987400 -11.031 3.443 0.171 0.217 0.115929 20000 1.000000
236.796000 39.242000 -9.559 -0.293 0.161 0.212 0.049908 20000 1.000000
236.368000 42.275400 -6.088 -3.063 0.171 0.228 0.032689 20000 1.000000
236.895000 39.319700 -8.812 -1.149 0.166 0.215 0.053824 20000 1.000000
237.041000 38.664700 -10.223 3.494 0.181 0.254 0.083347 20000 1.000000
237.233000 38.428600 -11.654 3.228 0.163 0.212 0.062124 20000 1.000000
237.548000 38.239800 -10.058 1.244 0.163 0.21 0.032280 20000 1.000000
237.083000 38.866100 -14.043 0.081 0.157 0.204 0.025528 20000 1.000000
237.037000 39.398100 -7.885 3.31 0.189 0.241 -0.016554 20000 1.000000
237.424000 38.777800 -7.409 0.53 0.171 0.23 0.024229 20000 1.000000
237.281000 39.260000 -10.272 -4.696 0.16 0.208 0.070648 20000 1.000000
237.696000 39.109300 -8.193 -2.842 0.166 0.216 0.022066 20000 1.000000
237.873000 37.069200 -12.987 4.824 0.189 0.235 0.198680 20000 1.000000
238.137000 36.962000 -13.725 5.555 0.179 0.215 -0.012325 20000 1.000000
238.009000 37.201700 -10.628 3.504 0.19 0.233 -0.030492 20000 1.000000
238.203000 37.001000 -12.504 4.097 0.246 0.28 0.139969 20000 1.000000
238.274000 37.002400 -12.725 4.099 0.172 0.228 0.063554 20000 1.000000
238.349000 37.104500 -10.632 1.448 0.191 0.233 -0.064060 20000 1.000000
238.286000 37.203500 -12.055 1.825 0.168 0.21 0.089674 20000 1.000000
237.786000 37.329900 -12.224 4.818 0.159 0.203 0.044609 20000 1.000000
237.901000 37.336900 -9.942 4.281 0.163 0.215 0.019775 20000 1.000000
237.900000 37.722000 -9.797 0.761 0.159 0.202 0.027372 20000 1.000000
237.781000 37.863900 -9.815 -0.529 0.162 0.209 -0.020406 20000 1.000000
237.942000 37.713900 -9.525 0.458 0.172 0.217 -0.010518 20000 1.000000
238.174000 37.336800 -12.219 1.451 0.17 0.22 0.044055 20000 1.000000
238.210000 37.533000 -8.849 -1.257 0.161 0.205 0.044667 20000 1.000000
238.313000 37.601800 -8.278 -1.594 0.168 0.211 0.091722 20000 1.000000
238.022000 37.749400 -8.761 -0.536 0.16 0.205 0.029950 20000 1.000000
238.214000 37.819000 -8.759 -3.203 0.169 0.215 0.029067 20000 1.000000
238.095000 36.621700 -13.245 6.849 0.161 0.206 0.024573 20000 1.000000
238.421000 36.724000 -13.661 5.373 0.162 0.204 0.021080 20000 1.000000
238.580000 36.800400 -10.273 3.102 0.16 0.203 0.018830 20000 1.000000
238.409000 36.858500 -13.738 4.834 0.162 0.205 0.019561 20000 1.000000
238.459000 36.814300 -13.219 6.058 0.165 0.205 0.040583 20000 1.000000
238.445000 36.903500 -11.202 2.529 0.164 0.205 0.011118 20000 1.000000
238.613000 36.637000 -13.99 5.761 0.169 0.214 -0.009653 20000 1.000000
238.458000 37.007800 -10.063 2.989 0.159 0.204 0.035064 20000 1.000000
238.426000 37.213000 -8.179 -1.489 0.161 0.203 0.034805 20000 1.000000
238.665000 36.918200 -8.662 -2.262 0.159 0.202 0.040552 20000 1.000000
238.645000 37.010800 -7.959 -2.171 0.173 0.219 -0.008661 20000 1.000000
240.294000 37.713100 -8.341 -6.209 0.167 0.215 0.026013 20000 1.000000
238.812000 36.559500 -12.64 6.767 0.158 0.2 0.025851 20000 1.000000
238.131000 37.975600 -7.376 -1.911 0.163 0.208 0.054303 20000 1.000000
238.936000 36.611600 -6.969 -1.528 0.157 0.199 0.032987 20000 1.000000
238.732000 36.950000 -8.952 -1.86 0.17 0.214 0.060311 20000 1.000000
238.652000 36.811400 -8.512 -0.797 0.162 0.206 0.029645 20000 1.000000
238.942000 37.169600 -7.069 -2.176 0.168 0.212 0.046845 20000 1.000000
238.347000 37.478400 -8.418 -1.66 0.173 0.222 0.034831 20000 1.000000
238.531000 37.489600 -7.408 -1.17 0.158 0.203 0.028683 20000 1.000000
238.675000 37.581900 -7.378 -1.661 0.163 0.21 0.021204 20000 1.000000
238.395000 37.932000 -9.213 -2.774 0.161 0.206 0.035754 20000 1.000000
238.536000 37.755300 -6.171 -3.143 0.162 0.207 0.037554 20000 1.000000
238.717000 37.385400 -7.347 -1.936 0.169 0.221 0.048439 20000 1.000000
237.782000 38.153000 -8.552 -0.072 0.177 0.228 0.012833 20000 1.000000
237.904000 38.025100 -8.923 -0.398 0.163 0.212 -0.022185 20000 1.000000
237.805000 38.444200 -7.7 -2.14 0.17 0.231 0.053232 20000 1.000000
237.645000 38.999500 -7.439 -2.523 0.198 0.226 0.132856 20000 1.000000
238.905000 38.645300 -7.429 -2.166 0.159 0.206 0.039630 20000 1.000000
239.652000 35.544100 -11.403 5.423 0.165 0.206 0.036017 20000 1.000000
239.611000 35.841100 -9.573 4.132 0.167 0.208 0.014715 20000 1.000000
239.655000 35.837800 -8.809 1.117 0.165 0.21 0.022396 20000 1.000000
239.715000 35.806700 -8.355 1.432 0.174 0.218 0.029235 20000 1.000000
239.093000 35.933300 -13.435 5.78 0.16 0.202 0.032131 20000 1.000000
239.019000 36.417200 -7.669 -1.011 0.161 0.206 0.047646 20000 1.000000
239.147000 36.515900 -6.585 -1.506 0.167 0.214 0.012102 20000 1.000000
239.302000 36.024800 -13.296 5.427 0.161 0.208 0.031654 20000 1.000000
239.121000 36.140200 -13.323 6.392 0.161 0.202 0.033162 20000 1.000000
239.251000 36.106800 -12.156 5.501 0.158 0.198 0.037963 20000 1.000000
239.272000 36.178900 -6.911 -1.593 0.158 0.199 0.035980 20000 1.000000
239.355000 35.922800 -12.66 5.515 0.159 0.201 0.026172 20000 1.000000
239.525000 36.007500 -4.626 0.783 0.175 0.211 0.043770 20000 1.000000
239.457000 36.089400 -9.304 -1.065 0.159 0.201 0.037013 20000 1.000000
239.560000 36.123200 -6.043 -1.871 0.159 0.201 0.036469 20000 1.000000
239.158000 35.697100 -12.983 5.668 0.165 0.202 0.082446 20000 1.000000
239.637000 36.051700 -6.402 0.138 0.163 0.201 0.034872 20000 1.000000
239.448000 35.974100 -11.689 5.423 0.177 0.213 -0.015177 20000 1.000000
239.706000 36.015800 -6.043 0.767 0.162 0.203 0.027036 20000 1.000000
239.723000 36.304400 -2.208 0.924 0.163 0.206 0.033486 20000 1.000000
239.257000 36.806300 -6.129 -2.821 0.16 0.204 0.033781 20000 1.000000
239.803000 37.352200 -7.377 -2.578 0.17 0.219 0.035747 20000 1.000000
239.356000 37.795200 -9.017 -2.332 0.174 0.215 0.050967 20000 1.000000
240.160000 37.901100 -6.201 -0.103 0.18 0.219 -0.051720 20000 1.000000
239.049000 38.090000 -7.616 -2.472 0.164 0.211 0.027817 20000 1.000000
239.666000 38.735600 -7.563 -1.798 0.174 0.211 0.057065 20000 1.000000
241.480000 37.177600 -5.619 -2.426 0.159 0.203 0.043035 20000 1.000000
236.283000 39.863600 -11.238 1.251 0.193 0.25 -0.065623 20000 1.000000
236.448000 39.905700 -9.746 -1.258 0.183 0.252 -0.003063 20000 1.000000
236.628000 39.452400 -10.769 -1.131 0.16 0.211 0.033079 20000 1.000000
236.705000 39.707100 -9.628 -2.316 0.17 0.222 -0.053986 20000 1.000000
236.813000 39.492800 -9.406 -1.17 0.176 0.249 0.074152 20000 1.000000
236.817000 39.962100 -7.154 -1.909 0.159 0.211 -0.014690 20000 1.000000
236.344000 40.256800 -6.928 -0.63 0.16 0.215 0.048162 20000 1.000000
236.117000 41.151700 -4.095 -2.539 0.16 0.213 0.043518 20000 1.000000
236.301000 40.575300 -5.712 -2.909 0.169 0.222 0.083318 20000 1.000000
236.427000 40.478900 -5.445 -1.661 0.197 0.259 0.251094 20000 1.000000
236.548000 40.082200 -8.55 -0.354 0.157 0.207 0.036605 20000 1.000000
236.864000 40.324100 -6.548 -2.752 0.157 0.208 0.025430 20000 1.000000
236.676000 40.732900 -4.737 -2.789 0.159 0.211 0.001216 20000 1.000000
236.826000 40.546700 -5.219 -2.494 0.162 0.217 0.010634 20000 1.000000
237.024000 39.621400 -10.484 -3.144 0.17 0.213 0.080403 20000 1.000000
237.264000 39.493600 -10.386 -5.341 0.159 0.207 0.015133 20000 1.000000
237.126000 39.726200 -9.736 -2.315 0.163 0.215 0.087968 20000 1.000000
237.077000 40.747600 -6.419 -2.515 0.166 0.218 0.015765 20000 1.000000
237.332000 40.034100 -5.749 -1.599 0.162 0.211 0.021360 20000 1.000000
237.393000 40.650700 -4.441 -0.334 0.167 0.225 -0.012728 20000 1.000000
236.666000 40.887100 -4.607 -2.142 0.156 0.208 0.027001 20000 1.000000
237.729000 40.271200 -6.179 -2.866 0.169 0.222 -0.031035 20000 1.000000
239.132000 39.794700 -9.002 -2.953 0.159 0.214 0.007496 20000 1.000000
239.052000 41.183300 -5.761 -3.678 0.16 0.218 0.021827 20000 1.000000
237.681000 40.731100 -5.48 -2.243 0.236 0.289 0.055294 20000 1.000000
235.774000 42.209100 -8.163 -2.152 0.162 0.213 0.018299 20000 1.000000
235.946000 42.860100 -3.416 -0.22 0.182 0.244 0.107475 20000 1.000000
236.617000 42.503500 -6.526 -2.742 0.161 0.218 0.032764 20000 1.000000
237.344000 42.191000 -4.234 -0.676 0.164 0.223 0.001631 20000 1.000000
238.220000 42.259700 -4.348 -3.248 0.161 0.213 0.031446 20000 1.000000
239.622000 42.468800 -3.071 -3.347 0.164 0.226 -0.012473 20000 1.000000
241.588000 42.254600 -6.513 -5.898 0.157 0.214 0.035282 20000 1.000000
243.371000 36.071300 -4.476 -3.491 0.172 0.22 0.121417 20000 1.000000
242.835000 36.022500 -6.575 -4.185 0.169 0.206 0.030328 20000 1.000000
242.590000 36.159000 -4.699 -2.774 0.172 0.216 0.092739 20000 1.000000
241.868000 36.466800 -6.508 -2.224 0.18 0.232 -0.155619 20000 1.000000
242.211000 36.531200 -6.207 -3.088 0.158 0.202 0.045223 20000 1.000000
241.909000 36.570200 -6.041 -2.172 0.182 0.214 -0.011876 20000 1.000000
241.882000 36.975700 -6.525 -3.161 0.158 0.201 0.042628 20000 1.000000
242.064000 37.231400 -5.812 -3.68 0.165 0.207 0.091504 20000 1.000000
242.606000 34.462400 -8.232 0.108 0.172 0.207 0.034630 20000 1.000000
242.459000 33.562100 -12.402 3.525 0.163 0.198 0.077770 20000 1.000000
242.895000 32.889200 -13.61 3.62 0.164 0.197 0.036680 20000 1.000000
243.050000 32.733800 -14.185 3.894 0.16 0.193 0.045448 20000 1.000000
242.756000 32.666400 -14.127 4.346 0.176 0.204 0.146004 20000 1.000000
242.810000 33.439600 -12.319 3.31 0.161 0.197 0.055353 20000 1.000000
242.928000 33.235700 -13.491 4.134 0.172 0.202 0.103758 20000 1.000000
243.217000 33.493300 -11.661 2.632 0.162 0.198 0.044955 20000 1.000000
243.651000 32.976000 -14.193 2.169 0.167 0.201 0.053145 20000 1.000000
243.989000 32.822200 -13.42 2.064 0.166 0.2 0.010545 20000 1.000000
243.329000 33.240200 -12.84 3.307 0.172 0.206 0.050800 20000 1.000000
243.431000 33.059200 -13.662 3.293 0.161 0.194 0.040190 20000 1.000000
243.379000 33.375600 -12.605 2.153 0.167 0.202 0.092618 20000 1.000000
243.591000 33.210200 -12.682 2.412 0.175 0.213 0.054925 20000 1.000000
243.817000 33.213500 -10.861 1.182 0.164 0.198 0.051469 20000 1.000000
243.921000 33.201000 -10.977 0.023 0.164 0.198 0.054699 20000 1.000000
243.888000 33.296200 -9.932 -0.562 0.167 0.203 -0.001880 20000 1.000000
243.574000 33.523500 -9.202 0.69 0.174 0.202 0.135518 20000 1.000000
243.773000 33.574700 -8.542 -0.217 0.171 0.214 0.076445 20000 1.000000
244.031000 32.887000 -11.815 1.682 0.167 0.202 0.047298 20000 1.000000
244.175000 32.954700 -11.166 0.374 0.165 0.198 0.049328 20000 1.000000
244.268000 32.759700 -10.11 0.786 0.174 0.213 0.063774 20000 1.000000
244.404000 32.750600 -9.105 -0.56 0.174 0.206 0.031062 20000 1.000000
244.423000 32.834700 -9.088 -0.699 0.171 0.205 0.049610 20000 1.000000
244.430000 32.898400 -7.734 -1.081 0.179 0.214 0.075958 20000 1.000000
244.700000 32.690000 -4.915 -4.65 0.164 0.198 0.045422 20000 1.000000
244.602000 32.875800 -4.18 -4.854 0.173 0.209 0.073956 20000 1.000000
244.578000 32.982500 -4.147 -5.615 0.173 0.211 0.092204 20000 1.000000
244.280000 32.948900 -9.479 -0.574 0.169 0.202 0.044847 20000 1.000000
244.234000 33.516400 -6.76 -4.403 0.173 0.208 0.116957 20000 1.000000
244.313000 33.423900 -5.243 -4.778 0.171 0.207 0.093786 20000 1.000000
244.571000 33.247800 -5.474 -5.936 0.169 0.203 0.042298 20000 1.000000
244.657000 33.143600 -5.604 -4.971 0.17 0.205 0.001100 20000 1.000000
244.704000 33.886900 -5.321 -4.566 0.172 0.204 0.060124 20000 1.000000
240.305000 37.562600 -5.686 -0.592 0.179 0.214 0.157712 20000 1.000000
239.350000 34.907300 -13.836 6.012 0.158 0.196 0.034674 20000 1.000000
239.590000 35.010700 -14.083 5.374 0.164 0.202 0.036264 20000 1.000000
239.760000 34.870600 -13.781 5.12 0.162 0.199 0.056631 20000 1.000000
239.617000 35.106200 -13.309 5.512 0.171 0.208 0.126245 20000 1.000000
241.822000 34.376400 -11.962 2.011 0.163 0.202 0.049035 20000 1.000000
239.925000 35.020000 -13.186 6.133 0.159 0.198 0.031553 20000 1.000000
240.208000 34.507800 -13.357 4.71 0.166 0.198 0.031554 20000 1.000000
240.384000 34.630500 -13.75 3.885 0.158 0.196 0.039522 20000 1.000000
240.185000 34.888600 -14.799 3.265 0.159 0.2 0.028030 20000 1.000000
240.464000 35.086600 -10.556 1.221 0.161 0.202 0.047265 20000 1.000000
239.192000 35.425800 -14.12 5.88 0.16 0.199 0.016891 20000 1.000000
239.455000 35.327800 -12.976 5.08 0.164 0.206 0.089334 20000 1.000000
239.646000 35.440500 -12.396 5.089 0.162 0.201 0.029589 20000 1.000000
239.520000 35.624800 -11.816 6.508 0.161 0.201 0.044065 20000 1.000000
239.463000 35.792700 -12.412 5.239 0.162 0.205 0.059535 20000 1.000000
239.733000 35.633800 -11.531 3.919 0.166 0.202 0.066909 20000 1.000000
239.629000 35.747900 -10.835 4.38 0.165 0.205 0.041701 20000 1.000000
237.762000 37.061200 -13.261 5.953 0.161 0.206 0.051065 20000 1.000000
239.899000 35.235100 -12.456 4.562 0.185 0.218 0.095735 20000 1.000000
239.975000 35.279800 -11.922 3.537 0.168 0.21 0.012304 20000 1.000000
240.065000 35.316800 -10.989 3.116 0.165 0.208 0.049469 20000 1.000000
239.887000 35.534200 -10.766 2.785 0.201 0.246 0.061105 20000 1.000000
239.818000 35.702700 -9.294 1.358 0.16 0.2 0.040302 20000 1.000000
239.869000 35.801300 -7.353 0.213 0.168 0.205 0.056961 20000 1.000000
239.999000 35.686700 -8.318 -0.888 0.166 0.205 -0.009734 20000 1.000000
239.707000 35.688900 -10.932 3.906 0.16 0.201 0.031170 20000 1.000000
240.287000 35.319000 -8.907 0.917 0.178 0.221 0.016058 20000 1.000000
240.091000 35.934700 -7.034 -0.534 0.161 0.202 0.042744 20000 1.000000
240.496000 34.466800 -13.486 3.93 0.158 0.195 0.042506 20000 1.000000
240.674000 34.599600 -13.518 2.342 0.169 0.212 0.129962 20000 1.000000
240.885000 34.660100 -12.1 1.622 0.169 0.206 0.111876 20000 1.000000
240.845000 34.856200 -9.911 2.56 0.232 0.342 -0.036513 20000 1.000000
239.755000 35.686700 -11.219 3.423 0.163 0.201 0.025052 20000 1.000000
241.121000 34.835100 -10.348 0.085 0.162 0.199 0.052571 20000 1.000000
241.152000 34.792300 -11.331 1.992 0.166 0.211 0.046824 20000 1.000000
241.331000 34.695000 -10.697 0.477 0.17 0.211 0.121941 20000 1.000000
241.454000 34.771100 -10.272 2.328 0.163 0.202 0.042519 20000 1.000000
241.344000 34.944400 -9.421 0.603 0.168 0.209 0.007534 20000 1.000000
241.388000 35.138600 -8.414 -1.514 0.162 0.2 0.020316 20000 1.000000
241.382000 34.838900 -8.299 -0.958 0.167 0.208 0.049560 20000 1.000000
241.459000 34.821800 -8.676 1.356 0.171 0.21 0.074377 20000 1.000000
241.811000 34.982100 -7.111 0.215 0.161 0.201 0.035563 20000 1.000000
241.876000 35.378000 -7.256 -1.861 0.162 0.2 0.035423 20000 1.000000
241.740000 35.667300 -6.056 -2.074 0.167 0.204 0.044445 20000 1.000000
241.233000 36.231400 -6.595 -3.111 0.167 0.205 0.110453 20000 1.000000
241.045000 36.585500 -7.47 -2.174 0.159 0.202 0.040470 20000 1.000000
241.740000 36.093100 -7.338 -2.476 0.163 0.202 0.044237 20000 1.000000
241.994000 35.038800 -6.945 -1.301 0.161 0.2 0.049349 20000 1.000000
242.271000 34.509700 -8.626 0.299 0.163 0.2 0.039292 20000 1.000000
242.451000 34.634300 -7.715 -0.694 0.164 0.202 0.041256 20000 1.000000
242.457000 34.987000 -7.05 -1.255 0.165 0.204 0.085893 20000 1.000000
243.048000 33.892600 -9.602 0.869 0.16 0.196 0.049696 20000 1.000000
243.454000 34.019300 -7.85 -0.513 0.162 0.198 0.044981 20000 1.000000
242.719000 34.534800 -7.93 -1.125 0.188 0.21 -0.048834 20000 1.000000
241.969000 34.332200 -11.294 1.899 0.163 0.202 0.065021 20000 1.000000
242.635000 35.116800 -6.531 -1.721 0.164 0.202 0.036139 20000 1.000000
241.983000 35.152400 -7.296 -0.955 0.163 0.202 0.049377 20000 1.000000
242.697000 35.238500 -6.292 -1.266 0.163 0.201 0.057969 20000 1.000000
242.795000 35.387900 -6.067 -2.641 0.159 0.198 0.053663 20000 1.000000
242.610000 35.896700 -4.813 -2.718 0.177 0.221 0.037342 20000 1.000000
242.597000 35.697600 -5.901 -2.908 0.163 0.203 0.046784 20000 1.000000
243.111000 35.998200 -4.856 -3.977 0.172 0.207 0.045606 20000 1.000000
243.112000 35.710600 -6.445 -2.893 0.16 0.202 0.051754 20000 1.000000
243.290000 34.192500 -7.503 -0.968 0.167 0.201 0.033126 20000 1.000000
243.463000 34.217200 -6.59 -1.724 0.165 0.2 0.063945 20000 1.000000
243.788000 33.865800 -7.5 -2.353 0.161 0.197 0.065322 20000 1.000000
243.920000 33.959300 -6.289 -2.824 0.163 0.198 0.050785 20000 1.000000
239.772000 35.729200 -8.997 1.907 0.164 0.203 0.057931 20000 1.000000
243.971000 34.716900 -5.128 -4.802 0.169 0.206 0.022217 20000 1.000000
243.329000 34.936800 -6.542 -3.485 0.163 0.203 0.054080 20000 1.000000
242.063000 34.341100 -11.593 1.422 0.173 0.215 0.027746 20000 1.000000
243.120000 34.462100 -7.921 -1.308 0.162 0.199 0.047578 20000 1.000000
244.179000 33.741000 -5.903 -4.301 0.171 0.208 0.052189 20000 1.000000
243.107000 34.062700 -9.114 0.327 0.179 0.218 0.011904 20000 1.000000
244.236000 34.425700 -5.075 -4.357 0.204 0.222 0.088519 20000 1.000000
244.350000 35.204800 -5.336 -4.85 0.168 0.205 0.020000 20000 1.000000
242.685000 34.187400 -10.593 1.049 0.165 0.203 0.095938 20000 1.000000
242.950000 34.196200 -8.046 0.789 0.196 0.208 0.129372 20000 1.000000
244.750000 34.731800 -5.641 -5.34 0.199 0.254 0.125212 20000 1.000000
243.237000 35.204600 -5.609 -3.562 0.162 0.2 0.055713 20000 1.000000
242.107000 35.424600 -7.689 -1.716 0.163 0.202 0.041098 20000 1.000000
243.428000 35.320600 -6.257 -3.802 0.162 0.202 0.040255 20000 1.000000
243.896000 35.141900 -5.885 -4.962 0.173 0.206 0.025938 20000 1.000000
243.878000 35.526000 -4.177 -4.296 0.165 0.206 0.036671 20000 1.000000
243.855000 35.785400 -6.213 -4.913 0.162 0.203 0.038771 20000 1.000000
244.456000 35.472800 -6.045 -5.995 0.163 0.205 0.061240 20000 1.000000
244.634000 35.163000 -5.006 -5.33 0.17 0.211 0.028899 20000 1.000000
245.401000 34.188900 -5.218 -5.192 0.169 0.206 0.064553 20000 1.000000
245.035000 34.844400 -4.979 -5.058 0.168 0.204 0.049183 20000 1.000000
244.762000 35.291100 -5.588 -5.296 0.163 0.204 0.056373 20000 1.000000
241.621000 37.973100 -5.078 -2.69 0.162 0.21 0.000532 20000 1.000000
241.000000 37.613000 -7.481 -1.174 0.164 0.208 -0.001920 20000 1.000000
241.084000 37.605300 -6.239 -3.555 0.168 0.224 0.005287 20000 1.000000
240.914000 37.785700 -7.563 -0.564 0.207 0.247 -0.054116 20000 1.000000
240.967000 37.913500 -7.984 -0.815 0.159 0.203 0.043435 20000 1.000000
240.974000 37.696600 -8.525 -0.155 0.19 0.226 0.168600 20000 1.000000
240.862000 37.839300 -5.846 -3.714 0.175 0.219 0.055154 20000 1.000000
240.853000 37.962800 -5.253 -2.101 0.16 0.203 0.043891 20000 1.000000
240.916000 37.914100 -6.386 -1.536 0.162 0.205 0.046314 20000 1.000000
241.056000 37.734300 -7.529 1.749 0.161 0.206 0.049194 20000 1.000000
241.131000 37.654600 -3.25 -2.646 0.161 0.208 0.039131 20000 1.000000
241.040000 37.891700 -6.483 -1.165 0.174 0.218 0.028403 20000 1.000000
241.148000 37.878200 -6.097 -0.632 0.16 0.204 0.034738 20000 1.000000
241.183000 37.591400 -4.347 -2.488 0.163 0.22 0.088465 20000 1.000000
241.302000 37.561600 -6.108 -3.198 0.165 0.227 0.009029 20000 1.000000
241.316000 37.495400 -5.128 -3.513 0.157 0.201 0.044121 20000 1.000000
241.406000 37.541300 -5.068 -3.196 0.161 0.205 0.045458 20000 1.000000
241.180000 37.677000 -3.14 -2.377 0.16 0.206 0.045298 20000 1.000000
241.232000 37.754400 -4.863 -1.979 0.176 0.236 0.100278 20000 1.000000
240.981000 37.800000 -6.985 0.223 0.163 0.207 0.074980 20000 1.000000
241.264000 37.903500 -5.312 -1.38 0.163 0.209 0.034369 20000 1.000000
241.445000 37.891300 -5.499 -2.554 0.17 0.213 0.109659 20000 1.000000
241.762000 37.589200 -6.934 -3.794 0.159 0.204 0.044070 20000 1.000000
241.528000 37.737500 -4.863 -2.932 0.167 0.21 0.069619 20000 1.000000
240.850000 38.057900 -5.036 -0.993 0.167 0.21 0.049062 20000 1.000000
237.706000 41.381200 -3.822 -3.254 0.169 0.217 0.092831 20000 1.000000
237.809000 41.479200 -4.562 0.998 0.16 0.225 -0.007774 20000 1.000000
237.687000 41.463600 -5.129 -4.256 0.163 0.227 -0.013262 20000 1.000000
237.847000 41.531900 -4.919 -2.741 0.196 0.236 0.085986 20000 1.000000
238.493000 41.711600 -5.029 -1.982 0.159 0.215 0.038434 20000 1.000000
246.132000 42.878900 -5.631 -4.692 0.158 0.216 0.041187 20000 1.000000
241.275000 37.380400 -5.552 -1.85 0.225 0.261 0.215136 20000 1.000000
241.439000 37.439500 -5.539 -2.809 0.173 0.215 0.061463 20000 1.000000
240.254000 37.088900 -6.961 -1.843 0.166 0.209 0.104623 20000 1.000000
241.853000 37.280500 -6.703 -3.731 0.163 0.209 0.042181 20000 1.000000
239.172000 41.359200 -7.445 -4.142 0.197 0.261 -0.016306 20000 1.000000
239.527000 41.332500 -6.444 -4.049 0.163 0.217 0.045578 20000 1.000000
235.587000 42.442000 -3.779 -1.795 0.161 0.22 -0.026692 20000 1.000000
235.707000 42.076600 -4.519 -2.169 0.248 0.318 0.052698 20000 1.000000
238.120000 42.579800 -5.517 -3.16 0.176 0.235 0.028887 20000 1.000000
237.390000 42.727100 -4.721 -3.579 0.204 0.253 0.165615 20000 1.000000
240.341000 42.546100 -3.738 -3.326 0.159 0.218 0.028178 20000 1.000000
242.275000 42.020200 -7.456 -6.056 0.162 0.218 0.042368 20000 1.000000
243.404000 33.598200 -12.236 0.194 0.233 0.294 -0.074648 20000 1.000000
243.397000 33.495500 -12.025 2.737 0.168 0.205 0.060247 20000 1.000000
244.492000 32.829400 -7.726 -1.795 0.166 0.2 0.041339 20000 1.000000
238.928000 37.699000 -7.567 -1.815 0.165 0.211 0.020239 20000 1.000000
239.784000 35.693800 -10.192 1.213 0.182 0.22 0.085493 20000 1.000000
237.579000 41.830800 -2.213 -3.439 0.173 0.236 0.086358 20000 1.000000
236.019000 41.845500 -4.708 -4.027 0.178 0.265 -0.060712 20000 1.000000
238.521000 36.744300 -10.8 5.706 0.224 0.275 0.095192 20000 1.000000
239.528000 35.946600 -8.363 1.486 0.178 0.217 0.102799 20000 1.000000
239.485000 35.929100 -12.161 3.708 0.231 0.306 0.044216 20000 1.000000
236.427000 40.478800 -5.423 -1.469 0.194 0.258 0.245808 20000 1.000000
237.036000 39.845700 -8.063 -2.657 0.16 0.211 -0.013279 20000 1.000000
243.852000 34.508100 -4.933 -4.246 0.161 0.199 0.045228 20000 1.000000
245.241000 32.497900 -3.771 -5.988 0.167 0.2 0.046288 20000 1.000000
243.407000 33.537300 -11.478 1.181 0.173 0.212 0.098191 20000 1.000000
241.651000 34.021700 -12.529 4.283 0.169 0.212 0.076665 20000 1.000000
243.936000 31.559100 -15.249 4.762 0.171 0.202 0.111405 20000 1.000000
238.728000 35.709000 -13.421 7.004 0.185 0.232 0.008539 20000 1.000000
242.077000 34.508200 -10.148 0.763 0.169 0.206 0.044681 20000 1.000000
244.450000 32.490100 -9.555 1.805 0.168 0.207 0.010493 20000 1.000000
242.305000 34.925400 -7.309 -0.549 0.171 0.211 0.013376 20000 1.000000
244.116000 32.417000 -14.552 3.295 0.162 0.194 0.048342 20000 1.000000
239.522000 35.919900 -12.424 4.652 0.17 0.213 0.084121 20000 1.000000
242.818000 33.835700 -12.026 2.13 0.183 0.213 0.047060 20000 1.000000
243.506000 33.819200 -8.181 -0.397 0.171 0.21 0.038112 20000 1.000000
242.193000 34.091800 -12.06 2.172 0.169 0.22 0.018404 20000 1.000000
244.165000 31.313100 -15.102 5.854 0.163 0.197 0.027018 20000 1.000000
244.543000 32.377900 -10.361 2.562 0.162 0.194 0.046853 20000 1.000000
241.596000 33.743300 -13.068 4.055 0.161 0.198 0.047174 20000 1.000000
241.628000 33.779500 -13.908 4.696 0.205 0.256 0.051411 20000 1.000000
238.863000 36.161100 -13.167 6.183 0.168 0.207 0.062715 20000 1.000000
241.755000 34.628700 -10.425 1.025 0.227 0.283 0.014363 20000 1.000000
239.056000 39.974600 -5.699 -1.858 0.172 0.226 -0.011692 20000 1.000000
242.317000 35.338700 -6.74 -1.045 0.161 0.2 0.051353 20000 1.000000
240.280000 34.500000 -13.909 4.069 0.164 0.203 0.014450 20000 1.000000
243.375000 34.643900 -7.657 -2.699 0.163 0.199 0.034886 20000 1.000000
241.974000 34.019100 -12.492 3.033 0.184 0.223 -0.000254 20000 1.000000
239.475000 35.900000 -22.318 5.703 0.172 0.22 -0.002151 20000 1.000000
241.807000 34.875100 -7.927 -0.192 0.172 0.211 0.057139 20000 1.000000
240.816000 34.541500 -12.676 2.029 0.185 0.223 0.126644 20000 1.000000
244.877000 40.617200 -6.652 -5.713 0.162 0.22 0.055766 20000 1.000000
238.442000 37.666500 -7.985 -2.649 0.161 0.206 0.018815 20000 1.000000
241.245000 34.459800 -12.176 2.18 0.182 0.231 0.053893 20000 1.000000
242.138000 34.205600 -11.047 2.141 0.208 0.223 -0.056846 20000 1.000000
239.775000 40.591700 -6.236 -3.405 0.167 0.225 0.023055 20000 1.000000
240.984000 41.868400 -5.238 -3.863 0.169 0.227 0.103329 20000 1.000000
243.701000 35.971300 -5.956 -5.007 0.172 0.207 0.008976 20000 1.000000
241.521000 34.438600 -12.526 2.617 0.189 0.233 0.020091 20000 1.000000
240.116000 39.314300 -8.125 -4.235 0.161 0.213 0.011668 20000 1.000000
244.022000 33.292200 -7.923 -1.132 0.168 0.202 0.061296 20000 1.000000
240.476000 33.247900 -17.426 6.907 0.172 0.22 0.006883 20000 1.000000
240.936000 34.319900 -13.599 4.022 0.16 0.197 0.042244 20000 1.000000
241.354000 34.059300 -13.308 2.516 0.166 0.202 0.003635 20000 1.000000
242.151000 33.992700 -12.231 3.043 0.181 0.217 0.048870 20000 1.000000
239.935000 34.004300 -14.281 6.253 0.167 0.202 0.032553 20000 1.000000
239.640000 35.917400 -11.362 -2.05 0.191 0.24 0.099590 20000 1.000000
241.585000 35.158200 -7.167 -0.93 0.16 0.2 0.042531 20000 1.000000
239.867000 34.483500 -13.568 5.287 0.169 0.212 0.028274 20000 1.000000
243.839000 33.641200 -8.413 -0.56 0.19 0.229 0.048630 20000 1.000000
242.951000 39.542200 -5.83 -4.573 0.169 0.214 0.134698 20000 1.000000
242.816000 38.097200 -5.833 -3.953 0.16 0.205 0.035886 20000 1.000000
241.669000 33.797800 -13.309 4.097 0.169 0.205 0.026187 20000 1.000000
241.163000 34.248000 -13.193 4.486 0.169 0.205 0.105273 20000 1.000000
235.849000 41.053900 -3.404 -0.764 0.164 0.218 -0.011192 20000 1.000000
241.558000 34.069100 -13.783 3.389 0.181 0.213 0.079453 20000 1.000000
240.156000 34.413300 -17.133 3.939 0.195 0.218 -0.063332 20000 1.000000
241.198000 39.627100 -6.064 -4.775 0.165 0.216 0.058076 20000 1.000000
241.715000 34.024000 -12.65 1.086 0.23 0.276 0.189133 20000 1.000000
243.915000 33.030100 -11.978 2.513 0.166 0.204 0.039112 20000 1.000000
240.516000 34.851500 -11.132 3.497 0.178 0.218 0.033950 20000 1.000000
241.780000 34.178600 -12.451 2.41 0.216 0.233 0.161598 20000 1.000000
241.486000 34.126400 -13.076 3.443 0.162 0.199 0.063694 20000 1.000000
241.516000 34.293200 -11.776 2.44 0.17 0.205 0.044594 20000 1.000000
239.384000 34.556300 -14.537 5.54 0.16 0.198 0.038765 20000 1.000000
241.879000 34.501500 -10.582 2.155 0.179 0.218 0.037289 20000 1.000000
241.706000 33.712600 -12.988 4.752 0.165 0.204 0.028421 20000 1.000000
241.346000 37.664300 -5.964 -3.196 0.167 0.214 0.053553 20000 1.000000
241.016000 35.010800 -9.617 1.336 0.184 0.224 0.035273 20000 1.000000
243.608000 33.934800 -7.598 -0.75 0.202 0.244 0.001378 20000 1.000000
241.258000 34.568500 -11.009 1.259 0.176 0.215 0.178204 20000 1.000000
241.586000 34.259400 -12.053 2.81 0.192 0.239 0.010191 20000 1.000000
243.068000 34.669000 -7.628 -1.797 0.18 0.218 -0.068711 20000 1.000000
241.572000 33.958200 -13.167 3.766 0.225 0.25 -0.275263 20000 1.000000
243.346000 33.955300 -9.362 0.114 0.172 0.207 0.023934 20000 1.000000
243.111000 35.425200 -6.785 -4.9 0.176 0.218 0.031873 20000 1.000000
243.920000 35.287000 -5.021 -4.493 0.166 0.206 0.050218 20000 1.000000
