242.907000 34.116400 -7.489 6.759 0.217 0.25 -0.021108 20000 1.000000
243.571000 34.594300 -7.754 -1.815 0.168 0.207 0.023196 20000 1.000000
241.305000 34.824500 -8.867 0.09 0.175 0.214 0.032178 20000 1.000000
242.103000 34.126000 -12.629 3.925 0.267 0.305 0.034826 20000 1.000000
242.795000 40.412800 -5.918 -3.926 0.164 0.215 0.028267 20000 1.000000
240.970000 33.480500 -15.235 7.177 0.191 0.225 -0.016446 20000 1.000000
243.116000 34.264300 -7.771 0.774 0.189 0.237 0.105890 20000 1.000000
240.594000 34.920500 -12.462 2.398 0.166 0.205 0.008137 20000 1.000000
244.002000 34.000500 -5.959 -2.714 0.169 0.204 0.029941 20000 1.000000
242.935000 33.578200 -12.688 4.062 0.17 0.204 0.028554 20000 1.000000
243.920000 35.287000 -5.865 -3.326 0.17 0.21 0.045257 20000 1.000000
245.285000 33.610400 -5.446 -4.084 0.17 0.206 0.023997 20000 1.000000
243.947000 34.251400 -5.537 -2.914 0.171 0.206 0.039094 20000 1.000000
241.723000 34.184900 -8.875 2.556 0.28 0.325 0.015761 20000 1.000000
242.988000 34.918600 -6.629 -0.321 0.17 0.209 0.053067 20000 1.000000
241.812000 34.292800 -10.798 1.998 0.245 0.257 -0.272991 20000 1.000000
242.156000 42.779500 -6.578 -4.649 0.167 0.227 0.036466 20000 1.000000
240.653000 35.157300 -10.229 0.663 0.172 0.213 0.045395 20000 1.000000
235.437000 42.836100 -4.514 -0.033 0.173 0.232 0.019391 20000 1.000000
244.010000 33.655100 -7.591 -0.419 0.227 0.271 0.031166 20000 1.000000
239.566000 35.939400 -8.503 2.26 0.167 0.208 0.005828 20000 1.000000
239.569000 35.888400 -12.424 6.353 0.193 0.231 0.030922 20000 1.000000
241.666000 33.311600 -14.713 6.261 0.166 0.2 0.039418 20000 1.000000
241.517000 33.445800 -14.842 5.769 0.171 0.208 0.010974 20000 1.000000
241.370000 34.138600 -13.457 5.367 0.204 0.231 0.143429 20000 1.000000
242.329000 35.565300 -7.238 -1.201 0.172 0.213 0.032298 20000 1.000000
241.789000 33.876300 -15.7 6.501 0.177 0.216 0.082969 20000 1.000000
240.987000 34.806400 -10.207 1.106 0.186 0.245 -0.096052 20000 1.000000
243.664000 34.829500 -6.753 -3.488 0.185 0.219 0.011170 20000 1.000000
242.035000 34.244000 -13.109 0.542 0.197 0.255 -0.082029 20000 1.000000
237.881000 37.724100 -11.399 1.581 0.201 0.249 0.019796 20000 1.000000
241.974000 34.333400 -11.961 2.56 0.203 0.238 0.076193 20000 1.000000
242.172000 34.640500 -14.563 5.553 0.207 0.249 -0.074803 20000 1.000000
241.063000 34.109600 -14.684 5.335 0.184 0.231 0.078093 20000 1.000000
241.873000 34.136700 -12.74 3.14 0.168 0.204 0.031968 20000 1.000000
242.521000 34.313800 -10.631 0.875 0.199 0.238 0.149006 20000 1.000000
242.291000 34.109900 -13.755 3.206 0.205 0.245 0.002740 20000 1.000000
245.126000 40.558400 -6.651 -4.07 0.18 0.22 0.087455 20000 1.000000
240.120000 34.414900 -15.287 4.779 0.172 0.212 -0.009487 20000 1.000000
242.427000 35.071700 -6.82 -0.685 0.174 0.211 0.081420 20000 1.000000
239.249000 35.791600 -13.504 6.306 0.173 0.212 0.023440 20000 1.000000
242.900000 34.039100 -9.181 0.508 0.198 0.237 0.061718 20000 1.000000
244.265000 33.069800 -8.038 0.385 0.178 0.214 0.029019 20000 1.000000
240.961000 34.168400 -14.817 5.653 0.168 0.204 0.040940 20000 1.000000
241.743000 33.861500 -15.222 6.27 0.314 0.388 0.030481 20000 1.000000
241.476000 34.253600 -13.657 4.263 0.178 0.219 0.059203 20000 1.000000
240.629000 34.408100 -14.191 4.999 0.19 0.234 0.006979 20000 1.000000
241.387000 34.516500 -12.345 2.799 0.174 0.209 0.023401 20000 1.000000
243.630000 34.124100 -6.212 -0.327 0.182 0.218 0.005278 20000 1.000000
242.098000 34.082000 -11.231 5.191 0.192 0.234 -0.024979 20000 1.000000
244.212000 33.389800 -7.776 -0.94 0.18 0.217 0.035782 20000 1.000000
242.140000 34.413400 -10.958 2.301 0.17 0.22 0.029441 20000 1.000000
242.588000 33.647700 -12.841 4.528 0.166 0.201 0.038820 20000 1.000000
241.170000 34.946200 -10.116 -0.694 0.176 0.219 0.033114 20000 1.000000
245.061000 39.345200 -6.661 -3.907 0.175 0.222 0.028642 20000 1.000000
244.183000 40.914700 -5.483 -4.404 0.163 0.215 0.039393 20000 1.000000
241.574000 34.703100 -10.029 -0.437 0.173 0.212 0.038434 20000 1.000000
242.474000 34.104200 -12.265 3.088 0.187 0.233 0.054233 20000 1.000000
239.991000 34.733000 -15.41 5.602 0.171 0.206 0.059051 20000 1.000000
243.064000 34.093600 -9.202 2.857 0.198 0.295 0.116664 20000 1.000000
241.116000 34.356300 -14.02 4.44 0.167 0.203 0.028812 20000 1.000000
246.195000 39.369400 -5.85 -4.937 0.17 0.215 0.036061 20000 1.000000
241.641000 34.080600 -13.718 3.815 0.24 0.282 0.001311 20000 1.000000
241.107000 34.800200 -10.75 2.953 0.187 0.227 0.046409 20000 1.000000
240.644000 40.416500 -7.261 -3.263 0.168 0.221 0.000582 20000 1.000000
240.136000 35.189400 -12.806 3.689 0.169 0.213 0.008454 20000 1.000000
244.479000 33.274800 -5.566 -3.525 0.177 0.211 0.040501 20000 1.000000
245.173000 33.051100 -5.551 -4.015 0.223 0.25 -0.046372 20000 1.000000
244.340000 34.784000 -5.202 -3.665 0.192 0.239 0.028196 20000 1.000000
245.810000 34.308600 -4.918 -3.173 0.175 0.21 0.052283 20000 1.000000
243.111000 35.425200 -6.174 -3.55 0.248 0.3 0.020986 20000 1.000000
245.820000 40.640200 -6.134 -4.409 0.166 0.216 0.050166 20000 1.000000
239.584000 36.399000 -8.607 -1.131 0.209 0.252 0.019116 20000 1.000000
241.887000 34.047400 -13.109 3.922 0.176 0.214 0.053722 20000 1.000000
239.318000 34.469400 -16.424 8.857 0.172 0.21 0.035591 20000 1.000000
241.714000 33.783600 -13.963 5.651 0.193 0.24 -0.018030 20000 1.000000
243.570000 34.754800 -6.857 -3.171 0.17 0.208 0.054827 20000 1.000000
238.530000 40.815900 -6.657 -1.602 0.169 0.223 0.024323 20000 1.000000
244.365000 33.705000 -6.109 -3.411 0.188 0.231 0.025525 20000 1.000000
239.520000 35.866700 -12.139 4.805 0.191 0.248 0.059887 20000 1.000000
242.155000 34.458200 -10.178 2.046 0.174 0.214 0.021437 20000 1.000000
239.598000 35.880800 -10.117 2.047 0.18 0.221 0.132471 20000 1.000000
240.812000 34.441200 -14.22 3.492 0.176 0.218 0.024881 20000 1.000000
244.089000 34.727300 -5.262 -4.101 0.172 0.211 0.055969 20000 1.000000
243.779000 33.796800 -8.336 0.028 0.177 0.217 0.073828 20000 1.000000
244.855000 34.157600 -4.625 -3.422 0.172 0.21 0.078528 20000 1.000000
241.526000 35.662300 -7.524 -0.808 0.187 0.234 -0.002015 20000 1.000000
240.992000 34.398500 -13.583 6.492 0.181 0.219 0.047178 20000 1.000000
243.827000 33.925400 -7.018 -2.288 0.179 0.215 0.038339 20000 1.000000
242.165000 34.485500 -10.001 1.571 0.174 0.213 0.027364 20000 1.000000
243.060000 35.090200 -6.316 -0.936 0.175 0.213 0.042047 20000 1.000000
242.246000 34.133300 -12.395 3.23 0.172 0.208 0.059262 20000 1.000000
239.406000 35.828700 -13.563 5.046 0.171 0.212 0.054349 20000 1.000000
242.454000 34.314900 -8.441 1.867 0.19 0.236 0.112838 20000 1.000000
240.896000 34.733600 -9.493 1.185 0.174 0.218 0.015489 20000 1.000000
239.557000 35.832600 -12.455 4.918 0.168 0.208 0.032847 20000 1.000000
242.563000 33.856800 -12.215 4.068 0.169 0.206 0.011629 20000 1.000000
238.778000 42.418300 -6.784 -2.818 0.233 0.316 0.035055 20000 1.000000
239.241000 36.186900 -9.606 -2.673 0.173 0.21 0.088880 20000 1.000000
239.233000 36.180500 -14.541 5.711 0.17 0.209 0.044278 20000 1.000000
239.649000 34.038300 -14.648 7.269 0.172 0.211 -0.030591 20000 1.000000
243.904000 40.148400 -6.275 -3.945 0.172 0.224 -0.028347 20000 1.000000
242.682000 33.918400 -12.421 3.712 0.171 0.204 0.049580 20000 1.000000
239.566000 35.969500 -8.04 1.522 0.175 0.208 -0.009413 20000 1.000000
244.588000 40.710700 -6.315 -3.589 0.17 0.231 0.032690 20000 1.000000
241.122000 34.295500 -14.071 5.12 0.19 0.226 0.018598 20000 1.000000
242.118000 34.175200 -12.394 2.441 0.235 0.263 -0.252953 20000 1.000000
242.790000 34.230800 -9.206 0.821 0.23 0.248 0.217778 20000 1.000000
245.381000 34.767700 -5.654 -3.611 0.186 0.225 0.049426 20000 1.000000
242.491000 39.685600 -6.831 -3.841 0.171 0.22 0.031254 20000 1.000000
240.859000 34.498700 -14.069 4.284 0.167 0.205 0.012986 20000 1.000000
243.932000 34.141000 -5.681 -3.011 0.171 0.207 0.064710 20000 1.000000
244.082000 34.369900 -4.742 -3.078 0.172 0.21 0.002644 20000 1.000000
243.695000 34.427700 -6.968 -2.07 0.174 0.215 -0.018612 20000 1.000000
243.708000 34.533000 -6.486 -2.345 0.175 0.212 0.020584 20000 1.000000
243.185000 34.674900 -8.123 -0.266 0.169 0.206 0.054583 20000 1.000000
241.793000 34.128800 -13.405 2.509 0.17 0.208 0.015352 20000 1.000000
240.647000 34.683400 -13.979 3.401 0.193 0.238 -0.009725 20000 1.000000
242.814000 39.521100 -6.22 -4.314 0.168 0.215 0.037302 20000 1.000000
245.995000 32.722500 -4.044 -3.002 0.175 0.208 0.078643 20000 1.000000
244.721000 39.910200 -6.361 -4.673 0.186 0.229 0.019703 20000 1.000000
245.543000 36.154200 -0.396 -3.659 0.177 0.213 0.040196 20000 1.000000
245.180000 41.724200 -5.987 -4.754 0.165 0.218 0.016844 20000 1.000000
242.670000 41.428700 -5.732 -4.618 0.164 0.218 0.044837 20000 1.000000
242.935000 42.981700 -6.644 -4.997 0.163 0.223 0.014034 20000 1.000000
235.925000 40.876300 -5.822 1.125 0.216 0.269 0.067679 20000 1.000000
236.274000 38.928300 -15.507 5.906 0.175 0.224 0.002452 20000 1.000000
235.986000 42.967400 -4.96 -0.683 0.17 0.234 0.058425 20000 1.000000
243.830000 32.616500 -14.887 5.24 0.169 0.201 0.026134 20000 1.000000
238.997000 35.551800 -14.263 7.535 0.166 0.206 0.035079 20000 1.000000
242.015000 39.305600 -5.658 -3.617 0.17 0.222 0.011484 20000 1.000000
242.395000 39.287900 -5.022 -4.333 0.168 0.214 0.033354 20000 1.000000
243.576000 39.500500 -6.394 -4.009 0.164 0.218 0.054206 20000 1.000000
243.950000 39.546400 -6.025 -3.599 0.169 0.214 0.062521 20000 1.000000
244.111000 39.374200 -5.661 -5.023 0.165 0.212 0.053805 20000 1.000000
244.487000 39.536100 -6.174 -3.137 0.195 0.252 0.063371 20000 1.000000
244.568000 39.388600 -7.723 -4.406 0.161 0.209 0.040282 20000 1.000000
242.120000 40.433400 -6.666 -4.153 0.167 0.218 0.071588 20000 1.000000
245.308000 39.255200 -7.048 -4.915 0.17 0.215 0.094698 20000 1.000000
245.723000 39.119400 -4.362 -3.497 0.178 0.231 0.061198 20000 1.000000
246.129000 39.067300 -5.384 -4.263 0.166 0.214 0.030519 20000 1.000000
246.495000 39.268900 -6.053 -4.093 0.164 0.216 0.054430 20000 1.000000
242.532000 40.320600 -5.17 -5.238 0.171 0.221 -0.005563 20000 1.000000
246.946000 40.494000 -6.843 -4.548 0.164 0.216 0.055482 20000 1.000000
243.264000 40.495500 -6.499 -4.108 0.173 0.223 0.004568 20000 1.000000
243.721000 40.363200 -6.671 -3.935 0.164 0.217 0.046601 20000 1.000000
240.200000 39.572800 -5.458 -2.4 0.167 0.215 0.030577 20000 1.000000
242.469000 36.614300 -5.205 -2.629 0.166 0.205 0.031780 20000 1.000000
242.593000 36.804200 -5.6 -2.088 0.163 0.204 0.037805 20000 1.000000
242.006000 36.606000 -6.858 -2.588 0.178 0.216 0.133730 20000 1.000000
242.296000 37.200800 -6.529 -3.276 0.167 0.21 0.039809 20000 1.000000
240.463000 39.698400 -5.77 -2.28 0.174 0.223 0.043924 20000 1.000000
240.694000 39.795600 -6.788 -2.406 0.175 0.229 0.098486 20000 1.000000
241.126000 39.838800 -5.638 -2.657 0.172 0.22 0.013275 20000 1.000000
241.316000 39.888900 -6.376 -3.267 0.17 0.22 0.025130 20000 1.000000
241.841000 39.212300 -6.608 -3.494 0.163 0.211 0.044045 20000 1.000000
246.706000 41.856800 -5.042 -5.102 0.173 0.231 0.082497 20000 1.000000
246.958000 39.345100 -6.135 -4.367 0.167 0.214 0.044793 20000 1.000000
246.988000 41.817300 -7.407 -4.365 0.165 0.219 0.035862 20000 1.000000
246.722000 40.671300 -6.62 -4.076 0.168 0.221 0.038818 20000 1.000000
240.400000 39.499200 -5.216 -2.185 0.185 0.226 0.089845 20000 1.000000
240.931000 39.486100 -6.145 -2.659 0.168 0.217 0.035584 20000 1.000000
241.550000 39.133900 -5.623 -2.733 0.167 0.217 0.040472 20000 1.000000
241.062000 39.268000 -5.941 -2.676 0.17 0.219 0.030491 20000 1.000000
241.649000 39.454700 -6.89 -3.306 0.168 0.219 0.076764 20000 1.000000
241.995000 38.728800 -6.189 -3.179 0.169 0.214 0.048084 20000 1.000000
241.540000 38.724600 -6.063 -2.218 0.167 0.215 0.034810 20000 1.000000
241.070000 38.980900 -6.059 -2.25 0.162 0.214 0.037961 20000 1.000000
240.985000 38.704600 -6.451 -2.217 0.172 0.222 -0.025400 20000 1.000000
240.541000 38.761400 -6.756 -2.601 0.173 0.218 -0.032897 20000 1.000000
240.523000 40.779800 -6.182 -3.27 0.182 0.228 0.126065 20000 1.000000
240.990000 40.242200 -5.169 -3.438 0.184 0.224 -0.024752 20000 1.000000
240.278000 39.908200 -4.422 -1.431 0.169 0.22 0.085696 20000 1.000000
239.307000 38.829200 -9.096 -2.807 0.192 0.222 0.148298 20000 1.000000
239.614000 39.046600 -8.284 -2.278 0.189 0.236 -0.031917 20000 1.000000
240.189000 39.123500 -4.339 -2.715 0.171 0.221 -0.023166 20000 1.000000
239.107000 39.466700 -8.442 -2.759 0.183 0.225 0.134286 20000 1.000000
240.376000 41.357700 -6.116 -3.786 0.166 0.222 0.024024 20000 1.000000
239.716000 39.937400 -6.777 -2.026 0.161 0.21 0.030451 20000 1.000000
239.194000 40.418600 -6.492 -1.792 0.172 0.216 0.014495 20000 1.000000
239.923000 40.288900 -5.954 -3.203 0.167 0.218 0.053395 20000 1.000000
235.692000 40.247500 -12.232 5.513 0.192 0.252 0.027599 20000 1.000000
235.867000 40.551300 -7.854 2.756 0.166 0.216 0.013293 20000 1.000000
235.787000 40.637400 -7.385 2.401 0.185 0.238 0.011532 20000 1.000000
235.943000 40.219600 -10.961 3.299 0.169 0.22 0.029990 20000 1.000000
236.307000 40.119300 -9.994 1.161 0.178 0.236 0.086506 20000 1.000000
238.207000 36.485500 -14.519 7.089 0.163 0.203 0.023038 20000 1.000000
238.710000 35.945700 -14.742 6.719 0.169 0.21 0.065968 20000 1.000000
238.949000 36.302100 -14.613 5.883 0.166 0.207 0.022081 20000 1.000000
238.865000 36.425900 -14.415 6.64 0.168 0.21 0.050111 20000 1.000000
237.668000 37.534500 -13.433 4.245 0.192 0.223 -0.064071 20000 1.000000
237.623000 37.914500 -11.737 3.342 0.172 0.217 0.039666 20000 1.000000
236.819000 38.495000 -12.941 4.822 0.168 0.216 -0.037256 20000 1.000000
236.291000 39.117200 -13.689 4.856 0.186 0.239 0.003594 20000 1.000000
236.652000 38.987400 -12.686 3.598 0.176 0.22 0.109203 20000 1.000000
236.796000 39.242000 -12.261 1.09 0.166 0.214 0.031785 20000 1.000000
236.368000 42.275400 -6.74 -1.778 0.171 0.226 0.018135 20000 1.000000
236.895000 39.319700 -10.959 -0.227 0.172 0.22 0.063579 20000 1.000000
237.041000 38.664700 -11.434 2.517 0.185 0.256 0.055547 20000 1.000000
237.233000 38.428600 -12.013 2.868 0.168 0.216 0.045740 20000 1.000000
237.548000 38.239800 -11.652 1.46 0.169 0.216 0.027407 20000 1.000000
237.083000 38.866100 -11.322 0.17 0.162 0.208 0.019669 20000 1.000000
237.037000 39.398100 -10.698 4.557 0.194 0.244 -0.025839 20000 1.000000
237.424000 38.777800 -9.666 -0.675 0.175 0.234 0.019360 20000 1.000000
237.281000 39.260000 -8.579 -5.123 0.166 0.213 0.060124 20000 1.000000
237.696000 39.109300 -8.932 -2.382 0.171 0.219 0.023378 20000 1.000000
237.873000 37.069200 -14.055 4.961 0.192 0.238 0.187748 20000 1.000000
238.137000 36.962000 -14.231 5.315 0.19 0.224 0.000620 20000 1.000000
238.009000 37.201700 -12.546 4.319 0.194 0.237 -0.036268 20000 1.000000
238.203000 37.001000 -8.534 2.667 0.443 0.481 0.149073 20000 1.000000
238.274000 37.002400 -13.473 4.678 0.178 0.23 0.054211 20000 1.000000
238.349000 37.104500 -12.524 3.106 0.199 0.236 -0.058188 20000 1.000000
238.286000 37.203500 -12.714 2.516 0.173 0.214 0.067441 20000 1.000000
237.786000 37.329900 -14.341 5.357 0.164 0.207 0.032574 20000 1.000000
237.901000 37.336900 -12.198 4.327 0.168 0.222 0.008463 20000 1.000000
237.900000 37.722000 -10.889 0.869 0.164 0.207 0.022199 20000 1.000000
237.781000 37.863900 -11.142 0.817 0.17 0.216 -0.025695 20000 1.000000
237.942000 37.713900 -11.272 0.436 0.177 0.222 -0.009937 20000 1.000000
238.174000 37.336800 -12.972 2.221 0.169 0.216 0.037003 20000 1.000000
238.210000 37.533000 -9.738 -0.522 0.166 0.211 0.010764 20000 1.000000
238.313000 37.601800 -9.39 6.371 0.174 0.218 0.072105 20000 1.000000
238.022000 37.749400 -10.012 1.256 0.165 0.209 0.026410 20000 1.000000
238.214000 37.819000 -9.64 -2.129 0.173 0.216 0.009791 20000 1.000000
238.095000 36.621700 -14.942 9.302 0.167 0.21 0.018273 20000 1.000000
238.421000 36.724000 -14.787 6.381 0.165 0.208 0.016764 20000 1.000000
238.580000 36.800400 -11.032 3.236 0.166 0.207 0.015551 20000 1.000000
238.409000 36.858500 -14.311 6.072 0.166 0.208 0.013000 20000 1.000000
238.459000 36.814300 -13.926 6.008 0.17 0.209 0.037504 20000 1.000000
238.445000 36.903500 -12.879 2.82 0.169 0.208 0.006620 20000 1.000000
238.613000 36.637000 -15.315 6.26 0.174 0.219 -0.010646 20000 1.000000
238.458000 37.007800 -11.939 3.293 0.164 0.208 0.029190 20000 1.000000
238.426000 37.213000 -9.527 -0.727 0.167 0.208 0.028814 20000 1.000000
238.665000 36.918200 -9.366 -1.253 0.164 0.206 0.029133 20000 1.000000
238.645000 37.010800 -9.744 -1.651 0.177 0.222 0.002391 20000 1.000000
240.294000 37.713100 -10.85 -4.878 0.173 0.22 0.016443 20000 1.000000
238.812000 36.559500 -13.428 8.303 0.164 0.204 0.020051 20000 1.000000
238.131000 37.975600 -9.079 -1.506 0.166 0.21 0.040110 20000 1.000000
238.936000 36.611600 -6.405 1.503 0.162 0.203 0.024512 20000 1.000000
238.732000 36.950000 -9.754 -1.257 0.171 0.214 0.044011 20000 1.000000
238.652000 36.811400 -10 -0.43 0.167 0.209 0.019182 20000 1.000000
238.942000 37.169600 -8.078 -2.121 0.172 0.216 0.044587 20000 1.000000
238.347000 37.478400 -9.61 -0.257 0.178 0.224 0.022122 20000 1.000000
238.531000 37.489600 -9.301 -1.254 0.165 0.21 0.005646 20000 1.000000
238.675000 37.581900 -9.443 -1.044 0.167 0.213 0.016767 20000 1.000000
238.395000 37.932000 -9.502 -2.671 0.166 0.212 0.023863 20000 1.000000
238.536000 37.755300 -9.458 -1.426 0.187 0.231 0.035626 20000 1.000000
238.717000 37.385400 -10.14 -1.298 0.173 0.224 0.040081 20000 1.000000
237.782000 38.153000 -10.752 1.501 0.164 0.209 0.009767 20000 1.000000
237.904000 38.025100 -10.106 -0.414 0.167 0.215 -0.017403 20000 1.000000
237.805000 38.444200 -9.246 -1.203 0.174 0.234 0.048477 20000 1.000000
237.645000 38.999500 -7.658 -1.948 0.204 0.229 0.131224 20000 1.000000
238.905000 38.645300 -9.309 -2.508 0.164 0.21 0.027707 20000 1.000000
239.652000 35.544100 -13.352 5.553 0.19 0.236 0.040669 20000 1.000000
239.611000 35.841100 -10.364 4.233 0.171 0.21 0.012531 20000 1.000000
239.655000 35.837800 -9.724 1.582 0.17 0.214 0.022525 20000 1.000000
239.715000 35.806700 -9.795 2.033 0.174 0.215 0.022090 20000 1.000000
239.093000 35.933300 -14.629 5.525 0.164 0.205 0.023700 20000 1.000000
239.019000 36.417200 -9.118 0.082 0.165 0.208 0.038423 20000 1.000000
239.147000 36.515900 -6.316 -0.41 0.169 0.214 0.023698 20000 1.000000
239.302000 36.024800 -13.928 4.887 0.166 0.212 0.025092 20000 1.000000
239.121000 36.140200 -14.368 6.585 0.165 0.205 0.025759 20000 1.000000
239.251000 36.106800 -13.653 6.046 0.163 0.203 0.029082 20000 1.000000
239.272000 36.178900 -8.65 -0.769 0.163 0.203 0.027023 20000 1.000000
239.355000 35.922800 -13.35 6.26 0.166 0.207 0.005682 20000 1.000000
239.525000 36.007500 -4.524 0.85 0.179 0.215 0.036809 20000 1.000000
239.457000 36.089400 -10.582 0.895 0.164 0.205 0.026425 20000 1.000000
239.560000 36.123200 -8.366 -0.481 0.164 0.205 0.026666 20000 1.000000
239.158000 35.697100 -14.538 6.065 0.171 0.206 0.069730 20000 1.000000
239.637000 36.051700 -7.897 0.065 0.168 0.205 0.027349 20000 1.000000
239.448000 35.974100 -12.956 5.314 0.182 0.217 -0.019813 20000 1.000000
239.706000 36.015800 -8.055 -0.074 0.167 0.207 0.017323 20000 1.000000
239.723000 36.304400 -9.42 -1.715 0.168 0.21 0.029681 20000 1.000000
239.257000 36.806300 -8.092 -1.805 0.167 0.212 0.015321 20000 1.000000
239.803000 37.352200 -8.759 -2.458 0.174 0.221 0.035588 20000 1.000000
239.356000 37.795200 -10.234 -2.178 0.176 0.218 0.033661 20000 1.000000
240.160000 37.901100 -8.733 -1.158 0.184 0.222 -0.054240 20000 1.000000
239.049000 38.090000 -8.561 -2.303 0.169 0.215 0.020470 20000 1.000000
239.666000 38.735600 -8.174 -2.031 0.179 0.215 0.055208 20000 1.000000
241.480000 37.177600 -3.472 1.441 0.164 0.209 0.016625 20000 1.000000
236.283000 39.863600 -13.646 2.086 0.206 0.268 -0.025398 20000 1.000000
236.448000 39.905700 -13.063 -0.544 0.186 0.253 -0.007374 20000 1.000000
236.628000 39.452400 -12.635 -0.473 0.165 0.214 0.023942 20000 1.000000
236.705000 39.707100 -11.923 -2.106 0.176 0.226 -0.057510 20000 1.000000
236.813000 39.492800 -11.837 -0.671 0.181 0.255 0.037155 20000 1.000000
236.817000 39.962100 -10.075 -2.3 0.164 0.215 -0.018469 20000 1.000000
236.344000 40.256800 -9.623 -0.196 0.167 0.221 0.041572 20000 1.000000
236.117000 41.151700 -6.395 -1.323 0.167 0.22 0.044188 20000 1.000000
236.301000 40.575300 -7.618 -0.206 0.176 0.228 0.075351 20000 1.000000
236.427000 40.478900 -8.028 -1.731 0.204 0.264 0.237510 20000 1.000000
236.548000 40.082200 -11.043 -0.296 0.163 0.212 0.030461 20000 1.000000
236.864000 40.324100 -9.117 -2.417 0.162 0.213 0.019133 20000 1.000000
236.676000 40.732900 -8.119 -1.141 0.163 0.215 -0.001220 20000 1.000000
236.826000 40.546700 -9.557 -2.668 0.169 0.224 0.012845 20000 1.000000
237.024000 39.621400 -9.745 -3.095 0.175 0.217 0.078077 20000 1.000000
237.126000 39.726200 -8.119 -2.319 0.241 0.315 0.088357 20000 1.000000
237.077000 40.747600 -8.331 -2.821 0.171 0.222 0.006625 20000 1.000000
237.332000 40.034100 -8.715 -2.476 0.167 0.215 0.009857 20000 1.000000
237.393000 40.650700 -7.807 -2.584 0.171 0.23 -0.013138 20000 1.000000
236.666000 40.887100 -7.387 -0.201 0.162 0.213 0.018984 20000 1.000000
237.729000 40.271200 -9.384 -3.118 0.174 0.227 -0.039626 20000 1.000000
239.132000 39.794700 -8.163 -2.086 0.166 0.22 -0.005301 20000 1.000000
239.052000 41.183300 -6.619 -2.436 0.165 0.223 0.015776 20000 1.000000
237.681000 40.731100 -7.686 -4.077 0.199 0.242 0.043499 20000 1.000000
235.774000 42.209100 -9.146 -0.755 0.168 0.217 0.011513 20000 1.000000
235.946000 42.860100 -5.392 -0.546 0.186 0.244 0.108758 20000 1.000000
236.617000 42.503500 -6.747 -1.582 0.167 0.224 0.031166 20000 1.000000
237.344000 42.191000 -5.854 -2.003 0.168 0.226 -0.005613 20000 1.000000
238.220000 42.259700 -4.46 -2.953 0.166 0.217 0.026531 20000 1.000000
239.622000 42.468800 -4.968 -3.066 0.168 0.228 -0.011087 20000 1.000000
241.588000 42.254600 -6.952 -4.442 0.161 0.217 0.026088 20000 1.000000
243.371000 36.071300 -4.845 -2.775 0.177 0.223 0.108286 20000 1.000000
242.835000 36.022500 -6.716 -3.81 0.176 0.21 0.021645 20000 1.000000
242.590000 36.159000 -5.709 -2.058 0.178 0.223 0.066377 20000 1.000000
241.868000 36.466800 -1.482 -2.9 0.187 0.237 -0.159361 20000 1.000000
242.211000 36.531200 -5.93 -2.926 0.163 0.206 0.033683 20000 1.000000
241.909000 36.570200 -4.331 -1.48 0.187 0.219 -0.019494 20000 1.000000
241.882000 36.975700 -4.967 -1.619 0.163 0.205 0.034462 20000 1.000000
242.064000 37.231400 -5.144 -2.593 0.169 0.21 0.072112 20000 1.000000
242.606000 34.462400 -9.29 1.022 0.177 0.211 0.019436 20000 1.000000
242.459000 33.562100 -13.288 5.105 0.168 0.203 0.065414 20000 1.000000
242.895000 32.889200 -14.445 5.271 0.169 0.2 0.029188 20000 1.000000
243.050000 32.733800 -15.235 5.242 0.165 0.198 0.032122 20000 1.000000
242.756000 32.666400 -12.548 5.769 0.193 0.221 0.126996 20000 1.000000
242.810000 33.439600 -12.153 5.046 0.167 0.202 0.046858 20000 1.000000
242.928000 33.235700 -14.211 5.3 0.178 0.206 0.090551 20000 1.000000
243.217000 33.493300 -12.086 3.661 0.168 0.202 0.034976 20000 1.000000
243.651000 32.976000 -13.385 2.896 0.172 0.206 0.045248 20000 1.000000
243.989000 32.822200 -13.803 4.141 0.173 0.208 -0.016141 20000 1.000000
243.329000 33.240200 -14.198 4.076 0.177 0.21 0.037700 20000 1.000000
243.431000 33.059200 -15.489 4.047 0.166 0.199 0.033823 20000 1.000000
243.379000 33.375600 -12.856 3.588 0.177 0.212 0.079448 20000 1.000000
243.591000 33.210200 -12.251 5.064 0.183 0.223 0.031367 20000 1.000000
243.817000 33.213500 -11.611 2.468 0.17 0.203 0.042228 20000 1.000000
243.921000 33.201000 -10.123 1.46 0.171 0.207 0.024029 20000 1.000000
243.888000 33.296200 -8.873 1.04 0.176 0.212 -0.034255 20000 1.000000
243.574000 33.523500 -9.878 3.031 0.18 0.21 0.098678 20000 1.000000
243.773000 33.574700 -10.377 0.873 0.176 0.219 0.056953 20000 1.000000
244.031000 32.887000 -11.658 3.167 0.173 0.209 0.015724 20000 1.000000
244.175000 32.954700 -11.169 1.632 0.17 0.202 0.037112 20000 1.000000
244.268000 32.759700 -18.226 0.623 0.18 0.216 0.049111 20000 1.000000
244.404000 32.750600 -9.742 1.906 0.178 0.208 0.030523 20000 1.000000
244.423000 32.834700 -8.836 0.696 0.176 0.211 0.024873 20000 1.000000
244.430000 32.898400 -7.791 -0.217 0.18 0.213 0.067084 20000 1.000000
244.700000 32.690000 -5.127 -2.943 0.17 0.202 0.033157 20000 1.000000
244.602000 32.875800 -4.375 -3.467 0.177 0.211 0.063330 20000 1.000000
244.578000 32.982500 -5.254 -4.57 0.177 0.215 0.077785 20000 1.000000
244.280000 32.948900 -9.902 0.949 0.176 0.211 0.018963 20000 1.000000
244.234000 33.516400 -6.646 -2.802 0.179 0.213 0.105340 20000 1.000000
244.313000 33.423900 -5.528 -2.862 0.177 0.212 0.084412 20000 1.000000
244.571000 33.247800 -5.551 -4.109 0.174 0.208 0.033017 20000 1.000000
244.657000 33.143600 -5.86 -3.446 0.176 0.21 -0.009661 20000 1.000000
244.704000 33.886900 -4.929 -3.735 0.178 0.209 0.047994 20000 1.000000
240.305000 37.562600 -6.994 0.499 0.186 0.218 0.149281 20000 1.000000
239.350000 34.907300 -15.456 7.156 0.164 0.201 0.025397 20000 1.000000
239.590000 35.010700 -15.235 6.4 0.168 0.205 0.030062 20000 1.000000
239.760000 34.870600 -15.08 5.551 0.166 0.203 0.040179 20000 1.000000
239.617000 35.106200 -14.728 5.812 0.176 0.212 0.111678 20000 1.000000
241.822000 34.376400 -12.897 3.579 0.169 0.208 0.033156 20000 1.000000
239.925000 35.020000 -12.578 7.002 0.165 0.202 0.024237 20000 1.000000
240.208000 34.507800 -14.338 7.086 0.172 0.203 0.020308 20000 1.000000
240.384000 34.630500 -13.931 6.145 0.166 0.205 0.009632 20000 1.000000
240.185000 34.888600 -13.19 4.885 0.165 0.203 0.023302 20000 1.000000
240.464000 35.086600 -11.399 1.652 0.168 0.207 0.023137 20000 1.000000
239.192000 35.425800 -15.189 6.911 0.165 0.203 0.017663 20000 1.000000
239.455000 35.327800 -14.16 6.532 0.169 0.21 0.068582 20000 1.000000
239.646000 35.440500 -13.005 6.059 0.168 0.206 0.024796 20000 1.000000
239.520000 35.624800 -12.459 6.601 0.165 0.204 0.031161 20000 1.000000
239.463000 35.792700 -12.674 5.272 0.167 0.208 0.043824 20000 1.000000
239.733000 35.633800 -12.089 4.12 0.17 0.207 0.058523 20000 1.000000
239.629000 35.747900 -12.225 4.513 0.168 0.206 0.035910 20000 1.000000
237.762000 37.061200 -14.951 6.502 0.166 0.209 0.041812 20000 1.000000
239.899000 35.235100 -12.955 5.405 0.189 0.221 0.081754 20000 1.000000
239.975000 35.279800 -12.745 4.333 0.173 0.215 -0.002364 20000 1.000000
240.065000 35.316800 -11.84 4.056 0.169 0.21 0.037210 20000 1.000000
239.887000 35.534200 -12.386 3.074 0.177 0.218 0.022242 20000 1.000000
239.818000 35.702700 -10.76 1.899 0.167 0.208 0.018296 20000 1.000000
239.869000 35.801300 -9.301 1.273 0.173 0.209 0.042032 20000 1.000000
239.999000 35.686700 -9.602 0.312 0.17 0.208 -0.010306 20000 1.000000
239.707000 35.688900 -12.273 4.641 0.165 0.204 0.024508 20000 1.000000
240.287000 35.319000 -9.551 2.472 0.178 0.22 0.018866 20000 1.000000
240.091000 35.934700 -8.72 -0.284 0.167 0.206 0.036226 20000 1.000000
240.496000 34.466800 -15.64 3.168 0.164 0.2 0.029964 20000 1.000000
240.674000 34.599600 -14.047 1.504 0.175 0.217 0.118665 20000 1.000000
240.885000 34.660100 -12.205 1.95 0.174 0.21 0.102484 20000 1.000000
240.845000 34.856200 -11.973 2.524 0.236 0.349 -0.034172 20000 1.000000
239.755000 35.686700 -12.153 4.361 0.167 0.204 0.021490 20000 1.000000
241.121000 34.835100 -10.312 1.42 0.167 0.203 0.039716 20000 1.000000
241.152000 34.792300 -11.403 2.783 0.172 0.216 0.039578 20000 1.000000
241.331000 34.695000 -11.638 2.427 0.175 0.214 0.107682 20000 1.000000
241.454000 34.771100 -9.695 2.132 0.167 0.205 0.032261 20000 1.000000
241.344000 34.944400 -10.203 1.488 0.173 0.213 0.002287 20000 1.000000
241.388000 35.138600 -8.327 -0.749 0.166 0.204 0.018005 20000 1.000000
241.382000 34.838900 -10.558 1.63 0.173 0.212 0.038081 20000 1.000000
241.459000 34.821800 -9.702 1.827 0.178 0.214 0.065143 20000 1.000000
241.811000 34.982100 -7.61 1.408 0.168 0.207 0.014898 20000 1.000000
241.876000 35.378000 -8.736 0.047 0.168 0.205 0.026255 20000 1.000000
241.740000 35.667300 -6.737 -1.109 0.175 0.21 0.037587 20000 1.000000
241.233000 36.231400 -8.35 -2.679 0.175 0.214 0.080516 20000 1.000000
241.045000 36.585500 -8.028 -0.738 0.174 0.215 0.018265 20000 1.000000
241.740000 36.093100 -5.879 -1.248 0.169 0.21 0.013225 20000 1.000000
241.994000 35.038800 -7.722 0.615 0.167 0.205 0.038572 20000 1.000000
242.271000 34.509700 -9.221 1.812 0.168 0.204 0.032326 20000 1.000000
242.451000 34.634300 -8.135 1.15 0.169 0.207 0.038428 20000 1.000000
242.457000 34.987000 -7.165 -0.16 0.19 0.232 0.080268 20000 1.000000
243.048000 33.892600 -10.233 2.248 0.166 0.201 0.041443 20000 1.000000
243.454000 34.019300 -8.608 1.541 0.168 0.203 0.030865 20000 1.000000
242.719000 34.534800 -8.984 0.762 0.191 0.214 -0.052338 20000 1.000000
241.969000 34.332200 -13.088 5.124 0.297 0.34 0.028849 20000 1.000000
242.635000 35.116800 -6.178 -0.717 0.169 0.208 0.028406 20000 1.000000
241.983000 35.152400 -7.551 0.504 0.169 0.207 0.037424 20000 1.000000
242.697000 35.238500 -6.96 -0.925 0.17 0.209 0.026618 20000 1.000000
242.795000 35.387900 -7.267 -2.115 0.164 0.203 0.040918 20000 1.000000
242.610000 35.896700 -5.042 -1.333 0.181 0.225 0.028407 20000 1.000000
242.597000 35.697600 -6.19 -2.279 0.168 0.206 0.033314 20000 1.000000
243.111000 35.998200 -5.507 -3.222 0.175 0.21 0.036705 20000 1.000000
243.112000 35.710600 -6.66 -2.454 0.166 0.206 0.043079 20000 1.000000
243.290000 34.192500 -7.321 0.892 0.172 0.205 0.023495 20000 1.000000
243.463000 34.217200 -7.46 -0.05 0.169 0.204 0.048399 20000 1.000000
243.788000 33.865800 -7.57 -0.627 0.167 0.202 0.052626 20000 1.000000
243.920000 33.959300 -6.298 -2.4 0.169 0.203 0.039492 20000 1.000000
239.772000 35.729200 -10.914 1.939 0.167 0.205 0.035822 20000 1.000000
243.971000 34.716900 -5.5 -3.689 0.173 0.209 0.009002 20000 1.000000
243.329000 34.936800 -7.368 -2.081 0.169 0.207 0.046117 20000 1.000000
242.063000 34.341100 -11.781 2.728 0.181 0.224 0.000819 20000 1.000000
243.120000 34.462100 -8.358 0.945 0.168 0.204 0.040009 20000 1.000000
244.179000 33.741000 -6.3 -2.915 0.172 0.21 0.011982 20000 1.000000
243.107000 34.062700 -10.241 2.17 0.23 0.286 -0.012041 20000 1.000000
244.236000 34.425700 -5.337 -3.458 0.213 0.227 0.087736 20000 1.000000
244.350000 35.204800 -5.428 -3.968 0.173 0.209 0.015636 20000 1.000000
242.685000 34.187400 -9.552 3.522 0.17 0.207 0.087386 20000 1.000000
242.950000 34.196200 -7.382 3.292 0.204 0.213 0.124143 20000 1.000000
244.750000 34.731800 -5.569 -3.043 0.206 0.259 0.104559 20000 1.000000
243.237000 35.204600 -5.974 -2.762 0.167 0.204 0.045683 20000 1.000000
242.107000 35.424600 -7.99 -0.939 0.166 0.205 0.036999 20000 1.000000
243.428000 35.320600 -6.82 -2.712 0.167 0.206 0.033453 20000 1.000000
243.896000 35.141900 -6.572 -3.781 0.178 0.209 0.012594 20000 1.000000
243.878000 35.526000 -4.623 -3.578 0.17 0.212 0.010479 20000 1.000000
243.855000 35.785400 -5.952 -3.803 0.167 0.207 0.034527 20000 1.000000
244.456000 35.472800 -6.209 -4.44 0.168 0.209 0.052823 20000 1.000000
244.634000 35.163000 -4.914 -4.114 0.174 0.214 0.028094 20000 1.000000
245.401000 34.188900 -5.478 -3.337 0.172 0.21 0.051710 20000 1.000000
245.035000 34.844400 -5.247 -4.064 0.173 0.209 0.040472 20000 1.000000
244.762000 35.291100 -5.217 -3.361 0.168 0.206 0.041802 20000 1.000000
241.621000 37.973100 -4.305 -0.848 0.167 0.215 -0.012012 20000 1.000000
241.000000 37.613000 -8.252 5.782 0.17 0.212 -0.004719 20000 1.000000
241.084000 37.605300 -0.9 8.91 0.176 0.231 0.001564 20000 1.000000
240.914000 37.785700 -4.26 0.966 0.202 0.239 -0.060769 20000 1.000000
240.967000 37.913500 -6.187 0.362 0.163 0.207 0.034363 20000 1.000000
240.974000 37.696600 -4.473 0.339 0.197 0.233 0.155146 20000 1.000000
240.862000 37.839300 -3.609 0.039 0.179 0.22 0.041912 20000 1.000000
240.853000 37.962800 -8.447 -4.668 0.18 0.223 0.024801 20000 1.000000
240.916000 37.914100 -5.279 0.423 0.203 0.247 0.048425 20000 1.000000
241.056000 37.734300 -5.23 -1.054 0.165 0.21 0.036403 20000 1.000000
241.131000 37.654600 -4.703 1.063 0.166 0.212 0.031272 20000 1.000000
241.040000 37.891700 -6.565 0.017 0.175 0.214 0.021473 20000 1.000000
241.148000 37.878200 -5.483 -1.196 0.165 0.209 0.017928 20000 1.000000
241.183000 37.591400 1.281 9.133 0.169 0.224 0.088821 20000 1.000000
241.302000 37.561600 -3.973 2.004 0.17 0.231 0.010065 20000 1.000000
241.316000 37.495400 1.51 3.393 0.163 0.205 0.035295 20000 1.000000
241.406000 37.541300 -3.612 -0.635 0.165 0.209 0.033870 20000 1.000000
241.180000 37.677000 -5.291 0.203 0.164 0.209 0.037429 20000 1.000000
241.232000 37.754400 -5.573 -2.066 0.175 0.231 0.095155 20000 1.000000
240.981000 37.800000 -5.797 1.565 0.167 0.211 0.066219 20000 1.000000
241.264000 37.903500 -5.773 -0.891 0.173 0.219 0.014582 20000 1.000000
241.445000 37.891300 -5.502 -1.247 0.176 0.218 0.068310 20000 1.000000
241.762000 37.589200 -7.555 -1.376 0.165 0.21 0.029529 20000 1.000000
241.528000 37.737500 -4.824 -1.463 0.171 0.213 0.055868 20000 1.000000
240.850000 38.057900 -2.342 0.893 0.171 0.213 0.033826 20000 1.000000
237.706000 41.381200 -6.354 -1.703 0.173 0.22 0.081889 20000 1.000000
237.809000 41.479200 -6.937 -2.751 0.164 0.228 -0.008583 20000 1.000000
237.687000 41.463600 -6.318 -1.998 0.168 0.23 -0.017411 20000 1.000000
237.847000 41.531900 -6.99 -0.573 0.222 0.259 0.083941 20000 1.000000
238.493000 41.711600 -5.823 -2.245 0.163 0.217 0.032493 20000 1.000000
246.132000 42.878900 -5.736 -4.427 0.163 0.221 0.031568 20000 1.000000
241.275000 37.380400 4.546 -2.549 0.231 0.269 0.179033 20000 1.000000
241.439000 37.439500 -3.406 -0.717 0.178 0.22 0.035263 20000 1.000000
240.254000 37.088900 -8.146 -1.89 0.172 0.213 0.092526 20000 1.000000
241.853000 37.280500 -5.731 -2.895 0.168 0.213 0.033114 20000 1.000000
239.172000 41.359200 -6.01 -2.623 0.172 0.226 -0.035803 20000 1.000000
239.527000 41.332500 -5.991 -3.01 0.168 0.221 0.039445 20000 1.000000
235.587000 42.442000 -5.751 -0.452 0.167 0.225 -0.028176 20000 1.000000
235.707000 42.076600 -6.381 -2.005 0.175 0.226 0.043218 20000 1.000000
238.120000 42.579800 -5.452 -3.406 0.168 0.221 0.024675 20000 1.000000
237.390000 42.727100 -3.355 -1.946 0.241 0.294 0.191443 20000 1.000000
240.341000 42.546100 -5.476 -3.309 0.164 0.221 0.026813 20000 1.000000
242.275000 42.020200 -7.357 -4.338 0.166 0.221 0.033841 20000 1.000000
243.404000 33.598200 -10.459 1.911 0.245 0.301 -0.130338 20000 1.000000
243.397000 33.495500 -11.997 3.262 0.172 0.208 0.043223 20000 1.000000
244.492000 32.829400 -9.533 -6.459 0.173 0.208 0.013657 20000 1.000000
238.928000 37.699000 -9.169 -1.924 0.169 0.214 0.019965 20000 1.000000
239.784000 35.693800 -10.134 1.909 0.18 0.218 0.053725 20000 1.000000
237.579000 41.830800 0.762 -1.81 0.175 0.237 0.065851 20000 1.000000
236.019000 41.845500 -5.65 -2.004 0.184 0.269 -0.063823 20000 1.000000
238.521000 36.744300 -11.027 5.227 0.358 0.378 0.054602 20000 1.000000
239.528000 35.946600 -10.96 1.238 0.183 0.222 0.092053 20000 1.000000
239.485000 35.929100 -13.512 3.609 0.237 0.31 0.018483 20000 1.000000
236.427000 40.478800 -8.511 -1.368 0.201 0.264 0.229678 20000 1.000000
243.852000 34.508100 -5.495 -2.972 0.168 0.207 0.021912 20000 1.000000
245.241000 32.497900 -3.571 -3.711 0.172 0.204 0.036903 20000 1.000000
243.407000 33.537300 -12.539 0.443 0.179 0.218 0.092759 20000 1.000000
241.651000 34.021700 -14.204 4.588 1.172 0.577 0.049240 20000 1.000000
243.936000 31.559100 -16.332 5.542 0.176 0.205 0.098091 20000 1.000000
238.728000 35.709000 -15.726 7.352 0.19 0.234 0.009024 20000 1.000000
242.077000 34.508200 -10.6 2.28 0.175 0.21 0.043877 20000 1.000000
242.305000 34.925400 -8.137 0.178 0.176 0.216 0.004743 20000 1.000000
244.116000 32.417000 -15.564 5.134 0.168 0.201 0.027107 20000 1.000000
239.522000 35.919900 -14.883 5.439 0.194 0.24 0.085096 20000 1.000000
242.818000 33.835700 -12.431 3.913 0.19 0.218 0.036109 20000 1.000000
243.506000 33.819200 -9.249 0.788 0.177 0.213 0.028793 20000 1.000000
242.193000 34.091800 -12.251 3.161 0.174 0.221 0.009637 20000 1.000000
244.165000 31.313100 -16.338 7.327 0.168 0.199 0.017174 20000 1.000000
244.543000 32.377900 -10.755 5.091 0.167 0.199 0.032852 20000 1.000000
241.596000 33.743300 -14.044 5.453 0.165 0.2 0.036056 20000 1.000000
241.628000 33.779500 -14.711 5.502 0.207 0.257 0.045211 20000 1.000000
238.863000 36.161100 -14.986 5.85 0.169 0.209 0.041509 20000 1.000000
241.755000 34.628700 -9.43 2.534 0.183 0.226 0.003004 20000 1.000000
239.056000 39.974600 -5.46 -0.756 0.173 0.224 -0.010517 20000 1.000000
242.317000 35.338700 -6.657 0.049 0.167 0.205 0.037185 20000 1.000000
240.280000 34.500000 -15.26 4.419 0.171 0.211 -0.005527 20000 1.000000
243.375000 34.643900 -8.891 -1.075 0.169 0.203 0.030791 20000 1.000000
241.974000 34.019100 -13.839 3.478 0.19 0.228 -0.014936 20000 1.000000
239.475000 35.900000 -18.018 5.131 0.178 0.223 -0.021538 20000 1.000000
241.807000 34.875100 -7.932 1.034 0.177 0.215 0.044924 20000 1.000000
240.816000 34.541500 -13.021 2.371 0.191 0.228 0.115700 20000 1.000000
244.877000 40.617200 -6.252 -5.273 0.167 0.224 0.048285 20000 1.000000
238.442000 37.666500 -8.763 -1.849 0.166 0.21 0.020566 20000 1.000000
241.245000 34.459800 -13.231 2.778 0.188 0.233 0.044194 20000 1.000000
242.138000 34.205600 -12.73 3.15 0.214 0.229 -0.056846 20000 1.000000
239.775000 40.591700 -6.64 -2.325 0.171 0.228 0.017448 20000 1.000000
240.984000 41.868400 -6.55 -3.868 0.173 0.228 0.101575 20000 1.000000
243.701000 35.971300 -6.681 -4.03 0.175 0.211 0.010014 20000 1.000000
241.521000 34.438600 -13.215 3.89 0.192 0.234 0.013121 20000 1.000000
240.116000 39.314300 -1.628 0.35 0.165 0.216 0.011162 20000 1.000000
244.022000 33.292200 -9.031 0.88 0.175 0.208 0.049226 20000 1.000000
240.476000 33.247900 -18.39 9.401 0.185 0.232 -0.010719 20000 1.000000
240.936000 34.319900 -13.664 4.847 0.165 0.201 0.034745 20000 1.000000
241.354000 34.059300 -10.669 3.329 0.17 0.205 -0.004763 20000 1.000000
242.151000 33.992700 -12.762 3.535 0.185 0.22 0.056297 20000 1.000000
239.935000 34.004300 -15.607 6.937 0.173 0.209 0.004943 20000 1.000000
239.640000 35.917400 -11.088 -0.829 0.196 0.243 0.072351 20000 1.000000
241.585000 35.158200 -8.338 -0.118 0.166 0.207 0.013372 20000 1.000000
243.923000 33.650600 -7.892 -0.155 0.176 0.214 0.072231 20000 1.000000
239.867000 34.483500 -14.079 3.653 0.178 0.219 0.004642 20000 1.000000
243.839000 33.641200 -9.068 1.634 0.178 0.212 0.031578 20000 1.000000
242.951000 39.542200 -6.566 -4.215 0.174 0.219 0.125706 20000 1.000000
242.816000 38.097200 -6.039 -3.354 0.166 0.211 0.029586 20000 1.000000
241.669000 33.797800 -14.053 5.478 0.173 0.209 0.003683 20000 1.000000
241.163000 34.248000 -13.948 4.935 0.173 0.208 0.088954 20000 1.000000
235.849000 41.053900 -4.416 0.216 0.169 0.221 -0.015925 20000 1.000000
241.558000 34.069100 -14.207 4.087 0.202 0.234 0.062372 20000 1.000000
240.156000 34.413300 -16.584 3.661 0.201 0.226 -0.066423 20000 1.000000
241.198000 39.627100 -6.18 -3.526 0.166 0.215 0.047864 20000 1.000000
241.715000 34.024000 -14.823 1.936 0.252 0.297 0.149886 20000 1.000000
243.915000 33.030100 -13.945 3.704 0.172 0.206 0.027720 20000 1.000000
240.516000 34.851500 -12.767 3.992 0.182 0.22 0.020588 20000 1.000000
241.780000 34.178600 -12.79 3.767 0.222 0.236 0.132906 20000 1.000000
241.486000 34.126400 -13.485 4.202 0.166 0.202 0.048352 20000 1.000000
241.516000 34.293200 -12.683 4.004 0.173 0.206 0.038420 20000 1.000000
239.384000 34.556300 -15.514 5.412 0.23 0.265 0.014585 20000 1.000000
241.879000 34.501500 -11.034 2.975 0.179 0.215 0.027005 20000 1.000000
241.706000 33.712600 -14.087 5.834 0.175 0.213 0.014586 20000 1.000000
241.346000 37.664300 -4.465 0.455 0.167 0.212 0.032930 20000 1.000000
241.016000 35.010800 -10.07 1.861 0.186 0.227 0.026176 20000 1.000000
243.608000 33.934800 -7.428 -1.055 0.208 0.246 -0.006881 20000 1.000000
241.258000 34.568500 -12.148 3.115 0.186 0.222 0.177575 20000 1.000000
241.586000 34.259400 -13.361 4.755 0.195 0.24 0.008699 20000 1.000000
243.068000 34.669000 -8.393 -0.666 0.184 0.221 -0.077670 20000 1.000000
241.572000 33.958200 -13.653 4.688 0.251 0.264 -0.299022 20000 1.000000
243.346000 33.955300 -8.554 1.262 0.172 0.207 0.017725 20000 1.000000
243.111000 35.425200 -6.408 -5.169 0.244 0.297 0.010964 20000 1.000000
243.920000 35.287000 -5.865 -3.326 0.17 0.21 0.045257 20000 1.000000
