242.907000 34.116400 -10.776 1.939 0.19 0.23 -0.001906 20000 1.000000
242.555000 33.274300 -14.291 6.243 0.171 0.196 0.027856 20000 1.000000
243.571000 34.594300 -7.706 -0.24 0.166 0.195 0.034286 20000 1.000000
241.305000 34.824500 -9.904 1.656 0.178 0.21 0.013779 20000 1.000000
242.675000 33.341900 -14.065 6.008 0.167 0.194 0.039744 20000 1.000000
242.524000 33.381100 -14.446 6.02 0.168 0.193 0.028970 20000 1.000000
242.103000 34.126000 -13.243 4.429 0.244 0.256 0.133742 20000 1.000000
240.970000 33.480500 -15.809 7.951 0.187 0.209 -0.002192 20000 1.000000
243.116000 34.264300 -9.453 2.533 0.191 0.226 0.083287 20000 1.000000
240.594000 34.920500 -12.824 3.222 0.167 0.198 0.006368 20000 1.000000
243.379000 37.039900 -6.416 -1.73 0.174 0.209 0.040512 20000 1.000000
244.002000 34.000500 -7.177 -0.93 0.169 0.195 0.007319 20000 1.000000
242.935000 33.578200 -13.46 5.343 0.181 0.206 0.019936 20000 1.000000
243.920000 35.287000 -6.176 -1.236 0.171 0.202 0.032512 20000 1.000000
245.285000 33.610400 -6.57 -1.157 0.191 0.219 0.011023 20000 1.000000
243.947000 34.251400 -6.702 -1.137 0.17 0.196 0.028253 20000 1.000000
241.723000 34.184900 -14.644 4.988 0.193 0.224 0.066143 20000 1.000000
242.988000 34.918600 -8.661 0.709 0.18 0.213 -0.008010 20000 1.000000
241.812000 34.292800 -13.071 4.682 0.257 0.263 -0.297459 20000 1.000000
242.156000 42.779500 -6.83 -1.336 0.166 0.22 0.026530 20000 1.000000
240.653000 35.157300 -11.63 1.932 0.171 0.206 0.048299 20000 1.000000
235.437000 42.836100 -3.943 0.876 0.174 0.23 0.013430 20000 1.000000
244.010000 33.655100 -8.675 -0.963 0.173 0.202 0.053240 20000 1.000000
239.566000 35.939400 -11.075 1.972 0.166 0.201 0.008062 20000 1.000000
239.569000 35.888400 -11.557 5.05 0.19 0.222 0.034668 20000 1.000000
241.666000 33.311600 -14.847 6.674 0.165 0.192 0.034561 20000 1.000000
241.517000 33.445800 -15.295 6.863 0.169 0.199 0.010047 20000 1.000000
241.370000 34.138600 -14.108 6.074 0.206 0.222 0.115253 20000 1.000000
242.329000 35.565300 -8.456 0.865 0.173 0.208 0.025047 20000 1.000000
240.987000 34.806400 -12.849 2.923 0.181 0.235 -0.077869 20000 1.000000
243.664000 34.829500 -7.573 -1.739 0.183 0.207 0.024102 20000 1.000000
242.035000 34.244000 -13.321 6.351 0.199 0.242 -0.087883 20000 1.000000
241.974000 34.333400 -13.802 3.134 0.189 0.211 0.092199 20000 1.000000
242.172000 34.640500 -9.683 2.231 0.178 0.214 0.081832 20000 1.000000
241.063000 34.109600 -15.102 6.992 0.181 0.218 0.054071 20000 1.000000
241.873000 34.136700 -12.97 5.346 0.204 0.23 0.049898 20000 1.000000
242.576000 34.271200 -11.531 3.543 0.167 0.192 0.024522 20000 1.000000
242.521000 34.313800 -11.625 2.843 0.183 0.211 0.123279 20000 1.000000
241.856000 34.530300 -12.244 3.378 0.188 0.209 -0.104757 20000 1.000000
242.291000 34.109900 -13.079 3.369 0.178 0.206 -0.000582 20000 1.000000
245.126000 40.558400 -6.523 -1.84 0.179 0.211 0.061380 20000 1.000000
244.877000 32.863500 -6.635 -2.239 0.173 0.195 0.023480 20000 1.000000
244.272000 32.850500 -12.62 4.891 0.173 0.198 0.005969 20000 1.000000
240.120000 34.414900 -15.079 7.726 0.172 0.201 0.000341 20000 1.000000
242.427000 35.071700 -8.611 1.376 0.175 0.203 0.075160 20000 1.000000
239.249000 35.791600 -13.712 7.487 0.173 0.206 0.014536 20000 1.000000
240.275000 35.242100 -12.454 2.787 0.184 0.217 0.029038 20000 1.000000
244.265000 33.069800 -9.601 2.558 0.183 0.209 0.029782 20000 1.000000
240.961000 34.168400 -14.771 6.893 0.169 0.199 0.048602 20000 1.000000
241.743000 33.861500 -14.69 5.976 0.172 0.202 0.025444 20000 1.000000
241.476000 34.253600 -14.499 5.291 0.176 0.207 0.066434 20000 1.000000
240.629000 34.408100 -14.304 5.904 0.193 0.229 0.013661 20000 1.000000
241.387000 34.516500 -13.005 4.316 0.174 0.201 0.019183 20000 1.000000
243.630000 34.124100 -7.6 -0.101 0.185 0.213 -0.022624 20000 1.000000
242.098000 34.082000 -14.419 4.481 0.184 0.213 -0.022787 20000 1.000000
241.603000 34.334800 -10.024 11.253 0.33 0.334 -0.136391 20000 1.000000
241.603000 34.334000 -12.682 4.77 0.261 0.254 -0.137899 20000 1.000000
244.212000 33.389800 -9.471 0.723 0.18 0.205 0.021208 20000 1.000000
242.154000 35.267500 -8.879 1.9 0.262 0.296 -0.102031 20000 1.000000
242.140000 34.413400 -12.088 3.272 0.169 0.212 0.024233 20000 1.000000
241.873000 33.938300 -14.501 5.174 0.168 0.196 0.033447 20000 1.000000
242.588000 33.647700 -13.288 5.31 0.164 0.191 0.029401 20000 1.000000
241.170000 34.946200 -12.091 -0.672 0.175 0.211 0.018059 20000 1.000000
245.061000 39.345200 -6.886 -1.558 0.171 0.211 0.011078 20000 1.000000
244.183000 40.914700 -7.175 -2.155 0.164 0.21 0.023725 20000 1.000000
241.871000 33.583500 -16.151 6.116 0.175 0.201 0.053127 20000 1.000000
242.574000 33.649100 -12.141 4.862 0.17 0.199 0.000669 20000 1.000000
241.574000 34.703100 -13.627 -0.612 0.169 0.198 0.036352 20000 1.000000
242.474000 34.104200 -12.844 4.476 0.195 0.226 0.035580 20000 1.000000
239.991000 34.733000 -14.96 6.445 0.169 0.198 0.051450 20000 1.000000
243.064000 34.093600 -10.98 2.576 0.193 0.275 0.107075 20000 1.000000
241.116000 34.356300 -14.355 6.606 0.171 0.197 0.030735 20000 1.000000
246.195000 39.369400 -6.741 -1.892 0.171 0.208 0.016302 20000 1.000000
241.760000 34.733900 -9.114 2.173 0.172 0.202 0.019985 20000 1.000000
244.200000 32.945000 -13.415 5.248 0.196 0.21 0.042963 20000 1.000000
241.107000 34.800200 -11.227 2.984 0.176 0.206 0.037111 20000 1.000000
240.644000 40.416500 -8.438 -1.588 0.166 0.213 -0.013923 20000 1.000000
240.136000 35.189400 -13.726 5.359 0.171 0.206 0.023997 20000 1.000000
244.479000 33.274800 -7.154 -2.753 0.173 0.197 0.016690 20000 1.000000
243.617000 34.291400 -7.293 0.109 0.171 0.2 0.005515 20000 1.000000
245.173000 33.051100 -5.697 -1.432 0.203 0.227 -0.040702 20000 1.000000
244.340000 34.784000 -6.744 -1.706 0.194 0.226 -0.000061 20000 1.000000
245.810000 34.308600 -6.314 -2.118 0.174 0.2 0.029088 20000 1.000000
243.111000 35.425200 -6.015 -1.621 0.17 0.202 0.011287 20000 1.000000
245.820000 40.640200 -6.865 -2.255 0.164 0.206 0.027770 20000 1.000000
239.584000 36.399000 -7.404 1.389 0.202 0.24 0.005967 20000 1.000000
241.887000 34.047400 -13.96 4.666 0.172 0.201 0.057609 20000 1.000000
242.701000 35.011500 -8.597 0.464 0.166 0.196 0.025902 20000 1.000000
241.714000 33.783600 -15.377 7.83 0.196 0.226 -0.052386 20000 1.000000
243.570000 34.754800 -7.263 -1.455 0.17 0.198 0.046635 20000 1.000000
238.530000 40.815900 -6.91 -1.155 0.163 0.211 0.012671 20000 1.000000
242.999000 33.708100 -13.281 4.245 0.17 0.198 0.042783 20000 1.000000
244.365000 33.705000 -7.11 -2.181 0.189 0.226 0.013282 20000 1.000000
239.520000 35.866700 -13.171 6.704 0.194 0.251 0.059179 20000 1.000000
242.155000 34.458200 -11.187 3.531 0.171 0.201 0.005055 20000 1.000000
239.598000 35.880800 -10.343 3.748 0.178 0.211 0.098558 20000 1.000000
240.812000 34.441200 -14.624 5.891 0.179 0.212 0.035930 20000 1.000000
244.089000 34.727300 -6.553 -2.084 0.173 0.202 0.044726 20000 1.000000
243.779000 33.796800 -9.041 -0.016 0.173 0.201 0.064324 20000 1.000000
244.855000 34.157600 -6.417 -1.897 0.167 0.196 0.049764 20000 1.000000
241.526000 35.662300 -9.016 0.951 0.178 0.213 -0.016802 20000 1.000000
242.045000 34.449100 -11.835 2.871 0.165 0.201 0.013003 20000 1.000000
240.992000 34.398500 -14.329 5.043 0.172 0.203 0.029067 20000 1.000000
243.827000 33.925400 -7.984 -0.163 0.175 0.199 0.034224 20000 1.000000
243.241000 33.236000 -19.573 4.229 0.197 0.219 0.117834 20000 1.000000
242.165000 34.485500 -10.602 3.111 0.268 0.314 0.021240 20000 1.000000
242.609000 33.744200 -12.765 4.695 0.185 0.209 0.106402 20000 1.000000
242.555000 33.817400 -13.225 4.965 0.172 0.2 0.038314 20000 1.000000
243.060000 35.090200 -6.894 0.336 0.173 0.2 0.030932 20000 1.000000
239.553000 34.691000 -15.778 7.789 0.17 0.198 0.028874 20000 1.000000
242.246000 34.133300 -13.201 4.598 0.173 0.201 0.049361 20000 1.000000
239.406000 35.828700 -13.581 7.271 0.172 0.208 0.051740 20000 1.000000
242.454000 34.314900 -9.8 3.27 0.188 0.221 0.116657 20000 1.000000
241.970000 34.527100 -11.137 3.192 0.175 0.21 -0.021671 20000 1.000000
240.896000 34.733600 -12.419 2.923 0.174 0.207 0.034764 20000 1.000000
239.557000 35.832600 -12.762 5.868 0.167 0.201 0.028738 20000 1.000000
242.563000 33.856800 -13.234 5.106 0.17 0.194 0.020977 20000 1.000000
238.778000 42.418300 -6.206 -1.787 0.227 0.311 0.026092 20000 1.000000
239.241000 36.186900 -6.107 3.01 0.17 0.203 0.072969 20000 1.000000
239.233000 36.180500 -14.873 7.609 0.17 0.203 0.034524 20000 1.000000
244.021000 36.632500 -6.532 -1.893 0.166 0.2 0.050354 20000 1.000000
239.649000 34.038300 -15.642 7.754 0.172 0.202 -0.007694 20000 1.000000
241.874000 34.136800 -13.442 3.374 0.169 0.196 0.049314 20000 1.000000
243.904000 40.148400 -6.571 -1.862 0.17 0.217 -0.043158 20000 1.000000
242.682000 33.918400 -12.892 5.021 0.17 0.195 0.037845 20000 1.000000
239.566000 35.969500 -11.083 1.354 0.174 0.2 -0.017718 20000 1.000000
244.588000 40.710700 -6.519 -1.789 0.167 0.222 -0.001579 20000 1.000000
241.122000 34.295500 -14.477 6.808 0.191 0.217 0.036961 20000 1.000000
242.118000 34.175200 -14 3.477 0.244 0.266 -0.255416 20000 1.000000
243.352000 34.038500 -8.731 2.506 0.186 0.218 0.147315 20000 1.000000
242.790000 34.230800 -11.912 0.191 0.258 0.256 0.254726 20000 1.000000
241.755000 34.055200 -14.476 5.284 0.246 0.237 0.278807 20000 1.000000
245.381000 34.767700 -6.516 -2.02 0.182 0.212 0.032236 20000 1.000000
242.491000 39.685600 -6.759 -2.046 0.168 0.211 0.007086 20000 1.000000
240.859000 34.498700 -14.991 4.453 0.166 0.195 0.025450 20000 1.000000
243.932000 34.141000 -7.107 -0.764 0.168 0.195 0.044785 20000 1.000000
242.653000 33.240700 -14.54 5.999 0.19 0.207 -0.099116 20000 1.000000
244.082000 34.369900 -6.43 -1.796 0.171 0.2 -0.000613 20000 1.000000
243.695000 34.427700 -7.218 -0.551 0.172 0.205 -0.001771 20000 1.000000
243.708000 34.533000 -7.109 -1 0.18 0.203 0.012258 20000 1.000000
243.185000 34.674900 -8.292 -0.144 0.18 0.209 0.122104 20000 1.000000
241.793000 34.128800 -14.16 4.949 0.167 0.195 0.018000 20000 1.000000
240.647000 34.683400 -14.045 5.611 0.202 0.243 0.002553 20000 1.000000
242.814000 39.521100 -6.714 -1.977 0.192 0.235 0.033132 20000 1.000000
245.995000 32.722500 -5.023 -1.99 0.176 0.199 0.073302 20000 1.000000
244.721000 39.910200 -6.267 -1.791 0.183 0.215 0.025239 20000 1.000000
245.543000 36.154200 -5.722 -2.223 0.169 0.198 0.027353 20000 1.000000
245.180000 41.724200 -6.608 -2.338 0.166 0.212 -0.007010 20000 1.000000
242.670000 41.428700 -6.776 -2.314 0.171 0.221 0.028550 20000 1.000000
242.935000 42.981700 -6.177 -2.365 0.161 0.212 0.016346 20000 1.000000
235.925000 40.876300 -4.547 2.348 0.213 0.265 0.064711 20000 1.000000
236.274000 38.928300 -14.176 5.251 0.162 0.204 0.009477 20000 1.000000
237.585000 40.997600 -5.616 -0.867 0.188 0.253 -0.069440 20000 1.000000
243.830000 32.616500 -15.2 6.163 0.168 0.191 0.017177 20000 1.000000
238.997000 35.551800 -14.689 8.47 0.167 0.2 0.029665 20000 1.000000
242.015000 39.305600 -6.955 -2.339 0.176 0.222 -0.006001 20000 1.000000
242.395000 39.287900 -6.489 -2.646 0.174 0.213 0.016339 20000 1.000000
243.576000 39.500500 -6.741 -2.408 0.163 0.211 0.038804 20000 1.000000
243.950000 39.546400 -6.113 -2.359 0.169 0.206 0.036035 20000 1.000000
244.111000 39.374200 -6.471 -1.846 0.164 0.205 0.036351 20000 1.000000
244.487000 39.536100 -6.527 -2.385 0.165 0.207 0.023449 20000 1.000000
244.568000 39.388600 -6.418 -2.229 0.161 0.201 0.021840 20000 1.000000
242.120000 40.433400 -6.995 -2.351 0.165 0.21 0.046294 20000 1.000000
245.308000 39.255200 -6.978 -1.817 0.17 0.206 0.074691 20000 1.000000
245.723000 39.119400 -6.985 -2.249 0.168 0.212 0.025682 20000 1.000000
246.129000 39.067300 -6.452 -1.62 0.165 0.205 0.015346 20000 1.000000
246.495000 39.268900 -6.623 -1.972 0.163 0.206 0.030224 20000 1.000000
242.532000 40.320600 -6.563 -2.65 0.17 0.212 -0.017369 20000 1.000000
246.946000 40.494000 -6.385 -1.747 0.164 0.208 0.036039 20000 1.000000
243.264000 40.495500 -6.529 -2.708 0.17 0.213 -0.002570 20000 1.000000
243.721000 40.363200 -6.38 -0.883 0.163 0.207 0.037397 20000 1.000000
240.200000 39.572800 -7.978 -1.932 0.165 0.207 0.009820 20000 1.000000
242.469000 36.614300 -7.808 -1.429 0.165 0.199 0.018528 20000 1.000000
242.593000 36.804200 -6.859 -1.524 0.161 0.195 0.024649 20000 1.000000
242.006000 36.606000 -8.503 -0.724 0.174 0.204 0.108694 20000 1.000000
242.296000 37.200800 -7.661 -2.174 0.168 0.205 0.026738 20000 1.000000
240.463000 39.698400 -8.391 -0.896 0.171 0.215 0.023572 20000 1.000000
240.694000 39.795600 -8.018 -1.387 0.214 0.277 0.084618 20000 1.000000
241.126000 39.838800 -7.513 -1.673 0.173 0.213 -0.004361 20000 1.000000
241.316000 39.888900 -7.419 -2.115 0.168 0.212 0.006949 20000 1.000000
241.841000 39.212300 -6.845 -2.145 0.16 0.201 0.022735 20000 1.000000
246.706000 41.856800 -7.117 -2.726 0.172 0.223 0.056015 20000 1.000000
246.958000 39.345100 -6.773 -1.831 0.169 0.207 0.017284 20000 1.000000
246.988000 41.817300 -7.102 -1.946 0.163 0.209 0.008417 20000 1.000000
246.722000 40.671300 -6.488 -1.414 0.172 0.217 0.015889 20000 1.000000
240.400000 39.499200 -8.428 -1.953 0.19 0.228 0.071934 20000 1.000000
240.931000 39.486100 -7.905 -2.107 0.168 0.21 0.023747 20000 1.000000
241.550000 39.133900 -7.391 -2.103 0.163 0.205 0.030382 20000 1.000000
241.062000 39.268000 -8.245 -1.561 0.294 0.376 0.034551 20000 1.000000
241.649000 39.454700 -6.985 -1.694 0.166 0.208 0.067842 20000 1.000000
241.995000 38.728800 -7.691 -2.241 0.164 0.204 0.025940 20000 1.000000
241.540000 38.724600 -6.762 -0.845 0.178 0.221 0.029550 20000 1.000000
241.070000 38.980900 -8.242 -1.18 0.162 0.207 0.028927 20000 1.000000
240.541000 38.761400 -8.955 -1.511 0.175 0.212 -0.050965 20000 1.000000
240.523000 40.779800 -6.94 -1.531 0.18 0.219 0.101884 20000 1.000000
240.990000 40.242200 -7.268 -1.426 0.185 0.216 -0.052876 20000 1.000000
240.278000 39.908200 -8.248 -2.024 0.176 0.226 0.061186 20000 1.000000
239.307000 38.829200 -8.821 -0.488 0.19 0.218 0.117684 20000 1.000000
239.614000 39.046600 -10.763 -1.771 0.187 0.227 -0.037191 20000 1.000000
240.189000 39.123500 -8.035 -0.908 0.168 0.212 -0.032609 20000 1.000000
239.107000 39.466700 -9.857 -0.891 0.233 0.292 0.117121 20000 1.000000
240.376000 41.357700 -7.243 -1.781 0.165 0.214 0.023724 20000 1.000000
239.716000 39.937400 -8.432 -1.745 0.159 0.203 0.016468 20000 1.000000
239.194000 40.418600 -6.97 0.37 0.193 0.235 0.052811 20000 1.000000
239.923000 40.288900 -8.452 -1.714 0.166 0.211 0.033246 20000 1.000000
235.692000 40.247500 -10.653 5.033 0.161 0.207 0.013547 20000 1.000000
235.867000 40.551300 -6.023 3.602 0.163 0.21 0.012009 20000 1.000000
235.787000 40.637400 -5.136 3.887 0.202 0.256 0.041692 20000 1.000000
235.943000 40.219600 -9.669 5.408 0.165 0.213 0.034506 20000 1.000000
236.307000 40.119300 -9.022 1.932 0.176 0.232 0.063428 20000 1.000000
238.207000 36.485500 -13.598 9.055 0.162 0.197 0.020307 20000 1.000000
238.710000 35.945700 -14.244 8.77 0.169 0.204 0.066937 20000 1.000000
238.949000 36.302100 -14.906 7.283 0.167 0.203 0.032410 20000 1.000000
238.865000 36.425900 -14.126 7.178 0.169 0.205 0.054434 20000 1.000000
237.668000 37.534500 -10.911 5.235 0.2 0.216 -0.065584 20000 1.000000
237.623000 37.914500 -11.283 4.91 0.17 0.212 0.032266 20000 1.000000
236.819000 38.495000 -12.897 6.872 0.166 0.21 -0.038885 20000 1.000000
236.291000 39.117200 -13.797 6.319 0.166 0.211 0.027863 20000 1.000000
236.652000 38.987400 -13.241 6.528 0.174 0.214 0.094834 20000 1.000000
236.796000 39.242000 -9.688 0.941 0.165 0.209 0.018263 20000 1.000000
236.368000 42.275400 -4.2 0.92 0.169 0.22 0.020332 20000 1.000000
236.895000 39.319700 -9.911 1.611 0.17 0.213 0.040649 20000 1.000000
237.041000 38.664700 -10.217 5.398 0.195 0.26 0.112738 20000 1.000000
237.233000 38.428600 -10.141 5.688 0.168 0.212 0.035995 20000 1.000000
237.548000 38.239800 -9.982 3.51 0.167 0.21 0.015717 20000 1.000000
237.083000 38.866100 -9.584 1.46 0.16 0.203 0.013369 20000 1.000000
237.037000 39.398100 -8.437 -0.211 0.269 0.322 -0.031834 20000 1.000000
237.424000 38.777800 -8.347 2.592 0.169 0.223 -0.017288 20000 1.000000
237.281000 39.260000 -11.463 -1.365 0.165 0.207 0.056420 20000 1.000000
237.696000 39.109300 -8.606 -0.19 0.17 0.213 0.018951 20000 1.000000
237.873000 37.069200 -14.575 7.071 0.196 0.234 0.194547 20000 1.000000
238.137000 36.962000 -14.198 7.264 0.188 0.217 -0.023162 20000 1.000000
238.009000 37.201700 -11.82 6.153 0.193 0.229 -0.034909 20000 1.000000
238.203000 37.001000 -14.017 7.934 0.249 0.276 0.112065 20000 1.000000
238.274000 37.002400 -11.784 6.536 0.178 0.222 0.047487 20000 1.000000
238.349000 37.104500 -10.673 4.759 0.201 0.225 -0.088187 20000 1.000000
238.286000 37.203500 -7.267 4.587 0.172 0.207 0.074076 20000 1.000000
237.786000 37.329900 -13.169 5.941 0.163 0.201 0.028789 20000 1.000000
237.901000 37.336900 -11.401 7.005 0.169 0.215 0.007374 20000 1.000000
237.900000 37.722000 -10.854 2.459 0.163 0.2 0.015267 20000 1.000000
237.781000 37.863900 -10.294 2.229 0.168 0.213 0.013599 20000 1.000000
237.942000 37.713900 -10.713 4.225 0.182 0.219 -0.040552 20000 1.000000
238.174000 37.336800 -10.015 5.897 0.167 0.209 0.028675 20000 1.000000
238.210000 37.533000 -9.132 -0.283 0.185 0.233 0.034622 20000 1.000000
238.313000 37.601800 -7.614 0.607 0.171 0.207 0.073187 20000 1.000000
238.022000 37.749400 -8.855 0.894 0.165 0.203 0.019114 20000 1.000000
238.214000 37.819000 -7.76 -1.306 0.169 0.207 0.031224 20000 1.000000
238.095000 36.621700 -14.827 8.136 0.166 0.203 0.009175 20000 1.000000
238.421000 36.724000 -14.571 7.477 0.166 0.202 0.011190 20000 1.000000
238.580000 36.800400 -11.335 5.88 0.164 0.199 0.016995 20000 1.000000
238.409000 36.858500 -13.734 7.229 0.166 0.203 0.001389 20000 1.000000
238.459000 36.814300 -13.894 8.693 0.167 0.201 0.026014 20000 1.000000
238.445000 36.903500 -11.801 5.156 0.166 0.202 0.004366 20000 1.000000
238.613000 36.637000 -15.096 7.743 0.174 0.211 -0.023929 20000 1.000000
238.458000 37.007800 -12.213 4.092 0.192 0.242 0.028833 20000 1.000000
238.426000 37.213000 -10.547 0.318 0.166 0.201 0.026250 20000 1.000000
238.665000 36.918200 -9.315 0.509 0.17 0.21 0.028588 20000 1.000000
238.645000 37.010800 -9.47 0.509 0.173 0.214 -0.003757 20000 1.000000
240.294000 37.713100 -8.859 -1.282 0.172 0.212 0.003463 20000 1.000000
238.812000 36.559500 -14.136 7.987 0.162 0.198 0.017542 20000 1.000000
238.131000 37.975600 -8.223 -0.668 0.164 0.204 0.033636 20000 1.000000
238.936000 36.611600 -11.391 -1.127 0.162 0.197 0.015777 20000 1.000000
238.732000 36.950000 -8.828 -0.264 0.165 0.202 0.040153 20000 1.000000
238.652000 36.811400 -9.264 2.03 0.167 0.203 0.008467 20000 1.000000
238.942000 37.169600 -9.147 -0.16 0.172 0.209 0.039683 20000 1.000000
238.347000 37.478400 -9.774 -0.142 0.177 0.217 0.022637 20000 1.000000
238.531000 37.489600 -7.197 -2.587 0.162 0.2 0.014703 20000 1.000000
238.675000 37.581900 -7.935 0.22 0.167 0.208 0.010091 20000 1.000000
238.395000 37.932000 -8.672 0.193 0.164 0.203 0.015263 20000 1.000000
238.536000 37.755300 -8.107 -1.182 0.169 0.209 0.005303 20000 1.000000
238.717000 37.385400 -8.443 0.113 0.169 0.212 0.023430 20000 1.000000
237.782000 38.153000 -8.024 -0.031 0.163 0.203 -0.001266 20000 1.000000
237.904000 38.025100 -8.693 1.326 0.169 0.211 -0.036724 20000 1.000000
237.805000 38.444200 -8.829 1.03 0.172 0.226 0.027799 20000 1.000000
237.645000 38.999500 -7.163 -0.108 0.198 0.221 0.100523 20000 1.000000
238.905000 38.645300 -8.603 0.105 0.163 0.203 0.018826 20000 1.000000
239.652000 35.544100 -12.788 6.655 0.17 0.203 0.014255 20000 1.000000
239.611000 35.841100 -11.833 5.54 0.172 0.204 0.000789 20000 1.000000
239.655000 35.837800 -10.208 3.022 0.171 0.209 0.027432 20000 1.000000
239.715000 35.806700 -10.202 3.633 0.179 0.215 0.020290 20000 1.000000
239.093000 35.933300 -13.946 6.988 0.164 0.199 0.019712 20000 1.000000
239.019000 36.417200 -9.222 0.927 0.166 0.203 0.030453 20000 1.000000
239.147000 36.515900 -8.634 2.057 0.171 0.21 0.010214 20000 1.000000
239.302000 36.024800 -13.844 8.004 0.165 0.206 0.016031 20000 1.000000
239.121000 36.140200 -14.054 8.059 0.166 0.199 0.014109 20000 1.000000
239.251000 36.106800 -13.789 7.32 0.162 0.196 0.022657 20000 1.000000
239.272000 36.178900 -8.517 -0.006 0.171 0.212 0.033796 20000 1.000000
239.355000 35.922800 -13.67 7.246 0.164 0.197 0.011662 20000 1.000000
239.525000 36.007500 -13.006 -0.433 0.186 0.211 0.022561 20000 1.000000
239.457000 36.089400 -10.463 0.23 0.163 0.198 0.019548 20000 1.000000
239.560000 36.123200 -7.589 1.498 0.164 0.198 0.016833 20000 1.000000
239.158000 35.697100 -13.82 8.152 0.17 0.199 0.059008 20000 1.000000
239.637000 36.051700 -8.466 2.634 0.167 0.198 0.017796 20000 1.000000
239.448000 35.974100 -12.871 7.431 0.182 0.213 -0.020098 20000 1.000000
239.706000 36.015800 -7.103 1.286 0.169 0.205 0.012654 20000 1.000000
239.723000 36.304400 -5.846 1.245 0.169 0.204 0.011911 20000 1.000000
239.257000 36.806300 -8.181 1.209 0.165 0.203 0.016678 20000 1.000000
239.803000 37.352200 -8.923 0.754 0.174 0.215 -0.006625 20000 1.000000
239.356000 37.795200 -7.168 -0.332 0.177 0.211 0.020351 20000 1.000000
240.160000 37.901100 -8.061 0.973 0.187 0.212 -0.076879 20000 1.000000
239.049000 38.090000 -10.461 0.167 0.168 0.208 0.011836 20000 1.000000
239.666000 38.735600 -9.489 0.073 0.184 0.213 0.057889 20000 1.000000
241.480000 37.177600 -9.116 0.475 0.163 0.198 0.024469 20000 1.000000
236.283000 39.863600 -13.11 2.958 0.203 0.259 -0.058874 20000 1.000000
236.448000 39.905700 -10.005 1.307 0.192 0.248 -0.031200 20000 1.000000
236.628000 39.452400 -11.543 1.521 0.165 0.211 0.026381 20000 1.000000
236.705000 39.707100 -10.772 0.876 0.175 0.219 -0.050128 20000 1.000000
236.813000 39.492800 -10.796 2.954 0.179 0.243 0.053600 20000 1.000000
236.817000 39.962100 -7.612 0.672 0.171 0.22 -0.032067 20000 1.000000
236.344000 40.256800 -7.73 1.653 0.163 0.212 0.026594 20000 1.000000
236.117000 41.151700 -4.089 -0.555 0.179 0.229 0.037699 20000 1.000000
236.301000 40.575300 -6.363 -1.566 0.173 0.22 0.078314 20000 1.000000
236.427000 40.478900 -6.724 0.477 0.199 0.255 0.217614 20000 1.000000
236.548000 40.082200 -9.034 1.805 0.161 0.206 0.018764 20000 1.000000
236.864000 40.324100 -6.663 -0.255 0.161 0.208 0.009770 20000 1.000000
236.676000 40.732900 -3.825 -1.177 0.176 0.229 -0.008867 20000 1.000000
236.826000 40.546700 -5.746 0.085 0.202 0.265 0.004603 20000 1.000000
237.024000 39.621400 -11.588 -0.542 0.175 0.212 0.067354 20000 1.000000
237.264000 39.493600 -11.452 0.624 0.245 0.306 0.013240 20000 1.000000
237.126000 39.726200 -11.097 0.436 0.167 0.214 0.059015 20000 1.000000
237.077000 40.747600 -5.271 -0.071 0.199 0.257 0.004903 20000 1.000000
237.332000 40.034100 -7.031 -0.159 0.166 0.209 0.009353 20000 1.000000
237.393000 40.650700 -5.53 2.029 0.17 0.221 -0.025794 20000 1.000000
236.666000 40.887100 -5.119 -0.834 0.194 0.251 0.010750 20000 1.000000
237.729000 40.271200 -6.977 0.216 0.27 0.335 -0.035143 20000 1.000000
239.132000 39.794700 -13.242 -2.369 0.163 0.212 -0.016643 20000 1.000000
239.052000 41.183300 -7.136 -2.06 0.163 0.213 -0.007330 20000 1.000000
237.681000 40.731100 -6.731 2.151 0.192 0.227 0.066751 20000 1.000000
235.774000 42.209100 -5.595 -0.053 0.168 0.214 0.024614 20000 1.000000
235.946000 42.860100 -4.145 0.447 0.19 0.25 0.096448 20000 1.000000
236.617000 42.503500 -5.134 0.009 0.164 0.216 0.019281 20000 1.000000
237.344000 42.191000 -3.781 0.454 0.168 0.222 -0.018063 20000 1.000000
238.220000 42.259700 -6.061 -1.685 0.164 0.211 0.015327 20000 1.000000
239.622000 42.468800 -5.991 -0.251 0.164 0.217 -0.005803 20000 1.000000
243.371000 36.071300 -6.556 -1.716 0.211 0.272 0.085447 20000 1.000000
242.835000 36.022500 -7.617 -0.917 0.174 0.201 0.010909 20000 1.000000
242.590000 36.159000 -7.261 -0.397 0.181 0.213 0.071806 20000 1.000000
241.868000 36.466800 -8.579 0.756 0.187 0.232 -0.177731 20000 1.000000
242.211000 36.531200 -8.803 -1.433 0.162 0.198 0.019859 20000 1.000000
241.909000 36.570200 -8.843 0.201 0.186 0.21 -0.035605 20000 1.000000
241.882000 36.975700 -8.331 -0.672 0.162 0.198 0.026717 20000 1.000000
242.064000 37.231400 -7.452 -1.412 0.171 0.203 0.072500 20000 1.000000
242.606000 34.462400 -9.668 2.07 0.179 0.204 0.024610 20000 1.000000
242.459000 33.562100 -13.499 5.531 0.175 0.201 0.050320 20000 1.000000
242.895000 32.889200 -14.728 5.821 0.17 0.194 0.013215 20000 1.000000
243.050000 32.733800 -14.964 6.264 0.165 0.188 0.024633 20000 1.000000
242.756000 32.666400 -15.104 6.861 0.183 0.199 0.118516 20000 1.000000
242.810000 33.439600 -14.073 4.905 0.165 0.192 0.035273 20000 1.000000
242.928000 33.235700 -14.515 5.922 0.177 0.196 0.073246 20000 1.000000
243.217000 33.493300 -12.747 4.655 0.167 0.192 0.032607 20000 1.000000
243.651000 32.976000 -15.046 5.583 0.17 0.196 0.029159 20000 1.000000
243.989000 32.822200 -13.497 4.664 0.17 0.193 -0.008871 20000 1.000000
243.329000 33.240200 -14.659 5.668 0.259 0.276 -0.016559 20000 1.000000
243.431000 33.059200 -14.573 5.343 0.166 0.189 0.024233 20000 1.000000
243.379000 33.375600 -13.308 4.713 0.171 0.196 0.067032 20000 1.000000
243.591000 33.210200 -12.235 4.986 0.182 0.209 0.033927 20000 1.000000
243.817000 33.213500 -12.571 3.538 0.167 0.192 0.023373 20000 1.000000
243.921000 33.201000 -12.107 3.072 0.167 0.192 0.032748 20000 1.000000
243.888000 33.296200 -10.925 2.257 0.171 0.197 -0.024448 20000 1.000000
243.574000 33.523500 -13.249 3.883 0.185 0.206 0.105161 20000 1.000000
243.773000 33.574700 -10.699 2.279 0.175 0.208 0.045168 20000 1.000000
244.031000 32.887000 -13.199 5.13 0.17 0.194 0.029916 20000 1.000000
244.175000 32.954700 -12.309 4.374 0.174 0.196 0.024465 20000 1.000000
244.268000 32.759700 -12.883 4.704 0.174 0.2 0.032158 20000 1.000000
244.404000 32.750600 -12.459 4.533 0.178 0.198 0.038074 20000 1.000000
244.423000 32.834700 -10.539 3.253 0.175 0.198 0.028157 20000 1.000000
244.430000 32.898400 -9.892 2.833 0.174 0.197 0.040803 20000 1.000000
244.700000 32.690000 -7.049 -0.389 0.168 0.192 0.020223 20000 1.000000
244.602000 32.875800 -7.108 -1.205 0.175 0.201 0.039047 20000 1.000000
244.578000 32.982500 -6.498 -1.815 0.174 0.201 0.040098 20000 1.000000
244.280000 32.948900 -11.453 3.627 0.172 0.195 0.030104 20000 1.000000
244.234000 33.516400 -8.309 -1.247 0.177 0.201 0.087182 20000 1.000000
244.313000 33.423900 -7.879 -1.286 0.175 0.199 0.072023 20000 1.000000
244.657000 33.143600 -7.136 -1.836 0.174 0.199 -0.020890 20000 1.000000
244.704000 33.886900 -6.893 -2.052 0.178 0.199 0.033471 20000 1.000000
240.305000 37.562600 -9.154 0.707 0.184 0.209 0.131006 20000 1.000000
239.350000 34.907300 -13.185 5.619 0.165 0.196 0.030787 20000 1.000000
239.590000 35.010700 -15.147 7.156 0.173 0.206 0.014644 20000 1.000000
239.760000 34.870600 -15.019 6.786 0.166 0.196 0.039355 20000 1.000000
239.617000 35.106200 -14.951 6.95 0.175 0.205 0.101344 20000 1.000000
241.822000 34.376400 -13.058 4.02 0.168 0.197 0.031040 20000 1.000000
239.925000 35.020000 -16.711 6.059 0.163 0.194 0.018620 20000 1.000000
240.208000 34.507800 -15.99 6.997 0.173 0.196 0.012093 20000 1.000000
240.384000 34.630500 -13.726 5.355 0.163 0.193 0.022063 20000 1.000000
240.185000 34.888600 -16.715 5.668 0.162 0.193 0.025784 20000 1.000000
240.464000 35.086600 -12.104 3.336 0.168 0.2 0.055607 20000 1.000000
239.192000 35.425800 -15.229 7.596 0.165 0.197 0.010620 20000 1.000000
239.455000 35.327800 -13.898 7.654 0.169 0.203 0.071371 20000 1.000000
239.646000 35.440500 -13.576 7.234 0.167 0.199 0.010396 20000 1.000000
239.520000 35.624800 -13.919 7.939 0.166 0.199 0.030821 20000 1.000000
239.463000 35.792700 -13.329 7.359 0.172 0.209 0.054840 20000 1.000000
239.733000 35.633800 -12.985 5.676 0.17 0.199 0.048467 20000 1.000000
239.629000 35.747900 -12.039 5.436 0.169 0.202 0.032217 20000 1.000000
237.762000 37.061200 -14.179 7.659 0.166 0.203 0.038420 20000 1.000000
239.899000 35.235100 -13.355 6.709 0.187 0.213 0.071385 20000 1.000000
239.975000 35.279800 -13.473 6.116 0.172 0.208 -0.003973 20000 1.000000
240.065000 35.316800 -13.101 4.979 0.169 0.204 0.026980 20000 1.000000
239.887000 35.534200 -12.289 4.719 0.181 0.218 0.025573 20000 1.000000
239.818000 35.702700 -10.225 3.901 0.166 0.199 0.024938 20000 1.000000
239.869000 35.801300 -8.675 2.331 0.174 0.203 0.043443 20000 1.000000
239.999000 35.686700 -10.04 2.29 0.171 0.201 -0.024788 20000 1.000000
239.707000 35.688900 -12.734 5.773 0.166 0.198 0.009632 20000 1.000000
240.287000 35.319000 -10.002 3.562 0.176 0.212 0.015980 20000 1.000000
240.091000 35.934700 -8.993 1.534 0.167 0.199 0.030350 20000 1.000000
240.496000 34.466800 -13.779 7.346 0.163 0.192 0.026027 20000 1.000000
240.674000 34.599600 -14.931 4.854 0.173 0.208 0.099801 20000 1.000000
240.885000 34.660100 -13.472 4.317 0.172 0.2 0.087082 20000 1.000000
240.845000 34.856200 -11.501 5.152 0.244 0.33 -0.048926 20000 1.000000
239.755000 35.686700 -12.225 6.068 0.167 0.198 0.013895 20000 1.000000
241.121000 34.835100 -11.802 2.651 0.18 0.216 0.047581 20000 1.000000
241.152000 34.792300 -11.492 3.309 0.171 0.206 0.035889 20000 1.000000
241.331000 34.695000 -11.149 1.887 0.178 0.212 0.093962 20000 1.000000
241.454000 34.771100 -10.716 3.295 0.169 0.2 0.033230 20000 1.000000
241.344000 34.944400 -9.518 1.632 0.173 0.205 -0.014627 20000 1.000000
241.388000 35.138600 -9.046 1.952 0.166 0.196 0.001149 20000 1.000000
241.459000 34.821800 -11.072 3.857 0.176 0.203 0.022568 20000 1.000000
241.811000 34.982100 -9.126 2.916 0.249 0.292 0.027315 20000 1.000000
241.876000 35.378000 -10.077 1.096 0.168 0.197 0.012673 20000 1.000000
241.740000 35.667300 -8.908 0.792 0.173 0.201 0.037845 20000 1.000000
241.233000 36.231400 -8.726 0.383 0.171 0.201 0.084671 20000 1.000000
241.045000 36.585500 -9.034 0.906 0.163 0.198 0.021059 20000 1.000000
241.740000 36.093100 -9.042 0.87 0.168 0.198 0.015047 20000 1.000000
241.994000 35.038800 -8.777 1.897 0.167 0.197 0.034367 20000 1.000000
242.271000 34.509700 -10.627 2.874 0.168 0.197 0.024240 20000 1.000000
242.451000 34.634300 -9.273 2.133 0.166 0.196 0.022424 20000 1.000000
242.457000 34.987000 -8.175 1.248 0.172 0.202 0.062184 20000 1.000000
243.048000 33.892600 -10.901 3.283 0.164 0.191 0.027721 20000 1.000000
243.454000 34.019300 -8.889 1.492 0.167 0.194 0.017545 20000 1.000000
242.719000 34.534800 -9.341 1.868 0.193 0.205 -0.077011 20000 1.000000
241.969000 34.332200 -13.124 3.724 0.171 0.199 0.039189 20000 1.000000
242.635000 35.116800 -8.171 0.9 0.171 0.201 0.012949 20000 1.000000
241.983000 35.152400 -9.561 1.731 0.167 0.198 0.021232 20000 1.000000
242.697000 35.238500 -8.193 0.585 0.17 0.198 0.042246 20000 1.000000
242.795000 35.387900 -7.367 0.822 0.163 0.194 0.030828 20000 1.000000
242.610000 35.896700 -7.312 -0.5 0.182 0.215 0.004143 20000 1.000000
242.597000 35.697600 -7.84 0.255 0.166 0.197 0.025311 20000 1.000000
243.111000 35.998200 -6.923 -0.756 0.176 0.2 0.019696 20000 1.000000
243.112000 35.710600 -7.139 -1.274 0.165 0.198 0.029427 20000 1.000000
243.290000 34.192500 -9.088 1.7 0.17 0.195 0.019900 20000 1.000000
243.463000 34.217200 -7.877 1.149 0.172 0.197 0.040509 20000 1.000000
243.788000 33.865800 -8.568 0.156 0.166 0.193 0.041460 20000 1.000000
243.920000 33.959300 -7.17 -0.743 0.168 0.193 0.032553 20000 1.000000
239.772000 35.729200 -10.707 4.24 0.18 0.209 0.038242 20000 1.000000
243.971000 34.716900 -7.021 -1.965 0.173 0.2 -0.000917 20000 1.000000
243.329000 34.936800 -7.78 -0.815 0.172 0.203 0.040984 20000 1.000000
242.063000 34.341100 -12.983 4.186 0.182 0.216 0.028365 20000 1.000000
243.120000 34.462100 -8.903 1.189 0.167 0.194 0.025345 20000 1.000000
244.179000 33.741000 -7.221 -1.51 0.178 0.204 0.043418 20000 1.000000
243.107000 34.062700 -9.65 3.813 0.184 0.213 -0.011969 20000 1.000000
244.236000 34.425700 -6.528 -1.546 0.204 0.216 0.058307 20000 1.000000
244.350000 35.204800 -6.768 -2.07 0.172 0.199 -0.001992 20000 1.000000
242.685000 34.187400 -11.852 1.835 0.17 0.198 0.073687 20000 1.000000
242.950000 34.196200 -10.825 1.044 0.199 0.203 0.100770 20000 1.000000
244.750000 34.731800 -5.983 -1.72 0.215 0.249 0.083760 20000 1.000000
243.237000 35.204600 -7.429 -0.501 0.166 0.195 0.034828 20000 1.000000
242.107000 35.424600 -8.782 1.389 0.167 0.197 0.022573 20000 1.000000
243.428000 35.320600 -7.371 -0.912 0.166 0.198 0.020905 20000 1.000000
243.896000 35.141900 -5.889 -1.719 0.179 0.2 -0.003311 20000 1.000000
243.878000 35.526000 -6.728 -1.483 0.168 0.199 0.016084 20000 1.000000
243.855000 35.785400 -7.384 -2.209 0.166 0.198 0.015096 20000 1.000000
244.456000 35.472800 -6.452 -1.492 0.167 0.2 0.035029 20000 1.000000
244.634000 35.163000 -6.008 -2.145 0.175 0.207 0.022652 20000 1.000000
245.401000 34.188900 -6.511 -1.836 0.173 0.2 0.033427 20000 1.000000
245.035000 34.844400 -6.253 -1.917 0.172 0.199 0.017956 20000 1.000000
244.762000 35.291100 -7.256 -2.226 0.167 0.197 0.029733 20000 1.000000
241.621000 37.973100 -7.554 -1.219 0.18 0.227 0.003517 20000 1.000000
241.000000 37.613000 -9.064 1.414 0.167 0.204 -0.015466 20000 1.000000
241.084000 37.605300 -8.45 -0.301 0.172 0.222 -0.004845 20000 1.000000
240.914000 37.785700 -7.265 0.339 0.203 0.228 -0.089555 20000 1.000000
240.974000 37.696600 -8.547 0.904 0.193 0.22 0.142166 20000 1.000000
240.862000 37.839300 -7.625 0.508 0.178 0.21 0.041894 20000 1.000000
240.853000 37.962800 -7.832 0.2 0.165 0.201 0.020518 20000 1.000000
240.916000 37.914100 -8.767 0.165 0.166 0.201 0.023477 20000 1.000000
241.056000 37.734300 -9.554 2.448 0.164 0.202 0.024288 20000 1.000000
241.131000 37.654600 -6.763 -1.182 0.165 0.205 0.016142 20000 1.000000
241.040000 37.891700 -9.001 0.63 0.172 0.206 0.009633 20000 1.000000
241.148000 37.878200 -8.31 1.389 0.164 0.202 0.009630 20000 1.000000
241.183000 37.591400 -7.206 0.418 0.169 0.217 0.076950 20000 1.000000
241.302000 37.561600 -7.104 -0.634 0.172 0.227 0.003951 20000 1.000000
241.316000 37.495400 -8.214 -1.028 0.162 0.198 0.020993 20000 1.000000
241.406000 37.541300 -7.906 -0.896 0.165 0.202 0.025202 20000 1.000000
241.180000 37.677000 -6.404 -0.484 0.164 0.202 0.023607 20000 1.000000
241.232000 37.754400 -7.251 0.72 0.171 0.217 0.073681 20000 1.000000
240.981000 37.800000 -8.809 1.381 0.166 0.203 0.052082 20000 1.000000
241.264000 37.903500 -7.658 -0.018 0.167 0.205 0.010212 20000 1.000000
241.445000 37.891300 -7.862 -0.944 0.173 0.206 0.080223 20000 1.000000
241.762000 37.589200 -8.829 -1.128 0.164 0.201 0.019496 20000 1.000000
241.528000 37.737500 -7.262 -0.302 0.186 0.221 0.044168 20000 1.000000
240.850000 38.057900 -8.943 -0.492 0.175 0.211 0.027398 20000 1.000000
237.804000 41.344800 6.531 -93.893 0.384 0.48 0.114983 20000 1.000000
237.706000 41.381200 -4.093 -1.911 0.181 0.225 0.075800 20000 1.000000
237.809000 41.479200 -5.773 1.361 0.177 0.242 -0.024739 20000 1.000000
237.687000 41.463600 -5.718 -2.089 0.166 0.224 -0.029107 20000 1.000000
237.847000 41.531900 -5.024 -1.23 0.31 0.377 0.090332 20000 1.000000
238.493000 41.711600 -6.331 -1.574 0.161 0.21 0.015084 20000 1.000000
246.132000 42.878900 -6 -1.897 0.161 0.212 0.008157 20000 1.000000
241.275000 37.380400 -9.199 1.879 0.23 0.252 0.181071 20000 1.000000
241.439000 37.439500 -8.569 -0.825 0.176 0.209 0.026990 20000 1.000000
240.254000 37.088900 -9.245 -0.397 0.168 0.204 0.069368 20000 1.000000
241.853000 37.280500 -7.572 -1.174 0.166 0.203 0.033590 20000 1.000000
239.172000 41.359200 -7.29 -0.978 0.203 0.255 -0.045515 20000 1.000000
239.527000 41.332500 -6.664 -2.221 0.165 0.212 0.024598 20000 1.000000
235.587000 42.442000 -3.871 -0.025 0.165 0.221 -0.046141 20000 1.000000
235.707000 42.076600 -3.527 0.826 0.173 0.218 0.041400 20000 1.000000
238.120000 42.579800 -5.988 -1.603 0.167 0.216 0.002060 20000 1.000000
237.390000 42.727100 -4.67 -2.021 0.181 0.224 0.128752 20000 1.000000
242.275000 42.020200 -6 -1.649 0.164 0.213 0.021422 20000 1.000000
243.404000 33.598200 -10.345 3.367 0.239 0.276 -0.090192 20000 1.000000
243.397000 33.495500 -11.06 4.11 0.172 0.2 0.035034 20000 1.000000
244.492000 32.829400 -8.823 3.222 0.17 0.193 0.020318 20000 1.000000
239.784000 35.693800 -12.584 4.267 0.186 0.217 0.076880 20000 1.000000
237.579000 41.830800 -7.06 0.601 0.173 0.225 0.048294 20000 1.000000
236.019000 41.845500 -4.69 0.429 0.182 0.264 -0.052750 20000 1.000000
238.521000 36.744300 -13.661 8.045 0.175 0.208 0.057252 20000 1.000000
239.528000 35.946600 -7.854 3.627 0.212 0.253 0.097755 20000 1.000000
239.485000 35.929100 -12.633 8.179 0.219 0.276 0.060259 20000 1.000000
236.427000 40.478800 -6.461 0.591 0.197 0.252 0.213989 20000 1.000000
237.036000 39.845700 -5.553 -0.15 0.163 0.209 -0.007695 20000 1.000000
243.852000 34.508100 -6.541 -1.544 0.167 0.195 0.028021 20000 1.000000
245.241000 32.497900 -6.045 -2.267 0.177 0.196 0.033654 20000 1.000000
243.407000 33.537300 -11.143 4.178 0.185 0.216 0.084086 20000 1.000000
241.651000 34.021700 -14.279 5.968 0.173 0.209 0.043938 20000 1.000000
241.379000 34.836000 -10.483 2.654 0.17 0.2 0.023901 20000 1.000000
241.983000 35.152400 -9.266 2.359 0.169 0.2 0.023063 20000 1.000000
241.983000 35.152500 -9.388 1.72 0.195 0.23 0.027797 20000 1.000000
242.968000 33.389000 -15.129 3.582 0.174 0.202 0.070666 20000 1.000000
243.936000 31.559100 -15.509 6.98 0.175 0.193 0.091805 20000 1.000000
238.728000 35.709000 -15.048 8.421 0.182 0.219 0.010003 20000 1.000000
242.077000 34.508200 -11.244 3.14 0.173 0.202 0.036651 20000 1.000000
244.450000 32.490100 -11.927 5.651 0.171 0.201 -0.012965 20000 1.000000
242.305000 34.925400 -8.729 1.582 0.172 0.202 -0.005563 20000 1.000000
244.116000 32.417000 -16.012 6 0.167 0.19 0.023042 20000 1.000000
243.076000 33.687100 -13.022 3.146 0.164 0.19 0.028571 20000 1.000000
239.522000 35.919900 -6.098 12.836 0.17 0.205 0.058152 20000 1.000000
242.818000 33.835700 -12.923 5.27 0.187 0.207 0.025993 20000 1.000000
243.506000 33.819200 -10.492 2.701 0.223 0.254 0.028074 20000 1.000000
242.193000 34.091800 -13.598 4.471 0.171 0.209 0.018527 20000 1.000000
244.165000 31.313100 -15.019 5.705 0.182 0.204 0.016962 20000 1.000000
244.543000 32.377900 -11.927 6.263 0.166 0.188 0.019548 20000 1.000000
241.596000 33.743300 -14.656 5.955 0.168 0.197 0.020876 20000 1.000000
241.628000 33.779500 -15.431 6.556 0.186 0.205 0.120939 20000 1.000000
238.863000 36.161100 -14.441 8.081 0.175 0.206 0.055516 20000 1.000000
241.755000 34.628700 -10.472 3.561 0.19 0.224 -0.018465 20000 1.000000
239.056000 39.974600 -9.746 -0.606 0.179 0.226 -0.018717 20000 1.000000
243.849000 34.683200 -6.353 -2.064 0.166 0.195 0.033516 20000 1.000000
242.317000 35.338700 -7.945 0.811 0.167 0.197 0.028426 20000 1.000000
240.280000 34.500000 -14.967 6.652 0.169 0.2 0.023142 20000 1.000000
243.375000 34.643900 -8.766 0.187 0.171 0.196 -0.000891 20000 1.000000
241.974000 34.019100 -13.87 7.033 0.187 0.218 -0.021524 20000 1.000000
242.391000 33.674100 -13.341 3.607 0.177 0.204 0.050380 20000 1.000000
242.445000 33.485800 -14.374 6.179 0.175 0.201 0.068515 20000 1.000000
239.475000 35.900000 -20.655 7.743 0.174 0.211 0.002042 20000 1.000000
241.807000 34.875100 -9.438 2.354 0.176 0.206 0.050283 20000 1.000000
240.816000 34.541500 -15.318 6.182 0.187 0.218 0.094351 20000 1.000000
244.877000 40.617200 -6.551 -2.069 0.166 0.215 0.029112 20000 1.000000
238.442000 37.666500 -8.835 -0.383 0.165 0.203 0.009557 20000 1.000000
241.245000 34.459800 -13.476 4.885 0.186 0.222 0.025385 20000 1.000000
242.138000 34.205600 -11.787 3.846 0.232 0.232 -0.046503 20000 1.000000
239.775000 40.591700 -7.695 -1.686 0.168 0.216 0.012254 20000 1.000000
240.984000 41.868400 -6.562 -1.678 0.175 0.226 0.095629 20000 1.000000
243.701000 35.971300 -6.161 -1.979 0.177 0.204 -0.022927 20000 1.000000
241.521000 34.438600 -12.822 5.372 0.205 0.232 -0.011608 20000 1.000000
243.746000 33.192600 -12.657 4.515 0.168 0.193 0.021461 20000 1.000000
244.022000 33.292200 -9.767 2.586 0.171 0.195 0.034772 20000 1.000000
240.476000 33.247900 -17.066 9.406 0.172 0.208 0.003425 20000 1.000000
240.936000 34.319900 -14.809 6.03 0.165 0.194 0.028782 20000 1.000000
241.354000 34.059300 -14.906 5.306 0.174 0.201 -0.013728 20000 1.000000
242.151000 33.992700 -13.934 5.276 0.176 0.203 0.042341 20000 1.000000
239.935000 34.004300 -15.985 8.414 0.175 0.202 0.012376 20000 1.000000
239.930000 34.607300 -18.792 6.989 0.174 0.218 0.000323 20000 1.000000
239.640000 35.917400 -12.623 -0.8 0.189 0.216 0.108793 20000 1.000000
241.585000 35.158200 -9.645 0.936 0.165 0.197 0.024798 20000 1.000000
243.923000 33.650600 -8.518 0.766 0.171 0.198 0.060404 20000 1.000000
242.233000 33.549600 -14.915 6.063 0.215 0.233 0.023919 20000 1.000000
243.770000 36.934800 -7.495 -2.974 0.165 0.199 0.041023 20000 1.000000
239.867000 34.483500 -15.071 5.657 0.172 0.206 0.022569 20000 1.000000
243.839000 33.641200 -9.81 1.667 0.178 0.202 0.041501 20000 1.000000
246.368000 31.335500 -6.149 -2.123 0.171 0.188 0.007776 20000 1.000000
242.951000 39.542200 -6.304 -2.605 0.171 0.209 0.096918 20000 1.000000
242.816000 38.097200 -6.846 -2.559 0.163 0.201 0.017001 20000 1.000000
241.669000 33.797800 -15.011 6.615 0.178 0.205 0.024164 20000 1.000000
241.163000 34.248000 -14.099 6.297 0.172 0.2 0.079960 20000 1.000000
241.771000 34.878900 -10.006 2.282 0.177 0.211 -0.034015 20000 1.000000
235.849000 41.053900 -3.915 1.359 0.169 0.219 -0.007201 20000 1.000000
241.198000 39.627100 -7.296 -2.541 0.17 0.216 0.032551 20000 1.000000
241.723000 34.019500 -16.446 2.151 0.164 0.192 0.025753 20000 1.000000
243.915000 33.030100 -13.859 4.957 0.167 0.192 0.028429 20000 1.000000
240.516000 34.851500 -13.201 5.173 0.181 0.211 0.044773 20000 1.000000
238.053000 38.394500 -8.459 0.891 0.166 0.207 0.007725 20000 1.000000
241.780000 34.178600 -14.052 4.953 0.213 0.225 0.108596 20000 1.000000
241.486000 34.126400 -13.598 7.501 0.166 0.194 0.047271 20000 1.000000
241.516000 34.293200 -13.451 5.11 0.169 0.196 0.030682 20000 1.000000
239.384000 34.556300 -15.525 8.941 0.166 0.196 0.031326 20000 1.000000
241.879000 34.501500 -12.731 4.416 0.183 0.208 0.050749 20000 1.000000
241.706000 33.712600 -14.004 6.931 0.185 0.215 0.008510 20000 1.000000
242.807000 33.225000 -14.424 6.057 0.165 0.191 0.039629 20000 1.000000
241.443000 35.738400 -6.715 1.754 0.356 0.424 0.338176 20000 1.000000
241.346000 37.664300 -7.441 -0.107 0.175 0.218 0.023228 20000 1.000000
241.016000 35.010800 -10.568 3.586 0.216 0.255 -0.013480 20000 1.000000
241.648000 35.695000 -9.43 0.943 0.182 0.217 -0.015082 20000 1.000000
243.608000 33.934800 -10.082 2.758 0.18 0.207 0.033198 20000 1.000000
241.258000 34.568500 -12.092 4.383 0.184 0.211 0.160368 20000 1.000000
241.586000 34.259400 -13.6 5.429 0.197 0.233 -0.003231 20000 1.000000
244.418000 33.038300 -9.007 -0.974 0.17 0.195 0.021976 20000 1.000000
243.068000 34.669000 -8.898 0.641 0.184 0.214 -0.076286 20000 1.000000
241.758000 35.695600 -8.935 2.236 0.255 0.303 0.180766 20000 1.000000
241.572000 33.958200 -13.886 6.039 0.235 0.252 -0.271463 20000 1.000000
244.421000 33.278800 -7.651 -2.49 0.175 0.2 0.029129 20000 1.000000
243.346000 33.955300 -8.706 2.986 0.172 0.197 0.026623 20000 1.000000
243.111000 35.425200 -6.181 -1.569 0.183 0.215 0.030470 20000 1.000000
243.920000 35.287000 -6.177 -1.237 0.171 0.202 0.032512 20000 1.000000
