242.907000 34.116400 -6.164 1.938 0.248 0.356 -0.002045 20000 1.000000
243.571000 34.594300 -5.116 -3.196 0.166 0.205 0.053297 20000 1.000000
241.305000 34.824500 -7.564 0.065 0.175 0.214 0.046940 20000 1.000000
242.103000 34.126000 -11.239 2.588 0.249 0.276 0.174413 20000 1.000000
242.795000 40.412800 -3.954 -4.894 0.164 0.215 0.045726 20000 1.000000
240.970000 33.480500 -12.868 6.811 0.191 0.226 0.013438 20000 1.000000
243.116000 34.264300 -6.531 -0.977 0.189 0.235 0.121229 20000 1.000000
240.594000 34.920500 -10.184 1.685 0.169 0.208 0.028982 20000 1.000000
244.002000 34.000500 -4.373 -3.468 0.168 0.204 0.041675 20000 1.000000
242.935000 33.578200 -10.517 3.132 0.171 0.204 0.044868 20000 1.000000
243.920000 35.287000 -3.425 -3.652 0.172 0.212 0.059133 20000 1.000000
245.285000 33.610400 -2.95 -3.072 0.169 0.207 0.038100 20000 1.000000
243.947000 34.251400 -3.673 -3.991 0.17 0.205 0.056546 20000 1.000000
241.723000 34.184900 -10.781 3.027 0.197 0.239 0.079603 20000 1.000000
242.988000 34.918600 -4.726 -1.686 0.169 0.208 0.064523 20000 1.000000
241.812000 34.292800 -13.371 4.246 0.25 0.265 -0.274591 20000 1.000000
242.156000 42.779500 -4.093 -4.738 0.166 0.228 0.045532 20000 1.000000
240.653000 35.157300 -7.404 0.303 0.172 0.214 0.070261 20000 1.000000
235.437000 42.836100 -0.954 -0.443 0.175 0.236 0.030805 20000 1.000000
244.010000 33.655100 -5.905 -1.793 0.225 0.273 0.016176 20000 1.000000
239.566000 35.939400 -7.395 0.661 0.166 0.208 0.020609 20000 1.000000
239.569000 35.888400 -10.293 3.992 0.193 0.231 0.039186 20000 1.000000
241.666000 33.311600 -12.256 5.402 0.165 0.2 0.055429 20000 1.000000
241.517000 33.445800 -12.51 5.285 0.168 0.205 0.024456 20000 1.000000
241.370000 34.138600 -11.805 4.711 0.204 0.23 0.139965 20000 1.000000
242.329000 35.565300 -5.379 -1.249 0.173 0.214 0.054540 20000 1.000000
241.789000 33.876300 -9.687 5.15 0.178 0.219 0.108199 20000 1.000000
240.987000 34.806400 -9.949 1.878 0.184 0.246 -0.071267 20000 1.000000
243.664000 34.829500 -4.251 -4.599 0.182 0.214 0.053182 20000 1.000000
242.035000 34.244000 -10.768 3.936 0.199 0.254 -0.077283 20000 1.000000
237.881000 37.724100 -9.406 2.444 0.208 0.258 0.021774 20000 1.000000
241.974000 34.333400 -6.395 2.575 0.193 0.225 0.119165 20000 1.000000
242.172000 34.640500 -7.107 0.207 0.176 0.218 0.083166 20000 1.000000
241.063000 34.109600 -12.467 5.405 0.182 0.232 0.084033 20000 1.000000
241.873000 34.136700 -10.366 3.046 0.169 0.207 0.041933 20000 1.000000
242.521000 34.313800 -5.812 0.096 0.193 0.231 0.167839 20000 1.000000
242.291000 34.109900 -8.13 3.753 0.183 0.221 0.022116 20000 1.000000
245.126000 40.558400 -4.251 -4.907 0.179 0.22 0.098053 20000 1.000000
240.120000 34.414900 -12.563 4.907 0.172 0.21 0.018908 20000 1.000000
242.427000 35.071700 -5.036 -0.448 0.173 0.21 0.103683 20000 1.000000
239.249000 35.791600 -11.1 5.728 0.173 0.213 0.033102 20000 1.000000
242.900000 34.039100 -6.4 -0.364 0.263 0.32 0.065988 20000 1.000000
244.265000 33.069800 -6.758 0.04 0.177 0.213 0.049225 20000 1.000000
240.961000 34.168400 -12.494 5.119 0.168 0.205 0.065055 20000 1.000000
241.743000 33.861500 -11.693 4.406 0.17 0.209 0.046249 20000 1.000000
241.476000 34.253600 -10.642 4.546 0.177 0.22 0.080392 20000 1.000000
240.629000 34.408100 -12.283 4.153 0.191 0.236 0.029054 20000 1.000000
241.387000 34.516500 -10.327 2.612 0.173 0.21 0.036432 20000 1.000000
243.630000 34.124100 -4.37 -2.326 0.181 0.217 0.014069 20000 1.000000
242.098000 34.082000 -13.285 3.614 0.178 0.22 -0.013503 20000 1.000000
244.212000 33.389800 -5.488 -2.843 0.197 0.237 0.055179 20000 1.000000
242.140000 34.413400 -9.771 0.859 0.171 0.221 0.045616 20000 1.000000
242.588000 33.647700 -10.285 3.395 0.165 0.2 0.055277 20000 1.000000
241.170000 34.946200 -8.745 -1.317 0.176 0.218 0.050201 20000 1.000000
245.061000 39.345200 -4.873 -5.564 0.175 0.222 0.048300 20000 1.000000
244.183000 40.914700 -4.537 -4.846 0.163 0.215 0.056844 20000 1.000000
241.574000 34.703100 -10.319 -3.346 0.174 0.216 0.051687 20000 1.000000
242.474000 34.104200 -10.049 3.052 0.19 0.237 0.073667 20000 1.000000
239.991000 34.733000 -12.871 4.763 0.17 0.207 0.076574 20000 1.000000
243.064000 34.093600 -8.121 1.17 0.198 0.3 0.121235 20000 1.000000
241.116000 34.356300 -11.982 4.806 0.17 0.205 0.050942 20000 1.000000
246.195000 39.369400 -4.438 -5.258 0.171 0.216 0.050072 20000 1.000000
241.107000 34.800200 -9.184 1.162 0.195 0.238 0.037901 20000 1.000000
240.644000 40.416500 -4.166 -4.747 0.167 0.222 0.009893 20000 1.000000
240.136000 35.189400 -9.443 1.757 0.171 0.217 0.037851 20000 1.000000
244.479000 33.274800 -4.385 -4.925 0.177 0.21 0.058103 20000 1.000000
245.173000 33.051100 -2.858 -4.573 0.205 0.237 -0.036790 20000 1.000000
244.340000 34.784000 -4.207 -4.132 0.191 0.238 0.044563 20000 1.000000
245.810000 34.308600 -3.279 -5.07 0.174 0.209 0.070014 20000 1.000000
243.111000 35.425200 -3.979 -4.677 0.17 0.211 0.037471 20000 1.000000
245.820000 40.640200 -4.843 -5.726 0.166 0.215 0.066705 20000 1.000000
239.584000 36.399000 -4.001 0.465 0.207 0.252 0.031757 20000 1.000000
241.887000 34.047400 -11.029 3.186 0.173 0.213 0.062284 20000 1.000000
239.318000 34.469400 -10.25 8.716 0.218 0.269 0.054829 20000 1.000000
243.570000 34.754800 -4.574 -3.812 0.17 0.207 0.076115 20000 1.000000
238.530000 40.815900 -4.242 -2.676 0.167 0.222 0.036643 20000 1.000000
244.365000 33.705000 -4.12 -5.115 0.187 0.237 0.028851 20000 1.000000
239.520000 35.866700 -10.784 5.553 0.195 0.252 0.066755 20000 1.000000
242.155000 34.458200 -7.772 0.527 0.178 0.22 0.033086 20000 1.000000
239.598000 35.880800 -7.413 1.42 0.18 0.222 0.134178 20000 1.000000
240.812000 34.441200 -12.542 3.351 0.18 0.222 0.046692 20000 1.000000
244.089000 34.727300 -3.943 -4.814 0.172 0.211 0.070081 20000 1.000000
243.779000 33.796800 -6.903 -1.143 0.176 0.217 0.091350 20000 1.000000
244.855000 34.157600 -3.024 -4.943 0.171 0.209 0.099622 20000 1.000000
241.526000 35.662300 -6.239 -0.47 0.186 0.235 0.010710 20000 1.000000
240.992000 34.398500 -12.042 2.527 0.18 0.22 0.059878 20000 1.000000
243.827000 33.925400 -4.417 -1.982 0.192 0.232 0.050450 20000 1.000000
242.165000 34.485500 -7.888 -0.849 0.177 0.218 0.036083 20000 1.000000
243.060000 35.090200 -4.171 -1.978 0.17 0.207 0.059860 20000 1.000000
242.246000 34.133300 -10.317 2.32 0.186 0.225 0.079310 20000 1.000000
239.406000 35.828700 -11.255 5.595 0.174 0.217 0.071923 20000 1.000000
242.454000 34.314900 -8.156 0.086 0.211 0.264 0.122377 20000 1.000000
240.896000 34.733600 -10.827 2.727 0.17 0.215 0.038966 20000 1.000000
239.557000 35.832600 -10.284 5.064 0.169 0.211 0.057627 20000 1.000000
242.563000 33.856800 -10.411 2.905 0.169 0.205 0.043535 20000 1.000000
238.778000 42.418300 -2.849 -2.541 0.227 0.304 -0.013595 20000 1.000000
239.241000 36.186900 -5.414 -0.941 0.171 0.211 0.105399 20000 1.000000
239.233000 36.180500 -11.417 5.476 0.17 0.211 0.051475 20000 1.000000
239.649000 34.038300 -12.988 7.115 0.17 0.208 0.001925 20000 1.000000
243.904000 40.148400 -4.152 -4.766 0.171 0.224 -0.022362 20000 1.000000
242.682000 33.918400 -10.29 2.468 0.17 0.204 0.069131 20000 1.000000
239.566000 35.969500 -6.53 0.171 0.173 0.208 0.000677 20000 1.000000
244.588000 40.710700 -4.341 -5.406 0.168 0.229 0.034803 20000 1.000000
241.122000 34.295500 -11.665 4.858 0.19 0.225 0.027328 20000 1.000000
242.118000 34.175200 -11.319 2.017 0.234 0.264 -0.262496 20000 1.000000
242.790000 34.230800 -8.158 0.6 0.23 0.249 0.222980 20000 1.000000
245.381000 34.767700 -3.44 -5.038 0.184 0.224 0.057148 20000 1.000000
242.491000 39.685600 -3.683 -4.714 0.172 0.222 0.044566 20000 1.000000
240.859000 34.498700 -11.916 3.161 0.165 0.202 0.053246 20000 1.000000
243.932000 34.141000 -4.504 -3.587 0.17 0.206 0.085158 20000 1.000000
244.082000 34.369900 -3.373 -4.04 0.171 0.209 0.015300 20000 1.000000
243.695000 34.427700 -4.409 -2.495 0.173 0.215 0.011151 20000 1.000000
243.708000 34.533000 -5.038 -3.731 0.176 0.211 0.039153 20000 1.000000
243.185000 34.674900 -4.983 -1.997 0.167 0.205 0.072993 20000 1.000000
241.793000 34.128800 -10.741 3.402 0.168 0.207 0.043351 20000 1.000000
240.647000 34.683400 -11.424 3.482 0.191 0.236 -0.002367 20000 1.000000
242.814000 39.521100 -3.924 -4.852 0.169 0.216 0.057123 20000 1.000000
245.995000 32.722500 -1.885 -5.646 0.176 0.207 0.109320 20000 1.000000
244.721000 39.910200 -4.288 -4.76 0.184 0.229 0.034894 20000 1.000000
245.543000 36.154200 -2.947 -4.745 0.169 0.207 0.056021 20000 1.000000
245.180000 41.724200 -4.608 -5.406 0.167 0.219 0.027679 20000 1.000000
242.670000 41.428700 -4.07 -4.782 0.165 0.22 0.069106 20000 1.000000
242.935000 42.981700 -3.91 -4.839 0.163 0.223 0.033720 20000 1.000000
235.925000 40.876300 -1.85 0.722 0.218 0.272 0.086299 20000 1.000000
236.274000 38.928300 -11.005 6.395 0.165 0.213 0.011601 20000 1.000000
237.585000 40.997600 -3.742 -2.709 0.19 0.265 -0.053976 20000 1.000000
235.986000 42.967400 -1.643 -1.375 0.168 0.234 0.070442 20000 1.000000
243.830000 32.616500 -13.598 3.614 0.168 0.201 0.045367 20000 1.000000
238.997000 35.551800 -11.398 7.186 0.167 0.209 0.053759 20000 1.000000
242.015000 39.305600 -4.401 -4.443 0.17 0.225 0.033472 20000 1.000000
242.395000 39.287900 -4.13 -4.615 0.169 0.215 0.052589 20000 1.000000
243.576000 39.500500 -4.193 -5.541 0.164 0.218 0.071234 20000 1.000000
243.950000 39.546400 -3.915 -5.106 0.169 0.215 0.082491 20000 1.000000
244.111000 39.374200 -4.043 -5.128 0.165 0.213 0.069323 20000 1.000000
244.487000 39.536100 -4.225 -4.673 0.166 0.216 0.056379 20000 1.000000
244.568000 39.388600 -5.741 -5.608 0.161 0.209 0.057175 20000 1.000000
242.120000 40.433400 -4.596 -4.485 0.167 0.219 0.082797 20000 1.000000
245.308000 39.255200 -3.927 -4.708 0.169 0.214 0.103724 20000 1.000000
245.723000 39.119400 -5.979 -6.649 0.17 0.223 0.066807 20000 1.000000
246.129000 39.067300 -4.201 -4.135 0.166 0.215 0.045484 20000 1.000000
246.495000 39.268900 -3.918 -5.301 0.165 0.216 0.069152 20000 1.000000
242.532000 40.320600 -4.446 -4.752 0.172 0.221 0.012847 20000 1.000000
246.946000 40.494000 -4.062 -5.507 0.164 0.215 0.077930 20000 1.000000
243.264000 40.495500 -4.126 -4.691 0.173 0.224 0.017237 20000 1.000000
243.721000 40.363200 -4.367 -4.675 0.163 0.215 0.074437 20000 1.000000
240.200000 39.572800 -4.419 -2.929 0.166 0.216 0.046957 20000 1.000000
242.469000 36.614300 -3.817 -4.437 0.164 0.205 0.051841 20000 1.000000
242.593000 36.804200 -4.266 -2.942 0.162 0.204 0.056781 20000 1.000000
242.006000 36.606000 -5.562 -2.823 0.176 0.215 0.147458 20000 1.000000
242.296000 37.200800 -5.025 -3.901 0.166 0.21 0.060454 20000 1.000000
240.463000 39.698400 -5.55 -3.196 0.174 0.227 0.056334 20000 1.000000
240.694000 39.795600 -3.935 -3.025 0.178 0.239 0.113362 20000 1.000000
241.126000 39.838800 -5.149 -3.998 0.174 0.222 0.022066 20000 1.000000
241.316000 39.888900 -4.751 -4.409 0.169 0.221 0.042097 20000 1.000000
241.841000 39.212300 -4.272 -3.665 0.17 0.219 0.062706 20000 1.000000
246.706000 41.856800 -4.33 -5.217 0.175 0.232 0.096201 20000 1.000000
246.958000 39.345100 -4.107 -4.866 0.168 0.215 0.059861 20000 1.000000
246.988000 41.817300 -5.726 -5.539 0.166 0.219 0.053569 20000 1.000000
246.722000 40.671300 -4.449 -5.132 0.169 0.221 0.054258 20000 1.000000
240.400000 39.499200 -5.511 -3.376 0.182 0.227 0.098888 20000 1.000000
240.931000 39.486100 -4.5 -3.651 0.169 0.218 0.053593 20000 1.000000
241.550000 39.133900 -4.698 -3.901 0.167 0.219 0.050586 20000 1.000000
241.062000 39.268000 -4.867 -3.388 0.187 0.246 0.040177 20000 1.000000
241.649000 39.454700 -4.511 -4.082 0.169 0.221 0.089354 20000 1.000000
241.995000 38.728800 -4.358 -4.346 0.17 0.217 0.069497 20000 1.000000
241.540000 38.724600 -4.265 -3.324 0.167 0.216 0.054996 20000 1.000000
241.070000 38.980900 -4.635 -3.518 0.18 0.236 0.063022 20000 1.000000
240.985000 38.704600 -4.761 -2.965 0.172 0.221 -0.003961 20000 1.000000
240.541000 38.761400 -5.091 -2.382 0.175 0.219 -0.021608 20000 1.000000
240.523000 40.779800 -4.881 -4.086 0.182 0.23 0.134045 20000 1.000000
240.990000 40.242200 -5.014 -3.364 0.186 0.226 -0.008525 20000 1.000000
240.278000 39.908200 -6.221 -3.224 0.17 0.222 0.105774 20000 1.000000
239.307000 38.829200 -6.287 -2.291 0.189 0.222 0.152601 20000 1.000000
239.614000 39.046600 -6.367 -1.843 0.186 0.234 -0.027937 20000 1.000000
240.189000 39.123500 -6.807 -1.585 0.17 0.221 -0.011082 20000 1.000000
239.107000 39.466700 -6.198 -2.89 0.181 0.225 0.140761 20000 1.000000
240.376000 41.357700 -4.425 -3.652 0.165 0.22 0.049157 20000 1.000000
239.716000 39.937400 -5.987 -3.897 0.16 0.21 0.046260 20000 1.000000
239.194000 40.418600 -5.576 -3.583 0.172 0.218 0.032459 20000 1.000000
239.923000 40.288900 -5.207 -4.139 0.167 0.22 0.065750 20000 1.000000
235.692000 40.247500 -8.472 5.127 0.181 0.244 0.036164 20000 1.000000
235.867000 40.551300 -3.982 2.202 0.166 0.218 0.029589 20000 1.000000
235.787000 40.637400 -2.991 1.922 0.184 0.241 0.013873 20000 1.000000
235.943000 40.219600 -7.406 3.068 0.168 0.222 0.044221 20000 1.000000
236.307000 40.119300 -6.824 0.418 0.176 0.238 0.094474 20000 1.000000
238.207000 36.485500 -12.338 7.602 0.162 0.204 0.041701 20000 1.000000
238.710000 35.945700 -11.969 6.3 0.17 0.213 0.096114 20000 1.000000
238.949000 36.302100 -12.11 6.017 0.165 0.207 0.038759 20000 1.000000
238.865000 36.425900 -11.69 6.21 0.171 0.214 0.073404 20000 1.000000
237.668000 37.534500 -10.762 4.368 0.193 0.223 -0.042974 20000 1.000000
237.623000 37.914500 -9.008 3.362 0.172 0.221 0.056405 20000 1.000000
236.819000 38.495000 -10.277 5.519 0.167 0.218 -0.023200 20000 1.000000
236.291000 39.117200 -10.938 4.378 0.19 0.245 0.019718 20000 1.000000
236.652000 38.987400 -9.744 4.365 0.176 0.222 0.122526 20000 1.000000
236.796000 39.242000 -7.879 0.219 0.165 0.216 0.055033 20000 1.000000
236.368000 42.275400 -4.14 -2.647 0.173 0.23 0.035176 20000 1.000000
236.895000 39.319700 -7.744 -0.13 0.171 0.22 0.060352 20000 1.000000
237.041000 38.664700 -8.275 4.79 0.186 0.26 0.082813 20000 1.000000
237.233000 38.428600 -9.189 3.788 0.167 0.216 0.068808 20000 1.000000
237.548000 38.239800 -7.956 1.609 0.169 0.216 0.042016 20000 1.000000
237.083000 38.866100 -11.138 0.84 0.161 0.209 0.035640 20000 1.000000
237.037000 39.398100 -6.358 1.054 0.192 0.246 -0.009743 20000 1.000000
237.424000 38.777800 -5.826 1 0.176 0.236 0.034474 20000 1.000000
237.281000 39.260000 -7.546 -2.126 0.165 0.214 0.075174 20000 1.000000
237.696000 39.109300 -6.247 -2.634 0.171 0.221 0.035712 20000 1.000000
237.873000 37.069200 -12.012 6.122 0.193 0.24 0.204246 20000 1.000000
238.137000 36.962000 -11.742 6.008 0.185 0.22 -0.003313 20000 1.000000
238.009000 37.201700 -9.099 4.396 0.194 0.239 -0.021283 20000 1.000000
238.203000 37.001000 -10.94 6.348 0.256 0.287 0.155877 20000 1.000000
238.274000 37.002400 -10.791 4.564 0.177 0.233 0.065683 20000 1.000000
238.349000 37.104500 -8.627 2.45 0.195 0.238 -0.051803 20000 1.000000
238.286000 37.203500 -10.417 2.688 0.172 0.215 0.094589 20000 1.000000
237.786000 37.329900 -10.417 5.201 0.164 0.208 0.051895 20000 1.000000
237.901000 37.336900 -9.407 4.159 0.167 0.22 0.031426 20000 1.000000
237.900000 37.722000 -8.315 1.125 0.164 0.208 0.038935 20000 1.000000
237.781000 37.863900 -7.473 0.412 0.166 0.213 -0.010627 20000 1.000000
237.942000 37.713900 -8.198 1.267 0.177 0.223 0.001734 20000 1.000000
238.174000 37.336800 -10.397 2.287 0.169 0.218 0.053354 20000 1.000000
238.210000 37.533000 -6.755 -0.216 0.165 0.209 0.051086 20000 1.000000
238.313000 37.601800 -6.735 -0.729 0.172 0.215 0.098129 20000 1.000000
238.022000 37.749400 -7.403 0.137 0.165 0.21 0.040760 20000 1.000000
238.214000 37.819000 -7.144 -2.547 0.17 0.215 0.037446 20000 1.000000
238.095000 36.621700 -11.898 7.033 0.166 0.211 0.033098 20000 1.000000
238.421000 36.724000 -12.091 5.682 0.166 0.21 0.029586 20000 1.000000
238.580000 36.800400 -9.061 3.829 0.165 0.207 0.032523 20000 1.000000
238.409000 36.858500 -11.913 5.121 0.166 0.21 0.027450 20000 1.000000
238.459000 36.814300 -11.601 7.317 0.169 0.21 0.053826 20000 1.000000
238.445000 36.903500 -9.674 3.32 0.168 0.21 0.021655 20000 1.000000
238.613000 36.637000 -12.611 6.283 0.174 0.22 -0.002731 20000 1.000000
238.458000 37.007800 -9.112 3.16 0.165 0.21 0.047905 20000 1.000000
238.426000 37.213000 -7.225 -1.063 0.167 0.209 0.046372 20000 1.000000
238.665000 36.918200 -7.034 -1.343 0.164 0.207 0.046234 20000 1.000000
238.645000 37.010800 -6.414 -1.033 0.179 0.225 0.000733 20000 1.000000
240.294000 37.713100 -6.596 -4.105 0.173 0.22 0.027101 20000 1.000000
238.812000 36.559500 -11.308 6.856 0.163 0.205 0.036802 20000 1.000000
238.131000 37.975600 -6.117 -1.678 0.167 0.213 0.064827 20000 1.000000
238.936000 36.611600 -6.122 -1.617 0.162 0.204 0.041070 20000 1.000000
238.732000 36.950000 -6.939 -0.935 0.174 0.218 0.068507 20000 1.000000
238.652000 36.811400 -6.998 0.066 0.168 0.211 0.036689 20000 1.000000
238.942000 37.169600 -5.767 -1.43 0.173 0.217 0.055809 20000 1.000000
238.347000 37.478400 -6.501 -1.232 0.177 0.227 0.039029 20000 1.000000
238.531000 37.489600 -5.584 -1.494 0.163 0.208 0.034972 20000 1.000000
238.675000 37.581900 -5.598 -1.277 0.168 0.215 0.031077 20000 1.000000
238.395000 37.932000 -7.311 -1.341 0.166 0.211 0.044487 20000 1.000000
238.536000 37.755300 -5.753 -2.65 0.168 0.213 0.055020 20000 1.000000
238.717000 37.385400 -7.063 -0.934 0.175 0.228 0.055892 20000 1.000000
237.782000 38.153000 -6.232 -0.439 0.164 0.21 0.023458 20000 1.000000
237.904000 38.025100 -6.583 0.429 0.168 0.217 -0.009760 20000 1.000000
237.805000 38.444200 -6.134 -2.193 0.174 0.236 0.059178 20000 1.000000
237.645000 38.999500 -5.658 -1.465 0.202 0.23 0.132488 20000 1.000000
238.905000 38.645300 -5.842 -1.259 0.164 0.211 0.048897 20000 1.000000
239.652000 35.544100 -9.991 5.695 0.17 0.211 0.041997 20000 1.000000
239.611000 35.841100 -8.564 4.479 0.172 0.213 0.023293 20000 1.000000
239.655000 35.837800 -8.183 2.327 0.17 0.215 0.032183 20000 1.000000
239.715000 35.806700 -7.215 1.444 0.181 0.224 0.034078 20000 1.000000
239.093000 35.933300 -11.957 5.838 0.165 0.208 0.041510 20000 1.000000
239.019000 36.417200 -6.008 -0.32 0.166 0.211 0.053621 20000 1.000000
239.147000 36.515900 -5.815 -1.382 0.172 0.219 0.020207 20000 1.000000
239.302000 36.024800 -11.18 6.117 0.165 0.212 0.040582 20000 1.000000
239.121000 36.140200 -11.353 6.769 0.167 0.207 0.043610 20000 1.000000
239.251000 36.106800 -10.825 5.677 0.162 0.203 0.046912 20000 1.000000
239.272000 36.178900 -5.313 -1.079 0.163 0.204 0.045327 20000 1.000000
239.355000 35.922800 -11.244 5.625 0.164 0.205 0.034884 20000 1.000000
239.525000 36.007500 -5.508 0.871 0.179 0.216 0.053800 20000 1.000000
239.457000 36.089400 -8.454 -0.202 0.163 0.205 0.045785 20000 1.000000
239.560000 36.123200 -4.899 -0.808 0.164 0.205 0.046754 20000 1.000000
239.158000 35.697100 -11.522 6.253 0.17 0.207 0.091639 20000 1.000000
239.637000 36.051700 -5.358 0.14 0.167 0.205 0.044262 20000 1.000000
239.448000 35.974100 -10.562 5.688 0.181 0.218 -0.004577 20000 1.000000
239.706000 36.015800 -5.51 0.538 0.166 0.207 0.035881 20000 1.000000
239.723000 36.304400 -2.517 0.514 0.168 0.211 0.045203 20000 1.000000
239.257000 36.806300 -4.715 -2.241 0.165 0.209 0.043985 20000 1.000000
239.803000 37.352200 -6.148 -1.87 0.175 0.225 0.042068 20000 1.000000
239.356000 37.795200 -7.255 -1.42 0.179 0.22 0.058182 20000 1.000000
240.160000 37.901100 -4.903 0.159 0.185 0.223 -0.045886 20000 1.000000
239.049000 38.090000 -5.596 -1.686 0.17 0.217 0.034925 20000 1.000000
239.666000 38.735600 -6.634 -2.348 0.177 0.216 0.063706 20000 1.000000
241.480000 37.177600 -3.883 -2.695 0.163 0.208 0.050092 20000 1.000000
236.283000 39.863600 -9.756 1.342 0.199 0.256 -0.053832 20000 1.000000
236.448000 39.905700 -7.979 -0.212 0.187 0.257 0.005785 20000 1.000000
236.628000 39.452400 -8.611 -0.711 0.165 0.216 0.041391 20000 1.000000
236.705000 39.707100 -8.155 -2.602 0.175 0.227 -0.041970 20000 1.000000
236.813000 39.492800 -8.155 -0.08 0.181 0.254 0.082186 20000 1.000000
236.817000 39.962100 -5.807 -2.338 0.164 0.216 -0.006517 20000 1.000000
236.344000 40.256800 -5.921 -0.771 0.165 0.22 0.056457 20000 1.000000
236.117000 41.151700 -1.928 -1.859 0.165 0.219 0.051170 20000 1.000000
236.301000 40.575300 -4.254 -2.243 0.173 0.228 0.088681 20000 1.000000
236.427000 40.478900 -4.907 -1.708 0.202 0.265 0.256151 20000 1.000000
236.548000 40.082200 -6.727 -0.354 0.162 0.213 0.042610 20000 1.000000
236.864000 40.324100 -4.923 -2.44 0.161 0.213 0.034581 20000 1.000000
236.676000 40.732900 -2.908 -1.946 0.163 0.215 0.012643 20000 1.000000
236.826000 40.546700 -4.583 -2.165 0.166 0.222 0.015988 20000 1.000000
237.024000 39.621400 -6.548 -2.343 0.175 0.218 0.087545 20000 1.000000
237.264000 39.493600 -7.224 -3.993 0.163 0.212 0.021959 20000 1.000000
237.126000 39.726200 -7.076 -3.15 0.167 0.22 0.092915 20000 1.000000
237.077000 40.747600 -3.763 -1.831 0.171 0.224 0.027686 20000 1.000000
237.332000 40.034100 -4.962 -2.207 0.167 0.217 0.030060 20000 1.000000
237.393000 40.650700 -4.348 -2.265 0.171 0.231 -0.004867 20000 1.000000
236.666000 40.887100 -3.389 -1.186 0.161 0.214 0.035804 20000 1.000000
237.729000 40.271200 -5.548 -2.12 0.174 0.227 -0.023533 20000 1.000000
239.132000 39.794700 -8.112 -2.715 0.164 0.219 0.014859 20000 1.000000
239.052000 41.183300 -4.812 -4.015 0.165 0.223 0.026832 20000 1.000000
237.681000 40.731100 -3.873 -1.927 0.206 0.25 0.064010 20000 1.000000
235.774000 42.209100 -4.707 -2.332 0.168 0.219 0.026418 20000 1.000000
235.946000 42.860100 -1.566 -0.787 0.187 0.248 0.121468 20000 1.000000
236.617000 42.503500 -5.001 -3.128 0.166 0.223 0.043116 20000 1.000000
237.344000 42.191000 -4.681 -2.113 0.167 0.227 0.011130 20000 1.000000
238.220000 42.259700 -3.96 -3.328 0.165 0.218 0.038814 20000 1.000000
239.622000 42.468800 -3.758 -4.396 0.168 0.231 -0.000924 20000 1.000000
241.588000 42.254600 -4.491 -4.77 0.162 0.218 0.041743 20000 1.000000
243.371000 36.071300 -3.566 -5.253 0.176 0.223 0.125043 20000 1.000000
242.835000 36.022500 -4.594 -3.251 0.174 0.21 0.036993 20000 1.000000
242.590000 36.159000 -4.53 -2.779 0.176 0.221 0.102623 20000 1.000000
241.868000 36.466800 -6.063 -0.551 0.184 0.237 -0.146525 20000 1.000000
242.211000 36.531200 -4.926 -2.704 0.162 0.206 0.053608 20000 1.000000
241.909000 36.570200 -6.885 -2.863 0.185 0.219 -0.001763 20000 1.000000
241.882000 36.975700 -4.924 -2.748 0.162 0.205 0.051196 20000 1.000000
242.064000 37.231400 -4.915 -3.503 0.169 0.211 0.098708 20000 1.000000
242.606000 34.462400 -6.828 0.547 0.176 0.21 0.045055 20000 1.000000
242.459000 33.562100 -10.705 3.926 0.167 0.203 0.084485 20000 1.000000
242.895000 32.889200 -12.156 4.091 0.169 0.201 0.043884 20000 1.000000
243.050000 32.733800 -12.571 4.334 0.164 0.197 0.050128 20000 1.000000
242.756000 32.666400 -12.758 5.005 0.181 0.208 0.148483 20000 1.000000
242.810000 33.439600 -10.516 4.042 0.166 0.201 0.062141 20000 1.000000
242.928000 33.235700 -11.957 4.335 0.177 0.206 0.106980 20000 1.000000
243.217000 33.493300 -10.131 2.7 0.167 0.201 0.052424 20000 1.000000
243.651000 32.976000 -12.297 3.709 0.17 0.205 0.060472 20000 1.000000
243.989000 32.822200 -11.838 2.917 0.17 0.204 0.014392 20000 1.000000
243.329000 33.240200 -11.887 3.291 0.177 0.21 0.062602 20000 1.000000
243.431000 33.059200 -12.033 3.182 0.166 0.198 0.048987 20000 1.000000
243.379000 33.375600 -10.241 2.31 0.171 0.206 0.096314 20000 1.000000
243.591000 33.210200 -10.502 2.852 0.181 0.217 0.063357 20000 1.000000
243.817000 33.213500 -9.692 0.808 0.168 0.201 0.058942 20000 1.000000
243.921000 33.201000 -8.771 0.286 0.167 0.201 0.061270 20000 1.000000
243.888000 33.296200 -7.859 0.096 0.171 0.206 0.005416 20000 1.000000
243.574000 33.523500 -7.497 1.573 0.178 0.206 0.135183 20000 1.000000
243.773000 33.574700 -6.961 -0.323 0.174 0.217 0.083099 20000 1.000000
244.031000 32.887000 -10.328 2.7 0.171 0.206 0.046308 20000 1.000000
244.175000 32.954700 -9.456 1.166 0.169 0.2 0.057441 20000 1.000000
244.268000 32.759700 -9.044 1.198 0.178 0.216 0.072112 20000 1.000000
244.404000 32.750600 -8.321 0.229 0.177 0.208 0.041507 20000 1.000000
244.423000 32.834700 -6.992 -0.353 0.175 0.21 0.053784 20000 1.000000
244.430000 32.898400 -5.794 -0.736 0.18 0.213 0.082226 20000 1.000000
244.700000 32.690000 -3.108 -4.2 0.168 0.201 0.054339 20000 1.000000
244.602000 32.875800 -2.859 -4.009 0.177 0.211 0.079301 20000 1.000000
244.578000 32.982500 -3.061 -5.226 0.178 0.216 0.102108 20000 1.000000
244.280000 32.948900 -8.357 0.429 0.173 0.206 0.047736 20000 1.000000
244.234000 33.516400 -5.106 -4.575 0.176 0.211 0.120769 20000 1.000000
244.313000 33.423900 -4.202 -4.802 0.176 0.21 0.101974 20000 1.000000
244.571000 33.247800 -3.451 -5.283 0.173 0.207 0.047577 20000 1.000000
244.657000 33.143600 -3.244 -4.616 0.174 0.209 0.006684 20000 1.000000
244.704000 33.886900 -3.85 -5.215 0.177 0.208 0.068302 20000 1.000000
240.305000 37.562600 -5.611 -0.689 0.183 0.218 0.161597 20000 1.000000
239.350000 34.907300 -12.545 6.643 0.162 0.201 0.044577 20000 1.000000
239.590000 35.010700 -12.707 5.679 0.17 0.208 0.047323 20000 1.000000
239.760000 34.870600 -11.959 5.589 0.166 0.204 0.062624 20000 1.000000
239.617000 35.106200 -11.958 5.922 0.174 0.213 0.130653 20000 1.000000
241.822000 34.376400 -10.048 2.458 0.167 0.206 0.058548 20000 1.000000
239.925000 35.020000 -12.221 5.362 0.164 0.202 0.041276 20000 1.000000
240.208000 34.507800 -12.105 5.902 0.171 0.203 0.039483 20000 1.000000
240.384000 34.630500 -11.791 4.139 0.163 0.2 0.049257 20000 1.000000
240.185000 34.888600 -13.1 3.946 0.164 0.205 0.035254 20000 1.000000
240.464000 35.086600 -9.302 1.732 0.166 0.206 0.050983 20000 1.000000
239.192000 35.425800 -12.845 6.081 0.164 0.204 0.028268 20000 1.000000
239.455000 35.327800 -11.622 5.57 0.169 0.211 0.096574 20000 1.000000
239.646000 35.440500 -10.917 5.334 0.166 0.206 0.038541 20000 1.000000
239.520000 35.624800 -10.947 6.632 0.165 0.206 0.055242 20000 1.000000
239.463000 35.792700 -10.698 5.538 0.167 0.211 0.071070 20000 1.000000
239.733000 35.633800 -10.002 4.182 0.17 0.208 0.078619 20000 1.000000
239.629000 35.747900 -9.696 4.829 0.169 0.21 0.051666 20000 1.000000
237.762000 37.061200 -11.691 7.003 0.166 0.211 0.064108 20000 1.000000
239.899000 35.235100 -10.9 4.829 0.19 0.222 0.102242 20000 1.000000
239.975000 35.279800 -10.629 4.305 0.174 0.217 0.015872 20000 1.000000
240.065000 35.316800 -10.098 3.409 0.17 0.212 0.059522 20000 1.000000
239.887000 35.534200 -9.21 2.875 0.201 0.244 0.057238 20000 1.000000
239.818000 35.702700 -7.593 1.367 0.165 0.206 0.049405 20000 1.000000
239.869000 35.801300 -6.065 1.111 0.173 0.21 0.062892 20000 1.000000
239.999000 35.686700 -7.045 0.04 0.171 0.209 -0.003980 20000 1.000000
239.707000 35.688900 -9.637 4.651 0.165 0.205 0.039860 20000 1.000000
240.287000 35.319000 -8.049 1.695 0.183 0.226 0.028945 20000 1.000000
240.091000 35.934700 -5.498 -0.124 0.165 0.206 0.053274 20000 1.000000
240.496000 34.466800 -11.461 4.762 0.163 0.2 0.051345 20000 1.000000
240.674000 34.599600 -11.739 1.769 0.174 0.217 0.138084 20000 1.000000
240.885000 34.660100 -10.912 1.981 0.174 0.211 0.119669 20000 1.000000
240.845000 34.856200 -9.823 3.573 0.238 0.351 -0.030004 20000 1.000000
239.755000 35.686700 -9.577 4.203 0.167 0.205 0.036311 20000 1.000000
241.121000 34.835100 -8.65 0.284 0.166 0.203 0.060989 20000 1.000000
241.152000 34.792300 -8.751 2.656 0.171 0.215 0.057118 20000 1.000000
241.331000 34.695000 -8.612 0.419 0.174 0.215 0.129384 20000 1.000000
241.454000 34.771100 -9.644 2.15 0.167 0.206 0.051865 20000 1.000000
241.344000 34.944400 -7.873 0.364 0.172 0.213 0.016354 20000 1.000000
241.388000 35.138600 -7.06 -0.213 0.166 0.204 0.030164 20000 1.000000
241.382000 34.838900 -8.133 1.154 0.173 0.212 0.054819 20000 1.000000
241.459000 34.821800 -7.831 2.071 0.177 0.215 0.075898 20000 1.000000
241.811000 34.982100 -5.689 0.311 0.166 0.205 0.043744 20000 1.000000
241.876000 35.378000 -6.977 -1.347 0.167 0.205 0.043257 20000 1.000000
241.740000 35.667300 -6.174 -1.765 0.172 0.209 0.050785 20000 1.000000
241.233000 36.231400 -5.585 -2.564 0.172 0.21 0.115835 20000 1.000000
241.045000 36.585500 -5.925 -1.356 0.164 0.206 0.051681 20000 1.000000
241.740000 36.093100 -6.003 -1.562 0.167 0.206 0.052902 20000 1.000000
241.994000 35.038800 -5.913 -0.611 0.166 0.204 0.058390 20000 1.000000
242.271000 34.509700 -7.389 0.782 0.167 0.204 0.047534 20000 1.000000
242.451000 34.634300 -6.727 -0.07 0.168 0.206 0.052799 20000 1.000000
242.457000 34.987000 -5.288 -1.005 0.169 0.208 0.093343 20000 1.000000
243.048000 33.892600 -7.845 1.172 0.164 0.2 0.054352 20000 1.000000
243.454000 34.019300 -6.26 0.254 0.166 0.201 0.051057 20000 1.000000
242.719000 34.534800 -6.611 -0.448 0.192 0.213 -0.040144 20000 1.000000
241.969000 34.332200 -10.149 1.921 0.168 0.205 0.075110 20000 1.000000
242.635000 35.116800 -4.941 -1.556 0.168 0.206 0.046586 20000 1.000000
241.983000 35.152400 -5.312 -0.615 0.168 0.207 0.055928 20000 1.000000
242.697000 35.238500 -4.636 -1.505 0.167 0.205 0.062998 20000 1.000000
242.795000 35.387900 -4.149 -2.052 0.163 0.202 0.063438 20000 1.000000
242.610000 35.896700 -4.422 -4.104 0.181 0.226 0.043097 20000 1.000000
242.597000 35.697600 -4.599 -2.039 0.166 0.205 0.054712 20000 1.000000
243.111000 35.998200 -4.197 -2.977 0.174 0.209 0.054419 20000 1.000000
243.112000 35.710600 -3.921 -3.525 0.164 0.206 0.058806 20000 1.000000
243.290000 34.192500 -5.694 0 0.17 0.204 0.041320 20000 1.000000
243.463000 34.217200 -5.34 -1.36 0.171 0.206 0.069545 20000 1.000000
243.788000 33.865800 -5.945 -2.712 0.166 0.201 0.069167 20000 1.000000
243.920000 33.959300 -4.232 -3.067 0.168 0.202 0.055617 20000 1.000000
239.772000 35.729200 -7.448 2.314 0.169 0.208 0.069171 20000 1.000000
243.971000 34.716900 -3.651 -4.601 0.172 0.207 0.027976 20000 1.000000
243.329000 34.936800 -5.404 -3.622 0.168 0.208 0.062602 20000 1.000000
242.063000 34.341100 -9.386 1.711 0.178 0.219 0.029483 20000 1.000000
243.120000 34.462100 -6.258 -1.034 0.166 0.203 0.056199 20000 1.000000
244.179000 33.741000 -4.215 -4.121 0.175 0.211 0.059441 20000 1.000000
243.107000 34.062700 -7.445 0.07 0.183 0.221 0.016314 20000 1.000000
244.236000 34.425700 -3.623 -4.696 0.209 0.225 0.087493 20000 1.000000
244.350000 35.204800 -3.586 -4.861 0.172 0.209 0.028161 20000 1.000000
242.685000 34.187400 -9.155 -0.11 0.169 0.207 0.101746 20000 1.000000
242.950000 34.196200 -5.677 1.836 0.201 0.213 0.128818 20000 1.000000
244.750000 34.731800 -3.676 -5.174 0.204 0.258 0.130608 20000 1.000000
243.237000 35.204600 -4.428 -2.737 0.166 0.204 0.063910 20000 1.000000
242.107000 35.424600 -5.706 -0.753 0.166 0.205 0.052888 20000 1.000000
243.428000 35.320600 -4.176 -3.364 0.166 0.206 0.045569 20000 1.000000
243.896000 35.141900 -3.669 -4.32 0.177 0.209 0.033657 20000 1.000000
243.878000 35.526000 -3.064 -4.236 0.168 0.208 0.047667 20000 1.000000
243.855000 35.785400 -4.416 -4.884 0.166 0.206 0.044213 20000 1.000000
244.456000 35.472800 -3.887 -5.762 0.167 0.209 0.068380 20000 1.000000
244.634000 35.163000 -3.299 -5.234 0.174 0.214 0.033175 20000 1.000000
245.401000 34.188900 -3.437 -4.873 0.172 0.209 0.069567 20000 1.000000
245.035000 34.844400 -3.639 -4.803 0.172 0.208 0.058305 20000 1.000000
244.762000 35.291100 -3.729 -4.966 0.168 0.207 0.062848 20000 1.000000
241.621000 37.973100 -4.095 -3.004 0.166 0.215 0.009517 20000 1.000000
241.000000 37.613000 -5.664 -1.143 0.169 0.212 0.006857 20000 1.000000
241.084000 37.605300 -5.432 -6.77 0.173 0.229 0.017747 20000 1.000000
240.914000 37.785700 -8.398 -0.965 0.211 0.251 -0.048092 20000 1.000000
240.967000 37.913500 -5.203 -0.895 0.162 0.207 0.051202 20000 1.000000
240.974000 37.696600 -9.564 -1.445 0.193 0.23 0.172975 20000 1.000000
240.862000 37.839300 -7.608 -2.164 0.18 0.224 0.054498 20000 1.000000
240.853000 37.962800 -7.381 -1.572 0.164 0.207 0.052537 20000 1.000000
240.916000 37.914100 -5.835 -2.402 0.165 0.209 0.054900 20000 1.000000
241.056000 37.734300 -7.009 1.646 0.166 0.21 0.059488 20000 1.000000
241.131000 37.654600 -3.238 -5.392 0.166 0.213 0.052898 20000 1.000000
241.040000 37.891700 -5.103 -0.332 0.174 0.216 0.038416 20000 1.000000
241.148000 37.878200 -4.904 -0.876 0.164 0.208 0.044911 20000 1.000000
241.183000 37.591400 -5.22 -5.531 0.168 0.224 0.102132 20000 1.000000
241.302000 37.561600 -6 -3.85 0.17 0.232 0.016811 20000 1.000000
241.316000 37.495400 -5.96 -4.184 0.162 0.205 0.053145 20000 1.000000
241.406000 37.541300 -4.123 -2.819 0.165 0.21 0.054006 20000 1.000000
241.180000 37.677000 -1.569 -2.61 0.164 0.209 0.055391 20000 1.000000
241.232000 37.754400 -3.171 -1.198 0.181 0.24 0.102759 20000 1.000000
240.981000 37.800000 -7.585 -1.007 0.167 0.211 0.081971 20000 1.000000
241.264000 37.903500 -4.623 -1.979 0.169 0.214 0.040766 20000 1.000000
241.445000 37.891300 -3.854 -2.06 0.174 0.216 0.113877 20000 1.000000
241.762000 37.589200 -4.239 -3.444 0.164 0.208 0.053029 20000 1.000000
241.528000 37.737500 -3.809 -2.91 0.171 0.214 0.075013 20000 1.000000
240.850000 38.057900 -6.055 -3.18 0.171 0.214 0.054619 20000 1.000000
237.706000 41.381200 -3.56 -3.25 0.173 0.221 0.092024 20000 1.000000
237.809000 41.479200 -3.856 -3.779 0.164 0.229 0.005714 20000 1.000000
237.687000 41.463600 -2.775 -2.81 0.167 0.231 -0.004343 20000 1.000000
237.847000 41.531900 -3.428 -3.502 0.2 0.241 0.086088 20000 1.000000
238.493000 41.711600 -4.47 -3.804 0.163 0.218 0.044634 20000 1.000000
246.132000 42.878900 -4.266 -5.109 0.162 0.22 0.048301 20000 1.000000
241.275000 37.380400 -7.3 -2.256 0.229 0.265 0.212798 20000 1.000000
241.439000 37.439500 -4.702 -2.636 0.178 0.22 0.065183 20000 1.000000
240.254000 37.088900 -5.566 -1.541 0.171 0.214 0.110456 20000 1.000000
241.853000 37.280500 -4.746 -3.345 0.167 0.214 0.049250 20000 1.000000
239.172000 41.359200 -4.591 -3.121 0.207 0.272 -0.013393 20000 1.000000
239.527000 41.332500 -3.777 -3.405 0.167 0.221 0.050826 20000 1.000000
235.587000 42.442000 -1.991 -1.164 0.166 0.227 -0.019027 20000 1.000000
235.707000 42.076600 -2.511 -1.262 0.235 0.301 0.056361 20000 1.000000
238.120000 42.579800 -3.867 -2.7 0.173 0.229 0.035821 20000 1.000000
237.390000 42.727100 -3.08 -3.285 0.201 0.248 0.160689 20000 1.000000
240.341000 42.546100 -5.107 -4.443 0.164 0.222 0.035453 20000 1.000000
242.275000 42.020200 -5.051 -5.674 0.166 0.222 0.048742 20000 1.000000
243.404000 33.598200 -9.205 1.276 0.236 0.296 -0.064006 20000 1.000000
243.397000 33.495500 -9.798 2.88 0.173 0.209 0.061996 20000 1.000000
244.492000 32.829400 -5.979 -1.115 0.17 0.204 0.046013 20000 1.000000
238.928000 37.699000 -6.093 -1.425 0.17 0.216 0.027081 20000 1.000000
239.784000 35.693800 -8.168 1.499 0.189 0.227 0.091611 20000 1.000000
237.579000 41.830800 -3.694 -4.036 0.177 0.242 0.094243 20000 1.000000
236.019000 41.845500 -3.061 -3.274 0.183 0.273 -0.052215 20000 1.000000
238.521000 36.744300 -12.335 5.99 0.202 0.247 0.091490 20000 1.000000
239.528000 35.946600 -6.61 2.178 0.183 0.222 0.113692 20000 1.000000
239.485000 35.929100 -10.716 4.84 0.239 0.314 0.048523 20000 1.000000
236.427000 40.478800 -4.798 -1.64 0.202 0.266 0.250862 20000 1.000000
237.036000 39.845700 -5.887 -2.855 0.163 0.216 -0.002801 20000 1.000000
243.852000 34.508100 -3.715 -4.262 0.165 0.204 0.051068 20000 1.000000
245.241000 32.497900 -2.137 -5.753 0.171 0.203 0.052575 20000 1.000000
243.407000 33.537300 -10.008 1.641 0.178 0.216 0.107800 20000 1.000000
241.651000 34.021700 -11.055 4.812 0.174 0.216 0.081164 20000 1.000000
243.936000 31.559100 -13.339 4.731 0.176 0.206 0.114278 20000 1.000000
238.728000 35.709000 -12.053 6.875 0.19 0.237 0.013788 20000 1.000000
242.077000 34.508200 -8.363 1.557 0.173 0.21 0.052463 20000 1.000000
244.450000 32.490100 -8.011 2.87 0.171 0.21 0.014654 20000 1.000000
242.305000 34.925400 -5.443 -0.124 0.177 0.217 0.017841 20000 1.000000
244.116000 32.417000 -12.802 4.091 0.166 0.198 0.054555 20000 1.000000
239.522000 35.919900 -10.931 4.975 0.178 0.223 0.094627 20000 1.000000
242.818000 33.835700 -10.165 2.943 0.187 0.217 0.048212 20000 1.000000
243.506000 33.819200 -5.821 -0.491 0.176 0.214 0.043462 20000 1.000000
242.193000 34.091800 -10.917 3.239 0.174 0.225 0.024003 20000 1.000000
244.165000 31.313100 -13.805 5.932 0.168 0.201 0.032257 20000 1.000000
244.543000 32.377900 -8.551 3.321 0.166 0.197 0.054369 20000 1.000000
241.596000 33.743300 -11.467 4.144 0.166 0.202 0.057801 20000 1.000000
241.628000 33.779500 -12.54 5.211 0.21 0.26 0.056954 20000 1.000000
238.863000 36.161100 -11.803 6.293 0.173 0.213 0.072126 20000 1.000000
241.755000 34.628700 -8.185 1.439 0.2 0.247 0.024482 20000 1.000000
239.056000 39.974600 -6.078 -3.203 0.175 0.229 0.001236 20000 1.000000
242.317000 35.338700 -4.785 -0.941 0.165 0.205 0.061588 20000 1.000000
240.280000 34.500000 -12.236 4.895 0.169 0.208 0.025947 20000 1.000000
243.375000 34.643900 -5.784 -2.399 0.168 0.203 0.042239 20000 1.000000
241.974000 34.019100 -11.219 3.619 0.189 0.227 0.000595 20000 1.000000
239.475000 35.900000 -20.141 6.77 0.177 0.225 0.004842 20000 1.000000
241.807000 34.875100 -6.363 0.43 0.177 0.215 0.061587 20000 1.000000
240.816000 34.541500 -11.876 3.302 0.19 0.228 0.133393 20000 1.000000
244.877000 40.617200 -3.975 -5.861 0.167 0.224 0.060505 20000 1.000000
238.442000 37.666500 -6.451 -1.691 0.166 0.211 0.028666 20000 1.000000
241.245000 34.459800 -10.716 2.706 0.185 0.235 0.062151 20000 1.000000
242.138000 34.205600 -9.735 2.811 0.215 0.23 -0.048327 20000 1.000000
239.775000 40.591700 -5.037 -3.218 0.171 0.229 0.031845 20000 1.000000
240.984000 41.868400 -4.131 -3.984 0.173 0.231 0.109290 20000 1.000000
243.701000 35.971300 -3.662 -4.447 0.176 0.211 0.014912 20000 1.000000
241.521000 34.438600 -11.135 3.351 0.195 0.238 0.022260 20000 1.000000
240.116000 39.314300 -5.9 -4.204 0.165 0.217 0.022921 20000 1.000000
244.022000 33.292200 -6.488 -0.666 0.172 0.205 0.071189 20000 1.000000
240.476000 33.247900 -15.62 7.856 0.178 0.223 0.019481 20000 1.000000
240.936000 34.319900 -12.286 4.581 0.165 0.202 0.048930 20000 1.000000
241.354000 34.059300 -11.926 3.351 0.171 0.207 0.016388 20000 1.000000
242.151000 33.992700 -10.757 4.247 0.186 0.22 0.060885 20000 1.000000
239.935000 34.004300 -13.421 6.81 0.172 0.207 0.045224 20000 1.000000
239.640000 35.917400 -10.261 -1.073 0.195 0.245 0.096977 20000 1.000000
241.585000 35.158200 -5.602 -0.664 0.164 0.204 0.049799 20000 1.000000
239.867000 34.483500 -11.916 3.989 0.175 0.219 0.030961 20000 1.000000
243.839000 33.641200 -7.093 0.213 0.178 0.213 0.058516 20000 1.000000
242.951000 39.542200 -4.211 -5.095 0.173 0.218 0.139344 20000 1.000000
242.816000 38.097200 -4.275 -4.366 0.164 0.209 0.045039 20000 1.000000
241.669000 33.797800 -11.919 4.774 0.175 0.211 0.034252 20000 1.000000
241.163000 34.248000 -11.484 5.009 0.173 0.209 0.111490 20000 1.000000
235.849000 41.053900 -2.273 -0.447 0.168 0.222 -0.010734 20000 1.000000
241.558000 34.069100 -11.999 3.816 0.186 0.218 0.080432 20000 1.000000
240.156000 34.413300 -14.889 4.486 0.222 0.244 -0.062004 20000 1.000000
241.198000 39.627100 -4.969 -4.564 0.165 0.214 0.067990 20000 1.000000
241.715000 34.024000 -11.251 2.313 0.23 0.276 0.188483 20000 1.000000
243.915000 33.030100 -10.761 2.427 0.17 0.208 0.043056 20000 1.000000
240.516000 34.851500 -10.598 3.847 0.184 0.224 0.037319 20000 1.000000
241.780000 34.178600 -10.831 3.208 0.222 0.238 0.160466 20000 1.000000
241.486000 34.126400 -11.851 4.353 0.166 0.203 0.071318 20000 1.000000
241.516000 34.293200 -10.744 2.52 0.173 0.206 0.052397 20000 1.000000
239.384000 34.556300 -13.131 7.851 0.169 0.207 0.052883 20000 1.000000
241.879000 34.501500 -9.971 3 0.183 0.22 0.047621 20000 1.000000
241.706000 33.712600 -10.844 5.118 0.179 0.22 0.038337 20000 1.000000
241.346000 37.664300 -3.461 -3.763 0.174 0.222 0.057505 20000 1.000000
241.016000 35.010800 -8.119 2.065 0.19 0.229 0.040604 20000 1.000000
243.608000 33.934800 -6.714 -0.478 0.206 0.249 0.005648 20000 1.000000
241.258000 34.568500 -9.207 1.74 0.181 0.22 0.179128 20000 1.000000
241.586000 34.259400 -10.862 4.107 0.196 0.245 0.007930 20000 1.000000
243.068000 34.669000 -6.173 -0.887 0.185 0.223 -0.063950 20000 1.000000
241.572000 33.958200 -12.157 5.028 0.233 0.254 -0.269905 20000 1.000000
243.346000 33.955300 -6.624 1.4 0.174 0.209 0.032794 20000 1.000000
243.111000 35.425200 -4.125 -4.469 0.18 0.222 0.038377 20000 1.000000
243.920000 35.287000 -3.426 -3.653 0.172 0.212 0.059133 20000 1.000000
