242.907000 34.116400 -6.473 6.969 0.246 0.273 -0.046604 20000 1.000000
243.571000 34.594300 -7.285 -4.253 0.168 0.209 0.029570 20000 1.000000
241.305000 34.824500 -10.471 0.313 0.177 0.216 0.030527 20000 1.000000
242.103000 34.126000 -12.579 3.165 0.268 0.308 0.057681 20000 1.000000
242.795000 40.412800 -6.758 -5.682 0.167 0.219 0.030999 20000 1.000000
240.970000 33.480500 -15.007 4.756 0.194 0.228 -0.017061 20000 1.000000
243.116000 34.264300 -8.514 -1.883 0.192 0.239 0.102716 20000 1.000000
240.594000 34.920500 -9.233 1.622 0.184 0.225 0.022949 20000 1.000000
244.002000 34.000500 -6.562 -5.409 0.17 0.206 0.038358 20000 1.000000
242.935000 33.578200 -13.175 1.877 0.171 0.205 0.033444 20000 1.000000
243.920000 35.287000 -5.985 -4.726 0.172 0.212 0.048657 20000 1.000000
245.285000 33.610400 -5.978 -5.122 0.17 0.205 0.038350 20000 1.000000
243.947000 34.251400 -5.799 -4.817 0.172 0.208 0.039676 20000 1.000000
241.723000 34.184900 -14.432 4.147 0.34 0.378 -0.044005 20000 1.000000
242.988000 34.918600 -7.721 -3.135 0.172 0.211 0.059434 20000 1.000000
241.812000 34.292800 -17.573 4.612 0.243 0.258 -0.274467 20000 1.000000
242.156000 42.779500 -6.024 -5.498 0.169 0.23 0.040168 20000 1.000000
240.653000 35.157300 -10.234 -1.816 0.174 0.217 0.054417 20000 1.000000
235.437000 42.836100 -2.984 -1.662 0.177 0.236 0.021673 20000 1.000000
239.566000 35.939400 -10.622 -1.59 0.169 0.21 0.010254 20000 1.000000
239.569000 35.888400 -11.919 2.596 0.195 0.233 0.026224 20000 1.000000
241.666000 33.311600 -14.601 3.764 0.167 0.203 0.045728 20000 1.000000
241.517000 33.445800 -14.75 3.475 0.17 0.208 0.013318 20000 1.000000
241.370000 34.138600 -14.27 3.356 0.202 0.232 0.144332 20000 1.000000
242.329000 35.565300 -8.755 -2.224 0.175 0.216 0.041275 20000 1.000000
241.789000 33.876300 -17.181 2.873 0.18 0.218 0.088185 20000 1.000000
240.987000 34.806400 -12.729 0.045 0.186 0.244 -0.077914 20000 1.000000
243.664000 34.829500 -5.753 -5.786 0.183 0.219 0.006065 20000 1.000000
242.035000 34.244000 -13.295 3.394 0.197 0.257 -0.083666 20000 1.000000
237.881000 37.724100 -9.961 0.156 0.202 0.251 0.019958 20000 1.000000
241.974000 34.333400 -13.116 -0.517 0.198 0.239 0.062677 20000 1.000000
242.172000 34.640500 -11.602 1.749 0.201 0.242 -0.058872 20000 1.000000
241.063000 34.109600 -14.933 3.921 0.186 0.234 0.072087 20000 1.000000
241.873000 34.136700 -12.813 1.991 0.169 0.204 0.046586 20000 1.000000
242.521000 34.313800 -10.213 -1.502 0.196 0.232 0.153692 20000 1.000000
242.291000 34.109900 -13.485 -2.169 0.198 0.237 0.007673 20000 1.000000
245.126000 40.558400 -6.187 -5.216 0.182 0.224 0.089780 20000 1.000000
240.120000 34.414900 -14.474 4.146 0.174 0.214 -0.009196 20000 1.000000
242.427000 35.071700 -7.452 -1.979 0.176 0.213 0.082428 20000 1.000000
239.249000 35.791600 -14.157 4.034 0.177 0.217 0.020362 20000 1.000000
242.900000 34.039100 -10.766 -2.76 0.174 0.209 0.065662 20000 1.000000
244.265000 33.069800 -8.777 -1.806 0.178 0.215 0.036895 20000 1.000000
240.961000 34.168400 -14.374 3.758 0.169 0.206 0.046032 20000 1.000000
241.743000 33.861500 -13.857 5.114 0.173 0.213 0.035518 20000 1.000000
241.476000 34.253600 -14.128 3.233 0.177 0.218 0.069306 20000 1.000000
240.629000 34.408100 -14.616 2.343 0.19 0.234 0.006842 20000 1.000000
241.387000 34.516500 -12.095 1.32 0.175 0.211 0.022671 20000 1.000000
243.630000 34.124100 -7.508 -3.354 0.182 0.22 0.006960 20000 1.000000
242.098000 34.082000 -10.678 3.38 0.195 0.24 -0.013242 20000 1.000000
244.212000 33.389800 -7.819 -4.36 0.191 0.23 0.040349 20000 1.000000
241.874000 33.938000 -11.27 -2.057 0.187 0.253 0.041118 20000 1.000000
242.588000 33.647700 -13.207 2.107 0.168 0.205 0.035961 20000 1.000000
241.170000 34.946200 -11.11 -2.156 0.179 0.222 0.035836 20000 1.000000
245.061000 39.345200 -5.906 -6.28 0.176 0.227 0.032508 20000 1.000000
244.183000 40.914700 -6.951 -5.51 0.165 0.218 0.042690 20000 1.000000
241.574000 34.703100 -11.508 -2.693 0.174 0.212 0.050968 20000 1.000000
242.474000 34.104200 -12.67 1.433 0.19 0.236 0.046284 20000 1.000000
239.991000 34.733000 -14.258 3.151 0.172 0.208 0.060646 20000 1.000000
243.064000 34.093600 -11.223 -1.102 0.198 0.298 0.129302 20000 1.000000
241.116000 34.356300 -14.095 2.089 0.17 0.206 0.033779 20000 1.000000
246.195000 39.369400 -5.743 -5.64 0.173 0.219 0.041165 20000 1.000000
241.641000 34.080600 -13.957 -0.713 0.23 0.281 -0.028785 20000 1.000000
241.107000 34.800200 -11.603 -0.353 0.189 0.228 0.059903 20000 1.000000
240.644000 40.416500 -7.338 -5.005 0.17 0.224 0.003012 20000 1.000000
240.136000 35.189400 -10.043 1.759 0.186 0.235 0.016690 20000 1.000000
244.479000 33.274800 -6.521 -6.382 0.179 0.213 0.042676 20000 1.000000
245.173000 33.051100 -5.292 -5.462 0.216 0.248 -0.052351 20000 1.000000
244.340000 34.784000 -6.462 -5.235 0.193 0.24 0.025507 20000 1.000000
245.810000 34.308600 -5.492 -5.882 0.176 0.212 0.057420 20000 1.000000
243.111000 35.425200 -6.092 -5.951 0.178 0.22 0.028232 20000 1.000000
245.820000 40.640200 -6.339 -6.108 0.168 0.218 0.055640 20000 1.000000
239.584000 36.399000 -8.31 -1.918 0.213 0.257 0.017979 20000 1.000000
241.887000 34.047400 -13.986 1.677 0.178 0.217 0.057454 20000 1.000000
239.318000 34.469400 -21.226 -1.823 0.167 0.204 0.040973 20000 1.000000
241.714000 33.783600 -14.631 5.46 0.194 0.24 -0.007744 20000 1.000000
243.570000 34.754800 -7.396 -5.106 0.172 0.21 0.062248 20000 1.000000
238.530000 40.815900 -6.732 -3.787 0.169 0.223 0.028307 20000 1.000000
244.365000 33.705000 -6.163 -6.454 0.189 0.233 0.023048 20000 1.000000
239.520000 35.866700 -12.796 3.833 0.197 0.252 0.065793 20000 1.000000
242.155000 34.458200 -11.608 -0.438 0.175 0.215 0.032352 20000 1.000000
239.598000 35.880800 -10.049 0.137 0.182 0.224 0.124246 20000 1.000000
240.812000 34.441200 -13.739 1.892 0.178 0.22 0.024536 20000 1.000000
244.089000 34.727300 -6.273 -6.022 0.174 0.214 0.060313 20000 1.000000
243.779000 33.796800 -9.007 -4.029 0.177 0.217 0.085767 20000 1.000000
244.855000 34.157600 -5.81 -6.226 0.173 0.212 0.082969 20000 1.000000
241.526000 35.662300 -8.302 -1.855 0.188 0.236 -0.005325 20000 1.000000
240.992000 34.398500 -9.572 2.501 0.182 0.221 0.040926 20000 1.000000
243.827000 33.925400 -7.852 -3.988 0.187 0.225 0.044561 20000 1.000000
242.165000 34.485500 -11.069 -0.026 0.175 0.215 0.025318 20000 1.000000
243.060000 35.090200 -6.246 -3.496 0.174 0.211 0.045247 20000 1.000000
242.246000 34.133300 -13.247 0.971 0.174 0.21 0.065854 20000 1.000000
239.406000 35.828700 -13.15 4.319 0.174 0.216 0.057008 20000 1.000000
242.454000 34.314900 -9.464 -0.078 0.192 0.237 0.124211 20000 1.000000
240.896000 34.733600 -13.385 0.249 0.176 0.222 0.022698 20000 1.000000
239.557000 35.832600 -13.117 2.896 0.17 0.211 0.039916 20000 1.000000
242.563000 33.856800 -12.822 1.753 0.17 0.208 0.020677 20000 1.000000
238.778000 42.418300 -6.126 -4.845 0.226 0.307 0.022421 20000 1.000000
239.241000 36.186900 -6.995 -1.756 0.175 0.214 0.092239 20000 1.000000
239.233000 36.180500 -14.217 4.403 0.173 0.212 0.036661 20000 1.000000
239.649000 34.038300 -15.053 6.166 0.173 0.213 -0.029203 20000 1.000000
243.904000 40.148400 -6.32 -5.155 0.174 0.228 -0.033833 20000 1.000000
242.682000 33.918400 -12.345 1.102 0.172 0.206 0.053785 20000 1.000000
239.566000 35.969500 -10.468 0.003 0.189 0.226 -0.007722 20000 1.000000
244.588000 40.710700 -6.47 -5.301 0.171 0.233 0.031221 20000 1.000000
241.122000 34.295500 -14.19 3.829 0.192 0.23 0.010549 20000 1.000000
242.118000 34.175200 -14.84 0.016 0.235 0.266 -0.248726 20000 1.000000
242.790000 34.230800 -9.517 -1.201 0.222 0.243 0.204921 20000 1.000000
245.381000 34.767700 -6.137 -5.976 0.188 0.227 0.049156 20000 1.000000
242.491000 39.685600 -6.969 -5.014 0.174 0.224 0.029694 20000 1.000000
240.859000 34.498700 -13.496 1.177 0.168 0.208 0.019921 20000 1.000000
243.932000 34.141000 -7.017 -5.01 0.173 0.21 0.072125 20000 1.000000
244.082000 34.369900 -5.049 -5.478 0.175 0.213 -0.001497 20000 1.000000
243.695000 34.427700 -6.442 -3.994 0.176 0.218 -0.015185 20000 1.000000
243.708000 34.533000 -6.205 -5.05 0.176 0.215 0.023785 20000 1.000000
243.185000 34.674900 -7.382 -3.053 0.17 0.208 0.056708 20000 1.000000
241.793000 34.128800 -13.612 1.632 0.177 0.215 0.016428 20000 1.000000
240.647000 34.683400 -14.11 2.118 0.197 0.243 -0.007744 20000 1.000000
242.814000 39.521100 -6.008 -5.139 0.171 0.219 0.044380 20000 1.000000
245.995000 32.722500 -3.719 -5.896 0.177 0.209 0.087203 20000 1.000000
244.721000 39.910200 -6.249 -5.474 0.188 0.232 0.023557 20000 1.000000
245.543000 36.154200 -5.306 -6.467 0.187 0.222 0.043942 20000 1.000000
245.180000 41.724200 -6.773 -5.875 0.168 0.222 0.016932 20000 1.000000
242.670000 41.428700 -6.195 -4.732 0.166 0.22 0.049475 20000 1.000000
242.935000 42.981700 -6.263 -5.303 0.166 0.226 0.019876 20000 1.000000
235.925000 40.876300 -4.236 0.013 0.22 0.274 0.076412 20000 1.000000
236.274000 38.928300 -14.15 4.793 0.166 0.212 0.016344 20000 1.000000
237.585000 40.997600 -7.488 -3.613 0.217 0.294 -0.070365 20000 1.000000
235.986000 42.967400 -4.323 -2.192 0.17 0.236 0.058757 20000 1.000000
243.830000 32.616500 -15.636 2.8 0.17 0.203 0.033881 20000 1.000000
238.997000 35.551800 -13.906 5.791 0.17 0.21 0.043965 20000 1.000000
242.015000 39.305600 -6.819 -5.495 0.174 0.227 0.004529 20000 1.000000
242.395000 39.287900 -6.413 -5.794 0.171 0.218 0.037676 20000 1.000000
243.576000 39.500500 -6.557 -5.878 0.167 0.221 0.059754 20000 1.000000
243.950000 39.546400 -6.069 -5.605 0.171 0.217 0.066733 20000 1.000000
244.111000 39.374200 -6.107 -5.626 0.168 0.217 0.063072 20000 1.000000
244.487000 39.536100 -6.628 -5.302 0.224 0.287 0.083004 20000 1.000000
244.568000 39.388600 -6.493 -6.176 0.164 0.212 0.047238 20000 1.000000
242.120000 40.433400 -6.692 -5.441 0.169 0.221 0.074799 20000 1.000000
245.308000 39.255200 -6.238 -4.695 0.172 0.218 0.093631 20000 1.000000
245.723000 39.119400 -6.845 -6.262 0.172 0.225 0.062400 20000 1.000000
246.129000 39.067300 -6.346 -5.632 0.168 0.218 0.035193 20000 1.000000
246.495000 39.268900 -6.084 -6.007 0.167 0.22 0.058994 20000 1.000000
242.532000 40.320600 -6.124 -6.387 0.174 0.225 -0.003840 20000 1.000000
246.946000 40.494000 -5.777 -5.391 0.165 0.218 0.059402 20000 1.000000
243.264000 40.495500 -5.69 -5.491 0.174 0.225 0.014499 20000 1.000000
243.721000 40.363200 -6.152 -5.41 0.167 0.223 0.045178 20000 1.000000
240.200000 39.572800 -6.978 -4.817 0.169 0.219 0.033350 20000 1.000000
242.469000 36.614300 -6.192 -4.992 0.168 0.208 0.038899 20000 1.000000
242.593000 36.804200 -6.327 -4.552 0.165 0.207 0.045025 20000 1.000000
242.006000 36.606000 -7.567 -4.288 0.18 0.218 0.133374 20000 1.000000
242.296000 37.200800 -6.892 -4.859 0.169 0.214 0.048218 20000 1.000000
240.463000 39.698400 -7.813 -4.146 0.176 0.227 0.044215 20000 1.000000
240.694000 39.795600 -7.389 -3.451 0.178 0.235 0.098273 20000 1.000000
241.126000 39.838800 -7.313 -4.177 0.177 0.226 0.016574 20000 1.000000
241.316000 39.888900 -7.392 -5.373 0.172 0.223 0.025341 20000 1.000000
241.841000 39.212300 -6.126 -5.448 0.165 0.214 0.048179 20000 1.000000
246.706000 41.856800 -6.062 -7.886 0.175 0.234 0.082158 20000 1.000000
246.958000 39.345100 -5.905 -5.716 0.17 0.217 0.051853 20000 1.000000
246.988000 41.817300 -7.096 -6.342 0.167 0.221 0.036520 20000 1.000000
246.722000 40.671300 -6.097 -5.269 0.171 0.225 0.040699 20000 1.000000
240.400000 39.499200 -7.809 -4.46 0.186 0.228 0.087288 20000 1.000000
240.931000 39.486100 -7.131 -5.162 0.172 0.221 0.043067 20000 1.000000
241.550000 39.133900 -6.992 -5.577 0.17 0.22 0.055580 20000 1.000000
241.062000 39.268000 -7.306 -4.087 0.184 0.237 0.030649 20000 1.000000
241.649000 39.454700 -6.626 -5.172 0.17 0.22 0.088370 20000 1.000000
241.995000 38.728800 -7.066 -5.245 0.17 0.217 0.044954 20000 1.000000
241.540000 38.724600 -6.695 -4.109 0.17 0.219 0.039918 20000 1.000000
241.070000 38.980900 -7.576 -3.996 0.165 0.217 0.044713 20000 1.000000
240.985000 38.704600 -7.25 -3.683 0.174 0.223 -0.009789 20000 1.000000
240.541000 38.761400 -7.954 -4.29 0.176 0.221 -0.032611 20000 1.000000
240.523000 40.779800 -6.76 -4.142 0.185 0.231 0.123067 20000 1.000000
240.990000 40.242200 -7.272 -4.211 0.187 0.228 -0.024150 20000 1.000000
240.278000 39.908200 -8.324 -4.185 0.172 0.224 0.088564 20000 1.000000
239.307000 38.829200 -9.239 -3.924 0.195 0.226 0.144392 20000 1.000000
239.614000 39.046600 -9.634 -1.839 0.193 0.24 -0.034472 20000 1.000000
240.189000 39.123500 -8.415 -3.254 0.172 0.223 -0.019271 20000 1.000000
239.107000 39.466700 -8.981 -4.09 0.185 0.228 0.142213 20000 1.000000
240.376000 41.357700 -6.692 -4.726 0.168 0.224 0.035161 20000 1.000000
239.716000 39.937400 -8.128 -4.797 0.163 0.213 0.033097 20000 1.000000
239.194000 40.418600 -7.886 -3.976 0.173 0.219 0.017988 20000 1.000000
239.923000 40.288900 -7.621 -4.19 0.17 0.222 0.054537 20000 1.000000
235.692000 40.247500 -10.989 4.249 0.166 0.217 0.031013 20000 1.000000
235.867000 40.551300 -5.93 0.762 0.167 0.218 0.014701 20000 1.000000
235.787000 40.637400 -4.968 0.173 0.185 0.239 0.002285 20000 1.000000
235.943000 40.219600 -9.662 2.646 0.17 0.224 0.027821 20000 1.000000
236.307000 40.119300 -9.995 -0.843 0.18 0.24 0.088345 20000 1.000000
238.207000 36.485500 -14.456 6.796 0.165 0.206 0.028174 20000 1.000000
238.710000 35.945700 -14.06 5.056 0.171 0.213 0.066267 20000 1.000000
238.949000 36.302100 -14.162 4.429 0.168 0.21 0.023781 20000 1.000000
238.865000 36.425900 -13.577 4.507 0.171 0.213 0.056267 20000 1.000000
237.668000 37.534500 -11.406 3.502 0.194 0.226 -0.058745 20000 1.000000
237.623000 37.914500 -11.337 2.049 0.174 0.22 0.037321 20000 1.000000
236.819000 38.495000 -12.912 4.171 0.17 0.22 -0.035042 20000 1.000000
236.291000 39.117200 -12.987 3.374 0.187 0.239 0.002461 20000 1.000000
236.652000 38.987400 -12.188 2.703 0.178 0.224 0.107923 20000 1.000000
236.796000 39.242000 -10.578 -0.128 0.168 0.219 0.026475 20000 1.000000
236.368000 42.275400 -6.777 -4.328 0.174 0.23 0.021317 20000 1.000000
236.895000 39.319700 -9.97 -1.299 0.175 0.226 0.048585 20000 1.000000
237.041000 38.664700 -10.767 3.725 0.185 0.257 0.044217 20000 1.000000
237.233000 38.428600 -10.928 1.959 0.169 0.218 0.048281 20000 1.000000
237.548000 38.239800 -9.862 0.276 0.169 0.217 0.032963 20000 1.000000
237.083000 38.866100 -10.178 -1.314 0.164 0.211 0.022831 20000 1.000000
237.037000 39.398100 -9.35 -0.761 0.195 0.246 -0.019988 20000 1.000000
237.424000 38.777800 -7.931 0.091 0.178 0.237 0.019624 20000 1.000000
237.281000 39.260000 -14.339 -5.547 0.168 0.216 0.059004 20000 1.000000
237.696000 39.109300 -8.279 -3.11 0.172 0.222 0.019695 20000 1.000000
237.873000 37.069200 -13.898 4.747 0.193 0.239 0.179309 20000 1.000000
238.137000 36.962000 -13.917 4.795 0.189 0.225 -0.004462 20000 1.000000
238.009000 37.201700 -11.711 3.253 0.197 0.24 -0.041982 20000 1.000000
238.203000 37.001000 -12.16 7.736 0.39 0.433 0.151565 20000 1.000000
238.274000 37.002400 -12.483 3.207 0.181 0.234 0.058071 20000 1.000000
238.349000 37.104500 -11.496 1.568 0.196 0.235 -0.052597 20000 1.000000
238.286000 37.203500 -12.995 -0.75 0.174 0.219 0.054907 20000 1.000000
237.786000 37.329900 -12.722 3.94 0.166 0.21 0.034420 20000 1.000000
237.901000 37.336900 -11.51 3.676 0.17 0.224 0.016883 20000 1.000000
237.900000 37.722000 -10.621 0.064 0.167 0.211 0.022162 20000 1.000000
237.781000 37.863900 -9.96 -0.837 0.168 0.215 -0.022671 20000 1.000000
237.942000 37.713900 -10.371 0.696 0.178 0.224 -0.011709 20000 1.000000
238.174000 37.336800 -10.759 2.244 0.17 0.217 0.033532 20000 1.000000
238.210000 37.533000 -8.887 -1.573 0.168 0.215 0.019179 20000 1.000000
238.313000 37.601800 -8.79 -2.15 0.175 0.22 0.057640 20000 1.000000
238.022000 37.749400 -9.012 -1.097 0.168 0.212 0.025374 20000 1.000000
238.214000 37.819000 -8.724 -4.078 0.174 0.22 0.013726 20000 1.000000
238.095000 36.621700 -12.573 7.362 0.169 0.213 0.021929 20000 1.000000
238.421000 36.724000 -14.16 4.244 0.169 0.211 0.019444 20000 1.000000
238.580000 36.800400 -9.948 2.555 0.167 0.21 0.020089 20000 1.000000
238.409000 36.858500 -13.804 4.377 0.168 0.212 0.015654 20000 1.000000
238.459000 36.814300 -15.094 5.427 0.173 0.213 0.037732 20000 1.000000
238.445000 36.903500 -11.424 1.415 0.171 0.211 0.010468 20000 1.000000
238.613000 36.637000 -14.829 4.659 0.176 0.222 -0.013782 20000 1.000000
238.458000 37.007800 -11.425 0.872 0.167 0.211 0.031654 20000 1.000000
238.426000 37.213000 -10.045 -2.572 0.168 0.21 0.032768 20000 1.000000
238.665000 36.918200 -8.929 -2.963 0.166 0.208 0.034047 20000 1.000000
238.645000 37.010800 -8.997 -2.668 0.178 0.225 -0.004145 20000 1.000000
240.294000 37.713100 -8.766 -3.92 0.176 0.222 0.024251 20000 1.000000
238.812000 36.559500 -12.831 5.154 0.166 0.208 0.025036 20000 1.000000
238.131000 37.975600 -8.005 -2.527 0.169 0.214 0.049688 20000 1.000000
238.936000 36.611600 -11.515 -3.709 0.164 0.206 0.029570 20000 1.000000
238.732000 36.950000 -8.775 -3.081 0.176 0.218 0.055159 20000 1.000000
238.652000 36.811400 -9.08 -0.867 0.169 0.211 0.025664 20000 1.000000
238.942000 37.169600 -8.725 -3.407 0.175 0.219 0.049916 20000 1.000000
238.347000 37.478400 -8.941 -2.611 0.182 0.229 0.018771 20000 1.000000
238.531000 37.489600 -8.164 -3.579 0.167 0.214 0.007062 20000 1.000000
238.675000 37.581900 -8.292 -2.091 0.169 0.217 0.020623 20000 1.000000
238.395000 37.932000 -9.414 -3.224 0.167 0.213 0.032907 20000 1.000000
238.536000 37.755300 -7.486 -4.075 0.187 0.233 0.031793 20000 1.000000
238.717000 37.385400 -8.555 -2.744 0.174 0.225 0.044172 20000 1.000000
237.782000 38.153000 -6.327 -2.234 0.166 0.212 0.012681 20000 1.000000
237.904000 38.025100 -7.457 0.746 0.171 0.22 -0.019877 20000 1.000000
237.805000 38.444200 -8.745 -2.63 0.176 0.236 0.047116 20000 1.000000
237.645000 38.999500 -7.784 -2.999 0.206 0.232 0.126796 20000 1.000000
238.905000 38.645300 -8.504 -2.651 0.166 0.213 0.033865 20000 1.000000
239.652000 35.544100 -12.218 4.964 0.216 0.27 0.050886 20000 1.000000
239.611000 35.841100 -13.583 1.939 0.175 0.215 0.006087 20000 1.000000
239.655000 35.837800 -9.393 1.096 0.173 0.218 0.026648 20000 1.000000
239.715000 35.806700 -9.726 1.04 0.182 0.225 0.022348 20000 1.000000
239.093000 35.933300 -14.011 3.227 0.167 0.208 0.028425 20000 1.000000
239.019000 36.417200 -8.046 -2.036 0.168 0.212 0.040193 20000 1.000000
239.147000 36.515900 -9.11 -2.232 0.174 0.221 0.014873 20000 1.000000
239.302000 36.024800 -13.197 4.673 0.168 0.214 0.022048 20000 1.000000
239.121000 36.140200 -14.713 4.06 0.168 0.209 0.029507 20000 1.000000
239.251000 36.106800 -13.76 4.752 0.165 0.205 0.033569 20000 1.000000
239.272000 36.178900 -8.552 -3.417 0.165 0.206 0.031310 20000 1.000000
239.355000 35.922800 -13.524 4.587 0.168 0.211 0.005310 20000 1.000000
239.525000 36.007500 -9.196 -3.585 0.182 0.219 0.046419 20000 1.000000
239.457000 36.089400 -11.256 -1.785 0.166 0.207 0.032830 20000 1.000000
239.560000 36.123200 -7.785 -1.795 0.167 0.208 0.032450 20000 1.000000
239.158000 35.697100 -14.31 4.738 0.173 0.209 0.075277 20000 1.000000
239.637000 36.051700 -7.954 -0.522 0.17 0.208 0.033566 20000 1.000000
239.448000 35.974100 -13.227 4.953 0.184 0.22 -0.024154 20000 1.000000
239.706000 36.015800 -7.887 -0.763 0.17 0.21 0.022277 20000 1.000000
239.723000 36.304400 -9.079 -3.266 0.171 0.213 0.037713 20000 1.000000
239.257000 36.806300 -7.57 -2.728 0.169 0.216 0.011925 20000 1.000000
239.803000 37.352200 -8.722 -2.099 0.176 0.223 0.019659 20000 1.000000
239.356000 37.795200 -9.142 -2.204 0.181 0.222 0.039913 20000 1.000000
240.160000 37.901100 -7.519 -1.358 0.188 0.226 -0.059352 20000 1.000000
239.049000 38.090000 -7.651 -2.93 0.171 0.218 0.024455 20000 1.000000
239.666000 38.735600 -8.645 -2.911 0.179 0.218 0.047162 20000 1.000000
241.480000 37.177600 -7.364 -3.133 0.166 0.213 0.026149 20000 1.000000
236.283000 39.863600 -12.268 0.794 0.208 0.271 -0.032509 20000 1.000000
236.448000 39.905700 -10.639 -1.43 0.188 0.258 0.000031 20000 1.000000
236.628000 39.452400 -11.013 -0.968 0.167 0.217 0.025718 20000 1.000000
236.705000 39.707100 -11.105 -4.393 0.178 0.23 -0.054867 20000 1.000000
236.813000 39.492800 -10.523 -0.893 0.183 0.259 0.046222 20000 1.000000
236.817000 39.962100 -9.228 -4.091 0.166 0.218 -0.018146 20000 1.000000
236.344000 40.256800 -8.614 -1.39 0.168 0.222 0.042151 20000 1.000000
236.117000 41.151700 -4.551 -2.509 0.168 0.221 0.038986 20000 1.000000
236.301000 40.575300 -7.11 -2.937 0.177 0.23 0.076158 20000 1.000000
236.427000 40.478900 -9.27 -2.284 0.208 0.269 0.239555 20000 1.000000
236.548000 40.082200 -10.315 -1.836 0.164 0.215 0.030951 20000 1.000000
236.864000 40.324100 -9.699 -3.663 0.164 0.216 0.024454 20000 1.000000
236.676000 40.732900 -7.463 -1.976 0.165 0.218 -0.002086 20000 1.000000
236.826000 40.546700 -8.464 -2.322 0.169 0.224 0.014236 20000 1.000000
237.024000 39.621400 -11.287 -4.321 0.177 0.221 0.075785 20000 1.000000
237.126000 39.726200 -10.347 -3.729 0.172 0.225 0.096607 20000 1.000000
237.077000 40.747600 -6.828 -2.836 0.172 0.225 0.007695 20000 1.000000
237.332000 40.034100 -7.563 -4.101 0.17 0.219 0.014504 20000 1.000000
237.393000 40.650700 -7.635 -2.791 0.174 0.234 -0.014077 20000 1.000000
236.666000 40.887100 -6.56 -2.077 0.164 0.216 0.022924 20000 1.000000
237.729000 40.271200 -8.902 -3.249 0.177 0.229 -0.032712 20000 1.000000
239.132000 39.794700 -10.815 -4.467 0.167 0.222 0.000654 20000 1.000000
239.052000 41.183300 -7.331 -5.128 0.168 0.225 0.019293 20000 1.000000
237.681000 40.731100 -7.755 -4.042 0.2 0.245 0.046843 20000 1.000000
235.774000 42.209100 -6.508 -4.089 0.17 0.22 0.018035 20000 1.000000
235.946000 42.860100 -4.522 -1.376 0.189 0.248 0.107847 20000 1.000000
236.617000 42.503500 -6.322 -3.542 0.168 0.225 0.032554 20000 1.000000
237.344000 42.191000 -5.92 -2.157 0.169 0.227 0.003294 20000 1.000000
238.220000 42.259700 -6.245 -3.49 0.167 0.22 0.029390 20000 1.000000
239.622000 42.468800 -5.731 -4.852 0.168 0.227 0.011255 20000 1.000000
241.588000 42.254600 -6.779 -5.328 0.164 0.22 0.031653 20000 1.000000
243.371000 36.071300 -6.389 -6.044 0.179 0.227 0.106553 20000 1.000000
242.835000 36.022500 -7.063 -4.645 0.178 0.212 0.029620 20000 1.000000
242.590000 36.159000 -7.802 -3.952 0.18 0.227 0.073036 20000 1.000000
241.868000 36.466800 -5.285 -4.522 0.19 0.24 -0.161738 20000 1.000000
242.211000 36.531200 -7.477 -4.241 0.165 0.209 0.042128 20000 1.000000
241.909000 36.570200 -8.993 -3.961 0.188 0.222 -0.015206 20000 1.000000
241.882000 36.975700 -8.086 -3.518 0.165 0.208 0.039643 20000 1.000000
242.064000 37.231400 -7.068 -4.207 0.172 0.214 0.084669 20000 1.000000
242.606000 34.462400 -9.599 -1.166 0.178 0.213 0.028715 20000 1.000000
242.459000 33.562100 -13.294 2.858 0.169 0.205 0.070827 20000 1.000000
242.895000 32.889200 -14.516 2.725 0.172 0.205 0.028429 20000 1.000000
243.050000 32.733800 -15.275 2.605 0.167 0.2 0.037219 20000 1.000000
242.756000 32.666400 -13.438 3.173 0.194 0.222 0.133121 20000 1.000000
242.810000 33.439600 -13.472 3.412 0.169 0.204 0.053759 20000 1.000000
242.928000 33.235700 -14.354 2.58 0.179 0.209 0.093735 20000 1.000000
243.217000 33.493300 -12.78 1.47 0.17 0.204 0.039361 20000 1.000000
243.651000 32.976000 -13.496 2.347 0.174 0.209 0.051505 20000 1.000000
243.989000 32.822200 -14.2 0.894 0.174 0.21 -0.006978 20000 1.000000
243.329000 33.240200 -13.344 2.635 0.179 0.213 0.041055 20000 1.000000
243.431000 33.059200 -14.245 1.846 0.168 0.201 0.036404 20000 1.000000
243.379000 33.375600 -12.813 1.224 0.174 0.209 0.082320 20000 1.000000
243.591000 33.210200 -13.878 2.269 0.185 0.225 0.039903 20000 1.000000
243.817000 33.213500 -12.418 -0.622 0.171 0.207 0.038912 20000 1.000000
243.921000 33.201000 -11.684 -1.134 0.172 0.209 0.033668 20000 1.000000
243.888000 33.296200 -10.085 -1.768 0.176 0.214 -0.026884 20000 1.000000
243.574000 33.523500 -10.682 -0.552 0.181 0.213 0.103237 20000 1.000000
243.773000 33.574700 -9.711 -1.62 0.178 0.22 0.063167 20000 1.000000
244.031000 32.887000 -12.773 0.815 0.174 0.211 0.021109 20000 1.000000
244.175000 32.954700 -11.222 -1.119 0.171 0.204 0.043865 20000 1.000000
244.268000 32.759700 -9.211 -1.925 0.184 0.221 0.055425 20000 1.000000
244.404000 32.750600 -9.649 -1.624 0.178 0.209 0.032017 20000 1.000000
244.423000 32.834700 -9.329 -2.365 0.178 0.215 0.032895 20000 1.000000
244.430000 32.898400 -8.661 -2.746 0.181 0.215 0.069225 20000 1.000000
244.700000 32.690000 -4.758 -5.957 0.171 0.204 0.038310 20000 1.000000
244.602000 32.875800 -5.05 -5.53 0.179 0.214 0.068686 20000 1.000000
244.578000 32.982500 -5.231 -7.677 0.179 0.217 0.080479 20000 1.000000
244.280000 32.948900 -10.185 -2.149 0.176 0.213 0.025395 20000 1.000000
244.234000 33.516400 -6.935 -5.708 0.179 0.214 0.104902 20000 1.000000
244.313000 33.423900 -6.571 -5.716 0.178 0.213 0.087093 20000 1.000000
244.571000 33.247800 -6.028 -6.88 0.176 0.21 0.036960 20000 1.000000
244.657000 33.143600 -5.737 -6.247 0.177 0.212 -0.006869 20000 1.000000
244.704000 33.886900 -6.742 -5.98 0.179 0.21 0.057232 20000 1.000000
240.305000 37.562600 -8.18 -2.622 0.188 0.221 0.149580 20000 1.000000
239.350000 34.907300 -15.18 4.861 0.166 0.204 0.031557 20000 1.000000
239.590000 35.010700 -14.933 3.629 0.17 0.208 0.035258 20000 1.000000
239.760000 34.870600 -14.511 3.665 0.167 0.205 0.040976 20000 1.000000
239.617000 35.106200 -14.427 4.208 0.178 0.215 0.113785 20000 1.000000
241.822000 34.376400 -12.887 1.533 0.171 0.211 0.034539 20000 1.000000
239.925000 35.020000 -14.669 3.217 0.167 0.205 0.030680 20000 1.000000
240.208000 34.507800 -14.993 2.647 0.182 0.216 0.025631 20000 1.000000
240.384000 34.630500 -13.032 3.175 0.167 0.207 0.018472 20000 1.000000
240.185000 34.888600 -15.129 2.409 0.166 0.204 0.041902 20000 1.000000
240.464000 35.086600 -11.503 0.315 0.167 0.205 0.037832 20000 1.000000
239.192000 35.425800 -15.018 5.381 0.167 0.206 0.017882 20000 1.000000
239.455000 35.327800 -14.033 4.226 0.171 0.213 0.079986 20000 1.000000
239.646000 35.440500 -13.592 3.382 0.169 0.207 0.026407 20000 1.000000
239.520000 35.624800 -13.755 4.873 0.191 0.237 0.042962 20000 1.000000
239.463000 35.792700 -12.865 4.1 0.169 0.211 0.053294 20000 1.000000
239.733000 35.633800 -12.192 2.584 0.171 0.209 0.060707 20000 1.000000
239.629000 35.747900 -11.729 2.681 0.17 0.211 0.038904 20000 1.000000
237.762000 37.061200 -13.727 4.893 0.168 0.212 0.041205 20000 1.000000
239.899000 35.235100 -14.063 3.449 0.193 0.224 0.085878 20000 1.000000
239.975000 35.279800 -13.474 3.335 0.175 0.219 -0.002480 20000 1.000000
240.065000 35.316800 -12.157 2.223 0.173 0.216 0.047889 20000 1.000000
239.887000 35.534200 -12.041 1.683 0.178 0.221 0.016688 20000 1.000000
239.818000 35.702700 -9.626 0.507 0.169 0.211 0.019566 20000 1.000000
239.869000 35.801300 -8.969 -0.64 0.176 0.213 0.050686 20000 1.000000
239.999000 35.686700 -9.795 -1.288 0.173 0.212 -0.014297 20000 1.000000
239.707000 35.688900 -12.065 2.561 0.166 0.206 0.030139 20000 1.000000
240.287000 35.319000 -9.778 0.652 0.184 0.228 0.024370 20000 1.000000
240.091000 35.934700 -8.768 -1.953 0.169 0.209 0.039193 20000 1.000000
240.496000 34.466800 -14.451 1.335 0.166 0.202 0.037684 20000 1.000000
240.674000 34.599600 -14.141 1.787 0.176 0.219 0.119654 20000 1.000000
240.885000 34.660100 -13.803 0.934 0.177 0.213 0.101870 20000 1.000000
240.845000 34.856200 -11.296 2.234 0.239 0.361 -0.036947 20000 1.000000
239.755000 35.686700 -12.773 2.76 0.17 0.207 0.025651 20000 1.000000
241.121000 34.835100 -11.073 -0.792 0.169 0.207 0.047445 20000 1.000000
241.152000 34.792300 -10.655 1.183 0.174 0.218 0.041242 20000 1.000000
241.331000 34.695000 -12.144 0.159 0.176 0.216 0.108260 20000 1.000000
241.454000 34.771100 -11.274 0.747 0.169 0.208 0.038159 20000 1.000000
241.344000 34.944400 -8.434 -2.064 0.175 0.216 0.002832 20000 1.000000
241.388000 35.138600 -9.714 -1.309 0.169 0.208 0.018674 20000 1.000000
241.382000 34.838900 -10.167 -0.109 0.175 0.215 0.040760 20000 1.000000
241.459000 34.821800 -9.899 -0.525 0.179 0.218 0.057219 20000 1.000000
241.811000 34.982100 -8.116 -1.339 0.169 0.21 0.025500 20000 1.000000
241.876000 35.378000 -10.237 -2.82 0.169 0.207 0.033988 20000 1.000000
241.740000 35.667300 -9.219 -2.623 0.176 0.212 0.037516 20000 1.000000
241.233000 36.231400 -8.925 -2.874 0.176 0.216 0.083748 20000 1.000000
241.045000 36.585500 -8.56 -1.141 0.223 0.269 0.000583 20000 1.000000
241.740000 36.093100 -6.629 -1.464 0.172 0.214 0.016488 20000 1.000000
241.994000 35.038800 -7.925 -1.515 0.169 0.207 0.047639 20000 1.000000
242.271000 34.509700 -9.721 -0.503 0.176 0.214 0.037485 20000 1.000000
242.451000 34.634300 -8.961 -1.262 0.171 0.209 0.040923 20000 1.000000
242.457000 34.987000 -8.052 -2.398 0.172 0.21 0.077276 20000 1.000000
243.048000 33.892600 -10.543 -0.616 0.167 0.203 0.044807 20000 1.000000
243.454000 34.019300 -8.609 -0.877 0.169 0.205 0.034228 20000 1.000000
242.719000 34.534800 -9.474 -1.382 0.192 0.216 -0.050697 20000 1.000000
241.969000 34.332200 -13.368 1.495 0.28 0.321 0.033193 20000 1.000000
242.635000 35.116800 -7.533 -2.214 0.171 0.212 0.025059 20000 1.000000
241.983000 35.152400 -8.127 -1.457 0.171 0.21 0.042205 20000 1.000000
242.697000 35.238500 -7.829 -2.618 0.171 0.212 0.033453 20000 1.000000
242.795000 35.387900 -6.623 -3.332 0.166 0.205 0.049350 20000 1.000000
242.610000 35.896700 -7.252 -4.559 0.183 0.228 0.027440 20000 1.000000
242.597000 35.697600 -7.462 -2.684 0.169 0.208 0.037615 20000 1.000000
243.111000 35.998200 -7.049 -4.355 0.177 0.213 0.041166 20000 1.000000
243.112000 35.710600 -6.611 -5.09 0.167 0.208 0.050937 20000 1.000000
243.290000 34.192500 -7.389 -1.908 0.174 0.208 0.028305 20000 1.000000
243.463000 34.217200 -7.514 -2.513 0.171 0.206 0.054496 20000 1.000000
243.788000 33.865800 -8.312 -3.409 0.168 0.205 0.056085 20000 1.000000
243.920000 33.959300 -6.73 -4.086 0.171 0.205 0.043682 20000 1.000000
239.772000 35.729200 -9.783 1.073 0.171 0.209 0.048491 20000 1.000000
243.971000 34.716900 -6.157 -5.702 0.175 0.211 0.013654 20000 1.000000
242.063000 34.341100 -12.837 0.418 0.181 0.226 -0.005058 20000 1.000000
243.120000 34.462100 -8.497 -1.957 0.169 0.206 0.044132 20000 1.000000
244.179000 33.741000 -6.758 -5.507 0.173 0.212 0.022081 20000 1.000000
243.107000 34.062700 -10.453 -3.361 0.182 0.225 -0.012292 20000 1.000000
244.236000 34.425700 -5.797 -6.365 0.214 0.23 0.078464 20000 1.000000
244.350000 35.204800 -5.652 -6 0.175 0.212 0.017289 20000 1.000000
242.685000 34.187400 -11.538 -1.182 0.172 0.209 0.091096 20000 1.000000
242.950000 34.196200 -12.352 -7.327 0.206 0.215 0.120570 20000 1.000000
244.750000 34.731800 -6.005 -5.824 0.204 0.26 0.094451 20000 1.000000
243.237000 35.204600 -6.836 -4.1 0.169 0.207 0.053958 20000 1.000000
242.107000 35.424600 -8.325 -2.049 0.198 0.235 0.023941 20000 1.000000
243.428000 35.320600 -7.146 -4.16 0.169 0.209 0.041814 20000 1.000000
243.896000 35.141900 -5.735 -5.755 0.18 0.212 0.022006 20000 1.000000
243.878000 35.526000 -5.838 -5.371 0.172 0.215 0.024332 20000 1.000000
243.855000 35.785400 -6.333 -5.889 0.169 0.21 0.037670 20000 1.000000
244.456000 35.472800 -6.399 -6.06 0.17 0.213 0.058131 20000 1.000000
244.634000 35.163000 -5.494 -5.839 0.176 0.216 0.023781 20000 1.000000
245.401000 34.188900 -5.773 -6.027 0.174 0.212 0.057358 20000 1.000000
245.035000 34.844400 -6.739 -5.343 0.18 0.218 0.040155 20000 1.000000
244.762000 35.291100 -6.495 -5.545 0.17 0.21 0.049982 20000 1.000000
241.621000 37.973100 -6.37 -3.845 0.169 0.218 -0.001858 20000 1.000000
241.000000 37.613000 -6.486 2.141 0.173 0.216 -0.004489 20000 1.000000
241.084000 37.605300 -7.456 -3.001 0.176 0.232 0.005090 20000 1.000000
240.914000 37.785700 -5.387 -2.494 0.204 0.24 -0.063047 20000 1.000000
240.967000 37.913500 -7.414 -2.43 0.165 0.21 0.041738 20000 1.000000
240.974000 37.696600 -7.801 -2.663 0.196 0.236 0.134357 20000 1.000000
240.862000 37.839300 -9.14 -3.308 0.181 0.223 0.064121 20000 1.000000
240.853000 37.962800 -8.157 -2.355 0.167 0.211 0.039424 20000 1.000000
240.916000 37.914100 -6.4 -2.752 0.184 0.228 0.046443 20000 1.000000
241.056000 37.734300 -8.06 -1.778 0.168 0.213 0.045077 20000 1.000000
241.131000 37.654600 -6.485 -1.904 0.168 0.215 0.034575 20000 1.000000
241.040000 37.891700 -8.908 -2.91 0.179 0.22 0.029760 20000 1.000000
241.148000 37.878200 -7.293 -3.086 0.169 0.217 0.016425 20000 1.000000
241.183000 37.591400 -6.776 -1.051 0.171 0.228 0.097841 20000 1.000000
241.302000 37.561600 -7.417 -2.089 0.172 0.234 0.014200 20000 1.000000
241.316000 37.495400 -7.289 -2.157 0.165 0.208 0.040130 20000 1.000000
241.406000 37.541300 -7.358 -3.391 0.168 0.213 0.042966 20000 1.000000
241.180000 37.677000 -7.65 -2.767 0.169 0.214 0.043087 20000 1.000000
241.232000 37.754400 -7.438 -3.547 0.18 0.237 0.094253 20000 1.000000
240.981000 37.800000 -7.801 -2.159 0.169 0.213 0.066324 20000 1.000000
241.264000 37.903500 -7.121 -3.084 0.172 0.221 0.011052 20000 1.000000
241.445000 37.891300 -7.267 -2.847 0.176 0.221 0.067738 20000 1.000000
241.762000 37.589200 -7.112 -4.313 0.167 0.213 0.032499 20000 1.000000
241.528000 37.737500 -7.216 -4.438 0.174 0.217 0.063101 20000 1.000000
240.850000 38.057900 -6.897 -4.329 0.174 0.217 0.053520 20000 1.000000
237.706000 41.381200 -5.363 -4.508 0.175 0.223 0.080674 20000 1.000000
237.809000 41.479200 -5.711 -4.514 0.166 0.231 -0.003869 20000 1.000000
237.687000 41.463600 -5.783 -4.658 0.169 0.233 -0.017376 20000 1.000000
237.847000 41.531900 -6.242 -4.395 0.205 0.244 0.079286 20000 1.000000
238.493000 41.711600 -6.764 -4.328 0.165 0.221 0.031846 20000 1.000000
246.132000 42.878900 -6.225 -5.476 0.165 0.225 0.033636 20000 1.000000
241.275000 37.380400 -9.88 -2.331 0.234 0.272 0.193148 20000 1.000000
241.439000 37.439500 -6.976 -3.619 0.18 0.224 0.047816 20000 1.000000
240.254000 37.088900 -8.819 -3.007 0.174 0.216 0.094010 20000 1.000000
241.853000 37.280500 -7.355 -4.053 0.169 0.215 0.044909 20000 1.000000
239.172000 41.359200 -7.47 -4.683 0.172 0.229 -0.032835 20000 1.000000
239.527000 41.332500 -6.729 -5.08 0.169 0.223 0.041203 20000 1.000000
235.587000 42.442000 -4.339 -2.229 0.168 0.228 -0.024767 20000 1.000000
235.707000 42.076600 -5.531 -3.353 0.177 0.229 0.047836 20000 1.000000
238.120000 42.579800 -6.869 -4.032 0.17 0.224 0.025691 20000 1.000000
237.390000 42.727100 -5.788 -4.495 0.209 0.257 0.167612 20000 1.000000
240.341000 42.546100 -6.37 -4.762 0.166 0.224 0.029208 20000 1.000000
242.275000 42.020200 -5.431 -4.361 0.168 0.223 0.038185 20000 1.000000
243.404000 33.598200 -12.396 -0.505 0.241 0.295 -0.082435 20000 1.000000
243.397000 33.495500 -11.58 0.813 0.174 0.211 0.048995 20000 1.000000
244.492000 32.829400 -7.725 -1.643 0.172 0.209 0.026337 20000 1.000000
238.928000 37.699000 -7.997 -3.133 0.172 0.217 0.016242 20000 1.000000
239.784000 35.693800 -10.346 0.915 0.182 0.221 0.049306 20000 1.000000
237.579000 41.830800 -2.867 -4.135 0.178 0.242 0.070084 20000 1.000000
236.019000 41.845500 -4.6 -3.484 0.185 0.274 -0.056359 20000 1.000000
238.521000 36.744300 -12.063 5.228 0.246 0.311 0.063757 20000 1.000000
239.528000 35.946600 -9.673 0.409 0.185 0.225 0.096435 20000 1.000000
239.485000 35.929100 -13.309 4.9 0.244 0.316 0.019925 20000 1.000000
236.427000 40.478800 -8.133 -2.532 0.203 0.268 0.236062 20000 1.000000
243.852000 34.508100 -5.735 -5.65 0.169 0.209 0.029102 20000 1.000000
245.241000 32.497900 -3.312 -5.987 0.172 0.205 0.042778 20000 1.000000
243.407000 33.537300 -11.103 0.665 0.18 0.219 0.097879 20000 1.000000
241.651000 34.021700 -14.472 3.053 0.176 0.22 0.063823 20000 1.000000
243.936000 31.559100 -15.738 4.366 0.176 0.205 0.111111 20000 1.000000
238.728000 35.709000 -14.955 5.036 0.19 0.233 0.017955 20000 1.000000
242.077000 34.508200 -11.207 0.125 0.177 0.214 0.032803 20000 1.000000
243.314000 36.901800 -7.007 -5.141 0.184 0.222 0.062268 20000 1.000000
242.305000 34.925400 -8.511 -1.574 0.178 0.217 0.007867 20000 1.000000
244.116000 32.417000 -15.784 3.198 0.192 0.229 0.043558 20000 1.000000
239.522000 35.919900 -13.537 6.493 0.193 0.239 0.082390 20000 1.000000
242.818000 33.835700 -12.297 1.377 0.191 0.22 0.038406 20000 1.000000
243.506000 33.819200 -8.007 -1.003 0.177 0.212 0.040583 20000 1.000000
242.193000 34.091800 -13.105 0.661 0.174 0.221 0.028650 20000 1.000000
244.165000 31.313100 -16.211 4.548 0.169 0.199 0.033224 20000 1.000000
241.596000 33.743300 -12.935 2.013 0.168 0.205 0.045935 20000 1.000000
241.628000 33.779500 -14.18 3.066 0.244 0.304 0.046001 20000 1.000000
238.863000 36.161100 -12.906 6.927 0.173 0.214 0.037227 20000 1.000000
239.056000 39.974600 -7.008 -0.895 0.18 0.233 -0.009364 20000 1.000000
242.317000 35.338700 -7.517 -2.633 0.168 0.208 0.046675 20000 1.000000
240.280000 34.500000 -15.399 3.636 0.171 0.212 -0.005123 20000 1.000000
243.375000 34.643900 -8.084 -3.682 0.173 0.209 0.033301 20000 1.000000
241.974000 34.019100 -13.834 1.231 0.191 0.23 -0.021320 20000 1.000000
239.475000 35.900000 -21.822 3.46 0.176 0.22 0.014864 20000 1.000000
241.807000 34.875100 -8.942 -0.928 0.179 0.217 0.040850 20000 1.000000
240.816000 34.541500 -14.683 1.917 0.193 0.23 0.117612 20000 1.000000
244.877000 40.617200 -6.745 -5.432 0.17 0.229 0.038857 20000 1.000000
238.442000 37.666500 -8.439 -2.561 0.168 0.213 0.019804 20000 1.000000
241.245000 34.459800 -13.07 -0.56 0.188 0.236 0.041985 20000 1.000000
242.138000 34.205600 -12.705 1.277 0.219 0.232 -0.058249 20000 1.000000
239.775000 40.591700 -6.944 -4.243 0.173 0.23 0.024045 20000 1.000000
240.984000 41.868400 -6.376 -5.612 0.176 0.233 0.102869 20000 1.000000
243.701000 35.971300 -5.521 -5.475 0.178 0.214 0.013756 20000 1.000000
241.521000 34.438600 -12.689 1.484 0.195 0.237 -0.003521 20000 1.000000
240.116000 39.314300 -8.987 -4.909 0.167 0.22 0.014345 20000 1.000000
244.022000 33.292200 -9.077 -2.243 0.176 0.209 0.055581 20000 1.000000
240.476000 33.247900 -17.645 4.726 0.179 0.222 0.013140 20000 1.000000
240.936000 34.319900 -14.715 3.96 0.167 0.204 0.038949 20000 1.000000
241.354000 34.059300 -14.99 2.233 0.221 0.265 -0.004070 20000 1.000000
242.151000 33.992700 -13.652 2.37 0.187 0.223 0.048350 20000 1.000000
239.935000 34.004300 -15.104 5.392 0.174 0.211 0.009801 20000 1.000000
239.640000 35.917400 -12.224 -2.942 0.194 0.243 0.062860 20000 1.000000
241.585000 35.158200 -8.199 -1.281 0.168 0.211 0.021414 20000 1.000000
243.923000 33.650600 -8.82 -2.84 0.175 0.212 0.081652 20000 1.000000
239.867000 34.483500 -15.01 4.668 0.179 0.221 0.004642 20000 1.000000
242.951000 39.542200 -5.585 -5.534 0.176 0.221 0.126843 20000 1.000000
242.816000 38.097200 -6.59 -5.307 0.168 0.214 0.032919 20000 1.000000
241.669000 33.797800 -14.261 4.174 0.178 0.214 0.010000 20000 1.000000
241.163000 34.248000 -13.645 3.233 0.174 0.21 0.088596 20000 1.000000
235.849000 41.053900 -3.108 -0.653 0.171 0.225 -0.018409 20000 1.000000
241.558000 34.069100 -14.584 2.203 0.189 0.221 0.064108 20000 1.000000
240.156000 34.413300 -14.921 4.3 0.26 0.302 -0.060938 20000 1.000000
241.198000 39.627100 -7.187 -5.352 0.167 0.217 0.052751 20000 1.000000
241.715000 34.024000 -14.71 1.494 0.248 0.295 0.142272 20000 1.000000
243.915000 33.030100 -13.208 0.3 0.171 0.206 0.033775 20000 1.000000
240.516000 34.851500 -13.45 2.474 0.184 0.222 0.035668 20000 1.000000
241.780000 34.178600 -13.239 1.68 0.222 0.238 0.133111 20000 1.000000
241.486000 34.126400 -13.88 2.943 0.168 0.204 0.052830 20000 1.000000
241.516000 34.293200 -13.164 1.417 0.174 0.209 0.041529 20000 1.000000
239.384000 34.556300 -15.478 6.658 0.224 0.261 0.006472 20000 1.000000
241.879000 34.501500 -13.266 1.711 0.183 0.218 0.036987 20000 1.000000
241.706000 33.712600 -13.939 3.514 0.175 0.215 0.016888 20000 1.000000
241.346000 37.664300 -6.642 -1.631 0.168 0.216 0.051072 20000 1.000000
241.016000 35.010800 -10.043 -0.095 0.188 0.23 0.011907 20000 1.000000
243.608000 33.934800 -8.823 -1.374 0.205 0.244 0.003955 20000 1.000000
241.258000 34.568500 -11.952 0.305 0.186 0.223 0.172927 20000 1.000000
241.586000 34.259400 -13.406 3.138 0.203 0.247 0.020815 20000 1.000000
243.068000 34.669000 -7.926 -2.938 0.186 0.226 -0.087198 20000 1.000000
241.572000 33.958200 -15.676 3.564 0.248 0.265 -0.295513 20000 1.000000
243.111000 35.425200 -6.101 -5.721 0.184 0.225 0.007204 20000 1.000000
243.920000 35.287000 -5.986 -4.727 0.172 0.212 0.048657 20000 1.000000
