242.907000 34.116400 -6.291 2.847 0.187 0.239 0.001289 20000 1.000000
243.571000 34.594300 -3.885 0.259 0.164 0.201 0.058162 20000 1.000000
241.305000 34.824500 -7.497 5.5 0.172 0.209 0.048611 20000 1.000000
242.103000 34.126000 -9.934 4.889 0.244 0.27 0.156855 20000 1.000000
242.795000 40.412800 -4.6 -1.106 0.161 0.211 0.045318 20000 1.000000
240.970000 33.480500 -12.847 7.701 0.192 0.225 0.028550 20000 1.000000
243.116000 34.264300 -6.103 3.336 0.186 0.231 0.119879 20000 1.000000
240.594000 34.920500 -7.251 5.012 0.168 0.205 0.023224 20000 1.000000
244.002000 34.000500 -3.577 -0.394 0.167 0.202 0.037969 20000 1.000000
242.935000 33.578200 -9.365 10.607 0.194 0.231 0.055892 20000 1.000000
243.920000 35.287000 -3.58 -2.78 0.167 0.207 0.057806 20000 1.000000
245.285000 33.610400 -2.299 -2.416 0.167 0.202 0.045579 20000 1.000000
243.947000 34.251400 -3.102 -0.861 0.167 0.202 0.053530 20000 1.000000
241.723000 34.184900 -9.876 6.959 0.193 0.235 0.086919 20000 1.000000
242.988000 34.918600 -4.961 1.607 0.166 0.205 0.066875 20000 1.000000
241.812000 34.292800 -7.714 4.27 0.246 0.261 -0.279097 20000 1.000000
242.156000 42.779500 -3.216 -1.405 0.163 0.223 0.044920 20000 1.000000
240.653000 35.157300 -7.871 3.998 0.168 0.21 0.067737 20000 1.000000
235.437000 42.836100 0.902 1.152 0.172 0.231 0.028616 20000 1.000000
244.010000 33.655100 -3.178 -1.021 0.184 0.227 0.067459 20000 1.000000
239.566000 35.939400 -5.743 4.657 0.163 0.204 0.024393 20000 1.000000
239.569000 35.888400 -8.618 8.631 0.191 0.231 0.035367 20000 1.000000
241.666000 33.311600 -12.413 9.548 0.162 0.197 0.054346 20000 1.000000
241.517000 33.445800 -11.255 9.373 0.168 0.206 0.023401 20000 1.000000
241.370000 34.138600 -10.599 7.478 0.202 0.228 0.140674 20000 1.000000
242.329000 35.565300 -4.439 1.679 0.169 0.21 0.054307 20000 1.000000
241.789000 33.876300 -11.455 5.204 0.177 0.216 0.102365 20000 1.000000
240.987000 34.806400 -8.376 4.11 0.18 0.239 -0.063595 20000 1.000000
243.664000 34.829500 -3.83 -0.34 0.179 0.21 0.046089 20000 1.000000
242.035000 34.244000 -9.331 5.765 0.194 0.245 -0.065609 20000 1.000000
241.974000 34.333400 -9.469 6.771 0.184 0.217 0.136074 20000 1.000000
242.172000 34.640500 -6.057 3.772 0.172 0.215 0.086929 20000 1.000000
241.063000 34.109600 -10.924 8.629 0.179 0.227 0.084844 20000 1.000000
241.873000 34.136700 -9.905 5.034 0.164 0.199 0.055598 20000 1.000000
242.521000 34.313800 -7.774 3.795 0.183 0.221 0.167066 20000 1.000000
242.291000 34.109900 -10.593 7.366 0.174 0.209 0.010480 20000 1.000000
245.126000 40.558400 -3.167 -1.158 0.176 0.216 0.098551 20000 1.000000
240.120000 34.414900 -11.721 8.56 0.171 0.207 0.007503 20000 1.000000
242.427000 35.071700 -4.569 2.907 0.17 0.208 0.101727 20000 1.000000
239.249000 35.791600 -10.915 9.833 0.172 0.212 0.024196 20000 1.000000
242.900000 34.039100 -7.318 6.425 0.172 0.207 0.064888 20000 1.000000
244.265000 33.069800 -6.78 2.669 0.186 0.222 0.056481 20000 1.000000
240.961000 34.168400 -10.871 8.212 0.166 0.202 0.060861 20000 1.000000
241.743000 33.861500 -10.65 5.211 0.168 0.205 0.041303 20000 1.000000
241.476000 34.253600 -11.474 6.202 0.174 0.212 0.096015 20000 1.000000
240.629000 34.408100 -10.843 8.033 0.189 0.232 0.029946 20000 1.000000
241.387000 34.516500 -9.972 4.91 0.171 0.207 0.033575 20000 1.000000
243.630000 34.124100 -4.292 1.515 0.178 0.214 0.018020 20000 1.000000
242.098000 34.082000 -9.058 6.646 0.178 0.216 -0.009256 20000 1.000000
244.212000 33.389800 -4.822 0.456 0.176 0.212 0.047634 20000 1.000000
242.140000 34.413400 -8.181 3.256 0.168 0.218 0.048080 20000 1.000000
241.873000 33.938300 -10.804 8.654 0.166 0.202 0.050951 20000 1.000000
242.588000 33.647700 -10.864 6.806 0.162 0.197 0.056612 20000 1.000000
241.170000 34.946200 -6.568 7.083 0.173 0.216 0.051154 20000 1.000000
245.061000 39.345200 -2.561 -1.715 0.173 0.219 0.051672 20000 1.000000
244.183000 40.914700 -4.007 -1.288 0.16 0.212 0.053498 20000 1.000000
241.574000 34.703100 -5.194 4.713 0.17 0.209 0.065976 20000 1.000000
242.474000 34.104200 -9.083 4.831 0.188 0.233 0.075279 20000 1.000000
239.991000 34.733000 -10.763 9.359 0.167 0.203 0.073762 20000 1.000000
243.064000 34.093600 -4.468 2.879 0.195 0.292 0.143517 20000 1.000000
241.116000 34.356300 -10.565 7.248 0.169 0.203 0.051629 20000 1.000000
246.195000 39.369400 -3.613 -1.003 0.166 0.212 0.053168 20000 1.000000
244.200000 32.945000 -9.275 3.622 0.187 0.213 0.055213 20000 1.000000
241.107000 34.800200 -9.383 4.945 0.188 0.228 0.055551 20000 1.000000
240.644000 40.416500 -4.633 -1.114 0.164 0.217 0.007990 20000 1.000000
240.136000 35.189400 -9.58 6.798 0.169 0.211 0.032766 20000 1.000000
244.479000 33.274800 -2.991 -2.353 0.174 0.208 0.060080 20000 1.000000
245.173000 33.051100 -2.74 -1.803 0.228 0.258 -0.047012 20000 1.000000
244.340000 34.784000 -2.459 -1.833 0.189 0.235 0.043548 20000 1.000000
245.810000 34.308600 -2.648 -0.669 0.172 0.206 0.068005 20000 1.000000
243.111000 35.425200 -3.753 4.234 0.169 0.208 0.032900 20000 1.000000
245.820000 40.640200 -3.937 -0.655 0.162 0.211 0.062002 20000 1.000000
239.584000 36.399000 -4.866 1.561 0.205 0.251 0.024072 20000 1.000000
241.887000 34.047400 -10.94 3.887 0.17 0.208 0.067644 20000 1.000000
239.318000 34.469400 -11.014 11.559 0.163 0.2 0.051840 20000 1.000000
241.714000 33.783600 -9.015 8.423 0.191 0.238 -0.001388 20000 1.000000
243.570000 34.754800 -4.28 -0.402 0.168 0.204 0.077565 20000 1.000000
238.530000 40.815900 -6.709 -1.036 0.163 0.216 0.033249 20000 1.000000
244.365000 33.705000 -2.949 -0.893 0.186 0.234 0.040661 20000 1.000000
239.520000 35.866700 -9.638 7.731 0.192 0.252 0.063203 20000 1.000000
242.155000 34.458200 -7.712 4.033 0.176 0.217 0.034272 20000 1.000000
239.598000 35.880800 -6.654 4.792 0.178 0.218 0.139531 20000 1.000000
240.812000 34.441200 -10.448 6.823 0.182 0.223 0.061123 20000 1.000000
244.089000 34.727300 -2.869 -1.228 0.169 0.208 0.068452 20000 1.000000
243.779000 33.796800 -4.508 1.873 0.173 0.211 0.108411 20000 1.000000
244.855000 34.157600 -3.083 -1.597 0.168 0.206 0.092969 20000 1.000000
241.526000 35.662300 -5.408 1.272 0.183 0.231 0.023989 20000 1.000000
240.992000 34.398500 -11.32 7.558 0.177 0.216 0.055654 20000 1.000000
243.827000 33.925400 -4.38 0.374 0.171 0.206 0.054768 20000 1.000000
242.165000 34.485500 -7.511 4.361 0.164 0.202 0.046566 20000 1.000000
243.060000 35.090200 -4.646 0.549 0.169 0.205 0.055118 20000 1.000000
242.246000 34.133300 -10.19 5.821 0.172 0.208 0.073128 20000 1.000000
239.406000 35.828700 -9.648 9.2 0.171 0.214 0.071915 20000 1.000000
242.454000 34.314900 -8.311 2.143 0.186 0.23 0.141592 20000 1.000000
240.896000 34.733600 -7.861 5.163 0.167 0.209 0.045059 20000 1.000000
239.557000 35.832600 -9.393 8.013 0.167 0.207 0.056274 20000 1.000000
242.563000 33.856800 -9.583 6.432 0.168 0.201 0.052535 20000 1.000000
238.778000 42.418300 -3.45 -2.221 0.233 0.31 -0.004094 20000 1.000000
239.241000 36.186900 -8.007 -2.304 0.169 0.207 0.100502 20000 1.000000
239.233000 36.180500 -11.56 9.785 0.168 0.206 0.048600 20000 1.000000
239.649000 34.038300 -11.861 10.25 0.168 0.205 0.003821 20000 1.000000
243.904000 40.148400 -3.564 -2.101 0.169 0.22 -0.014613 20000 1.000000
242.682000 33.918400 -8.725 6.295 0.17 0.206 0.061843 20000 1.000000
239.566000 35.969500 -6.436 3.475 0.171 0.205 0.001609 20000 1.000000
244.588000 40.710700 -3.854 -1.495 0.166 0.228 0.031705 20000 1.000000
241.122000 34.295500 -11.212 7.186 0.184 0.22 0.028249 20000 1.000000
242.118000 34.175200 -7.929 7.058 0.227 0.255 -0.250144 20000 1.000000
243.352000 34.038500 -6.266 2.555 0.186 0.229 0.179351 20000 1.000000
242.790000 34.230800 -7.246 4.156 0.221 0.243 0.212201 20000 1.000000
245.381000 34.767700 -2.206 -0.956 0.182 0.222 0.062567 20000 1.000000
242.491000 39.685600 -3.961 -1.657 0.168 0.216 0.045452 20000 1.000000
240.859000 34.498700 -11.05 6.299 0.163 0.199 0.046065 20000 1.000000
243.932000 34.141000 -2.812 -0.115 0.167 0.203 0.081055 20000 1.000000
242.653000 33.240700 -10.365 7.834 0.174 0.205 -0.003829 20000 1.000000
244.082000 34.369900 -3.131 -1.477 0.169 0.206 0.013940 20000 1.000000
243.695000 34.427700 -3.009 0.401 0.172 0.212 0.024007 20000 1.000000
243.708000 34.533000 -1.928 1.666 0.176 0.208 0.045784 20000 1.000000
243.185000 34.674900 -5.212 0.964 0.165 0.202 0.069495 20000 1.000000
241.793000 34.128800 -7.569 4.787 0.166 0.204 0.046169 20000 1.000000
240.647000 34.683400 -10.767 6.45 0.191 0.238 -0.003608 20000 1.000000
242.814000 39.521100 -3.879 -1.87 0.165 0.213 0.050761 20000 1.000000
245.995000 32.722500 -3.436 -1.26 0.175 0.206 0.115297 20000 1.000000
244.721000 39.910200 -3.452 -1.099 0.183 0.223 0.057191 20000 1.000000
245.543000 36.154200 -3.33 -1.284 0.166 0.204 0.059435 20000 1.000000
245.180000 41.724200 -4.154 -0.781 0.164 0.215 0.023157 20000 1.000000
242.670000 41.428700 -3.838 -1.323 0.163 0.217 0.072723 20000 1.000000
242.935000 42.981700 -2.589 -1.711 0.161 0.22 0.029899 20000 1.000000
235.925000 40.876300 -0.699 2.829 0.213 0.269 0.069426 20000 1.000000
236.274000 38.928300 -8.483 11.16 0.16 0.205 0.029679 20000 1.000000
237.585000 40.997600 -6.661 -1.777 0.188 0.261 -0.053347 20000 1.000000
235.986000 42.967400 -4.001 -2.149 0.166 0.229 0.067493 20000 1.000000
243.830000 32.616500 -11.563 7.44 0.165 0.198 0.039288 20000 1.000000
238.997000 35.551800 -10.821 11.221 0.165 0.206 0.051480 20000 1.000000
242.015000 39.305600 -4.401 -1.168 0.168 0.22 0.030238 20000 1.000000
242.395000 39.287900 -4.614 -1.163 0.166 0.211 0.047934 20000 1.000000
243.576000 39.500500 -3.678 -1.178 0.161 0.214 0.071276 20000 1.000000
243.950000 39.546400 -3.775 -1.569 0.166 0.21 0.073841 20000 1.000000
244.111000 39.374200 -4.205 -0.971 0.163 0.21 0.073368 20000 1.000000
244.487000 39.536100 -3.681 -1.533 0.164 0.214 0.054149 20000 1.000000
244.568000 39.388600 -2.298 -0.654 0.159 0.206 0.055749 20000 1.000000
242.120000 40.433400 -4.725 -0.767 0.165 0.215 0.088957 20000 1.000000
245.308000 39.255200 -2.718 -0.556 0.168 0.211 0.107660 20000 1.000000
245.723000 39.119400 -3.331 -0.415 0.167 0.218 0.068381 20000 1.000000
246.129000 39.067300 -3.503 -1.279 0.164 0.212 0.047201 20000 1.000000
246.495000 39.268900 -3.766 -0.136 0.162 0.212 0.071344 20000 1.000000
242.532000 40.320600 -4.93 -0.884 0.17 0.218 0.008379 20000 1.000000
246.946000 40.494000 -3.575 -0.807 0.161 0.211 0.072281 20000 1.000000
243.264000 40.495500 -3.565 -1.793 0.17 0.219 0.024069 20000 1.000000
243.721000 40.363200 -3.771 -2.802 0.161 0.212 0.070282 20000 1.000000
240.200000 39.572800 -7.208 -0.922 0.163 0.212 0.043916 20000 1.000000
242.469000 36.614300 -4.798 -0.762 0.162 0.202 0.048926 20000 1.000000
242.593000 36.804200 -3.932 -2.125 0.159 0.2 0.052608 20000 1.000000
242.006000 36.606000 -3.164 0.578 0.18 0.22 0.145267 20000 1.000000
242.296000 37.200800 -2.935 -0.846 0.164 0.207 0.058702 20000 1.000000
240.463000 39.698400 -5.801 -0.664 0.171 0.222 0.050808 20000 1.000000
240.694000 39.795600 -5.282 -0.967 0.185 0.252 0.129182 20000 1.000000
241.126000 39.838800 -4.124 -0.447 0.179 0.228 0.019669 20000 1.000000
241.316000 39.888900 -4.825 -1.307 0.166 0.217 0.033580 20000 1.000000
241.841000 39.212300 -4.092 -1.613 0.209 0.268 0.061795 20000 1.000000
246.706000 41.856800 -3.853 -0.851 0.171 0.228 0.092582 20000 1.000000
246.958000 39.345100 -3.874 -0.834 0.166 0.211 0.062734 20000 1.000000
246.988000 41.817300 -2.164 -1.566 0.162 0.214 0.047828 20000 1.000000
246.722000 40.671300 -3.492 -1.225 0.166 0.217 0.051846 20000 1.000000
240.400000 39.499200 -6.192 -0.36 0.179 0.222 0.097420 20000 1.000000
240.931000 39.486100 -6.087 -0.492 0.166 0.215 0.051988 20000 1.000000
241.550000 39.133900 -4.908 -1.364 0.163 0.211 0.064849 20000 1.000000
241.062000 39.268000 -5.539 -0.85 0.18 0.229 0.043985 20000 1.000000
241.649000 39.454700 -4.724 -1.104 0.165 0.213 0.104819 20000 1.000000
241.995000 38.728800 -4.11 -1.587 0.171 0.217 0.074738 20000 1.000000
241.540000 38.724600 -4.979 -0.711 0.164 0.213 0.053817 20000 1.000000
241.070000 38.980900 -5.509 0.164 0.159 0.209 0.053747 20000 1.000000
240.985000 38.704600 -5.423 -0.134 0.168 0.216 -0.007879 20000 1.000000
240.541000 38.761400 -6.939 0.871 0.173 0.216 -0.023393 20000 1.000000
240.523000 40.779800 -4.939 -1.577 0.178 0.224 0.132134 20000 1.000000
240.990000 40.242200 -5.409 -1.66 0.182 0.221 -0.012300 20000 1.000000
240.278000 39.908200 -6.078 -1.466 0.167 0.216 0.102715 20000 1.000000
239.307000 38.829200 -5.182 1.879 0.186 0.217 0.148605 20000 1.000000
239.614000 39.046600 -6.84 0.773 0.184 0.23 -0.028018 20000 1.000000
240.189000 39.123500 -7.683 -0.486 0.166 0.216 -0.004518 20000 1.000000
239.107000 39.466700 -5.999 -0.156 0.179 0.222 0.149965 20000 1.000000
240.376000 41.357700 -4.515 -0.676 0.163 0.218 0.042194 20000 1.000000
239.716000 39.937400 -7.1 -0.301 0.157 0.206 0.042634 20000 1.000000
239.194000 40.418600 -7.303 -0.524 0.21 0.27 0.038498 20000 1.000000
239.923000 40.288900 -5.934 -0.483 0.164 0.215 0.062187 20000 1.000000
235.692000 40.247500 -7.459 9.134 0.16 0.21 0.043876 20000 1.000000
235.867000 40.551300 -1.268 4.175 0.163 0.214 0.029915 20000 1.000000
235.787000 40.637400 0.2 4.702 0.182 0.239 0.027877 20000 1.000000
235.943000 40.219600 -5.808 5.376 0.167 0.218 0.049637 20000 1.000000
236.307000 40.119300 -8.18 1.751 0.174 0.233 0.087057 20000 1.000000
238.207000 36.485500 -11.566 9.205 0.16 0.201 0.040816 20000 1.000000
238.710000 35.945700 -11.315 10.639 0.168 0.209 0.096650 20000 1.000000
238.949000 36.302100 -12.16 10.963 0.162 0.204 0.037677 20000 1.000000
238.865000 36.425900 -11.19 10.121 0.179 0.223 0.074921 20000 1.000000
237.668000 37.534500 -8.997 7.519 0.19 0.217 -0.035156 20000 1.000000
237.623000 37.914500 -7.659 6.004 0.17 0.217 0.046860 20000 1.000000
236.819000 38.495000 -7.811 9.628 0.164 0.213 -0.026839 20000 1.000000
236.291000 39.117200 -8.078 7.845 0.184 0.236 0.036036 20000 1.000000
236.652000 38.987400 -7.613 7.434 0.174 0.218 0.121288 20000 1.000000
236.796000 39.242000 -4.685 1.843 0.163 0.213 0.060066 20000 1.000000
236.368000 42.275400 -1.354 0.079 0.197 0.262 0.038130 20000 1.000000
236.895000 39.319700 -6.415 1.89 0.168 0.216 0.062366 20000 1.000000
237.041000 38.664700 -6.946 7.199 0.184 0.255 0.085993 20000 1.000000
237.233000 38.428600 -4.322 8.604 0.166 0.214 0.065461 20000 1.000000
237.548000 38.239800 -5.163 5.317 0.166 0.212 0.037808 20000 1.000000
237.083000 38.866100 -8.627 3.534 0.158 0.204 0.031953 20000 1.000000
237.037000 39.398100 -5.009 -3.886 0.191 0.239 -0.007411 20000 1.000000
237.424000 38.777800 -5.09 3.538 0.171 0.23 0.029589 20000 1.000000
237.281000 39.260000 -6.874 2.047 0.163 0.209 0.069648 20000 1.000000
237.696000 39.109300 -5.47 0.661 0.167 0.215 0.032452 20000 1.000000
237.873000 37.069200 -11.11 11.254 0.193 0.238 0.209932 20000 1.000000
238.137000 36.962000 -9.229 9.604 0.183 0.219 0.017983 20000 1.000000
238.009000 37.201700 -9.21 7.487 0.19 0.232 -0.027556 20000 1.000000
238.203000 37.001000 -8.742 7.589 0.243 0.277 0.110968 20000 1.000000
238.274000 37.002400 -7.974 7.945 0.175 0.23 0.070061 20000 1.000000
238.349000 37.104500 -8.859 7.383 0.193 0.234 -0.053677 20000 1.000000
238.286000 37.203500 -6.624 7.765 0.17 0.211 0.092305 20000 1.000000
237.786000 37.329900 -9.431 7.311 0.163 0.205 0.054906 20000 1.000000
237.901000 37.336900 -8.618 7.424 0.166 0.217 0.035788 20000 1.000000
237.900000 37.722000 -6.86 4.385 0.161 0.203 0.034737 20000 1.000000
237.781000 37.863900 -6.384 6.373 0.165 0.211 -0.013551 20000 1.000000
237.942000 37.713900 -6.323 4.552 0.175 0.219 -0.009843 20000 1.000000
238.174000 37.336800 -7.004 6.906 0.167 0.214 0.051976 20000 1.000000
238.210000 37.533000 -5.617 2.187 0.163 0.206 0.053292 20000 1.000000
238.313000 37.601800 -5.227 1.067 0.17 0.211 0.099838 20000 1.000000
238.022000 37.749400 -6.364 3.463 0.164 0.206 0.037199 20000 1.000000
238.214000 37.819000 -4.396 1.873 0.166 0.209 0.042301 20000 1.000000
238.095000 36.621700 -10.5 9.783 0.164 0.206 0.034187 20000 1.000000
238.421000 36.724000 -10.002 10.402 0.165 0.206 0.027558 20000 1.000000
238.580000 36.800400 -7.567 7.287 0.163 0.205 0.024170 20000 1.000000
238.409000 36.858500 -10.127 9.159 0.164 0.207 0.027154 20000 1.000000
238.459000 36.814300 -10.113 9.138 0.169 0.207 0.057389 20000 1.000000
238.445000 36.903500 -9.008 7.315 0.175 0.217 0.018536 20000 1.000000
238.613000 36.637000 -9.655 9.991 0.171 0.216 -0.004681 20000 1.000000
238.458000 37.007800 -9.316 5.426 0.163 0.207 0.047385 20000 1.000000
238.426000 37.213000 -6.095 2.255 0.164 0.205 0.040371 20000 1.000000
238.665000 36.918200 -5.39 2.687 0.162 0.204 0.048259 20000 1.000000
238.645000 37.010800 -6.151 2.831 0.178 0.222 0.005855 20000 1.000000
240.294000 37.713100 -4.656 5.481 0.17 0.216 0.027134 20000 1.000000
238.812000 36.559500 -12.488 8.968 0.163 0.204 0.034618 20000 1.000000
238.131000 37.975600 -5.875 3.024 0.163 0.207 0.056129 20000 1.000000
238.936000 36.611600 -6.221 0.33 0.159 0.2 0.039743 20000 1.000000
238.732000 36.950000 -5.364 1.859 0.174 0.217 0.066299 20000 1.000000
238.652000 36.811400 -5.463 3.575 0.165 0.207 0.033668 20000 1.000000
238.942000 37.169600 -6.199 1.353 0.171 0.214 0.054473 20000 1.000000
238.347000 37.478400 -5.512 1.085 0.176 0.225 0.045727 20000 1.000000
238.531000 37.489600 -5.319 0.019 0.16 0.203 0.032620 20000 1.000000
238.675000 37.581900 -6.369 0.556 0.165 0.211 0.025093 20000 1.000000
238.395000 37.932000 -4.77 1.114 0.162 0.207 0.042743 20000 1.000000
238.536000 37.755300 -7.584 3.572 0.164 0.207 0.037755 20000 1.000000
238.717000 37.385400 -3.878 1.128 0.167 0.217 0.052871 20000 1.000000
237.782000 38.153000 -5.101 1.524 0.161 0.206 0.022020 20000 1.000000
237.904000 38.025100 -5.218 3.178 0.166 0.213 -0.017407 20000 1.000000
237.805000 38.444200 -5.511 3.047 0.173 0.233 0.061167 20000 1.000000
237.645000 38.999500 -4.094 0.361 0.2 0.226 0.134732 20000 1.000000
238.905000 38.645300 -5.516 1.014 0.162 0.208 0.046946 20000 1.000000
239.652000 35.544100 -11.113 7.877 0.169 0.208 0.039526 20000 1.000000
239.611000 35.841100 -8.855 8.654 0.169 0.209 0.021534 20000 1.000000
239.655000 35.837800 -6.535 4.909 0.167 0.211 0.027786 20000 1.000000
239.715000 35.806700 -6.776 4.217 0.178 0.22 0.031830 20000 1.000000
239.093000 35.933300 -10.906 9.259 0.163 0.204 0.040470 20000 1.000000
239.019000 36.417200 -6.263 2.75 0.164 0.207 0.053652 20000 1.000000
239.147000 36.515900 -5.447 0.134 0.17 0.215 0.022898 20000 1.000000
239.302000 36.024800 -9.761 10.039 0.163 0.208 0.039108 20000 1.000000
239.121000 36.140200 -10.331 11.863 0.164 0.204 0.036492 20000 1.000000
239.251000 36.106800 -10.913 9.694 0.16 0.199 0.043315 20000 1.000000
239.272000 36.178900 -8.675 -6.25 0.16 0.2 0.041752 20000 1.000000
239.355000 35.922800 -9.964 9.198 0.162 0.202 0.027338 20000 1.000000
239.525000 36.007500 -10.533 3.699 0.177 0.214 0.050889 20000 1.000000
239.457000 36.089400 0.095 2.906 0.16 0.201 0.043176 20000 1.000000
239.560000 36.123200 -5.153 3.29 0.161 0.202 0.044141 20000 1.000000
239.158000 35.697100 -10.739 9.412 0.167 0.202 0.084973 20000 1.000000
239.637000 36.051700 -5.091 2.599 0.164 0.202 0.043016 20000 1.000000
239.448000 35.974100 -9.193 8.566 0.18 0.215 -0.010757 20000 1.000000
239.706000 36.015800 -5.483 2.793 0.164 0.203 0.032752 20000 1.000000
239.723000 36.304400 -5.156 3.204 0.165 0.207 0.039307 20000 1.000000
239.257000 36.806300 -6.411 1.733 0.162 0.206 0.044414 20000 1.000000
239.803000 37.352200 -5.189 1.765 0.173 0.222 0.048594 20000 1.000000
239.356000 37.795200 -4.606 1.026 0.176 0.217 0.052504 20000 1.000000
240.160000 37.901100 -8.345 -0.493 0.181 0.219 -0.041657 20000 1.000000
239.049000 38.090000 -6.149 1.137 0.167 0.214 0.030449 20000 1.000000
239.666000 38.735600 -6.236 1.426 0.176 0.212 0.063869 20000 1.000000
241.480000 37.177600 -6.488 -0.995 0.161 0.202 0.054702 20000 1.000000
236.283000 39.863600 -7.376 4.901 0.197 0.25 -0.066048 20000 1.000000
236.448000 39.905700 -6.402 1.524 0.184 0.252 0.005050 20000 1.000000
236.628000 39.452400 -6.53 2.723 0.162 0.212 0.043988 20000 1.000000
236.705000 39.707100 -7.271 0.574 0.171 0.222 -0.040995 20000 1.000000
236.813000 39.492800 -6.791 2.519 0.178 0.25 0.078818 20000 1.000000
236.817000 39.962100 -6.016 -1.666 0.161 0.212 -0.008981 20000 1.000000
236.344000 40.256800 -6.205 2.34 0.162 0.215 0.056177 20000 1.000000
236.117000 41.151700 -2.748 0.767 0.164 0.216 0.058997 20000 1.000000
236.301000 40.575300 -4.517 -0.8 0.172 0.224 0.088929 20000 1.000000
236.427000 40.478900 -5.615 -0.545 0.199 0.259 0.262086 20000 1.000000
236.548000 40.082200 -6.994 0.407 0.159 0.209 0.044883 20000 1.000000
236.864000 40.324100 -6.893 -1.069 0.159 0.21 0.026030 20000 1.000000
236.676000 40.732900 -6.73 -1.256 0.161 0.212 0.003224 20000 1.000000
236.826000 40.546700 -6.182 -1.14 0.164 0.217 0.022360 20000 1.000000
237.024000 39.621400 -5.109 0.051 0.172 0.214 0.083587 20000 1.000000
237.264000 39.493600 -4.809 2.053 0.16 0.207 0.030710 20000 1.000000
237.126000 39.726200 -4.129 -1.959 0.165 0.215 0.092214 20000 1.000000
237.077000 40.747600 -5.161 -0.485 0.168 0.219 0.022503 20000 1.000000
237.332000 40.034100 -6.176 -0.715 0.165 0.213 0.028774 20000 1.000000
237.393000 40.650700 -6.701 -0.656 0.167 0.225 -0.001833 20000 1.000000
236.666000 40.887100 -6.364 -1.708 0.158 0.209 0.032911 20000 1.000000
237.729000 40.271200 -6.569 -0.138 0.17 0.221 -0.022117 20000 1.000000
239.132000 39.794700 -7.126 -0.57 0.162 0.216 0.008382 20000 1.000000
239.052000 41.183300 -5.344 -1.72 0.162 0.218 0.025209 20000 1.000000
237.681000 40.731100 -7.616 0.345 0.196 0.237 0.061799 20000 1.000000
235.774000 42.209100 2.672 0.025 0.165 0.214 0.023244 20000 1.000000
235.946000 42.860100 -3.105 -2.391 0.185 0.246 0.114002 20000 1.000000
236.617000 42.503500 -2.363 -1.118 0.163 0.219 0.041798 20000 1.000000
237.344000 42.191000 -3.39 -1.534 0.166 0.224 0.002641 20000 1.000000
238.220000 42.259700 -5.079 -1.022 0.162 0.214 0.036651 20000 1.000000
239.622000 42.468800 -5.157 -1.391 0.165 0.224 -0.001215 20000 1.000000
241.588000 42.254600 -2.931 -0.891 0.158 0.214 0.039124 20000 1.000000
243.371000 36.071300 -3.483 -0.815 0.174 0.219 0.127931 20000 1.000000
242.835000 36.022500 -3.359 0.481 0.171 0.206 0.040311 20000 1.000000
242.590000 36.159000 -3.89 0.139 0.173 0.215 0.104571 20000 1.000000
241.868000 36.466800 -6.955 1.467 0.182 0.233 -0.144382 20000 1.000000
242.211000 36.531200 -4.732 0.1 0.159 0.202 0.050841 20000 1.000000
241.909000 36.570200 -5.266 0.469 0.183 0.214 -0.004683 20000 1.000000
241.882000 36.975700 -4.465 -0.615 0.16 0.202 0.050196 20000 1.000000
242.064000 37.231400 -4.1 -0.984 0.167 0.208 0.095761 20000 1.000000
242.606000 34.462400 -6.439 2.918 0.173 0.206 0.039228 20000 1.000000
242.459000 33.562100 -10.494 7.36 0.165 0.2 0.083302 20000 1.000000
242.895000 32.889200 -11.091 7.969 0.168 0.2 0.039999 20000 1.000000
243.050000 32.733800 -11.293 7.913 0.162 0.194 0.051543 20000 1.000000
242.756000 32.666400 -11.999 8.251 0.18 0.206 0.149703 20000 1.000000
242.810000 33.439600 -10.652 7.353 0.164 0.198 0.055075 20000 1.000000
242.928000 33.235700 -10.159 6.935 0.176 0.203 0.104320 20000 1.000000
243.217000 33.493300 -9.555 6.004 0.164 0.198 0.056381 20000 1.000000
243.651000 32.976000 -10.562 7.521 0.167 0.2 0.063899 20000 1.000000
243.989000 32.822200 -10.114 5.951 0.167 0.199 0.019826 20000 1.000000
243.329000 33.240200 -9.98 7.251 0.175 0.208 0.056694 20000 1.000000
243.431000 33.059200 -10.69 7.462 0.163 0.195 0.045212 20000 1.000000
243.379000 33.375600 -9.249 6.608 0.168 0.202 0.102850 20000 1.000000
243.591000 33.210200 -10.353 6.057 0.177 0.213 0.061199 20000 1.000000
243.817000 33.213500 -8.247 4.698 0.165 0.198 0.056078 20000 1.000000
243.921000 33.201000 -8.077 4.095 0.165 0.198 0.061881 20000 1.000000
243.888000 33.296200 -7.807 2.848 0.169 0.203 0.005033 20000 1.000000
243.574000 33.523500 -7.594 3.86 0.176 0.203 0.139458 20000 1.000000
243.773000 33.574700 -6.481 2.729 0.172 0.214 0.077737 20000 1.000000
244.031000 32.887000 -10.221 5.912 0.169 0.201 0.052838 20000 1.000000
244.175000 32.954700 -8.822 5.029 0.166 0.198 0.052917 20000 1.000000
244.268000 32.759700 -8.672 4.691 0.175 0.212 0.071105 20000 1.000000
244.404000 32.750600 -8.171 3.649 0.175 0.205 0.046304 20000 1.000000
244.423000 32.834700 -6.301 4.667 0.172 0.204 0.057154 20000 1.000000
244.430000 32.898400 -5.573 4.092 0.178 0.211 0.083943 20000 1.000000
244.700000 32.690000 -2.608 -0.522 0.166 0.198 0.049531 20000 1.000000
244.602000 32.875800 -1.582 -1.846 0.174 0.207 0.074867 20000 1.000000
244.578000 32.982500 -1.72 -1.428 0.173 0.211 0.093300 20000 1.000000
244.280000 32.948900 -7.56 4.39 0.17 0.201 0.050140 20000 1.000000
244.234000 33.516400 -4.101 0.055 0.175 0.209 0.120106 20000 1.000000
244.313000 33.423900 -4.433 -0.466 0.174 0.208 0.102123 20000 1.000000
244.571000 33.247800 -3.036 -1.563 0.171 0.204 0.047279 20000 1.000000
244.657000 33.143600 -1.882 -2.63 0.172 0.205 0.006247 20000 1.000000
244.704000 33.886900 -2.776 -1.51 0.175 0.205 0.065648 20000 1.000000
240.305000 37.562600 -8.303 -2.086 0.181 0.213 0.157588 20000 1.000000
239.350000 34.907300 -11.267 10.887 0.161 0.198 0.043543 20000 1.000000
239.590000 35.010700 -10.402 9.512 0.169 0.207 0.040813 20000 1.000000
239.760000 34.870600 -11.964 9.092 0.164 0.201 0.063188 20000 1.000000
239.617000 35.106200 -11.477 9.161 0.173 0.211 0.125339 20000 1.000000
241.822000 34.376400 -9.803 4.765 0.165 0.203 0.054002 20000 1.000000
239.925000 35.020000 -11.776 5.639 0.162 0.199 0.039957 20000 1.000000
240.208000 34.507800 -12.764 6.84 0.182 0.216 0.040475 20000 1.000000
240.384000 34.630500 -12.162 7.081 0.16 0.197 0.046856 20000 1.000000
240.185000 34.888600 -10.422 7.91 0.161 0.197 0.050019 20000 1.000000
240.464000 35.086600 -8.526 5.16 0.162 0.2 0.059127 20000 1.000000
239.192000 35.425800 -10.256 10.484 0.163 0.201 0.022653 20000 1.000000
239.455000 35.327800 -10.878 10.136 0.167 0.208 0.099246 20000 1.000000
239.646000 35.440500 -10.729 8.634 0.164 0.202 0.040172 20000 1.000000
239.520000 35.624800 -10.737 6.951 0.164 0.204 0.053156 20000 1.000000
239.463000 35.792700 -9.768 9.266 0.165 0.207 0.069053 20000 1.000000
239.733000 35.633800 -9.214 7.087 0.17 0.205 0.085944 20000 1.000000
239.629000 35.747900 -10.431 7.845 0.187 0.231 0.050454 20000 1.000000
237.762000 37.061200 -10.456 10.538 0.164 0.207 0.055267 20000 1.000000
239.899000 35.235100 -11.004 7.592 0.186 0.217 0.092618 20000 1.000000
239.975000 35.279800 -9.751 7.13 0.171 0.214 0.008351 20000 1.000000
240.065000 35.316800 -8.976 6.553 0.186 0.237 0.053900 20000 1.000000
239.887000 35.534200 -8.266 5.688 0.222 0.269 0.065180 20000 1.000000
239.818000 35.702700 -6.997 5.272 0.163 0.202 0.046467 20000 1.000000
239.869000 35.801300 -5.691 3.409 0.17 0.207 0.058750 20000 1.000000
239.999000 35.686700 -6.138 3.695 0.167 0.205 0.000230 20000 1.000000
239.707000 35.688900 -8.847 7.059 0.167 0.206 0.039082 20000 1.000000
240.287000 35.319000 -7.258 4.276 0.18 0.225 0.038834 20000 1.000000
240.091000 35.934700 -5.16 2.677 0.163 0.202 0.049545 20000 1.000000
240.496000 34.466800 -10.54 8.001 0.161 0.196 0.047818 20000 1.000000
240.674000 34.599600 -10.69 7.594 0.171 0.213 0.135697 20000 1.000000
240.885000 34.660100 -10.073 5.641 0.172 0.207 0.119327 20000 1.000000
240.845000 34.856200 -8.311 2.771 0.234 0.343 -0.043297 20000 1.000000
239.755000 35.686700 -8.358 6.496 0.166 0.204 0.033474 20000 1.000000
241.121000 34.835100 -8.364 4.647 0.163 0.2 0.060287 20000 1.000000
241.152000 34.792300 -9.421 3.334 0.168 0.212 0.053670 20000 1.000000
241.331000 34.695000 -7.6 7.241 0.171 0.211 0.122895 20000 1.000000
241.454000 34.771100 -6.371 4.022 0.164 0.203 0.047564 20000 1.000000
241.344000 34.944400 -7.56 2.593 0.17 0.21 0.016205 20000 1.000000
241.388000 35.138600 -6.632 3.219 0.164 0.201 0.028289 20000 1.000000
241.382000 34.838900 -7.191 4.815 0.169 0.208 0.056798 20000 1.000000
241.459000 34.821800 -6.544 4.378 0.173 0.21 0.077797 20000 1.000000
241.811000 34.982100 -6.162 2.599 0.162 0.199 0.050250 20000 1.000000
241.876000 35.378000 -5.133 2.602 0.164 0.2 0.039958 20000 1.000000
241.740000 35.667300 -4.989 1.869 0.17 0.204 0.050782 20000 1.000000
241.233000 36.231400 -6.002 2.613 0.169 0.206 0.116204 20000 1.000000
241.045000 36.585500 -5.103 1.461 0.161 0.203 0.045711 20000 1.000000
241.740000 36.093100 -5.556 0.957 0.165 0.203 0.044934 20000 1.000000
241.994000 35.038800 -5.206 2.926 0.163 0.2 0.055252 20000 1.000000
242.271000 34.509700 -6.964 4.24 0.164 0.201 0.046530 20000 1.000000
242.451000 34.634300 -5.88 2.959 0.167 0.205 0.047050 20000 1.000000
242.457000 34.987000 -4.895 3.055 0.167 0.205 0.090512 20000 1.000000
243.048000 33.892600 -7.665 4.749 0.162 0.197 0.055425 20000 1.000000
243.454000 34.019300 -4.582 2.977 0.164 0.199 0.049654 20000 1.000000
242.719000 34.534800 -5.712 3.429 0.188 0.209 -0.041048 20000 1.000000
241.969000 34.332200 -8.477 5.937 0.168 0.205 0.067642 20000 1.000000
242.635000 35.116800 -5.065 2.112 0.165 0.203 0.042146 20000 1.000000
241.983000 35.152400 -5.008 2.736 0.164 0.202 0.058028 20000 1.000000
242.697000 35.238500 -4.03 1.78 0.165 0.201 0.061200 20000 1.000000
242.795000 35.387900 -4.329 1.627 0.16 0.199 0.059701 20000 1.000000
242.610000 35.896700 -5.385 0.589 0.178 0.222 0.042104 20000 1.000000
242.597000 35.697600 -4.708 0.941 0.163 0.201 0.051446 20000 1.000000
243.111000 35.998200 -3.668 -0.62 0.171 0.205 0.052878 20000 1.000000
243.112000 35.710600 -4.175 0.285 0.161 0.202 0.056631 20000 1.000000
243.290000 34.192500 -5.543 2.637 0.168 0.201 0.038137 20000 1.000000
243.463000 34.217200 -4.672 2.234 0.166 0.2 0.067059 20000 1.000000
243.788000 33.865800 -4.944 1.777 0.164 0.199 0.071334 20000 1.000000
243.920000 33.959300 -4.786 -0.21 0.165 0.198 0.060442 20000 1.000000
239.772000 35.729200 -6.398 4.295 0.167 0.205 0.065027 20000 1.000000
243.971000 34.716900 -3.23 -1.635 0.169 0.204 0.032036 20000 1.000000
243.329000 34.936800 -4.158 0.559 0.164 0.203 0.062097 20000 1.000000
242.063000 34.341100 -9.024 5.246 0.177 0.218 0.030222 20000 1.000000
243.120000 34.462100 -5.834 2.353 0.163 0.199 0.055221 20000 1.000000
244.179000 33.741000 -3.178 -0.623 0.173 0.209 0.062903 20000 1.000000
243.107000 34.062700 -2.864 4.836 0.207 0.253 0.023100 20000 1.000000
244.236000 34.425700 -2.471 -1.453 0.206 0.221 0.091836 20000 1.000000
244.350000 35.204800 -2.824 -1.321 0.17 0.205 0.029796 20000 1.000000
242.685000 34.187400 -6.636 6.223 0.167 0.204 0.098333 20000 1.000000
242.950000 34.196200 -4.816 5.54 0.198 0.209 0.132565 20000 1.000000
244.750000 34.731800 -2.28 -1.853 0.201 0.253 0.108703 20000 1.000000
243.237000 35.204600 -4.25 0.28 0.163 0.2 0.059839 20000 1.000000
242.107000 35.424600 -4.925 1.94 0.162 0.2 0.051061 20000 1.000000
243.428000 35.320600 -3.002 -0.303 0.165 0.205 0.040317 20000 1.000000
243.896000 35.141900 -3.55 -1.323 0.174 0.205 0.030028 20000 1.000000
243.878000 35.526000 -4.219 -1.965 0.166 0.205 0.047152 20000 1.000000
243.855000 35.785400 -2.35 -1.389 0.164 0.203 0.045395 20000 1.000000
244.456000 35.472800 -3.164 -0.683 0.165 0.206 0.066956 20000 1.000000
244.634000 35.163000 -3.016 -1.327 0.172 0.211 0.034570 20000 1.000000
245.401000 34.188900 -2.599 -2.269 0.17 0.206 0.068807 20000 1.000000
245.035000 34.844400 -2.81 -1.434 0.169 0.205 0.052209 20000 1.000000
244.762000 35.291100 -2.749 -1.536 0.165 0.203 0.062139 20000 1.000000
241.621000 37.973100 -5.449 -1.04 0.161 0.207 0.023792 20000 1.000000
241.000000 37.613000 -8.478 -2.061 0.166 0.208 0.007430 20000 1.000000
241.084000 37.605300 -5.917 -2.147 0.17 0.225 0.011889 20000 1.000000
240.914000 37.785700 -8.939 2.012 0.224 0.266 -0.029710 20000 1.000000
240.967000 37.913500 -8.442 3.849 0.16 0.203 0.048476 20000 1.000000
240.974000 37.696600 -6.647 1.835 0.192 0.227 0.168254 20000 1.000000
240.862000 37.839300 -10.663 4.611 0.178 0.217 0.070122 20000 1.000000
240.853000 37.962800 -9.641 3.034 0.161 0.204 0.047534 20000 1.000000
240.916000 37.914100 -8.896 4.286 0.163 0.205 0.049436 20000 1.000000
241.056000 37.734300 -7.111 -0.418 0.162 0.207 0.053911 20000 1.000000
241.131000 37.654600 -6.218 -0.265 0.163 0.209 0.045582 20000 1.000000
241.040000 37.891700 -4.849 3.105 0.171 0.212 0.036299 20000 1.000000
241.148000 37.878200 -5.246 1.504 0.164 0.207 0.036716 20000 1.000000
241.183000 37.591400 -5.818 -3.873 0.165 0.22 0.100787 20000 1.000000
241.302000 37.561600 -3.294 -0.984 0.167 0.228 0.021430 20000 1.000000
241.316000 37.495400 -5.422 -2.54 0.159 0.202 0.049701 20000 1.000000
241.406000 37.541300 -4.492 -1.062 0.163 0.206 0.054740 20000 1.000000
241.180000 37.677000 -5.363 -0.428 0.163 0.207 0.049541 20000 1.000000
241.232000 37.754400 -5.273 0.861 0.188 0.247 0.108878 20000 1.000000
240.981000 37.800000 -7.621 1.39 0.164 0.207 0.079534 20000 1.000000
241.264000 37.903500 -5.978 0.505 0.165 0.21 0.038185 20000 1.000000
241.445000 37.891300 -4.952 -0.26 0.172 0.213 0.115648 20000 1.000000
241.762000 37.589200 -4.054 -0.576 0.161 0.205 0.051392 20000 1.000000
241.528000 37.737500 -5.373 -0.206 0.168 0.21 0.073386 20000 1.000000
240.850000 38.057900 -8.764 2.675 0.169 0.212 0.059454 20000 1.000000
237.706000 41.381200 -4.642 -2.445 0.173 0.222 0.095593 20000 1.000000
237.809000 41.479200 -4.698 -3.353 0.161 0.225 -0.001454 20000 1.000000
237.687000 41.463600 -5.752 -1.581 0.164 0.227 -0.008129 20000 1.000000
237.847000 41.531900 -4.629 -2.791 0.209 0.247 0.094223 20000 1.000000
238.493000 41.711600 -4.845 -2.427 0.161 0.214 0.040391 20000 1.000000
246.132000 42.878900 -3.585 -1.619 0.16 0.218 0.038444 20000 1.000000
241.275000 37.380400 -6.56 -2.587 0.225 0.261 0.203147 20000 1.000000
241.439000 37.439500 -4.794 -0.373 0.175 0.216 0.056920 20000 1.000000
240.254000 37.088900 -6.483 1.634 0.207 0.258 0.106712 20000 1.000000
241.853000 37.280500 -4.409 -0.417 0.163 0.206 0.063990 20000 1.000000
239.172000 41.359200 -5.178 -1.454 0.17 0.224 -0.024722 20000 1.000000
239.527000 41.332500 -4.608 -0.821 0.163 0.215 0.051234 20000 1.000000
235.587000 42.442000 0.169 1.57 0.164 0.222 -0.024343 20000 1.000000
235.707000 42.076600 -3.199 0.739 0.373 0.474 0.045353 20000 1.000000
238.120000 42.579800 -3.875 -0.827 0.165 0.218 0.028809 20000 1.000000
237.390000 42.727100 -4.569 -0.677 0.227 0.279 0.179542 20000 1.000000
240.341000 42.546100 -3.477 -1.453 0.161 0.218 0.032377 20000 1.000000
242.275000 42.020200 -2.261 -0.89 0.163 0.217 0.053610 20000 1.000000
243.404000 33.598200 -5.976 3.179 0.252 0.317 -0.067921 20000 1.000000
243.397000 33.495500 -7.291 5.448 0.171 0.207 0.060885 20000 1.000000
244.492000 32.829400 -5.432 3.478 0.168 0.199 0.047282 20000 1.000000
238.928000 37.699000 -6.262 0.573 0.169 0.213 0.026586 20000 1.000000
239.784000 35.693800 -7.238 8.231 0.183 0.221 0.090943 20000 1.000000
237.579000 41.830800 -7.273 -2.864 0.176 0.239 0.095748 20000 1.000000
236.019000 41.845500 -0.689 2.098 0.18 0.269 -0.051806 20000 1.000000
238.521000 36.744300 -14.676 9.122 0.183 0.223 0.100791 20000 1.000000
239.528000 35.946600 -5.053 3.589 0.179 0.219 0.109109 20000 1.000000
239.485000 35.929100 -7.978 9.543 0.231 0.305 0.025032 20000 1.000000
236.427000 40.478800 -5.532 -0.427 0.196 0.258 0.249308 20000 1.000000
237.036000 39.845700 -7.619 -1.511 0.16 0.21 0.012433 20000 1.000000
243.852000 34.508100 -2.952 -0.987 0.163 0.199 0.056418 20000 1.000000
245.241000 32.497900 -0.874 -0.107 0.17 0.2 0.054441 20000 1.000000
243.407000 33.537300 -7.62 5.583 0.175 0.213 0.104938 20000 1.000000
241.651000 34.021700 -10.04 7.406 0.171 0.214 0.076518 20000 1.000000
243.936000 31.559100 -11.431 8.978 0.172 0.199 0.125566 20000 1.000000
238.728000 35.709000 -10.637 11.474 0.186 0.23 0.012165 20000 1.000000
242.077000 34.508200 -7.332 4.159 0.171 0.207 0.057754 20000 1.000000
244.450000 32.490100 -7.784 7.128 0.169 0.207 0.013326 20000 1.000000
242.305000 34.925400 -5.212 3.128 0.168 0.207 0.017317 20000 1.000000
244.116000 32.417000 -12.562 7.759 0.164 0.195 0.054954 20000 1.000000
239.522000 35.919900 -7.979 6.567 0.171 0.213 0.087711 20000 1.000000
242.818000 33.835700 -8.586 5.444 0.185 0.213 0.051573 20000 1.000000
243.506000 33.819200 -6.553 2.426 0.172 0.206 0.056692 20000 1.000000
242.193000 34.091800 -10.089 6.401 0.171 0.217 0.027047 20000 1.000000
244.165000 31.313100 -11.859 8.578 0.165 0.194 0.043363 20000 1.000000
244.543000 32.377900 -9.056 7.522 0.164 0.195 0.052953 20000 1.000000
241.596000 33.743300 -9.156 8.348 0.164 0.2 0.051821 20000 1.000000
241.628000 33.779500 -10.666 7.407 0.204 0.253 0.053544 20000 1.000000
238.863000 36.161100 -11.148 9.74 0.171 0.209 0.073720 20000 1.000000
241.755000 34.628700 -7.409 4.103 0.181 0.224 0.011571 20000 1.000000
239.056000 39.974600 -9.837 -1.373 0.177 0.232 -0.006450 20000 1.000000
242.317000 35.338700 -4.262 2.071 0.163 0.201 0.058652 20000 1.000000
240.280000 34.500000 -11.897 7.301 0.166 0.205 0.029474 20000 1.000000
243.375000 34.643900 -4.344 0.76 0.165 0.2 0.043137 20000 1.000000
241.974000 34.019100 -9.878 5.862 0.185 0.224 0.001381 20000 1.000000
239.475000 35.900000 0.75 7.819 0.173 0.216 0.021528 20000 1.000000
241.807000 34.875100 -5.777 3.549 0.173 0.212 0.064692 20000 1.000000
240.816000 34.541500 -10.761 6.732 0.187 0.225 0.122290 20000 1.000000
244.877000 40.617200 -4.017 -1.232 0.163 0.219 0.057916 20000 1.000000
238.442000 37.666500 -5.358 1.387 0.163 0.207 0.027717 20000 1.000000
241.245000 34.459800 -9.517 7.731 0.183 0.232 0.057896 20000 1.000000
242.138000 34.205600 -9.569 5.969 0.222 0.224 -0.042336 20000 1.000000
239.775000 40.591700 -5.599 -1.036 0.167 0.223 0.037737 20000 1.000000
240.984000 41.868400 -4.29 -0.989 0.171 0.228 0.113352 20000 1.000000
243.701000 35.971300 -2.673 -1.21 0.173 0.208 0.011710 20000 1.000000
241.521000 34.438600 -8.396 4.217 0.193 0.237 0.026764 20000 1.000000
240.116000 39.314300 -7.738 0.009 0.162 0.213 0.021990 20000 1.000000
244.022000 33.292200 -5.64 3.003 0.171 0.203 0.066359 20000 1.000000
240.476000 33.247900 -13.922 6.303 0.201 0.251 0.029205 20000 1.000000
240.936000 34.319900 -10.762 8.118 0.163 0.199 0.049521 20000 1.000000
241.354000 34.059300 -11.068 9.732 0.169 0.204 0.017985 20000 1.000000
242.151000 33.992700 -10.11 5.439 0.181 0.216 0.046243 20000 1.000000
239.935000 34.004300 -11.902 9.856 0.17 0.204 0.039548 20000 1.000000
239.640000 35.917400 -2.543 6.51 0.192 0.24 0.109405 20000 1.000000
241.585000 35.158200 -6.422 2.788 0.162 0.201 0.048109 20000 1.000000
243.923000 33.650600 -5.412 1.751 0.171 0.208 0.082374 20000 1.000000
239.867000 34.483500 -11.426 10.11 0.171 0.213 0.029581 20000 1.000000
243.839000 33.641200 -4.475 1.559 0.178 0.213 0.058332 20000 1.000000
242.951000 39.542200 -3.686 -0.985 0.171 0.215 0.139733 20000 1.000000
242.816000 38.097200 -3.718 -2.067 0.161 0.206 0.042868 20000 1.000000
241.669000 33.797800 -10.571 7.948 0.172 0.207 0.039922 20000 1.000000
241.163000 34.248000 -11.458 6.904 0.171 0.206 0.108055 20000 1.000000
235.849000 41.053900 -0.305 2.463 0.166 0.215 0.003948 20000 1.000000
241.558000 34.069100 -7.844 6.325 0.186 0.215 0.094921 20000 1.000000
240.156000 34.413300 -8.507 8.554 0.19 0.215 -0.054672 20000 1.000000
241.198000 39.627100 -4.787 -0.197 0.168 0.217 0.062067 20000 1.000000
241.715000 34.024000 -10.561 8.054 0.242 0.29 0.196380 20000 1.000000
243.915000 33.030100 -9.443 5.857 0.166 0.2 0.058203 20000 1.000000
240.516000 34.851500 -11.394 5.714 0.178 0.216 0.052929 20000 1.000000
238.053000 38.394500 -7.184 3.51 0.169 0.219 -0.021002 20000 1.000000
241.780000 34.178600 -10.272 6.352 0.219 0.234 0.154286 20000 1.000000
241.486000 34.126400 -10.801 7.371 0.164 0.2 0.068793 20000 1.000000
241.516000 34.293200 -10.841 7.105 0.17 0.203 0.054627 20000 1.000000
239.384000 34.556300 -10.954 10.253 0.162 0.2 0.043479 20000 1.000000
241.879000 34.501500 -7.677 4.094 0.178 0.213 0.049708 20000 1.000000
241.706000 33.712600 -12.137 8.163 0.168 0.205 0.041662 20000 1.000000
242.807000 33.225000 -11.046 6.948 0.164 0.198 0.073616 20000 1.000000
241.346000 37.664300 -4.533 -1.119 0.176 0.224 0.068911 20000 1.000000
241.016000 35.010800 -6.979 2.475 0.187 0.228 0.025682 20000 1.000000
243.608000 33.934800 -4.52 2.461 0.203 0.242 0.015769 20000 1.000000
241.258000 34.568500 -10.899 5.527 0.179 0.218 0.185413 20000 1.000000
241.586000 34.259400 -10.197 6.342 0.193 0.237 0.029115 20000 1.000000
243.068000 34.669000 -4.903 1.506 0.183 0.22 -0.061053 20000 1.000000
241.572000 33.958200 -10.319 5.259 0.229 0.25 -0.268408 20000 1.000000
243.346000 33.955300 -6.38 2.635 0.171 0.205 0.029952 20000 1.000000
243.111000 35.425200 -3.735 4.218 0.179 0.219 0.031741 20000 1.000000
243.920000 35.287000 -3.581 -2.779 0.167 0.207 0.057806 20000 1.000000
