242.907000 34.116400 -6.985 -3.388 0.236 0.26 -0.050155 20000 1.000000
243.571000 34.594300 -4.141 -7.54 0.169 0.204 0.035688 20000 1.000000
241.305000 34.824500 -7.674 0.101 0.176 0.211 0.054120 20000 1.000000
242.103000 34.126000 -10.603 3.864 0.252 0.28 0.004934 20000 1.000000
242.795000 40.412800 -3.753 -4.375 0.168 0.218 0.023646 20000 1.000000
240.970000 33.480500 -15.799 6.472 0.194 0.221 -0.002338 20000 1.000000
243.116000 34.264300 -5.193 -3.305 0.197 0.233 0.092303 20000 1.000000
240.594000 34.920500 -10.717 1.266 0.217 0.26 0.040670 20000 1.000000
244.002000 34.000500 -2.978 -12.87 0.172 0.204 0.031769 20000 1.000000
242.935000 33.578200 -13.367 1.057 0.172 0.202 0.042797 20000 1.000000
243.920000 35.287000 -2.791 -7.852 0.193 0.235 0.035823 20000 1.000000
245.285000 33.610400 -1.316 -11.712 0.172 0.201 0.053200 20000 1.000000
243.947000 34.251400 -2.72 -11.02 0.173 0.205 0.036312 20000 1.000000
241.723000 34.184900 -12.58 3.195 0.222 0.252 0.029117 20000 1.000000
242.988000 34.918600 -4.791 -4.096 0.174 0.21 0.040963 20000 1.000000
241.812000 34.292800 -13.557 3.407 0.252 0.259 -0.292451 20000 1.000000
243.128000 36.917600 -2.908 -4.664 0.22 0.258 0.036590 20000 1.000000
242.156000 42.779500 -3.866 -4.072 0.171 0.231 0.042676 20000 1.000000
240.653000 35.157300 -8.581 -0.19 0.174 0.213 0.059400 20000 1.000000
235.437000 42.836100 -1.181 -0.843 0.172 0.23 0.024770 20000 1.000000
244.010000 33.655100 -4.278 -14.977 0.177 0.208 0.069800 20000 1.000000
239.566000 35.939400 -6.782 1.134 0.259 0.302 -0.007306 20000 1.000000
239.569000 35.888400 -10.684 4.831 0.194 0.229 0.020667 20000 1.000000
241.666000 33.311600 -16.165 4.498 0.168 0.2 0.051491 20000 1.000000
241.517000 33.445800 -16.074 5.279 0.172 0.207 0.018704 20000 1.000000
241.370000 34.138600 -13.449 4.669 0.196 0.229 0.118203 20000 1.000000
242.329000 35.565300 -5.037 -2.834 0.177 0.215 0.038529 20000 1.000000
241.789000 33.876300 -12.462 4.366 0.186 0.22 0.101227 20000 1.000000
240.987000 34.806400 -9.997 0.849 0.185 0.241 -0.056572 20000 1.000000
243.664000 34.829500 -3.111 -8.735 0.185 0.215 0.026828 20000 1.000000
242.035000 34.244000 -10.437 2.898 0.203 0.255 -0.098769 20000 1.000000
237.881000 37.724100 -7.029 -0.514 0.193 0.24 0.030993 20000 1.000000
242.172000 34.640500 2.547 -5.693 0.245 0.259 -0.164115 20000 1.000000
241.063000 34.109600 -14.446 4.993 0.188 0.231 0.063410 20000 1.000000
241.873000 34.136700 -11.596 2.24 0.169 0.199 0.063886 20000 1.000000
242.521000 34.313800 -8.602 -1.205 0.199 0.227 0.160572 20000 1.000000
242.291000 34.109900 -11.05 1.269 0.189 0.22 0.015979 20000 1.000000
245.126000 40.558400 -3.987 -5.362 0.183 0.222 0.079108 20000 1.000000
240.120000 34.414900 -13.808 5.392 0.174 0.21 -0.000901 20000 1.000000
242.427000 35.071700 -4.833 -2.833 0.177 0.21 0.083772 20000 1.000000
239.249000 35.791600 -11.806 6.142 0.177 0.215 0.010602 20000 1.000000
242.900000 34.039100 -8.399 -3.383 0.175 0.204 0.079918 20000 1.000000
244.265000 33.069800 -0.296 -45.286 0.181 0.211 0.041494 20000 1.000000
240.961000 34.168400 -13.945 5.33 0.169 0.204 0.042484 20000 1.000000
241.743000 33.861500 -14.276 4.209 0.175 0.21 0.053654 20000 1.000000
241.476000 34.253600 -12.782 3.859 0.177 0.211 0.090715 20000 1.000000
240.629000 34.408100 -13.564 3.964 0.19 0.233 0.007045 20000 1.000000
241.387000 34.516500 -10.885 2.174 0.175 0.207 0.027341 20000 1.000000
243.630000 34.124100 -4.049 -8.29 0.185 0.216 0.008032 20000 1.000000
242.098000 34.082000 -10.004 0.903 0.185 0.221 -0.005470 20000 1.000000
244.212000 33.389800 -3.437 -23.138 0.18 0.209 0.055561 20000 1.000000
242.140000 34.413400 -9.227 0.587 0.182 0.231 0.044129 20000 1.000000
241.874000 33.938000 -12.787 5.6 0.27 0.351 0.050754 20000 1.000000
242.588000 33.647700 -13.24 2.534 0.169 0.202 0.037137 20000 1.000000
241.170000 34.946200 -8.454 -2.275 0.178 0.217 0.039539 20000 1.000000
245.061000 39.345200 -3.275 -5.349 0.178 0.223 0.029859 20000 1.000000
244.183000 40.914700 -3.961 -4.841 0.167 0.217 0.049108 20000 1.000000
242.474000 34.104200 -11.267 1.623 0.192 0.23 0.045697 20000 1.000000
239.991000 34.733000 -14.273 4.42 0.171 0.206 0.061909 20000 1.000000
241.116000 34.356300 -13.857 3.538 0.169 0.203 0.038796 20000 1.000000
246.195000 39.369400 -3.326 -5.187 0.175 0.219 0.032243 20000 1.000000
241.641000 34.080600 -13.701 1.456 0.229 0.271 0.016088 20000 1.000000
241.107000 34.800200 -9.452 1.069 0.19 0.224 0.078340 20000 1.000000
240.644000 40.416500 -4.635 -4.393 0.17 0.223 0.003532 20000 1.000000
240.136000 35.189400 -11.542 1.191 0.206 0.255 0.033713 20000 1.000000
244.479000 33.274800 -1.72 -33.392 0.181 0.209 0.042135 20000 1.000000
245.173000 33.051100 9.05 -16.398 0.202 0.228 -0.036157 20000 1.000000
244.340000 34.784000 -3.439 -9.077 0.197 0.236 0.013581 20000 1.000000
245.810000 34.308600 -2.808 -8.424 0.196 0.224 0.043956 20000 1.000000
243.111000 35.425200 -3.424 -6.6 0.177 0.211 0.050418 20000 1.000000
245.820000 40.640200 -4.08 -5.248 0.17 0.219 0.042684 20000 1.000000
239.584000 36.399000 -5.48 -0.871 0.204 0.243 0.016012 20000 1.000000
241.887000 34.047400 -12.83 2.548 0.175 0.209 0.066704 20000 1.000000
239.318000 34.469400 -14.315 6.705 0.168 0.202 0.064394 20000 1.000000
241.714000 33.783600 -13.185 4.281 0.22 0.264 0.012412 20000 1.000000
243.570000 34.754800 -3.702 -7.897 0.173 0.206 0.061871 20000 1.000000
238.530000 40.815900 -4.201 -2.174 0.167 0.22 0.035341 20000 1.000000
244.365000 33.705000 -2.417 -19.365 0.191 0.227 0.007945 20000 1.000000
239.520000 35.866700 -11.158 5.241 0.187 0.229 0.064708 20000 1.000000
242.155000 34.458200 -8.486 0.621 0.176 0.211 0.044562 20000 1.000000
239.598000 35.880800 -7.906 1.181 0.181 0.219 0.119862 20000 1.000000
240.812000 34.441200 -12.575 1.673 0.178 0.217 0.039026 20000 1.000000
244.089000 34.727300 -3.148 -10.02 0.176 0.21 0.050416 20000 1.000000
244.855000 34.157600 -2.427 -12.462 0.175 0.209 0.072176 20000 1.000000
241.526000 35.662300 -5.795 -2.277 0.189 0.23 -0.009910 20000 1.000000
243.901000 36.458800 -3.136 -6.416 0.218 0.261 0.143009 20000 1.000000
240.992000 34.398500 -12.25 3.29 0.179 0.215 0.043874 20000 1.000000
242.165000 34.485500 -7.97 -0.281 0.175 0.21 0.047789 20000 1.000000
243.060000 35.090200 -3.462 -4.29 0.174 0.207 0.042475 20000 1.000000
242.246000 34.133300 -11.341 0.663 0.174 0.207 0.061318 20000 1.000000
239.406000 35.828700 -11.806 6.052 0.172 0.212 0.053104 20000 1.000000
242.454000 34.314900 -7.476 -0.987 0.196 0.23 0.126467 20000 1.000000
240.896000 34.733600 -11.313 1.057 0.229 0.283 0.032538 20000 1.000000
239.557000 35.832600 -10.946 4.388 0.169 0.208 0.028072 20000 1.000000
242.563000 33.856800 -12.068 1.504 0.171 0.204 0.024074 20000 1.000000
238.778000 42.418300 -3.737 -2.03 0.23 0.307 -0.033370 20000 1.000000
239.241000 36.186900 -6.226 -2.38 0.175 0.212 0.084090 20000 1.000000
244.021000 36.632500 -3.586 -5.98 0.187 0.227 0.099193 20000 1.000000
239.649000 34.038300 -13.962 7.267 0.173 0.209 -0.012828 20000 1.000000
243.904000 40.148400 -3.695 -4.485 0.176 0.225 -0.028944 20000 1.000000
242.682000 33.918400 -11.755 1.413 0.174 0.204 0.054439 20000 1.000000
239.566000 35.969500 -6.486 0.77 0.176 0.211 -0.006126 20000 1.000000
244.588000 40.710700 -4.378 -4.318 0.173 0.233 0.028250 20000 1.000000
241.122000 34.295500 -13.73 5.117 0.188 0.223 0.002667 20000 1.000000
242.118000 34.175200 -12.136 1.365 0.235 0.257 -0.258942 20000 1.000000
243.352000 34.038500 -6.649 -4.728 0.191 0.226 0.177673 20000 1.000000
242.790000 34.230800 -6.834 -3.176 0.222 0.234 0.184931 20000 1.000000
241.755000 34.055200 -13.095 2.725 0.357 0.379 0.108115 20000 1.000000
245.381000 34.767700 -3.522 -9.208 0.185 0.219 0.042887 20000 1.000000
242.491000 39.685600 -3.266 -5.099 0.175 0.223 0.018288 20000 1.000000
240.859000 34.498700 -12.094 3.592 0.168 0.204 0.028309 20000 1.000000
243.932000 34.141000 -2.995 -11.172 0.173 0.205 0.062795 20000 1.000000
244.082000 34.369900 -1.38 -10.97 0.174 0.209 0.002619 20000 1.000000
243.695000 34.427700 -3.145 -8.306 0.177 0.213 -0.006439 20000 1.000000
243.708000 34.533000 -3.438 -9.178 0.179 0.211 0.027897 20000 1.000000
243.185000 34.674900 -4.542 -4.803 0.17 0.204 0.050223 20000 1.000000
241.793000 34.128800 -12.715 2.507 0.175 0.209 0.039045 20000 1.000000
240.647000 34.683400 -12.41 2.863 0.192 0.233 0.014429 20000 1.000000
242.814000 39.521100 -3.671 -4.567 0.171 0.217 0.035632 20000 1.000000
245.995000 32.722500 15.929 -3.846 0.179 0.206 0.071048 20000 1.000000
244.721000 39.910200 -4.36 -5.23 0.189 0.228 0.033944 20000 1.000000
245.543000 36.154200 -2.928 -6.529 0.175 0.209 0.047475 20000 1.000000
245.180000 41.724200 -4.145 -5.041 0.168 0.219 0.020182 20000 1.000000
242.670000 41.428700 -3.601 -4.128 0.168 0.22 0.047207 20000 1.000000
242.935000 42.981700 -3.445 -4.259 0.165 0.222 0.025085 20000 1.000000
235.925000 40.876300 -2.898 0.533 0.215 0.263 0.045441 20000 1.000000
236.274000 38.928300 -12.283 6.023 0.163 0.209 0.038080 20000 1.000000
237.585000 40.997600 -6.052 -2.412 0.193 0.262 -0.072913 20000 1.000000
235.986000 42.967400 -2.377 -1.272 0.169 0.234 0.052189 20000 1.000000
243.830000 32.616500 -92.52 1.092 0.172 0.2 0.046926 20000 1.000000
238.997000 35.551800 -12.753 7.636 0.17 0.209 0.041762 20000 1.000000
242.015000 39.305600 -3.723 -4.659 0.174 0.225 -0.006862 20000 1.000000
242.395000 39.287900 -2.736 -5.015 0.173 0.218 0.032909 20000 1.000000
243.576000 39.500500 -4.208 -4.95 0.168 0.221 0.063811 20000 1.000000
243.950000 39.546400 -3.906 -4.667 0.173 0.216 0.068070 20000 1.000000
244.111000 39.374200 -3.417 -5.655 0.169 0.215 0.051879 20000 1.000000
244.568000 39.388600 -5.176 -5.778 0.165 0.211 0.042883 20000 1.000000
242.120000 40.433400 -3.61 -4.928 0.199 0.255 0.065004 20000 1.000000
245.308000 39.255200 -4.002 -4.804 0.175 0.217 0.091597 20000 1.000000
245.723000 39.119400 -3.609 -4.87 0.174 0.222 0.038502 20000 1.000000
246.129000 39.067300 -3.789 -4.881 0.171 0.217 0.028685 20000 1.000000
246.495000 39.268900 -3.829 -5.372 0.169 0.218 0.048604 20000 1.000000
242.532000 40.320600 -3.201 -5.378 0.175 0.224 -0.015090 20000 1.000000
246.946000 40.494000 -3.755 -4.902 0.168 0.217 0.060106 20000 1.000000
243.264000 40.495500 -3.646 -4.481 0.177 0.225 0.003123 20000 1.000000
243.721000 40.363200 -3.526 -4.548 0.168 0.219 0.046760 20000 1.000000
240.200000 39.572800 -3.911 -4.168 0.167 0.216 0.049722 20000 1.000000
242.469000 36.614300 -2.616 -5.372 0.168 0.207 0.042404 20000 1.000000
242.593000 36.804200 -3.339 -3.654 0.167 0.207 0.033920 20000 1.000000
242.006000 36.606000 -5.548 -3.888 0.18 0.216 0.130250 20000 1.000000
242.296000 37.200800 -4.568 -5.279 0.17 0.212 0.047232 20000 1.000000
240.463000 39.698400 -4.242 -2.888 0.176 0.225 0.043606 20000 1.000000
240.694000 39.795600 -5.001 -2.876 0.189 0.244 0.092871 20000 1.000000
241.126000 39.838800 -4.264 -3.134 0.179 0.225 -0.006737 20000 1.000000
241.316000 39.888900 -4.232 -4.172 0.172 0.222 0.031741 20000 1.000000
241.841000 39.212300 -3.686 -3.803 0.165 0.213 0.032604 20000 1.000000
246.706000 41.856800 -3.686 -5.307 0.177 0.232 0.077264 20000 1.000000
246.958000 39.345100 -4.114 -4.922 0.173 0.217 0.045574 20000 1.000000
246.988000 41.817300 -5.179 -4.998 0.17 0.221 0.037355 20000 1.000000
246.722000 40.671300 -4.144 -4.735 0.173 0.222 0.031250 20000 1.000000
240.400000 39.499200 -5.05 -3.521 0.185 0.227 0.076058 20000 1.000000
240.931000 39.486100 -3.777 -4.11 0.172 0.219 0.034728 20000 1.000000
241.550000 39.133900 -3.611 -3.81 0.17 0.217 0.040438 20000 1.000000
241.062000 39.268000 -3.837 -3.31 0.186 0.236 0.003340 20000 1.000000
241.649000 39.454700 -4.428 -4.083 0.172 0.22 0.077064 20000 1.000000
241.995000 38.728800 -3.932 -4.267 0.171 0.216 0.035530 20000 1.000000
241.540000 38.724600 -3.898 -3.383 0.17 0.217 0.025208 20000 1.000000
241.070000 38.980900 -4.262 -2.989 0.166 0.217 0.031573 20000 1.000000
240.985000 38.704600 -3.907 -2.87 0.171 0.22 0.004246 20000 1.000000
240.541000 38.761400 -5.06 -2.829 0.179 0.223 -0.040755 20000 1.000000
240.523000 40.779800 -3.783 -3.598 0.183 0.231 0.105613 20000 1.000000
240.990000 40.242200 -3.943 -3.2 0.19 0.227 -0.022284 20000 1.000000
240.278000 39.908200 -3.363 -2.776 0.171 0.221 0.081638 20000 1.000000
239.307000 38.829200 -6.158 -2.305 0.194 0.226 0.142896 20000 1.000000
240.189000 39.123500 -3.832 -1.961 0.174 0.223 -0.028269 20000 1.000000
239.107000 39.466700 -6.835 -3.664 0.182 0.226 0.131478 20000 1.000000
240.376000 41.357700 -4.221 -3.438 0.169 0.223 0.030432 20000 1.000000
239.716000 39.937400 -4.958 -3.539 0.164 0.212 0.034749 20000 1.000000
239.194000 40.418600 -4.239 -1.573 0.174 0.219 0.019513 20000 1.000000
239.923000 40.288900 -4.591 -3.219 0.171 0.221 0.058237 20000 1.000000
235.692000 40.247500 -9.226 5.198 0.164 0.215 0.027331 20000 1.000000
235.867000 40.551300 -4.964 2.278 0.165 0.217 0.018314 20000 1.000000
235.787000 40.637400 -3.777 1.653 0.184 0.238 -0.019578 20000 1.000000
235.943000 40.219600 -7.734 4.3 0.169 0.221 0.039944 20000 1.000000
236.307000 40.119300 -7.262 1.892 0.178 0.239 0.066037 20000 1.000000
238.207000 36.485500 -12.498 7.482 0.164 0.205 0.032345 20000 1.000000
238.710000 35.945700 -10.524 5.585 0.173 0.212 0.079530 20000 1.000000
238.949000 36.302100 -12.687 5.292 0.168 0.209 0.027217 20000 1.000000
238.865000 36.425900 -12.154 5.888 0.171 0.211 0.055380 20000 1.000000
237.668000 37.534500 -9.534 4.254 0.192 0.22 -0.046404 20000 1.000000
237.623000 37.914500 -9.65 3.512 0.173 0.219 0.024892 20000 1.000000
236.819000 38.495000 -11.058 5.609 0.17 0.218 -0.028570 20000 1.000000
236.291000 39.117200 -11.52 4.912 0.183 0.233 0.032731 20000 1.000000
236.652000 38.987400 -10.437 4.326 0.176 0.221 0.110763 20000 1.000000
236.796000 39.242000 -9.239 1.15 0.168 0.218 0.030735 20000 1.000000
236.368000 42.275400 -2.404 -0.761 0.176 0.233 0.024193 20000 1.000000
236.895000 39.319700 -7.786 0.096 0.174 0.224 0.043539 20000 1.000000
237.041000 38.664700 -8.26 3.76 0.185 0.253 0.055997 20000 1.000000
237.233000 38.428600 -8.903 3.424 0.168 0.216 0.047906 20000 1.000000
237.548000 38.239800 -7.883 1.281 0.169 0.215 0.036838 20000 1.000000
237.083000 38.866100 -7.793 0.007 0.164 0.21 0.027359 20000 1.000000
237.037000 39.398100 -7.96 2.391 0.192 0.238 -0.002622 20000 1.000000
237.424000 38.777800 -6.484 0.78 0.179 0.237 0.006326 20000 1.000000
237.281000 39.260000 -8.281 -4.594 0.168 0.216 0.047379 20000 1.000000
237.696000 39.109300 -5.6 -2.101 0.174 0.221 0.029588 20000 1.000000
237.873000 37.069200 -11.973 5.594 0.195 0.239 0.178877 20000 1.000000
238.137000 36.962000 -12.021 5.632 0.189 0.224 -0.011684 20000 1.000000
238.009000 37.201700 -9.667 4.726 0.194 0.236 -0.028954 20000 1.000000
238.203000 37.001000 -11.344 5.723 0.261 0.282 0.150079 20000 1.000000
238.274000 37.002400 -10.679 4.542 0.178 0.232 0.054567 20000 1.000000
238.349000 37.104500 -10.171 1.74 0.194 0.228 -0.026013 20000 1.000000
238.286000 37.203500 -11.329 1.103 0.172 0.214 0.064109 20000 1.000000
237.786000 37.329900 -11.381 5.137 0.166 0.209 0.042638 20000 1.000000
237.901000 37.336900 -10.141 5.039 0.17 0.223 0.015933 20000 1.000000
237.900000 37.722000 -7.011 1.642 0.231 0.275 -0.045349 20000 1.000000
237.781000 37.863900 -7.958 -0.183 0.168 0.214 0.001851 20000 1.000000
237.942000 37.713900 -8.086 1.198 0.176 0.22 -0.004070 20000 1.000000
238.174000 37.336800 -9.333 3.048 0.274 0.331 0.069268 20000 1.000000
238.210000 37.533000 -7.192 -0.956 0.168 0.212 0.035855 20000 1.000000
238.313000 37.601800 -6.564 -0.848 0.173 0.216 0.071326 20000 1.000000
238.022000 37.749400 -7.149 0.156 0.168 0.212 0.018994 20000 1.000000
238.214000 37.819000 -7.137 -3.441 0.172 0.215 0.023977 20000 1.000000
238.095000 36.621700 -14.105 9.068 0.171 0.214 0.019422 20000 1.000000
238.421000 36.724000 -12.839 5.758 0.168 0.21 0.022974 20000 1.000000
238.580000 36.800400 -8.932 3.568 0.167 0.208 0.024139 20000 1.000000
238.409000 36.858500 -12.741 5.745 0.169 0.211 0.019791 20000 1.000000
238.459000 36.814300 -13.73 7.341 0.169 0.209 0.041339 20000 1.000000
238.445000 36.903500 -10.135 3.069 0.169 0.21 0.014557 20000 1.000000
238.613000 36.637000 -12.824 6.126 0.178 0.22 -0.015046 20000 1.000000
238.458000 37.007800 -9.51 1.682 0.167 0.21 0.031745 20000 1.000000
238.426000 37.213000 -7.633 -1.342 0.167 0.209 0.033104 20000 1.000000
238.665000 36.918200 -6.981 -1.92 0.166 0.207 0.035582 20000 1.000000
238.645000 37.010800 -7.229 -1.942 0.176 0.221 0.000362 20000 1.000000
240.294000 37.713100 -6.208 -5.105 0.176 0.221 0.014759 20000 1.000000
238.812000 36.559500 -10.513 7.184 0.166 0.207 0.024888 20000 1.000000
238.131000 37.975600 -5.632 -1.947 0.168 0.212 0.043126 20000 1.000000
238.936000 36.611600 -6.978 -0.522 0.165 0.206 0.027946 20000 1.000000
238.732000 36.950000 -6.784 -2.065 0.174 0.215 0.059798 20000 1.000000
238.652000 36.811400 -7.286 -0.517 0.168 0.21 0.027521 20000 1.000000
238.942000 37.169600 -5.996 -2.3 0.172 0.214 0.043843 20000 1.000000
238.347000 37.478400 -7.007 -1.297 0.179 0.227 0.014255 20000 1.000000
238.531000 37.489600 -5.983 -1.711 0.166 0.21 0.020874 20000 1.000000
238.675000 37.581900 -5.815 -0.717 0.169 0.214 0.025417 20000 1.000000
238.395000 37.932000 -7.627 -1.684 0.167 0.212 0.035173 20000 1.000000
238.536000 37.755300 -5.339 -2.25 0.169 0.213 0.027815 20000 1.000000
238.717000 37.385400 -5.568 -1.279 0.174 0.223 0.036806 20000 1.000000
237.782000 38.153000 -8.059 1.311 0.166 0.212 0.016183 20000 1.000000
237.904000 38.025100 -6.967 0.688 0.171 0.218 -0.017743 20000 1.000000
237.805000 38.444200 -6.405 -1.477 0.176 0.233 0.040466 20000 1.000000
237.645000 38.999500 -4.797 -2.009 0.203 0.23 0.121719 20000 1.000000
238.905000 38.645300 -6.185 -1.514 0.167 0.213 0.026448 20000 1.000000
239.652000 35.544100 -11.636 6.024 0.172 0.21 0.032245 20000 1.000000
239.611000 35.841100 -8.91 4.319 0.173 0.212 0.011602 20000 1.000000
239.655000 35.837800 -7.387 1.524 0.173 0.214 0.025964 20000 1.000000
239.715000 35.806700 -8.015 2.306 0.175 0.215 0.020666 20000 1.000000
239.093000 35.933300 -13.904 4.423 0.167 0.207 0.029966 20000 1.000000
239.019000 36.417200 -6.027 -0.619 0.169 0.212 0.040141 20000 1.000000
239.147000 36.515900 -5.504 -0.516 0.173 0.216 0.027726 20000 1.000000
239.302000 36.024800 -12.087 5.698 0.169 0.212 0.024502 20000 1.000000
239.121000 36.140200 -13.186 6.352 0.168 0.207 0.029788 20000 1.000000
239.251000 36.106800 -11.725 5.893 0.166 0.205 0.035609 20000 1.000000
239.272000 36.178900 -6.434 -1.782 0.165 0.204 0.035517 20000 1.000000
239.355000 35.922800 -11.215 5.62 0.168 0.208 0.013604 20000 1.000000
239.525000 36.007500 -3.522 -1.924 0.183 0.217 0.051295 20000 1.000000
239.457000 36.089400 -6.562 0.042 0.168 0.208 0.024546 20000 1.000000
239.560000 36.123200 -5.085 -0.612 0.167 0.207 0.030866 20000 1.000000
239.158000 35.697100 -12.639 6.033 0.172 0.208 0.072460 20000 1.000000
239.637000 36.051700 -5.562 0.652 0.169 0.206 0.031241 20000 1.000000
239.448000 35.974100 -11.138 5.456 0.184 0.217 -0.015938 20000 1.000000
239.706000 36.015800 -5.386 0.513 0.168 0.208 0.017264 20000 1.000000
239.723000 36.304400 -5.837 -0.613 0.17 0.21 0.036810 20000 1.000000
239.257000 36.806300 -4.819 -2.353 0.169 0.212 0.022946 20000 1.000000
239.803000 37.352200 -6.43 -1.705 0.177 0.223 0.033455 20000 1.000000
239.356000 37.795200 -5.964 -1.952 0.179 0.219 0.051838 20000 1.000000
240.160000 37.901100 -4.562 -1.402 0.189 0.225 -0.067903 20000 1.000000
239.049000 38.090000 -5.809 -1.928 0.171 0.216 0.030476 20000 1.000000
239.666000 38.735600 -6.126 -1.375 0.184 0.228 0.051977 20000 1.000000
241.480000 37.177600 -3.093 -1.406 0.167 0.209 0.031815 20000 1.000000
236.283000 39.863600 -11.03 1.284 0.208 0.265 -0.038727 20000 1.000000
236.448000 39.905700 -8.91 0.032 0.187 0.25 0.016401 20000 1.000000
236.628000 39.452400 -9.341 0.36 0.166 0.215 0.032912 20000 1.000000
236.705000 39.707100 -8.163 -2.941 0.176 0.226 -0.034705 20000 1.000000
236.813000 39.492800 -8.847 0.521 0.183 0.254 0.045008 20000 1.000000
236.817000 39.962100 -6.587 -3.197 0.168 0.22 -0.023832 20000 1.000000
236.344000 40.256800 -7.334 -0.078 0.167 0.221 0.040925 20000 1.000000
236.117000 41.151700 -3.109 -0.723 0.166 0.22 0.037986 20000 1.000000
236.301000 40.575300 -4.912 -1.769 0.175 0.227 0.089502 20000 1.000000
236.427000 40.478900 -5.985 -0.634 0.21 0.27 0.233594 20000 1.000000
236.548000 40.082200 -7.761 -0.641 0.165 0.216 0.024468 20000 1.000000
236.864000 40.324100 -6.608 -2.807 0.166 0.218 0.024493 20000 1.000000
236.676000 40.732900 -6.118 -1.996 0.165 0.217 0.002503 20000 1.000000
236.826000 40.546700 -5.891 -2.178 0.244 0.3 -0.050199 20000 1.000000
237.024000 39.621400 -8.887 -2.847 0.174 0.22 0.053724 20000 1.000000
237.264000 39.493600 -7.33 -4.684 0.165 0.214 0.016012 20000 1.000000
237.126000 39.726200 -8.32 -2.667 0.213 0.274 0.058245 20000 1.000000
237.077000 40.747600 -4.873 -2.557 0.173 0.226 0.008471 20000 1.000000
237.332000 40.034100 -4.747 -1.643 0.169 0.219 0.020207 20000 1.000000
237.393000 40.650700 -5.311 -0.723 0.175 0.233 -0.012084 20000 1.000000
237.729000 40.271200 -5.582 -2.787 0.175 0.228 -0.017375 20000 1.000000
239.132000 39.794700 -9.681 -1.567 0.263 0.345 0.010324 20000 1.000000
239.052000 41.183300 -4.728 -2.987 0.169 0.225 0.019603 20000 1.000000
237.681000 40.731100 -4.971 -2.414 0.197 0.24 0.040885 20000 1.000000
235.774000 42.209100 -4.131 -0.939 0.168 0.22 0.014441 20000 1.000000
235.946000 42.860100 -1.622 -0.925 0.188 0.246 0.094189 20000 1.000000
236.617000 42.503500 -2.191 -1.216 0.168 0.225 0.038210 20000 1.000000
237.344000 42.191000 -1.674 -1.265 0.17 0.229 0.001375 20000 1.000000
238.220000 42.259700 -2.073 -2.311 0.167 0.22 0.025444 20000 1.000000
239.622000 42.468800 -2.955 -1.766 0.169 0.229 0.002314 20000 1.000000
241.588000 42.254600 -4.476 -4.05 0.165 0.22 0.030887 20000 1.000000
243.371000 36.071300 -2.71 -5.978 0.182 0.223 0.101865 20000 1.000000
242.835000 36.022500 -4.632 -5.647 0.179 0.212 0.034436 20000 1.000000
242.590000 36.159000 -3.643 -4.606 0.182 0.222 0.078277 20000 1.000000
241.868000 36.466800 0.589 -5.707 0.211 0.259 -0.164477 20000 1.000000
242.211000 36.531200 -4.013 -3.593 0.2 0.241 -0.006846 20000 1.000000
241.909000 36.570200 -3.416 -2.95 0.193 0.221 -0.023352 20000 1.000000
241.882000 36.975700 -4.333 -3.423 0.167 0.208 0.033752 20000 1.000000
242.064000 37.231400 -3.559 -4.013 0.173 0.213 0.077403 20000 1.000000
242.606000 34.462400 -7.096 -1.572 0.182 0.212 0.024747 20000 1.000000
242.459000 33.562100 -14.21 3.841 0.171 0.204 0.061424 20000 1.000000
242.895000 32.889200 -24.275 4.358 0.172 0.201 0.026229 20000 1.000000
243.050000 32.733800 -29.944 4.14 0.168 0.198 0.039842 20000 1.000000
242.756000 32.666400 -25.427 4.779 0.198 0.222 0.113768 20000 1.000000
242.810000 33.439600 -14.954 2.767 0.17 0.202 0.049398 20000 1.000000
242.928000 33.235700 -18.516 3.291 0.179 0.205 0.087022 20000 1.000000
243.217000 33.493300 -12.946 -0.884 0.171 0.202 0.040386 20000 1.000000
243.989000 32.822200 -21.173 -24.028 0.204 0.229 0.000928 20000 1.000000
243.329000 33.240200 -17.128 0.076 0.18 0.21 0.035914 20000 1.000000
243.431000 33.059200 -22.725 1.028 0.169 0.199 0.039307 20000 1.000000
243.379000 33.375600 -14.55 -2.967 0.175 0.205 0.082761 20000 1.000000
243.591000 33.210200 -14.614 -2.679 0.187 0.22 0.040374 20000 1.000000
243.817000 33.213500 -9.454 -13.248 0.173 0.204 0.036070 20000 1.000000
243.921000 33.201000 -7.97 -17.948 0.173 0.204 0.042149 20000 1.000000
243.888000 33.296200 -5.593 -15.578 0.178 0.209 -0.025706 20000 1.000000
243.574000 33.523500 -7.682 -9.381 0.181 0.207 0.105040 20000 1.000000
243.773000 33.574700 -6.441 -11.754 0.178 0.217 0.060700 20000 1.000000
244.031000 32.887000 -14.346 -37.638 0.176 0.206 0.031893 20000 1.000000
244.175000 32.954700 -4.354 -56.819 0.174 0.203 0.034460 20000 1.000000
244.268000 32.759700 51.65 -211.552 0.184 0.215 0.061996 20000 1.000000
244.404000 32.750600 27.621 -199.153 0.182 0.207 0.026630 20000 1.000000
244.423000 32.834700 10.474 -112.489 0.178 0.208 0.038646 20000 1.000000
244.430000 32.898400 4.591 -82.027 0.183 0.211 0.068074 20000 1.000000
244.700000 32.690000 68.449 -75.994 0.173 0.202 0.045696 20000 1.000000
244.602000 32.875800 18.228 -67.543 0.179 0.209 0.053999 20000 1.000000
244.578000 32.982500 9.207 -56.705 0.18 0.213 0.073243 20000 1.000000
244.280000 32.948900 6.231 -74.906 0.178 0.207 0.037852 20000 1.000000
244.234000 33.516400 -2.431 -21.516 0.18 0.211 0.099080 20000 1.000000
244.313000 33.423900 -1.757 -25.125 0.182 0.212 0.076916 20000 1.000000
244.571000 33.247800 -0.959 -33.741 0.178 0.208 0.034072 20000 1.000000
244.657000 33.143600 1.391 -36.116 0.182 0.21 -0.014337 20000 1.000000
244.704000 33.886900 -2.718 -16.542 0.181 0.208 0.054235 20000 1.000000
240.305000 37.562600 -4.849 -0.812 0.187 0.22 0.128022 20000 1.000000
239.350000 34.907300 -14.112 6.37 0.166 0.204 0.024126 20000 1.000000
239.590000 35.010700 -13.631 5.543 0.172 0.209 0.038012 20000 1.000000
239.760000 34.870600 -13.313 5.429 0.168 0.204 0.041935 20000 1.000000
239.617000 35.106200 -12.94 5.578 0.18 0.214 0.113516 20000 1.000000
241.822000 34.376400 -9.897 1.449 0.17 0.205 0.041651 20000 1.000000
239.925000 35.020000 -11.384 5.167 0.168 0.205 0.022003 20000 1.000000
240.208000 34.507800 -12.921 5.902 0.175 0.205 0.025945 20000 1.000000
240.384000 34.630500 -12.921 4.13 0.167 0.203 0.026680 20000 1.000000
240.185000 34.888600 -12.299 2.734 0.166 0.203 0.041416 20000 1.000000
240.464000 35.086600 -9.383 1.337 0.167 0.204 0.038421 20000 1.000000
239.192000 35.425800 -13.922 6.654 0.168 0.205 0.018320 20000 1.000000
239.455000 35.327800 -12.425 5.768 0.173 0.213 0.076388 20000 1.000000
239.646000 35.440500 -11.542 5.462 0.169 0.207 0.026023 20000 1.000000
239.520000 35.624800 -10.921 7.094 0.17 0.21 0.042704 20000 1.000000
239.463000 35.792700 -11.217 5.354 0.17 0.21 0.051615 20000 1.000000
239.733000 35.633800 -9.932 4.208 0.172 0.208 0.046479 20000 1.000000
239.629000 35.747900 -9.209 3.623 0.171 0.21 0.034232 20000 1.000000
237.762000 37.061200 -12.362 5.971 0.167 0.21 0.062925 20000 1.000000
239.899000 35.235100 -11.038 5.274 0.191 0.223 0.075533 20000 1.000000
239.975000 35.279800 -11.114 3.959 0.174 0.213 0.005686 20000 1.000000
240.065000 35.316800 -10.513 3.57 0.173 0.213 0.041403 20000 1.000000
239.887000 35.534200 -9.702 2.983 0.178 0.218 0.024140 20000 1.000000
239.818000 35.702700 -8.059 1.437 0.17 0.208 0.029288 20000 1.000000
239.869000 35.801300 -6.479 0.656 0.176 0.21 0.045720 20000 1.000000
239.999000 35.686700 -7.124 -0.112 0.171 0.209 0.004282 20000 1.000000
239.707000 35.688900 -9.805 3.994 0.168 0.206 0.025628 20000 1.000000
240.287000 35.319000 -7.819 1.289 0.183 0.222 0.036275 20000 1.000000
240.091000 35.934700 -6.362 -0.903 0.169 0.208 0.034710 20000 1.000000
240.496000 34.466800 -12.09 2.103 0.167 0.201 0.037126 20000 1.000000
240.674000 34.599600 -12.844 1.338 0.178 0.219 0.111699 20000 1.000000
240.885000 34.660100 -11.53 1.603 0.176 0.211 0.091616 20000 1.000000
240.845000 34.856200 -9.816 3.819 0.247 0.351 -0.047346 20000 1.000000
239.755000 35.686700 -10.155 3.865 0.169 0.207 0.025582 20000 1.000000
241.121000 34.835100 -9.584 0.451 0.169 0.205 0.048558 20000 1.000000
241.152000 34.792300 -9.716 2.62 0.175 0.216 0.042421 20000 1.000000
241.331000 34.695000 -9.831 0.955 0.178 0.215 0.096880 20000 1.000000
241.454000 34.771100 -8.349 1.694 0.171 0.207 0.034841 20000 1.000000
241.344000 34.944400 -6.452 0.412 0.177 0.213 -0.004937 20000 1.000000
241.388000 35.138600 -6.611 -1.071 0.17 0.206 0.018023 20000 1.000000
241.382000 34.838900 -7.376 0.501 0.177 0.213 0.035758 20000 1.000000
241.459000 34.821800 -6.568 -0.126 0.179 0.213 0.045146 20000 1.000000
241.811000 34.982100 -6.023 -0.455 0.17 0.206 0.031233 20000 1.000000
241.876000 35.378000 -7.056 -2.368 0.171 0.206 0.034443 20000 1.000000
241.740000 35.667300 -5.03 -2.248 0.176 0.211 0.046814 20000 1.000000
241.233000 36.231400 -6.168 -3.302 0.177 0.213 0.089412 20000 1.000000
241.045000 36.585500 -7.006 -2.034 0.17 0.212 0.025752 20000 1.000000
241.740000 36.093100 -4.044 -1.701 0.171 0.21 0.025543 20000 1.000000
241.994000 35.038800 -5.116 -1.293 0.171 0.207 0.041618 20000 1.000000
242.271000 34.509700 -7.71 -0.733 0.171 0.206 0.034806 20000 1.000000
242.451000 34.634300 -6.863 -2.211 0.171 0.205 0.043630 20000 1.000000
242.457000 34.987000 -5.011 -2.893 0.172 0.207 0.072533 20000 1.000000
243.048000 33.892600 -8.627 -2.172 0.17 0.202 0.041554 20000 1.000000
243.454000 34.019300 -5.893 -5.375 0.171 0.203 0.036087 20000 1.000000
242.719000 34.534800 -6.826 -2.734 0.2 0.214 -0.063234 20000 1.000000
241.969000 34.332200 -10.408 0.873 0.171 0.206 0.065280 20000 1.000000
242.635000 35.116800 -4.249 -3.32 0.172 0.208 0.029192 20000 1.000000
241.983000 35.152400 -5.311 -1.182 0.173 0.209 0.032731 20000 1.000000
242.697000 35.238500 -4.449 -2.91 0.172 0.207 0.034357 20000 1.000000
242.795000 35.387900 -4.24 -4.434 0.168 0.204 0.046559 20000 1.000000
242.610000 35.896700 -3.317 -4.632 0.186 0.225 0.029593 20000 1.000000
242.597000 35.697600 -3.81 -4.219 0.171 0.207 0.040160 20000 1.000000
243.111000 35.998200 -3.393 -5.408 0.181 0.213 0.032880 20000 1.000000
243.112000 35.710600 -4.317 -5.66 0.246 0.303 0.040293 20000 1.000000
243.290000 34.192500 -4.615 -4.844 0.176 0.207 0.032617 20000 1.000000
243.463000 34.217200 -4.52 -6.204 0.173 0.204 0.050393 20000 1.000000
243.788000 33.865800 -4.561 -11.205 0.17 0.202 0.054199 20000 1.000000
243.920000 33.959300 -2.913 -12.195 0.172 0.204 0.034641 20000 1.000000
239.772000 35.729200 -8.007 1.377 0.173 0.209 0.043460 20000 1.000000
243.971000 34.716900 -3.334 -9.481 0.176 0.208 0.027014 20000 1.000000
243.329000 34.936800 -4.683 -6.676 0.172 0.208 0.045045 20000 1.000000
242.063000 34.341100 -10.608 0.249 0.18 0.219 0.022450 20000 1.000000
243.120000 34.462100 -5.36 -3.576 0.17 0.204 0.042719 20000 1.000000
244.179000 33.741000 -2.684 -16.929 0.176 0.208 0.026724 20000 1.000000
244.236000 34.425700 -2.551 -11.507 0.213 0.227 0.074985 20000 1.000000
244.350000 35.204800 -3.192 -9.011 0.177 0.21 0.011397 20000 1.000000
242.685000 34.187400 -8.581 0.357 0.176 0.212 0.086621 20000 1.000000
242.950000 34.196200 -8.749 -14.035 0.207 0.218 0.098178 20000 1.000000
244.750000 34.731800 -3.169 -10.17 0.211 0.255 0.086080 20000 1.000000
243.237000 35.204600 -3.764 -5.879 0.171 0.207 0.042156 20000 1.000000
242.107000 35.424600 -5.249 -2.655 0.18 0.216 0.022662 20000 1.000000
243.428000 35.320600 -4.261 -6.746 0.17 0.208 0.032175 20000 1.000000
243.896000 35.141900 -3.335 -8.362 0.183 0.211 0.017593 20000 1.000000
243.878000 35.526000 -2.367 -7.623 0.174 0.211 0.024655 20000 1.000000
243.855000 35.785400 -3.9 -7.09 0.171 0.208 0.032486 20000 1.000000
244.456000 35.472800 -3.178 -8.424 0.172 0.21 0.053815 20000 1.000000
244.634000 35.163000 -3.203 -9.305 0.178 0.213 0.010944 20000 1.000000
245.401000 34.188900 -3.275 -9.804 0.177 0.21 0.043799 20000 1.000000
245.035000 34.844400 -3.132 -9.282 0.178 0.21 0.037718 20000 1.000000
244.762000 35.291100 -3.235 -8.119 0.172 0.208 0.040654 20000 1.000000
241.621000 37.973100 -2.463 -2.296 0.17 0.215 -0.000214 20000 1.000000
241.000000 37.613000 -2.981 8.051 0.172 0.212 0.014356 20000 1.000000
241.084000 37.605300 -1.836 3.087 0.176 0.232 0.007804 20000 1.000000
240.914000 37.785700 -2.613 -0.599 0.208 0.239 -0.072431 20000 1.000000
240.967000 37.913500 -5.263 -1.119 0.167 0.211 0.032236 20000 1.000000
240.974000 37.696600 -3.672 -1.415 0.193 0.23 0.133215 20000 1.000000
240.862000 37.839300 -2.018 -1.434 0.184 0.223 0.050743 20000 1.000000
240.853000 37.962800 -3.265 -2.26 0.168 0.21 0.031675 20000 1.000000
240.916000 37.914100 -5.092 -1.569 0.172 0.215 0.026774 20000 1.000000
241.056000 37.734300 -4.906 -1.651 0.169 0.213 0.037642 20000 1.000000
241.131000 37.654600 -3.584 -0.335 0.17 0.215 0.028915 20000 1.000000
241.040000 37.891700 -5.076 -2.068 0.179 0.22 0.023097 20000 1.000000
241.148000 37.878200 -4.031 -2.001 0.171 0.214 0.019211 20000 1.000000
241.183000 37.591400 -1.26 3.241 0.173 0.227 0.088567 20000 1.000000
241.302000 37.561600 -3.54 -1.003 0.174 0.237 0.009132 20000 1.000000
241.316000 37.495400 -1.692 -0.902 0.166 0.208 0.036528 20000 1.000000
241.406000 37.541300 -3.172 -2.466 0.169 0.213 0.039642 20000 1.000000
241.180000 37.677000 -3.578 -1.079 0.17 0.213 0.039674 20000 1.000000
241.232000 37.754400 -4.499 -2.233 0.178 0.229 0.089777 20000 1.000000
240.981000 37.800000 -4.408 -0.607 0.171 0.213 0.055753 20000 1.000000
241.264000 37.903500 -3.47 -1.717 0.177 0.221 0.008311 20000 1.000000
241.445000 37.891300 -3.337 -2.837 0.176 0.217 0.070629 20000 1.000000
241.762000 37.589200 -4.633 -3.558 0.169 0.211 0.038326 20000 1.000000
241.528000 37.737500 -3.319 -3.318 0.176 0.217 0.059862 20000 1.000000
240.850000 38.057900 -3.669 -2.38 0.176 0.218 0.034409 20000 1.000000
237.706000 41.381200 -3.462 -2.859 0.175 0.224 0.086081 20000 1.000000
237.809000 41.479200 -4.824 0.012 0.168 0.232 -0.014146 20000 1.000000
237.687000 41.463600 -3.918 -3 0.171 0.235 -0.010291 20000 1.000000
237.847000 41.531900 -3.8 -2.92 0.206 0.242 0.063359 20000 1.000000
238.493000 41.711600 -3.442 -2.35 0.17 0.225 0.036562 20000 1.000000
246.132000 42.878900 -3.748 -4.094 0.167 0.224 0.029121 20000 1.000000
241.275000 37.380400 -0.834 -1.118 0.229 0.267 0.159603 20000 1.000000
241.439000 37.439500 -3.531 -2.505 0.181 0.221 0.039893 20000 1.000000
240.254000 37.088900 -5.771 -2.191 0.191 0.236 0.085333 20000 1.000000
241.853000 37.280500 -4.22 -3.838 0.17 0.213 0.031804 20000 1.000000
239.172000 41.359200 -4.041 -2.859 0.174 0.228 -0.043945 20000 1.000000
239.527000 41.332500 -3.93 -3.332 0.171 0.225 0.030878 20000 1.000000
235.587000 42.442000 -1.614 -0.924 0.167 0.227 -0.022874 20000 1.000000
235.707000 42.076600 -1.968 -0.8 0.175 0.225 0.054820 20000 1.000000
238.120000 42.579800 -2.683 -1.968 0.169 0.223 0.024021 20000 1.000000
237.390000 42.727100 -1.444 -2.692 0.185 0.234 0.126058 20000 1.000000
240.341000 42.546100 -3.983 -2.723 0.167 0.225 0.024931 20000 1.000000
242.275000 42.020200 -4.672 -4.305 0.17 0.224 0.030049 20000 1.000000
243.404000 33.598200 -10.325 -3.989 0.283 0.337 -0.093814 20000 1.000000
243.397000 33.495500 -12.484 -2.679 0.176 0.21 0.050641 20000 1.000000
244.492000 32.829400 11.911 -97.093 0.175 0.204 0.035967 20000 1.000000
238.928000 37.699000 -5.624 -1.79 0.171 0.215 0.019731 20000 1.000000
239.784000 35.693800 -6.162 4.201 0.18 0.217 0.027720 20000 1.000000
237.579000 41.830800 -0.683 -3.635 0.185 0.25 0.089725 20000 1.000000
236.019000 41.845500 -1.139 -1.447 0.187 0.278 -0.056120 20000 1.000000
238.521000 36.744300 -9.624 5.052 0.231 0.289 0.057152 20000 1.000000
239.528000 35.946600 -8.006 0.817 0.19 0.227 0.093764 20000 1.000000
236.427000 40.478800 -6.384 -1.316 0.205 0.266 0.234282 20000 1.000000
237.036000 39.845700 -2.357 -2.698 0.168 0.219 -0.014349 20000 1.000000
243.852000 34.508100 -2.323 -9.889 0.17 0.204 0.034935 20000 1.000000
242.077000 34.508200 -9.296 0.333 0.174 0.209 0.037615 20000 1.000000
243.314000 36.901800 -3.78 -6.209 0.22 0.26 0.077230 20000 1.000000
242.305000 34.925400 -5.316 -1.85 0.177 0.213 0.025029 20000 1.000000
243.880000 36.579600 -3.516 -5.871 0.22 0.26 0.044980 20000 1.000000
239.522000 35.919900 -12.478 7.514 0.189 0.231 0.061538 20000 1.000000
242.818000 33.835700 -11.519 1.151 0.192 0.217 0.033040 20000 1.000000
242.193000 34.091800 -11.742 1.974 0.175 0.217 0.035742 20000 1.000000
241.596000 33.743300 -14.052 4.564 0.172 0.203 0.066646 20000 1.000000
241.628000 33.779500 -13.841 5.497 0.237 0.284 0.039096 20000 1.000000
238.863000 36.161100 -12 6.779 0.171 0.21 0.026649 20000 1.000000
241.755000 34.628700 -7.802 0.483 0.196 0.233 0.014816 20000 1.000000
242.317000 35.338700 -9.693 0.89 0.17 0.207 0.039230 20000 1.000000
240.280000 34.500000 -13.427 4.666 0.172 0.208 0.003011 20000 1.000000
243.375000 34.643900 -5.235 -6.374 0.176 0.207 0.015055 20000 1.000000
241.974000 34.019100 -12.671 1.367 0.188 0.227 -0.020029 20000 1.000000
239.475000 35.900000 -20.121 5.981 0.177 0.219 0.003817 20000 1.000000
241.807000 34.875100 -6.154 -0.116 0.176 0.211 0.037833 20000 1.000000
240.816000 34.541500 -12.482 2.832 0.193 0.229 0.108154 20000 1.000000
244.877000 40.617200 -3.187 -5.448 0.172 0.226 0.029034 20000 1.000000
243.350000 36.316300 -3.215 -5.437 0.172 0.211 0.041643 20000 1.000000
238.442000 37.666500 -6.258 -2.031 0.17 0.213 0.014631 20000 1.000000
241.245000 34.459800 -10.549 1.639 0.192 0.234 0.032885 20000 1.000000
242.138000 34.205600 -11.607 1.81 0.219 0.223 -0.028713 20000 1.000000
239.775000 40.591700 -4.345 -2.726 0.175 0.231 0.023911 20000 1.000000
240.984000 41.868400 -4.071 -3.938 0.175 0.232 0.097496 20000 1.000000
243.701000 35.971300 -3.712 -7.116 0.18 0.214 0.007463 20000 1.000000
243.789000 36.730500 -3.498 -6.077 0.211 0.251 0.094170 20000 1.000000
241.521000 34.438600 -11.769 2.414 0.194 0.227 -0.026317 20000 1.000000
240.116000 39.314300 -3.141 -2.856 0.17 0.223 0.006909 20000 1.000000
244.022000 33.292200 -3.1 -20.812 0.177 0.206 0.036899 20000 1.000000
244.412000 36.319600 -2.003 -6.2 0.192 0.225 0.036827 20000 1.000000
240.476000 33.247900 -18.845 6.115 0.184 0.223 0.048648 20000 1.000000
240.936000 34.319900 -12.728 4.644 0.169 0.204 0.033764 20000 1.000000
241.354000 34.059300 -13.937 3.187 0.189 0.222 0.016071 20000 1.000000
242.151000 33.992700 -12.36 2.9 0.181 0.214 0.035255 20000 1.000000
239.935000 34.004300 -14.579 6.25 0.176 0.209 0.019015 20000 1.000000
243.662000 36.644600 -2.375 -4.922 0.202 0.241 0.073589 20000 1.000000
243.426000 36.931600 -2.874 -5.609 0.284 0.336 0.084187 20000 1.000000
239.640000 35.917400 -9.812 -2.191 0.189 0.233 0.031571 20000 1.000000
241.585000 35.158200 -5.741 -1.192 0.168 0.205 0.031469 20000 1.000000
243.923000 33.650600 -2.267 -15.132 0.176 0.207 0.098159 20000 1.000000
239.867000 34.483500 -14.35 5.084 0.177 0.216 0.013403 20000 1.000000
243.839000 33.641200 -6.291 -9.557 0.187 0.216 0.057931 20000 1.000000
242.951000 39.542200 -3.169 -4.699 0.179 0.22 0.120005 20000 1.000000
242.816000 38.097200 -3.604 -4.692 0.169 0.213 0.022944 20000 1.000000
241.669000 33.797800 -14.031 4.843 0.179 0.211 0.054192 20000 1.000000
241.163000 34.248000 -12.357 5.938 0.173 0.207 0.072518 20000 1.000000
235.849000 41.053900 -2.886 0.64 0.168 0.222 -0.005332 20000 1.000000
241.558000 34.069100 -13.141 3.617 0.19 0.217 0.079278 20000 1.000000
240.156000 34.413300 -15.304 3.257 0.224 0.24 -0.048120 20000 1.000000
241.198000 39.627100 -4.235 -4.581 0.169 0.217 0.041201 20000 1.000000
241.715000 34.024000 -11.42 5.739 0.25 0.282 0.129016 20000 1.000000
243.915000 33.030100 -13.188 -18.054 0.172 0.203 0.028776 20000 1.000000
240.516000 34.851500 -10.813 2.992 0.182 0.217 0.051541 20000 1.000000
241.780000 34.178600 -11.803 2.942 0.223 0.236 0.113899 20000 1.000000
241.486000 34.126400 -12.803 3.615 0.17 0.204 0.034149 20000 1.000000
241.516000 34.293200 -11.761 2.348 0.176 0.208 0.040244 20000 1.000000
239.384000 34.556300 -14.623 5.655 0.228 0.261 -0.008695 20000 1.000000
241.879000 34.501500 -10.626 1.513 0.194 0.222 0.041213 20000 1.000000
241.706000 33.712600 -14.118 5.118 0.174 0.209 0.038180 20000 1.000000
242.010000 34.030000 -12.417 1.243 0.198 0.233 0.024432 20000 1.000000
241.346000 37.664300 -3.389 -2.269 0.168 0.211 0.053408 20000 1.000000
241.016000 35.010800 -8.537 1.33 0.196 0.233 -0.000665 20000 1.000000
241.258000 34.568500 -10.75 2.347 0.188 0.223 0.167703 20000 1.000000
241.586000 34.259400 -12.154 4.293 0.197 0.235 0.025145 20000 1.000000
243.068000 34.669000 -5.122 -4.525 0.188 0.221 -0.074843 20000 1.000000
241.572000 33.958200 -14.553 4.442 0.25 0.265 -0.302532 20000 1.000000
243.346000 33.955300 -5.441 -5.181 0.184 0.213 0.027745 20000 1.000000
243.111000 35.425200 -3.45 -6.337 0.182 0.217 0.023475 20000 1.000000
