242.907000 34.116400 -8.195 2.767 0.193 0.243 0.036073 20000 1.000000
243.571000 34.594300 -6.232 -1.397 0.168 0.204 0.068767 20000 1.000000
241.305000 34.824500 -8.156 -1.277 0.178 0.217 0.046735 20000 1.000000
242.103000 34.126000 -13.112 3.302 0.251 0.277 0.177623 20000 1.000000
242.795000 40.412800 -5.588 -3.816 0.166 0.215 0.052900 20000 1.000000
240.970000 33.480500 -14.562 7.377 0.187 0.219 0.037618 20000 1.000000
243.116000 34.264300 -8.056 1.145 0.194 0.234 0.146193 20000 1.000000
240.594000 34.920500 -11.171 2.489 0.168 0.206 0.033945 20000 1.000000
244.002000 34.000500 -5.965 -2.043 0.17 0.205 0.053835 20000 1.000000
242.935000 33.578200 -12.541 4.35 0.183 0.217 0.053339 20000 1.000000
243.920000 35.287000 -5.006 -2.873 0.173 0.211 0.066936 20000 1.000000
245.285000 33.610400 -5.425 -4.614 0.17 0.203 0.060666 20000 1.000000
243.947000 34.251400 -5.572 -2.738 0.171 0.206 0.064177 20000 1.000000
241.723000 34.184900 -14.257 3.403 0.195 0.234 0.096352 20000 1.000000
242.988000 34.918600 -6.708 -0.351 0.171 0.209 0.073105 20000 1.000000
241.812000 34.292800 -11.719 2.649 0.253 0.267 -0.281052 20000 1.000000
242.156000 42.779500 -6.429 -4.768 0.172 0.233 0.056569 20000 1.000000
240.653000 35.157300 -9.207 0.822 0.173 0.215 0.079454 20000 1.000000
235.437000 42.836100 -4.544 0.071 0.176 0.239 0.041190 20000 1.000000
244.010000 33.655100 -7.365 -0.333 0.172 0.209 0.079163 20000 1.000000
239.566000 35.939400 -7.879 2.24 0.166 0.208 0.039443 20000 1.000000
239.569000 35.888400 -12.654 6.061 0.209 0.253 0.055668 20000 1.000000
241.666000 33.311600 -14.198 6.591 0.166 0.2 0.062489 20000 1.000000
241.517000 33.445800 -14.385 6.541 0.175 0.211 0.038325 20000 1.000000
241.370000 34.138600 -13.471 5.652 0.204 0.232 0.151952 20000 1.000000
242.329000 35.565300 -6.661 -0.408 0.174 0.215 0.060790 20000 1.000000
240.987000 34.806400 -11.615 2.541 0.184 0.244 -0.062595 20000 1.000000
243.664000 34.829500 -6.863 -2.851 0.184 0.215 0.063149 20000 1.000000
242.035000 34.244000 -12.216 1.598 0.197 0.247 -0.040570 20000 1.000000
241.974000 34.333400 -11.887 2.061 0.19 0.219 0.141427 20000 1.000000
242.172000 34.640500 -8.789 1.132 0.177 0.219 0.106058 20000 1.000000
241.063000 34.109600 -14.348 5.078 0.183 0.23 0.090690 20000 1.000000
241.873000 34.136700 -12.026 3.669 0.167 0.202 0.067936 20000 1.000000
242.576000 34.271200 -7.042 2.536 0.168 0.201 0.051814 20000 1.000000
242.521000 34.313800 -10.99 1.251 0.187 0.226 0.172611 20000 1.000000
242.291000 34.109900 -12.129 3.209 0.176 0.213 0.040667 20000 1.000000
245.126000 40.558400 -5.898 -3.703 0.182 0.22 0.105006 20000 1.000000
244.272000 32.850500 -11.58 4.957 0.174 0.204 0.062232 20000 1.000000
240.120000 34.414900 -14.687 4.638 0.173 0.21 0.023147 20000 1.000000
242.427000 35.071700 -6.532 0.634 0.174 0.211 0.107183 20000 1.000000
239.249000 35.791600 -13.446 6.184 0.176 0.215 0.046641 20000 1.000000
242.900000 34.039100 -8.715 1.67 0.174 0.208 0.082859 20000 1.000000
244.265000 33.069800 -8.453 1.68 0.18 0.213 0.067920 20000 1.000000
240.961000 34.168400 -15.108 6.05 0.171 0.207 0.072228 20000 1.000000
241.743000 33.861500 -12.734 5.834 0.173 0.209 0.050058 20000 1.000000
241.476000 34.253600 -13.114 4.272 0.178 0.218 0.111397 20000 1.000000
240.629000 34.408100 -14.292 4.644 0.193 0.238 0.047166 20000 1.000000
241.387000 34.516500 -12.607 3.387 0.176 0.211 0.049211 20000 1.000000
243.630000 34.124100 -6.6 -0.045 0.184 0.219 0.027495 20000 1.000000
242.098000 34.082000 -14.231 3.974 0.184 0.22 0.003215 20000 1.000000
241.603000 34.334800 -4.373 5.153 0.324 0.319 -0.031352 20000 1.000000
241.603000 34.334000 -13.828 2.551 0.277 0.269 -0.118185 20000 1.000000
244.212000 33.389800 -7.287 -1.215 0.18 0.215 0.056091 20000 1.000000
242.140000 34.413400 -9.285 2.469 0.171 0.219 0.046866 20000 1.000000
241.873000 33.938300 -13.407 3.397 0.168 0.204 0.069230 20000 1.000000
242.588000 33.647700 -12.223 5.209 0.166 0.201 0.066276 20000 1.000000
241.170000 34.946200 -10.122 0.579 0.178 0.219 0.057555 20000 1.000000
245.061000 39.345200 -6.325 -4.693 0.171 0.215 0.061202 20000 1.000000
244.183000 40.914700 -5.026 -3.951 0.164 0.214 0.062664 20000 1.000000
241.871000 33.583500 -12.714 7.419 0.177 0.212 0.086543 20000 1.000000
241.574000 34.703100 -12.345 1.255 0.177 0.216 0.069983 20000 1.000000
242.474000 34.104200 -11.56 4.156 0.192 0.238 0.097309 20000 1.000000
239.991000 34.733000 -15.353 5.434 0.171 0.207 0.083722 20000 1.000000
243.064000 34.093600 -8.383 1.113 0.195 0.293 0.166753 20000 1.000000
241.116000 34.356300 -13.619 5.593 0.171 0.206 0.066538 20000 1.000000
246.195000 39.369400 -5.892 -4.44 0.173 0.216 0.045882 20000 1.000000
244.200000 32.945000 -10.684 2.758 0.194 0.216 0.061769 20000 1.000000
241.107000 34.800200 -10.867 2.268 0.191 0.231 0.072757 20000 1.000000
240.644000 40.416500 -6.027 -3.196 0.168 0.222 0.024453 20000 1.000000
240.136000 35.189400 -12.173 4.027 0.172 0.214 0.055724 20000 1.000000
244.479000 33.274800 -5.411 -2.751 0.176 0.208 0.065454 20000 1.000000
245.173000 33.051100 -4.455 -3.524 0.226 0.256 -0.026831 20000 1.000000
244.340000 34.784000 -5.22 -3.625 0.194 0.238 0.058265 20000 1.000000
245.810000 34.308600 -4.896 -2.711 0.177 0.211 0.078628 20000 1.000000
243.111000 35.425200 -6.326 -4.012 0.172 0.21 0.044290 20000 1.000000
245.820000 40.640200 -6.705 -4.065 0.168 0.215 0.065441 20000 1.000000
239.584000 36.399000 -7.132 0.004 0.205 0.251 0.038645 20000 1.000000
241.887000 34.047400 -12.376 4.4 0.17 0.208 0.092090 20000 1.000000
239.318000 34.469400 -15.313 12.24 0.236 0.285 0.069386 20000 1.000000
241.714000 33.783600 -13.252 4.841 0.196 0.241 0.017929 20000 1.000000
243.570000 34.754800 -6.034 -2.221 0.172 0.208 0.088760 20000 1.000000
238.530000 40.815900 -6.257 -3.051 0.167 0.221 0.054015 20000 1.000000
244.365000 33.705000 -5.783 -2.852 0.191 0.239 0.058859 20000 1.000000
239.520000 35.866700 -12.198 4.989 0.193 0.25 0.073444 20000 1.000000
242.155000 34.458200 -9.527 2.155 0.194 0.236 0.044394 20000 1.000000
239.598000 35.880800 -9.691 2.493 0.18 0.222 0.145903 20000 1.000000
240.812000 34.441200 -13.986 4.179 0.184 0.226 0.070228 20000 1.000000
244.089000 34.727300 -4.997 -3.327 0.174 0.212 0.083553 20000 1.000000
243.779000 33.796800 -7.38 -0.308 0.177 0.215 0.118608 20000 1.000000
244.855000 34.157600 -5.225 -3.563 0.169 0.204 0.090455 20000 1.000000
241.526000 35.662300 -6.525 0.777 0.184 0.229 0.021226 20000 1.000000
240.992000 34.398500 -13.1 2.533 0.174 0.212 0.051936 20000 1.000000
243.827000 33.925400 -6.621 -1.516 0.175 0.21 0.067880 20000 1.000000
243.060000 35.090200 -6.746 -0.842 0.172 0.208 0.069196 20000 1.000000
242.246000 34.133300 -11.969 3.544 0.176 0.212 0.086600 20000 1.000000
239.406000 35.828700 -12.891 5.964 0.175 0.217 0.085845 20000 1.000000
242.454000 34.314900 -10.181 2.121 0.189 0.233 0.155647 20000 1.000000
240.896000 34.733600 -11.537 3.345 0.171 0.212 0.053538 20000 1.000000
239.557000 35.832600 -12.174 5.202 0.17 0.21 0.067337 20000 1.000000
242.563000 33.856800 -12.015 4.551 0.172 0.204 0.061634 20000 1.000000
238.778000 42.418300 -5.933 -3.027 0.24 0.325 0.030409 20000 1.000000
239.241000 36.186900 -10.093 -2.885 0.172 0.211 0.110169 20000 1.000000
239.233000 36.180500 -14.218 5.319 0.172 0.21 0.062538 20000 1.000000
239.649000 34.038300 -14.85 7.505 0.17 0.208 0.014138 20000 1.000000
243.904000 40.148400 -5.433 -4.164 0.172 0.224 -0.001274 20000 1.000000
242.682000 33.918400 -11.942 4.253 0.173 0.205 0.074921 20000 1.000000
239.566000 35.969500 -6.849 1.781 0.175 0.208 0.008713 20000 1.000000
244.588000 40.710700 -5.684 -4.537 0.171 0.231 0.048599 20000 1.000000
241.122000 34.295500 -13.754 5.605 0.19 0.224 0.056502 20000 1.000000
242.118000 34.175200 -13.037 2.328 0.233 0.256 -0.233117 20000 1.000000
243.352000 34.038500 -8.195 0.881 0.189 0.231 0.190050 20000 1.000000
242.790000 34.230800 -8.255 2.019 0.238 0.252 0.254246 20000 1.000000
241.755000 34.055200 -13.107 3.76 0.224 0.231 0.219178 20000 1.000000
245.381000 34.767700 -4.817 -3.257 0.185 0.223 0.070048 20000 1.000000
242.491000 39.685600 -5.932 -4.228 0.172 0.22 0.050707 20000 1.000000
240.859000 34.498700 -12.581 3.477 0.167 0.203 0.055891 20000 1.000000
243.932000 34.141000 -5.392 -2.364 0.173 0.207 0.097079 20000 1.000000
242.653000 33.240700 -13.23 5.542 0.177 0.205 0.009581 20000 1.000000
244.082000 34.369900 -5.29 -3.09 0.172 0.21 0.024093 20000 1.000000
243.695000 34.427700 -6.335 -2.048 0.175 0.215 0.035267 20000 1.000000
243.708000 34.533000 -6.396 -2.237 0.179 0.211 0.053795 20000 1.000000
243.185000 34.674900 -8.094 -0.406 0.17 0.206 0.081626 20000 1.000000
241.793000 34.128800 -12.697 3.791 0.168 0.204 0.055944 20000 1.000000
240.647000 34.683400 -13.117 3.907 0.195 0.24 0.007245 20000 1.000000
242.814000 39.521100 -6.011 -3.798 0.17 0.216 0.069001 20000 1.000000
245.995000 32.722500 -3.697 -2.72 0.179 0.21 0.122136 20000 1.000000
244.721000 39.910200 -5.126 -4.104 0.229 0.28 0.066629 20000 1.000000
245.543000 36.154200 -4.903 -3.044 0.173 0.209 0.068013 20000 1.000000
245.180000 41.724200 -5.569 -4.507 0.167 0.218 0.032490 20000 1.000000
242.670000 41.428700 -5.743 -3.668 0.167 0.221 0.072440 20000 1.000000
242.935000 42.981700 -6.345 -4.587 0.165 0.223 0.034576 20000 1.000000
235.925000 40.876300 -5.713 0.946 0.218 0.279 0.110970 20000 1.000000
236.274000 38.928300 -13.56 6.375 0.164 0.21 0.043812 20000 1.000000
237.585000 40.997600 -8.156 -2.689 0.191 0.265 -0.028389 20000 1.000000
235.986000 42.967400 -6.619 -0.275 0.169 0.236 0.084435 20000 1.000000
243.830000 32.616500 -14.116 5.094 0.168 0.199 0.054254 20000 1.000000
238.997000 35.551800 -14.026 7.385 0.169 0.21 0.062173 20000 1.000000
242.015000 39.305600 -5.622 -4.016 0.172 0.224 0.037729 20000 1.000000
242.395000 39.287900 -5.028 -3.133 0.17 0.215 0.057090 20000 1.000000
243.576000 39.500500 -6.16 -4.036 0.165 0.218 0.074504 20000 1.000000
243.950000 39.546400 -6.569 -4.548 0.171 0.214 0.076481 20000 1.000000
244.111000 39.374200 -5.467 -4.452 0.166 0.213 0.074988 20000 1.000000
244.487000 39.536100 -5.769 -4.219 0.166 0.214 0.059623 20000 1.000000
244.568000 39.388600 -7.773 -4.204 0.163 0.209 0.060270 20000 1.000000
242.120000 40.433400 -6.568 -3.892 0.18 0.233 0.092071 20000 1.000000
245.308000 39.255200 -6.154 -3.535 0.171 0.215 0.114554 20000 1.000000
245.723000 39.119400 -5.092 -3.717 0.17 0.221 0.070892 20000 1.000000
246.129000 39.067300 -6.186 -4.166 0.168 0.215 0.050321 20000 1.000000
246.495000 39.268900 -5.605 -3.927 0.183 0.239 0.067556 20000 1.000000
242.532000 40.320600 -5.366 -3.935 0.173 0.221 0.017253 20000 1.000000
246.946000 40.494000 -6.269 -4.039 0.166 0.215 0.074948 20000 1.000000
243.264000 40.495500 -6.497 -3.847 0.175 0.224 0.021912 20000 1.000000
243.721000 40.363200 -6.249 -4.007 0.165 0.215 0.076359 20000 1.000000
240.200000 39.572800 -7.68 -2.492 0.168 0.216 0.057236 20000 1.000000
242.469000 36.614300 -5.394 -2.298 0.167 0.207 0.057323 20000 1.000000
242.593000 36.804200 -5.994 -1.719 0.163 0.204 0.060164 20000 1.000000
242.006000 36.606000 -6.936 -1.388 0.176 0.214 0.144940 20000 1.000000
242.296000 37.200800 -6.826 -3.08 0.168 0.211 0.063704 20000 1.000000
240.463000 39.698400 -6.295 -3.811 0.174 0.226 0.066561 20000 1.000000
240.694000 39.795600 -5.581 -3.488 0.181 0.24 0.123224 20000 1.000000
241.126000 39.838800 -6.229 -2.93 0.176 0.223 0.021764 20000 1.000000
241.316000 39.888900 -5.966 -3.25 0.171 0.223 0.037514 20000 1.000000
241.841000 39.212300 -6.608 -2.396 0.193 0.246 0.064200 20000 1.000000
246.706000 41.856800 -5.341 -3.873 0.175 0.23 0.108604 20000 1.000000
246.958000 39.345100 -6.442 -4.363 0.169 0.214 0.061852 20000 1.000000
246.988000 41.817300 -6.808 -3.377 0.166 0.218 0.054194 20000 1.000000
246.722000 40.671300 -6.204 -4.222 0.17 0.221 0.062049 20000 1.000000
240.400000 39.499200 -5.647 -2.174 0.183 0.226 0.106809 20000 1.000000
240.931000 39.486100 -5.905 -2.849 0.17 0.219 0.059009 20000 1.000000
241.550000 39.133900 -5.437 -2.412 0.168 0.215 0.072731 20000 1.000000
241.062000 39.268000 -6.452 -3.042 0.241 0.304 0.057704 20000 1.000000
241.649000 39.454700 -6.069 -3.051 0.169 0.217 0.110642 20000 1.000000
241.995000 38.728800 -5.802 -3.626 0.214 0.269 0.064019 20000 1.000000
241.540000 38.724600 -5.667 -3.33 0.168 0.217 0.064519 20000 1.000000
241.070000 38.980900 -5.474 -2.261 0.163 0.214 0.069608 20000 1.000000
240.985000 38.704600 -5.959 -2.827 0.171 0.219 0.008663 20000 1.000000
240.541000 38.761400 -5.7 -2.163 0.177 0.22 -0.014942 20000 1.000000
240.523000 40.779800 -5.42 -3.28 0.182 0.229 0.144856 20000 1.000000
240.990000 40.242200 -5.614 -2.93 0.186 0.225 -0.007631 20000 1.000000
240.278000 39.908200 -6.849 -2.355 0.172 0.223 0.116170 20000 1.000000
239.307000 38.829200 -8.608 -2.703 0.193 0.226 0.170912 20000 1.000000
239.614000 39.046600 -6.909 -2.381 0.187 0.234 -0.017297 20000 1.000000
240.189000 39.123500 -5.649 -1.89 0.17 0.221 0.002686 20000 1.000000
239.107000 39.466700 -7.138 -1.615 0.182 0.226 0.149329 20000 1.000000
240.376000 41.357700 -5.641 -3.426 0.166 0.221 0.058336 20000 1.000000
239.716000 39.937400 -6.587 -2.841 0.16 0.209 0.053784 20000 1.000000
239.194000 40.418600 -5.22 -1.89 0.178 0.222 0.061366 20000 1.000000
239.923000 40.288900 -5.53 -3.054 0.168 0.22 0.074078 20000 1.000000
235.692000 40.247500 -12.441 5.838 0.163 0.214 0.051882 20000 1.000000
235.867000 40.551300 -7.089 1.761 0.164 0.215 0.041228 20000 1.000000
235.787000 40.637400 -5.853 2.634 0.186 0.246 0.043970 20000 1.000000
235.943000 40.219600 -10.336 1.786 0.167 0.22 0.063384 20000 1.000000
236.307000 40.119300 -10.364 -0.811 0.178 0.238 0.103569 20000 1.000000
238.207000 36.485500 -14.829 8.443 0.163 0.204 0.051927 20000 1.000000
238.710000 35.945700 -13.545 7.123 0.17 0.213 0.106000 20000 1.000000
238.949000 36.302100 -14 5.567 0.166 0.208 0.063595 20000 1.000000
238.865000 36.425900 -14.028 6.314 0.17 0.212 0.089209 20000 1.000000
237.668000 37.534500 -12.729 4.62 0.193 0.223 -0.010886 20000 1.000000
237.623000 37.914500 -11.137 3.832 0.173 0.221 0.067300 20000 1.000000
236.819000 38.495000 -12.488 5.469 0.166 0.217 -0.005621 20000 1.000000
236.291000 39.117200 -12.731 5.296 0.166 0.216 0.051197 20000 1.000000
236.652000 38.987400 -11.911 3.777 0.175 0.222 0.128175 20000 1.000000
236.796000 39.242000 -11.212 0.753 0.166 0.216 0.058201 20000 1.000000
236.368000 42.275400 -8.32 -3.376 0.17 0.227 0.044434 20000 1.000000
236.895000 39.319700 -10.421 -0.48 0.171 0.219 0.075256 20000 1.000000
237.041000 38.664700 -11.519 2.961 0.192 0.263 0.126480 20000 1.000000
237.233000 38.428600 -14.059 2.118 0.169 0.219 0.077692 20000 1.000000
237.548000 38.239800 -11.508 2.365 0.169 0.217 0.054819 20000 1.000000
237.083000 38.866100 -13.894 1.475 0.162 0.209 0.044422 20000 1.000000
237.037000 39.398100 -12.474 5.432 0.232 0.288 -0.006313 20000 1.000000
237.424000 38.777800 -9.07 -0.614 0.174 0.233 0.051020 20000 1.000000
237.281000 39.260000 -7.369 -3.072 0.166 0.214 0.086266 20000 1.000000
237.696000 39.109300 -8.702 -3.272 0.172 0.222 0.047941 20000 1.000000
237.873000 37.069200 -13.166 5.339 0.194 0.241 0.222986 20000 1.000000
238.137000 36.962000 -14.023 5.891 0.191 0.225 0.019717 20000 1.000000
238.009000 37.201700 -12.896 4.484 0.192 0.236 -0.009954 20000 1.000000
238.203000 37.001000 -13.294 4.138 0.252 0.283 0.146651 20000 1.000000
238.274000 37.002400 -13.275 4.246 0.177 0.232 0.084604 20000 1.000000
238.349000 37.104500 -12.101 3.53 0.204 0.244 -0.054553 20000 1.000000
238.286000 37.203500 -11.329 3.517 0.174 0.214 0.101070 20000 1.000000
237.786000 37.329900 -13.657 4.467 0.164 0.207 0.060422 20000 1.000000
237.901000 37.336900 -12.175 3.618 0.169 0.22 0.044597 20000 1.000000
237.900000 37.722000 -9.746 1.764 0.165 0.207 0.049013 20000 1.000000
237.781000 37.863900 -9.839 1.486 0.166 0.213 0.008553 20000 1.000000
237.942000 37.713900 -9.561 -0.055 0.18 0.226 0.007897 20000 1.000000
238.174000 37.336800 -14.181 2.211 0.17 0.22 0.068753 20000 1.000000
238.210000 37.533000 -9.265 -0.165 0.166 0.21 0.060676 20000 1.000000
238.313000 37.601800 -9.31 -0.484 0.173 0.215 0.100972 20000 1.000000
238.022000 37.749400 -10.295 0.439 0.166 0.21 0.051814 20000 1.000000
238.214000 37.819000 -9.167 -1.053 0.17 0.214 0.056514 20000 1.000000
238.095000 36.621700 -14.629 6.817 0.167 0.211 0.046676 20000 1.000000
238.421000 36.724000 -14.47 7.007 0.171 0.215 0.035510 20000 1.000000
238.580000 36.800400 -11.967 3.872 0.166 0.208 0.043994 20000 1.000000
238.409000 36.858500 -13.321 6.214 0.167 0.21 0.037436 20000 1.000000
238.459000 36.814300 -14.472 6.533 0.175 0.213 0.066785 20000 1.000000
238.445000 36.903500 -12.404 3.342 0.17 0.209 0.038205 20000 1.000000
238.613000 36.637000 -14.818 6.487 0.175 0.22 0.014489 20000 1.000000
238.458000 37.007800 -10.918 4.499 0.166 0.214 0.060672 20000 1.000000
238.426000 37.213000 -7.413 0.379 0.168 0.209 0.054790 20000 1.000000
238.665000 36.918200 -9.806 -1.482 0.165 0.207 0.062291 20000 1.000000
238.645000 37.010800 -9.722 -1.269 0.186 0.23 0.016994 20000 1.000000
240.294000 37.713100 -8.788 -3.318 0.174 0.22 0.041531 20000 1.000000
238.812000 36.559500 -13.835 6.814 0.173 0.216 0.058566 20000 1.000000
238.131000 37.975600 -8.646 -1.602 0.169 0.213 0.075527 20000 1.000000
238.936000 36.611600 -5.119 1.822 0.163 0.204 0.049883 20000 1.000000
238.732000 36.950000 -9.089 -1.539 0.175 0.219 0.086296 20000 1.000000
238.652000 36.811400 -9.774 -0.11 0.168 0.212 0.052375 20000 1.000000
238.942000 37.169600 -7.88 -1.539 0.174 0.218 0.067623 20000 1.000000
238.347000 37.478400 -9.09 0.143 0.179 0.226 0.056071 20000 1.000000
238.531000 37.489600 -9.606 0.761 0.164 0.208 0.044485 20000 1.000000
238.675000 37.581900 -8.691 -1.121 0.169 0.215 0.042045 20000 1.000000
238.395000 37.932000 -9.528 -1.996 0.167 0.212 0.052163 20000 1.000000
238.536000 37.755300 -7.91 -2.479 0.166 0.211 0.043695 20000 1.000000
238.717000 37.385400 -10.892 -1.347 0.171 0.221 0.066418 20000 1.000000
237.782000 38.153000 -9.309 1.901 0.165 0.21 0.034214 20000 1.000000
237.904000 38.025100 -10.185 0.042 0.169 0.218 0.007604 20000 1.000000
237.805000 38.444200 -9.319 -1.409 0.174 0.235 0.071604 20000 1.000000
237.645000 38.999500 -9.094 -2.497 0.205 0.232 0.145499 20000 1.000000
238.905000 38.645300 -8.432 -2.851 0.165 0.212 0.055900 20000 1.000000
239.652000 35.544100 -12.867 5.691 0.171 0.211 0.051082 20000 1.000000
239.611000 35.841100 -9.683 4.437 0.173 0.213 0.035436 20000 1.000000
239.655000 35.837800 -9.515 2.492 0.171 0.215 0.042616 20000 1.000000
239.715000 35.806700 -9.743 2.767 0.181 0.224 0.045539 20000 1.000000
239.093000 35.933300 -12.975 6.667 0.166 0.207 0.050764 20000 1.000000
239.019000 36.417200 -8.817 -0.109 0.167 0.211 0.067017 20000 1.000000
239.147000 36.515900 -7.932 -0.514 0.173 0.219 0.041325 20000 1.000000
239.302000 36.024800 -14.003 5.687 0.166 0.212 0.053129 20000 1.000000
239.121000 36.140200 -14.308 6.852 0.167 0.207 0.052987 20000 1.000000
239.251000 36.106800 -13.564 6.585 0.163 0.203 0.055134 20000 1.000000
239.272000 36.178900 -7.775 -0.152 0.164 0.204 0.054037 20000 1.000000
239.355000 35.922800 -12.438 6.254 0.166 0.206 0.046258 20000 1.000000
239.525000 36.007500 -3.791 5.26 0.182 0.217 0.060850 20000 1.000000
239.457000 36.089400 -9.445 0.713 0.164 0.205 0.053170 20000 1.000000
239.560000 36.123200 -7.984 0.437 0.164 0.205 0.050862 20000 1.000000
239.158000 35.697100 -13.62 6.53 0.17 0.206 0.090783 20000 1.000000
239.637000 36.051700 -7.409 0.557 0.168 0.205 0.050240 20000 1.000000
239.448000 35.974100 -12.319 5.191 0.182 0.219 0.014690 20000 1.000000
239.706000 36.015800 -7.951 0.555 0.168 0.207 0.048374 20000 1.000000
239.723000 36.304400 -1.169 2.363 0.17 0.211 0.048122 20000 1.000000
239.257000 36.806300 -7.03 -1.642 0.166 0.21 0.056333 20000 1.000000
239.803000 37.352200 -8.324 -2.097 0.178 0.226 0.065813 20000 1.000000
239.356000 37.795200 -8.908 -1.723 0.181 0.22 0.062811 20000 1.000000
240.160000 37.901100 -7.4 -1.031 0.184 0.222 -0.034141 20000 1.000000
239.049000 38.090000 -9.893 -2.326 0.17 0.217 0.046020 20000 1.000000
239.666000 38.735600 -7.165 -2.642 0.182 0.217 0.075122 20000 1.000000
241.480000 37.177600 -5.742 -0.151 0.165 0.206 0.059126 20000 1.000000
236.283000 39.863600 -13.158 0.98 0.201 0.258 -0.029020 20000 1.000000
236.448000 39.905700 -13.3 -0.9 0.191 0.259 0.006356 20000 1.000000
236.628000 39.452400 -11.808 -0.608 0.166 0.217 0.055926 20000 1.000000
236.705000 39.707100 -11.488 -2.052 0.184 0.238 -0.032623 20000 1.000000
236.813000 39.492800 -11.31 -0.998 0.18 0.254 0.088623 20000 1.000000
236.817000 39.962100 -9.658 -3.063 0.164 0.216 0.008663 20000 1.000000
236.344000 40.256800 -10.928 -0.42 0.165 0.22 0.068923 20000 1.000000
236.117000 41.151700 -7.516 -0.949 0.166 0.22 0.065576 20000 1.000000
236.301000 40.575300 -8.608 -1.141 0.175 0.23 0.093196 20000 1.000000
236.427000 40.478900 -9.926 -1.882 0.205 0.267 0.260642 20000 1.000000
236.548000 40.082200 -10.607 -1.829 0.162 0.213 0.053363 20000 1.000000
236.864000 40.324100 -8.511 -2.77 0.162 0.214 0.044276 20000 1.000000
236.676000 40.732900 -9.394 -3.993 0.163 0.216 0.024550 20000 1.000000
236.826000 40.546700 -9.699 -4.032 0.167 0.223 0.030087 20000 1.000000
237.024000 39.621400 -8.541 -3.025 0.175 0.219 0.098959 20000 1.000000
237.264000 39.493600 -8.627 -4.312 0.179 0.228 0.051186 20000 1.000000
237.126000 39.726200 -8.221 -2.971 0.167 0.22 0.097581 20000 1.000000
237.077000 40.747600 -9.31 -3.941 0.171 0.224 0.036309 20000 1.000000
237.332000 40.034100 -8.81 -2.992 0.169 0.218 0.044264 20000 1.000000
237.393000 40.650700 -9.217 -4.091 0.171 0.231 0.012133 20000 1.000000
236.666000 40.887100 -8.168 -2.801 0.162 0.214 0.047164 20000 1.000000
237.729000 40.271200 -9.448 -3.393 0.175 0.227 -0.011394 20000 1.000000
239.132000 39.794700 -5.491 -0.71 0.165 0.219 0.022533 20000 1.000000
239.052000 41.183300 -5.822 -2.344 0.166 0.223 0.041508 20000 1.000000
237.681000 40.731100 -7.961 -4.312 0.201 0.245 0.075325 20000 1.000000
235.774000 42.209100 -9.095 -1.022 0.169 0.22 0.041683 20000 1.000000
235.946000 42.860100 -7.003 -2.044 0.187 0.247 0.132402 20000 1.000000
236.617000 42.503500 -7.578 -3.238 0.166 0.223 0.058477 20000 1.000000
237.344000 42.191000 -8.468 -3.406 0.168 0.226 0.023110 20000 1.000000
238.220000 42.259700 -4.98 -3.566 0.166 0.218 0.050480 20000 1.000000
239.622000 42.468800 -5.312 -4.413 0.167 0.227 0.034991 20000 1.000000
241.588000 42.254600 -5.62 -4.117 0.162 0.218 0.050588 20000 1.000000
243.371000 36.071300 -4.791 -2.814 0.254 0.321 0.130858 20000 1.000000
242.835000 36.022500 -5.285 -2.45 0.177 0.21 0.045677 20000 1.000000
242.590000 36.159000 -7.059 -2.195 0.179 0.22 0.111793 20000 1.000000
241.868000 36.466800 -6.175 -1.484 0.186 0.238 -0.138261 20000 1.000000
242.211000 36.531200 -5.4 -1.538 0.163 0.206 0.056631 20000 1.000000
241.909000 36.570200 -5.726 -2.152 0.188 0.221 0.004124 20000 1.000000
241.882000 36.975700 -5.879 -1.656 0.163 0.205 0.056883 20000 1.000000
242.064000 37.231400 -6.309 -2.525 0.171 0.211 0.096325 20000 1.000000
242.606000 34.462400 -8.639 1.387 0.179 0.211 0.047818 20000 1.000000
242.459000 33.562100 -13.145 5.452 0.169 0.203 0.093072 20000 1.000000
242.895000 32.889200 -13.197 5.67 0.17 0.201 0.050289 20000 1.000000
243.050000 32.733800 -14.192 5.627 0.166 0.198 0.057974 20000 1.000000
242.756000 32.666400 -14.306 6.344 0.184 0.21 0.151033 20000 1.000000
242.810000 33.439600 -12.707 4.786 0.167 0.201 0.068214 20000 1.000000
242.928000 33.235700 -13.907 6.061 0.181 0.207 0.112034 20000 1.000000
243.217000 33.493300 -11.839 3.776 0.169 0.202 0.059147 20000 1.000000
243.651000 32.976000 -13.042 4.183 0.171 0.203 0.071278 20000 1.000000
243.989000 32.822200 -13.122 4.577 0.172 0.203 0.030464 20000 1.000000
243.329000 33.240200 -13.401 4.476 0.178 0.21 0.070470 20000 1.000000
243.431000 33.059200 -13.788 5.17 0.168 0.199 0.052963 20000 1.000000
243.379000 33.375600 -12.468 4.081 0.173 0.206 0.103993 20000 1.000000
243.591000 33.210200 -12.605 4.373 0.182 0.217 0.074332 20000 1.000000
243.817000 33.213500 -11.383 2.956 0.17 0.203 0.066922 20000 1.000000
243.921000 33.201000 -10.603 1.82 0.168 0.2 0.066860 20000 1.000000
243.888000 33.296200 -9.556 1.371 0.173 0.207 0.015575 20000 1.000000
243.574000 33.523500 -9.33 2.736 0.18 0.207 0.137979 20000 1.000000
243.773000 33.574700 -8.764 1.263 0.177 0.218 0.082293 20000 1.000000
244.031000 32.887000 -11.771 3.767 0.171 0.202 0.063775 20000 1.000000
244.175000 32.954700 -11.727 2.867 0.171 0.203 0.061041 20000 1.000000
244.268000 32.759700 -10.47 4.176 0.178 0.216 0.078824 20000 1.000000
244.404000 32.750600 -10.023 2.475 0.179 0.209 0.071165 20000 1.000000
244.423000 32.834700 -8.946 2.259 0.175 0.207 0.065687 20000 1.000000
244.430000 32.898400 -7.762 1.754 0.178 0.209 0.091902 20000 1.000000
244.700000 32.690000 -5.489 -1.642 0.169 0.201 0.060855 20000 1.000000
244.602000 32.875800 -4.397 -2.425 0.178 0.211 0.082307 20000 1.000000
244.578000 32.982500 -4.718 -3.287 0.176 0.214 0.093972 20000 1.000000
244.280000 32.948900 -10.005 2.263 0.174 0.206 0.064638 20000 1.000000
244.234000 33.516400 -6.743 -2.034 0.179 0.213 0.129516 20000 1.000000
244.313000 33.423900 -4.798 -2.941 0.177 0.211 0.111766 20000 1.000000
244.571000 33.247800 -5.173 -3.456 0.177 0.21 0.064475 20000 1.000000
244.657000 33.143600 -5.012 -3.263 0.175 0.208 0.015829 20000 1.000000
244.704000 33.886900 -5.423 -2.615 0.178 0.208 0.070849 20000 1.000000
240.305000 37.562600 -6.045 0.47 0.185 0.218 0.163071 20000 1.000000
239.350000 34.907300 -14.575 7.277 0.164 0.201 0.052622 20000 1.000000
239.590000 35.010700 -14.419 6.57 0.171 0.208 0.050595 20000 1.000000
239.760000 34.870600 -14.672 6.197 0.167 0.204 0.069807 20000 1.000000
239.617000 35.106200 -13.904 6.571 0.175 0.213 0.130124 20000 1.000000
241.822000 34.376400 -12.047 3.916 0.169 0.206 0.071093 20000 1.000000
239.925000 35.020000 -12.645 9.69 0.165 0.202 0.050756 20000 1.000000
240.208000 34.507800 -13.869 5.543 0.172 0.203 0.046401 20000 1.000000
240.384000 34.630500 -14.955 6.084 0.164 0.201 0.054100 20000 1.000000
240.185000 34.888600 -12.906 4.397 0.164 0.201 0.056275 20000 1.000000
240.464000 35.086600 -10.89 1.977 0.166 0.205 0.074458 20000 1.000000
239.192000 35.425800 -14.182 7.678 0.165 0.204 0.038246 20000 1.000000
239.455000 35.327800 -13.67 6.788 0.17 0.211 0.107204 20000 1.000000
239.646000 35.440500 -13.442 5.835 0.167 0.206 0.046185 20000 1.000000
239.520000 35.624800 -12.143 7.645 0.167 0.207 0.065002 20000 1.000000
239.463000 35.792700 -12.661 5.975 0.169 0.211 0.088023 20000 1.000000
239.733000 35.633800 -12.169 4.807 0.173 0.208 0.090516 20000 1.000000
239.629000 35.747900 -11.914 4.868 0.171 0.211 0.063644 20000 1.000000
237.762000 37.061200 -14.534 6.705 0.167 0.211 0.069272 20000 1.000000
239.899000 35.235100 -13.074 5.275 0.189 0.221 0.103867 20000 1.000000
239.975000 35.279800 -12.918 4.559 0.173 0.216 0.033064 20000 1.000000
240.065000 35.316800 -11.509 3.919 0.177 0.221 0.060667 20000 1.000000
239.887000 35.534200 -10.979 3.544 0.209 0.257 0.050940 20000 1.000000
239.818000 35.702700 -10.373 2.598 0.166 0.206 0.061331 20000 1.000000
239.869000 35.801300 -8.944 1.024 0.174 0.21 0.071485 20000 1.000000
239.999000 35.686700 -9.029 0.492 0.171 0.208 0.013341 20000 1.000000
239.707000 35.688900 -12.069 4.235 0.166 0.206 0.046970 20000 1.000000
240.287000 35.319000 -9.714 1.667 0.184 0.226 0.050882 20000 1.000000
240.091000 35.934700 -7.764 0.038 0.167 0.206 0.063782 20000 1.000000
240.496000 34.466800 -16.038 4.661 0.164 0.2 0.057312 20000 1.000000
240.674000 34.599600 -14.436 2.429 0.174 0.217 0.132645 20000 1.000000
240.885000 34.660100 -12.486 3.135 0.175 0.21 0.120440 20000 1.000000
240.845000 34.856200 -11.896 1.854 0.235 0.341 -0.034269 20000 1.000000
239.755000 35.686700 -11.76 4.229 0.168 0.205 0.046705 20000 1.000000
241.121000 34.835100 -10.389 1.912 0.167 0.204 0.061747 20000 1.000000
241.152000 34.792300 -11.662 3.235 0.173 0.216 0.071135 20000 1.000000
241.331000 34.695000 -12.324 3.259 0.175 0.214 0.135673 20000 1.000000
241.454000 34.771100 -10.678 2.857 0.17 0.209 0.057577 20000 1.000000
241.344000 34.944400 -9.196 1.56 0.173 0.213 0.024578 20000 1.000000
241.388000 35.138600 -7.936 -0.478 0.186 0.226 0.032518 20000 1.000000
241.459000 34.821800 -8.928 0.222 0.179 0.214 0.079297 20000 1.000000
241.811000 34.982100 -7.6 1.501 0.167 0.204 0.057413 20000 1.000000
241.876000 35.378000 -6.829 -0.097 0.169 0.206 0.046986 20000 1.000000
241.740000 35.667300 -6.829 -0.806 0.175 0.209 0.063084 20000 1.000000
241.233000 36.231400 -6.69 -1.566 0.174 0.21 0.120578 20000 1.000000
241.045000 36.585500 -7.492 -0.936 0.164 0.205 0.059550 20000 1.000000
241.740000 36.093100 -7.101 -0.901 0.17 0.206 0.058677 20000 1.000000
241.994000 35.038800 -7.354 0.45 0.168 0.205 0.068543 20000 1.000000
242.271000 34.509700 -9.173 1.855 0.169 0.204 0.055193 20000 1.000000
242.451000 34.634300 -8.092 1.137 0.175 0.213 0.053637 20000 1.000000
242.457000 34.987000 -6.773 0.423 0.171 0.208 0.101358 20000 1.000000
243.048000 33.892600 -9.347 2.462 0.199 0.24 0.062741 20000 1.000000
243.454000 34.019300 -7.893 1.415 0.168 0.203 0.057355 20000 1.000000
242.719000 34.534800 -7.427 0.526 0.193 0.214 -0.031011 20000 1.000000
241.969000 34.332200 -12.089 2.455 0.173 0.209 0.073494 20000 1.000000
242.635000 35.116800 -6.905 -0.041 0.17 0.207 0.052698 20000 1.000000
241.983000 35.152400 -7.056 0.218 0.168 0.205 0.065128 20000 1.000000
242.697000 35.238500 -6.16 -0.158 0.171 0.206 0.074575 20000 1.000000
242.795000 35.387900 -5.974 -0.657 0.165 0.203 0.068928 20000 1.000000
242.610000 35.896700 -6.858 -2.821 0.182 0.225 0.057222 20000 1.000000
242.597000 35.697600 -5.639 -1.116 0.168 0.206 0.060696 20000 1.000000
243.111000 35.998200 -5.921 -2.729 0.176 0.21 0.061718 20000 1.000000
243.112000 35.710600 -6.225 -2.04 0.166 0.206 0.066484 20000 1.000000
243.290000 34.192500 -8.128 1.556 0.173 0.205 0.042745 20000 1.000000
243.463000 34.217200 -6.661 0.715 0.171 0.204 0.072540 20000 1.000000
243.788000 33.865800 -7.076 -0.622 0.168 0.202 0.075902 20000 1.000000
243.920000 33.959300 -6.601 -2.051 0.169 0.202 0.066087 20000 1.000000
239.772000 35.729200 -10.262 2.493 0.168 0.206 0.075912 20000 1.000000
243.971000 34.716900 -5.397 -3.395 0.174 0.209 0.036543 20000 1.000000
243.329000 34.936800 -6.259 -1.517 0.173 0.211 0.070073 20000 1.000000
242.063000 34.341100 -11.512 2.881 0.18 0.219 0.043365 20000 1.000000
243.120000 34.462100 -8.004 0.183 0.169 0.204 0.059904 20000 1.000000
244.179000 33.741000 -6.047 -2.296 0.178 0.213 0.073963 20000 1.000000
243.107000 34.062700 -9.062 1.631 0.184 0.222 0.038304 20000 1.000000
244.236000 34.425700 -5.365 -3.177 0.211 0.227 0.090639 20000 1.000000
244.350000 35.204800 -5.178 -3.302 0.173 0.208 0.043107 20000 1.000000
242.685000 34.187400 -9.675 2.769 0.171 0.208 0.111047 20000 1.000000
242.950000 34.196200 -8.095 2.892 0.203 0.213 0.134978 20000 1.000000
244.750000 34.731800 -5.145 -3.533 0.213 0.262 0.152645 20000 1.000000
243.237000 35.204600 -6.189 -1.964 0.168 0.205 0.069670 20000 1.000000
242.107000 35.424600 -7.302 -0.602 0.168 0.206 0.061740 20000 1.000000
243.428000 35.320600 -5.637 -2.615 0.168 0.206 0.053030 20000 1.000000
243.896000 35.141900 -5.868 -3.472 0.179 0.21 0.044725 20000 1.000000
243.878000 35.526000 -4.004 -2.769 0.171 0.21 0.055443 20000 1.000000
243.855000 35.785400 -5.207 -3.758 0.168 0.207 0.056361 20000 1.000000
244.456000 35.472800 -4.495 -3.176 0.169 0.21 0.071621 20000 1.000000
244.634000 35.163000 -4.948 -3.69 0.175 0.215 0.055804 20000 1.000000
245.401000 34.188900 -5.39 -3.606 0.173 0.209 0.075395 20000 1.000000
245.035000 34.844400 -4.875 -3.311 0.173 0.209 0.063489 20000 1.000000
244.762000 35.291100 -5.333 -3.428 0.169 0.206 0.063598 20000 1.000000
241.621000 37.973100 -5.875 -2.191 0.165 0.211 0.031683 20000 1.000000
241.000000 37.613000 -8.954 -1.517 0.171 0.212 0.015418 20000 1.000000
241.084000 37.605300 -6.226 -3.594 0.175 0.229 0.020191 20000 1.000000
240.914000 37.785700 -6.656 -0.469 0.218 0.258 -0.041969 20000 1.000000
240.967000 37.913500 -7.695 0.605 0.164 0.208 0.055682 20000 1.000000
240.974000 37.696600 -10.113 -0.008 0.198 0.232 0.183715 20000 1.000000
240.862000 37.839300 -7.185 -1.667 0.18 0.219 0.080369 20000 1.000000
240.853000 37.962800 -6.759 -0.807 0.166 0.207 0.056695 20000 1.000000
240.916000 37.914100 -6.799 -0.35 0.167 0.209 0.057973 20000 1.000000
241.056000 37.734300 -7.733 1.576 0.166 0.211 0.060830 20000 1.000000
241.131000 37.654600 -3.767 -3.081 0.167 0.213 0.058680 20000 1.000000
241.040000 37.891700 -5.818 0.56 0.182 0.224 0.043500 20000 1.000000
241.148000 37.878200 -4.868 0.536 0.166 0.209 0.048951 20000 1.000000
241.183000 37.591400 -5.248 -2.318 0.169 0.223 0.100968 20000 1.000000
241.302000 37.561600 -7.193 -2.717 0.171 0.232 0.024321 20000 1.000000
241.316000 37.495400 -5.396 -2.231 0.163 0.205 0.055381 20000 1.000000
241.406000 37.541300 -5.18 -2.092 0.166 0.21 0.058843 20000 1.000000
241.180000 37.677000 -2.476 -0.856 0.183 0.232 0.058634 20000 1.000000
241.232000 37.754400 -3.798 -0.28 0.193 0.253 0.120394 20000 1.000000
240.981000 37.800000 -8.687 0.594 0.168 0.212 0.088467 20000 1.000000
241.264000 37.903500 -4.758 -0.435 0.169 0.213 0.047982 20000 1.000000
241.445000 37.891300 -5.219 -0.755 0.177 0.216 0.120210 20000 1.000000
241.762000 37.589200 -5.588 -2.495 0.166 0.209 0.057347 20000 1.000000
241.528000 37.737500 -4.992 -1.822 0.173 0.216 0.083572 20000 1.000000
240.850000 38.057900 -6.988 -0.753 0.172 0.214 0.061387 20000 1.000000
237.706000 41.381200 -9.002 -2.052 0.174 0.223 0.109629 20000 1.000000
237.809000 41.479200 -8.739 -4.284 0.165 0.23 0.013674 20000 1.000000
237.687000 41.463600 -7.689 -2.299 0.169 0.232 0.004314 20000 1.000000
237.847000 41.531900 -6.811 -1.772 0.203 0.243 0.100853 20000 1.000000
246.132000 42.878900 -5.966 -4.222 0.164 0.221 0.046147 20000 1.000000
241.275000 37.380400 -4.041 -0.723 0.232 0.266 0.230442 20000 1.000000
241.439000 37.439500 -5.949 -1.921 0.179 0.219 0.063796 20000 1.000000
240.254000 37.088900 -7.636 -0.641 0.172 0.214 0.118451 20000 1.000000
241.853000 37.280500 -6.422 -2.542 0.168 0.211 0.077844 20000 1.000000
239.172000 41.359200 -6.257 -3.054 0.176 0.231 -0.013044 20000 1.000000
239.527000 41.332500 -6.164 -2.785 0.168 0.221 0.061795 20000 1.000000
235.587000 42.442000 -5.784 -1.248 0.166 0.228 -0.002250 20000 1.000000
235.707000 42.076600 -6.347 -1.674 0.172 0.225 0.066268 20000 1.000000
238.120000 42.579800 -6.04 -3.39 0.169 0.223 0.044119 20000 1.000000
237.390000 42.727100 -5.69 -3.037 0.241 0.294 0.219197 20000 1.000000
240.341000 42.546100 -5.923 -4.348 0.165 0.223 0.051830 20000 1.000000
242.275000 42.020200 -7.156 -4.606 0.167 0.222 0.056730 20000 1.000000
243.404000 33.598200 -10.037 2.416 0.25 0.311 -0.118553 20000 1.000000
243.397000 33.495500 -12.143 4.005 0.173 0.208 0.060333 20000 1.000000
244.492000 32.829400 -6.841 2.924 0.172 0.202 0.059303 20000 1.000000
238.928000 37.699000 -8.697 -2.845 0.172 0.217 0.036314 20000 1.000000
239.784000 35.693800 -11.105 2.39 0.188 0.224 0.096843 20000 1.000000
237.579000 41.830800 -5.035 -2.626 0.176 0.239 0.096790 20000 1.000000
236.019000 41.845500 -8.19 -2.897 0.184 0.272 -0.038065 20000 1.000000
238.521000 36.744300 -11.244 5.852 0.179 0.22 0.110496 20000 1.000000
239.528000 35.946600 -9.675 1.102 0.185 0.223 0.112344 20000 1.000000
239.485000 35.929100 -12.499 4.687 0.233 0.309 0.047210 20000 1.000000
236.427000 40.478800 -10.209 -1.907 0.198 0.262 0.255979 20000 1.000000
237.036000 39.845700 -8.004 -2.068 0.162 0.213 0.031309 20000 1.000000
243.852000 34.508100 -5.416 -2.383 0.167 0.202 0.065198 20000 1.000000
245.241000 32.497900 -4.396 -2.964 0.174 0.204 0.068010 20000 1.000000
243.407000 33.537300 -11.91 2.421 0.18 0.216 0.110158 20000 1.000000
241.651000 34.021700 -12.646 5.225 0.175 0.218 0.098804 20000 1.000000
241.379000 34.836000 -9.464 1.594 0.17 0.207 0.059458 20000 1.000000
241.983000 35.152400 -7.564 0.888 0.17 0.207 0.064999 20000 1.000000
241.983000 35.152500 -7.189 0.2 0.169 0.207 0.056350 20000 1.000000
243.936000 31.559100 -16.112 6.209 0.175 0.203 0.132053 20000 1.000000
238.728000 35.709000 -14.398 7.667 0.187 0.231 0.037951 20000 1.000000
242.077000 34.508200 -9.655 2.011 0.176 0.212 0.071857 20000 1.000000
244.450000 32.490100 -10.572 4.292 0.172 0.21 0.016169 20000 1.000000
242.305000 34.925400 -7.426 0.804 0.171 0.208 0.031265 20000 1.000000
244.116000 32.417000 -13.456 5.324 0.168 0.199 0.063354 20000 1.000000
239.522000 35.919900 -15.486 2.48 0.174 0.216 0.099852 20000 1.000000
242.818000 33.835700 -12.228 3.981 0.19 0.218 0.063167 20000 1.000000
243.506000 33.819200 -8.66 1.444 0.181 0.216 0.060389 20000 1.000000
242.193000 34.091800 -12.065 3.711 0.175 0.22 0.049219 20000 1.000000
244.165000 31.313100 -14.756 7.594 0.169 0.198 0.057293 20000 1.000000
244.543000 32.377900 -10.18 5.248 0.168 0.198 0.060910 20000 1.000000
241.596000 33.743300 -12.838 5.129 0.168 0.202 0.061878 20000 1.000000
241.628000 33.779500 -13.608 5.445 0.206 0.252 0.068166 20000 1.000000
238.863000 36.161100 -14.37 6.522 0.176 0.214 0.087332 20000 1.000000
241.755000 34.628700 -8.908 1.737 0.186 0.228 0.020781 20000 1.000000
239.056000 39.974600 -5.574 -0.301 0.178 0.23 0.023154 20000 1.000000
242.317000 35.338700 -6.528 0.186 0.168 0.206 0.067847 20000 1.000000
240.280000 34.500000 -15.045 4.344 0.17 0.208 0.046863 20000 1.000000
243.375000 34.643900 -7.424 -1.018 0.17 0.203 0.057148 20000 1.000000
241.974000 34.019100 -13.041 5.364 0.189 0.228 0.006397 20000 1.000000
242.445000 33.485800 -12.824 5.443 0.176 0.207 0.108384 20000 1.000000
239.475000 35.900000 -13.76 4.968 0.179 0.225 0.020983 20000 1.000000
241.807000 34.875100 -7.536 1.234 0.178 0.216 0.081614 20000 1.000000
240.816000 34.541500 -12.847 3.538 0.19 0.228 0.126049 20000 1.000000
244.877000 40.617200 -6.296 -4.542 0.168 0.224 0.069334 20000 1.000000
243.350000 36.316300 -6.485 -2.917 0.212 0.256 0.050158 20000 1.000000
238.442000 37.666500 -9.043 -1.261 0.168 0.212 0.039599 20000 1.000000
241.245000 34.459800 -12.96 3.744 0.19 0.235 0.069421 20000 1.000000
242.138000 34.205600 -11.84 3.417 0.213 0.225 -0.023544 20000 1.000000
239.775000 40.591700 -6.352 -1.671 0.172 0.229 0.044780 20000 1.000000
240.984000 41.868400 -6.119 -3.242 0.176 0.233 0.136975 20000 1.000000
243.701000 35.971300 -5.042 -3.255 0.177 0.212 0.023605 20000 1.000000
241.521000 34.438600 -13.282 3.513 0.195 0.241 0.049463 20000 1.000000
240.116000 39.314300 -4.718 -1.155 0.214 0.281 0.030155 20000 1.000000
244.022000 33.292200 -8.281 0.733 0.176 0.207 0.080953 20000 1.000000
240.476000 33.247900 -17.29 9.324 0.174 0.218 0.029011 20000 1.000000
240.936000 34.319900 -13.729 5.202 0.167 0.202 0.066696 20000 1.000000
241.354000 34.059300 -13.165 4.747 0.171 0.205 0.027410 20000 1.000000
242.151000 33.992700 -12.649 3.9 0.181 0.213 0.072331 20000 1.000000
239.935000 34.004300 -14.958 7.667 0.175 0.209 0.054350 20000 1.000000
239.640000 35.917400 -10.056 1.61 0.196 0.236 0.126854 20000 1.000000
241.585000 35.158200 -7.246 0.714 0.166 0.205 0.058378 20000 1.000000
243.923000 33.650600 -7.752 -0.049 0.174 0.21 0.102098 20000 1.000000
243.770000 36.934800 -5.798 -2.793 0.165 0.206 0.080651 20000 1.000000
239.867000 34.483500 -14.555 5.917 0.175 0.217 0.044459 20000 1.000000
243.839000 33.641200 -7.948 0.898 0.184 0.214 0.084089 20000 1.000000
242.951000 39.542200 -5.421 -3.793 0.174 0.219 0.141245 20000 1.000000
242.816000 38.097200 -6.057 -3.252 0.166 0.21 0.047552 20000 1.000000
241.669000 33.797800 -13.641 5.012 0.174 0.209 0.057312 20000 1.000000
241.163000 34.248000 -13.74 5.147 0.174 0.21 0.116362 20000 1.000000
235.849000 41.053900 -6.661 3.092 0.179 0.227 -0.009025 20000 1.000000
241.558000 34.069100 -13.101 5.444 0.188 0.215 0.107799 20000 1.000000
240.156000 34.413300 -15.07 5.915 0.193 0.218 -0.029666 20000 1.000000
241.198000 39.627100 -5.96 -3.005 0.172 0.222 0.069581 20000 1.000000
241.715000 34.024000 -13.517 4.329 0.241 0.278 0.161440 20000 1.000000
243.915000 33.030100 -12.37 4.144 0.171 0.204 0.068930 20000 1.000000
240.516000 34.851500 -11.733 3.694 0.182 0.221 0.066038 20000 1.000000
238.053000 38.394500 -9.308 -1.923 0.168 0.217 0.031642 20000 1.000000
241.780000 34.178600 -12.433 3.878 0.223 0.238 0.169075 20000 1.000000
241.486000 34.126400 -13.177 4.731 0.17 0.206 0.080546 20000 1.000000
241.516000 34.293200 -12.388 3.664 0.175 0.208 0.070410 20000 1.000000
239.384000 34.556300 -15.906 6.76 0.166 0.202 0.063885 20000 1.000000
241.879000 34.501500 -10.99 3.117 0.182 0.217 0.063342 20000 1.000000
241.706000 33.712600 -12.965 6.679 0.171 0.206 0.051555 20000 1.000000
242.807000 33.225000 -13.085 5.779 0.167 0.2 0.081156 20000 1.000000
241.346000 37.664300 -4.975 -0.925 0.37 0.484 0.067719 20000 1.000000
241.016000 35.010800 -10.129 2.489 0.189 0.229 0.038661 20000 1.000000
243.608000 33.934800 -7.316 0.221 0.209 0.246 0.026673 20000 1.000000
241.258000 34.568500 -12.093 2.91 0.183 0.22 0.183818 20000 1.000000
241.586000 34.259400 -12.541 3.796 0.198 0.244 0.034925 20000 1.000000
243.068000 34.669000 -7.561 0.461 0.186 0.223 -0.049227 20000 1.000000
241.572000 33.958200 -12.939 4.843 0.232 0.253 -0.259605 20000 1.000000
243.346000 33.955300 -8.952 0.925 0.174 0.206 0.043229 20000 1.000000
243.111000 35.425200 -6.136 -4.246 0.184 0.222 0.066073 20000 1.000000
243.920000 35.287000 -5.006 -2.873 0.173 0.211 0.066936 20000 1.000000
