242.907000 34.116400 -8.484 -0.149 0.246 0.265 -0.080867 20000 1.000000
243.571000 34.594300 -5.669 -0.428 0.175 0.215 0.015848 20000 1.000000
241.305000 34.824500 -8.232 2.046 0.192 0.235 0.046485 20000 1.000000
245.068000 36.319100 -3.762 -3.48 0.197 0.24 0.104793 20000 1.000000
242.103000 34.126000 -11.707 3.927 0.248 0.274 -0.065258 20000 1.000000
242.795000 40.412800 -5.314 -2.692 0.169 0.223 0.020707 20000 1.000000
240.970000 33.480500 -12.797 7.992 0.194 0.226 -0.012267 20000 1.000000
243.116000 34.264300 -8.365 0.856 0.195 0.239 0.060837 20000 1.000000
240.594000 34.920500 -9.981 3.429 0.179 0.216 0.023138 20000 1.000000
243.379000 37.039900 -5.018 -2.402 0.175 0.22 0.044164 20000 1.000000
244.002000 34.000500 -5.499 -0.922 0.172 0.208 0.019820 20000 1.000000
242.935000 33.578200 -11.415 5.078 0.178 0.211 0.017279 20000 1.000000
243.920000 35.287000 -5.087 -2.266 0.246 0.286 0.005767 20000 1.000000
245.285000 33.610400 -4.04 -2.707 0.173 0.207 0.048650 20000 1.000000
243.947000 34.251400 -4.724 -1.727 0.178 0.214 0.008660 20000 1.000000
243.015000 33.962700 -11.169 2.284 0.182 0.215 0.052726 20000 1.000000
241.723000 34.184900 -10.865 4.916 0.213 0.249 0.020435 20000 1.000000
242.988000 34.918600 -6.763 0.196 0.175 0.215 0.036066 20000 1.000000
243.128000 36.917600 -4.969 -3.184 0.192 0.23 0.077240 20000 1.000000
242.156000 42.779500 -3.214 -2.238 0.172 0.236 0.023260 20000 1.000000
240.653000 35.157300 -9.23 1.429 0.174 0.216 0.030091 20000 1.000000
235.437000 42.836100 -0.353 -0.35 0.174 0.236 -0.023314 20000 1.000000
244.010000 33.655100 -6.216 -0.381 0.178 0.213 0.062025 20000 1.000000
239.566000 35.939400 -6.656 2.38 0.226 0.268 -0.060686 20000 1.000000
239.569000 35.888400 -11.153 6.525 0.186 0.224 -0.002890 20000 1.000000
241.666000 33.311600 -13.093 8.254 0.171 0.207 0.023736 20000 1.000000
241.517000 33.445800 -12.201 7.883 0.176 0.213 -0.009235 20000 1.000000
241.370000 34.138600 -12.605 6.018 0.195 0.232 0.092749 20000 1.000000
242.329000 35.565300 -6.959 -0.029 0.178 0.219 0.023834 20000 1.000000
241.789000 33.876300 -10.708 5.834 0.266 0.315 0.104147 20000 1.000000
240.987000 34.806400 -9.914 1.609 0.277 0.356 -0.105901 20000 1.000000
243.664000 34.829500 -4.541 -2.289 0.185 0.218 0.013911 20000 1.000000
242.035000 34.244000 -11.422 3.859 0.205 0.257 -0.104812 20000 1.000000
237.881000 37.724100 -7.498 0.033 0.194 0.242 -0.026599 20000 1.000000
241.974000 34.333400 -12.141 4.72 0.203 0.241 0.053630 20000 1.000000
243.234000 36.746500 -3.633 -2.791 0.192 0.231 0.094577 20000 1.000000
242.172000 34.640500 -15.319 7.256 0.203 0.241 -0.071589 20000 1.000000
241.063000 34.109600 -11.957 7.001 0.186 0.237 0.042610 20000 1.000000
241.873000 34.136700 -12.211 5.1 0.172 0.207 0.052028 20000 1.000000
242.521000 34.313800 -10.183 1.669 0.217 0.256 0.152658 20000 1.000000
242.291000 34.109900 -10.578 3.768 0.2 0.238 0.011496 20000 1.000000
245.126000 40.558400 -5.144 -2.553 0.185 0.228 0.074100 20000 1.000000
240.120000 34.414900 -12.862 6.998 0.176 0.215 -0.021709 20000 1.000000
242.427000 35.071700 -6.891 1.033 0.178 0.216 0.056857 20000 1.000000
243.431000 36.807700 -4.814 -3.611 0.216 0.254 0.109207 20000 1.000000
239.249000 35.791600 -11.605 7.272 0.179 0.222 -0.038518 20000 1.000000
242.900000 34.039100 -9.55 4.601 0.175 0.209 0.065847 20000 1.000000
244.265000 33.069800 -8.084 2.774 0.179 0.213 0.032168 20000 1.000000
240.961000 34.168400 -11.74 6.4 0.172 0.21 0.017922 20000 1.000000
241.743000 33.861500 -12.831 5.616 0.176 0.215 0.049013 20000 1.000000
241.476000 34.253600 -9.739 7.852 0.456 0.479 0.061042 20000 1.000000
240.629000 34.408100 -12.928 5.853 0.193 0.239 -0.015279 20000 1.000000
241.387000 34.516500 -11.013 3.444 0.177 0.214 -0.005677 20000 1.000000
243.630000 34.124100 -6.05 0.248 0.185 0.22 -0.003396 20000 1.000000
242.098000 34.082000 -10.966 4.337 0.201 0.239 -0.027727 20000 1.000000
244.212000 33.389800 -7.912 0.164 0.177 0.21 0.050673 20000 1.000000
242.140000 34.413400 -9.182 3.143 0.182 0.232 0.040636 20000 1.000000
241.874000 33.938000 -12.265 4.262 0.198 0.25 0.013171 20000 1.000000
242.588000 33.647700 -11.347 6.268 0.17 0.206 0.025728 20000 1.000000
241.170000 34.946200 -8.672 0.862 0.182 0.223 0.008817 20000 1.000000
245.061000 39.345200 -4.723 -2.141 0.179 0.228 0.030939 20000 1.000000
244.183000 40.914700 -5.737 -2.656 0.169 0.224 0.032808 20000 1.000000
242.474000 34.104200 -10.36 4.432 0.191 0.232 0.017035 20000 1.000000
239.991000 34.733000 -12.753 6.615 0.174 0.211 0.036457 20000 1.000000
241.116000 34.356300 -12.276 6.219 0.172 0.209 0.018282 20000 1.000000
246.195000 39.369400 -5.221 -2.363 0.176 0.224 0.034805 20000 1.000000
241.641000 34.080600 -9.647 6.038 0.21 0.254 -0.021482 20000 1.000000
241.107000 34.800200 -11.274 3.119 0.215 0.262 0.081818 20000 1.000000
240.644000 40.416500 -5.429 -1.867 0.192 0.253 -0.017964 20000 1.000000
240.136000 35.189400 -10.86 4.859 0.178 0.223 0.033413 20000 1.000000
244.479000 33.274800 -5.582 -2.751 0.18 0.213 0.022638 20000 1.000000
245.173000 33.051100 -4.877 -2.241 0.231 0.257 -0.065855 20000 1.000000
244.340000 34.784000 -4.546 -1.831 0.195 0.242 -0.003982 20000 1.000000
245.810000 34.308600 -4.337 -1.901 0.187 0.222 0.042260 20000 1.000000
243.111000 35.425200 -5.339 1.507 0.182 0.221 0.044352 20000 1.000000
245.820000 40.640200 -5.03 -2.851 0.171 0.223 0.043225 20000 1.000000
239.584000 36.399000 -6.595 -0.581 0.202 0.241 -0.020224 20000 1.000000
241.887000 34.047400 -11.832 4.167 0.179 0.216 0.060369 20000 1.000000
239.318000 34.469400 -12.29 7.673 0.172 0.208 0.046839 20000 1.000000
243.570000 34.754800 -5.922 0.221 0.174 0.212 0.036090 20000 1.000000
238.530000 40.815900 -7.743 -2.697 0.169 0.225 0.007687 20000 1.000000
244.365000 33.705000 -5.127 -1.836 0.187 0.231 0.007583 20000 1.000000
239.520000 35.866700 -11.147 6.813 0.189 0.234 0.043386 20000 1.000000
242.155000 34.458200 -9.616 0.977 0.177 0.216 0.039116 20000 1.000000
239.598000 35.880800 -7.798 2.315 0.181 0.223 0.083585 20000 1.000000
240.812000 34.441200 -12.142 4.482 0.181 0.221 0.016458 20000 1.000000
244.089000 34.727300 -4.389 -2.415 0.175 0.215 0.040463 20000 1.000000
244.855000 34.157600 -5.039 -2.284 0.175 0.214 0.064271 20000 1.000000
241.526000 35.662300 -6.884 -0.255 0.186 0.231 -0.035061 20000 1.000000
243.901000 36.458800 -4.534 -3.024 0.196 0.239 0.148755 20000 1.000000
240.992000 34.398500 -13.09 5.065 0.18 0.219 0.015557 20000 1.000000
243.827000 33.925400 -5.647 -0.27 0.178 0.211 0.062724 20000 1.000000
241.694000 33.927900 -12.091 5.341 0.186 0.22 0.050279 20000 1.000000
243.692000 36.745900 -4.394 -2.733 0.196 0.234 0.073712 20000 1.000000
242.165000 34.485500 -9.064 2.374 0.176 0.214 0.037340 20000 1.000000
243.060000 35.090200 -6.136 -0.603 0.175 0.212 0.030103 20000 1.000000
242.246000 34.133300 -10.982 4.457 0.175 0.211 0.044914 20000 1.000000
239.406000 35.828700 -11.124 7.375 0.175 0.218 0.030794 20000 1.000000
240.896000 34.733600 -11.067 2.759 0.187 0.232 0.026193 20000 1.000000
239.557000 35.832600 -11.135 6.39 0.171 0.213 0.007846 20000 1.000000
242.563000 33.856800 -11.35 4.818 0.174 0.209 0.013188 20000 1.000000
238.778000 42.418300 -5.408 -2.363 0.216 0.298 -0.018249 20000 1.000000
239.241000 36.186900 -6.64 2.412 0.176 0.217 0.058983 20000 1.000000
239.233000 36.180500 -12.531 8.195 0.193 0.241 0.018875 20000 1.000000
244.021000 36.632500 -4.607 -2.695 0.185 0.23 0.111459 20000 1.000000
239.649000 34.038300 -13.027 9.024 0.176 0.215 -0.027275 20000 1.000000
243.904000 40.148400 -5.116 -3.053 0.175 0.231 -0.027410 20000 1.000000
242.682000 33.918400 -10.219 4.775 0.178 0.212 0.033297 20000 1.000000
239.566000 35.969500 -6.763 1.245 0.297 0.35 -0.042045 20000 1.000000
244.588000 40.710700 -5.509 -3.198 0.175 0.239 0.019519 20000 1.000000
241.122000 34.295500 -12.039 6.626 0.189 0.223 -0.033783 20000 1.000000
242.790000 34.230800 -8.777 1.746 0.208 0.234 0.148951 20000 1.000000
245.381000 34.767700 -4.465 -2.726 0.179 0.219 0.027901 20000 1.000000
242.491000 39.685600 -5.165 -3.21 0.176 0.227 0.011894 20000 1.000000
240.859000 34.498700 -12.698 4.316 0.171 0.209 0.007038 20000 1.000000
243.932000 34.141000 -5.505 -1.89 0.175 0.212 0.045327 20000 1.000000
244.082000 34.369900 -4.697 -1.847 0.182 0.22 -0.012996 20000 1.000000
243.695000 34.427700 -5.201 -0.67 0.178 0.217 -0.013449 20000 1.000000
243.708000 34.533000 -5.329 -1.572 0.18 0.215 0.017109 20000 1.000000
243.185000 34.674900 -6.775 -0.044 0.172 0.21 0.027288 20000 1.000000
241.793000 34.128800 -11.796 4.892 0.176 0.214 0.034496 20000 1.000000
240.647000 34.683400 -11.859 3.787 0.194 0.233 -0.003633 20000 1.000000
242.814000 39.521100 -4.883 -3.048 0.173 0.224 0.026632 20000 1.000000
245.995000 32.722500 -5.435 -2.088 0.178 0.211 0.062321 20000 1.000000
244.721000 39.910200 -5.389 -3.065 0.191 0.232 0.032701 20000 1.000000
245.543000 36.154200 -5.194 -2.185 0.174 0.214 0.028529 20000 1.000000
245.180000 41.724200 -5.2 -2.691 0.171 0.227 0.006162 20000 1.000000
242.670000 41.428700 -4.876 -2.806 0.171 0.229 0.038937 20000 1.000000
242.935000 42.981700 -4.239 -2.719 0.168 0.229 0.021068 20000 1.000000
235.925000 40.876300 -2.494 1.271 0.221 0.269 0.029242 20000 1.000000
236.274000 38.928300 -10.327 8.389 0.184 0.238 -0.004592 20000 1.000000
237.585000 40.997600 -6.608 -2.864 0.199 0.269 -0.093837 20000 1.000000
235.986000 42.967400 -0.9 -1.323 0.174 0.242 0.025892 20000 1.000000
243.830000 32.616500 -13.372 6.276 0.174 0.207 0.017243 20000 1.000000
238.997000 35.551800 -12.253 9.473 0.174 0.215 0.021717 20000 1.000000
242.015000 39.305600 -5.574 -2.51 0.175 0.232 -0.004914 20000 1.000000
242.395000 39.287900 -5.471 -2.654 0.175 0.223 0.023581 20000 1.000000
243.576000 39.500500 -4.847 -2.706 0.17 0.226 0.053531 20000 1.000000
243.950000 39.546400 -5.049 -3.366 0.175 0.223 0.050959 20000 1.000000
244.111000 39.374200 -5.416 -2.843 0.171 0.221 0.045146 20000 1.000000
244.487000 39.536100 -4.766 -2.603 0.172 0.225 0.029981 20000 1.000000
244.568000 39.388600 -3.995 -2.361 0.167 0.217 0.031073 20000 1.000000
242.120000 40.433400 -5.678 -2.845 0.173 0.226 0.055026 20000 1.000000
245.308000 39.255200 -4.566 -2.46 0.177 0.223 0.076683 20000 1.000000
245.723000 39.119400 -5.234 -2.718 0.174 0.228 0.039431 20000 1.000000
246.129000 39.067300 -5.101 -3.096 0.171 0.222 0.025734 20000 1.000000
246.495000 39.268900 -5.011 -2.356 0.17 0.223 0.045357 20000 1.000000
242.532000 40.320600 -4.515 -2.342 0.178 0.229 -0.022045 20000 1.000000
246.946000 40.494000 -4.704 -2.537 0.17 0.223 0.055635 20000 1.000000
243.264000 40.495500 -4.866 -3.317 0.179 0.231 -0.007687 20000 1.000000
243.721000 40.363200 -5.441 -3.22 0.169 0.223 0.045117 20000 1.000000
240.200000 39.572800 -7.982 -2.081 0.171 0.224 0.020556 20000 1.000000
242.469000 36.614300 -5.469 -1.877 0.171 0.213 0.024783 20000 1.000000
242.593000 36.804200 -5.456 -3.093 0.167 0.212 0.027735 20000 1.000000
242.006000 36.606000 -5.727 -1.232 0.179 0.22 0.102533 20000 1.000000
242.296000 37.200800 -5.021 -2.362 0.172 0.217 0.036444 20000 1.000000
240.463000 39.698400 -6.801 -3.318 0.178 0.232 0.027438 20000 1.000000
240.694000 39.795600 -6.137 -3.172 0.179 0.236 0.073173 20000 1.000000
241.126000 39.838800 -6.232 -2.787 0.181 0.232 -0.021900 20000 1.000000
241.316000 39.888900 -6.063 -1.962 0.174 0.227 0.015375 20000 1.000000
241.841000 39.212300 -5.469 -1.926 0.167 0.217 0.030980 20000 1.000000
246.706000 41.856800 -5.363 -2.537 0.179 0.239 0.069325 20000 1.000000
246.958000 39.345100 -5.009 -2.268 0.177 0.226 0.041849 20000 1.000000
246.988000 41.817300 -4.066 -2.722 0.171 0.228 0.034034 20000 1.000000
246.722000 40.671300 -4.881 -2.472 0.173 0.228 0.023130 20000 1.000000
240.400000 39.499200 -7.259 -2.457 0.189 0.232 0.062989 20000 1.000000
240.931000 39.486100 -6.314 -2.529 0.175 0.226 0.019329 20000 1.000000
241.550000 39.133900 -5.848 -2.192 0.171 0.222 0.038326 20000 1.000000
241.062000 39.268000 -6.337 -2.524 0.173 0.224 0.012228 20000 1.000000
241.649000 39.454700 -6.019 -2.509 0.172 0.224 0.070289 20000 1.000000
241.995000 38.728800 -5.508 -2.412 0.173 0.221 0.031866 20000 1.000000
241.540000 38.724600 -6.063 -3.559 0.172 0.223 0.022386 20000 1.000000
241.070000 38.980900 -6.41 -2.726 0.167 0.221 0.025799 20000 1.000000
240.541000 38.761400 -6.297 -1.572 0.179 0.227 -0.047438 20000 1.000000
240.523000 40.779800 -6.599 -3.091 0.186 0.236 0.088049 20000 1.000000
240.990000 40.242200 -5.014 -2.767 0.19 0.233 -0.044887 20000 1.000000
240.278000 39.908200 -7.872 -3.342 0.173 0.227 0.064690 20000 1.000000
239.307000 38.829200 -5.504 -0.373 0.229 0.271 0.108158 20000 1.000000
239.614000 39.046600 -7.297 -0.411 0.194 0.243 -0.059863 20000 1.000000
239.107000 39.466700 -6.791 -1.51 0.185 0.233 0.106835 20000 1.000000
240.376000 41.357700 -5.483 -2.405 0.202 0.264 0.016301 20000 1.000000
239.716000 39.937400 -7.232 -1.755 0.166 0.219 0.015106 20000 1.000000
239.194000 40.418600 -6.721 -3.539 0.178 0.225 -0.000039 20000 1.000000
239.923000 40.288900 -6.816 -2.331 0.172 0.227 0.037813 20000 1.000000
235.692000 40.247500 -9.438 7.666 0.261 0.349 0.001005 20000 1.000000
235.867000 40.551300 -3.347 2.597 0.171 0.226 -0.011324 20000 1.000000
235.787000 40.637400 -1.69 3.531 0.19 0.242 -0.028421 20000 1.000000
235.943000 40.219600 -8 3.036 0.173 0.228 0.025923 20000 1.000000
236.307000 40.119300 -9.188 1.274 0.179 0.242 0.044980 20000 1.000000
238.207000 36.485500 -13.297 6.259 0.169 0.212 0.007983 20000 1.000000
238.710000 35.945700 -13.39 7.804 0.176 0.22 0.061540 20000 1.000000
238.949000 36.302100 -12.327 7.977 0.171 0.215 0.018091 20000 1.000000
238.865000 36.425900 -12.09 7.64 0.173 0.218 0.033336 20000 1.000000
237.668000 37.534500 -11.235 5.513 0.19 0.226 -0.051630 20000 1.000000
237.623000 37.914500 -9.623 4.34 0.177 0.226 0.002417 20000 1.000000
236.819000 38.495000 -9.35 6.758 0.173 0.226 -0.054808 20000 1.000000
236.291000 39.117200 -9.78 6.436 0.182 0.236 -0.007066 20000 1.000000
236.652000 38.987400 -9.069 4.426 0.179 0.229 0.072431 20000 1.000000
236.796000 39.242000 -8.092 2.146 0.17 0.223 0.013385 20000 1.000000
236.368000 42.275400 -2.008 -0.461 0.179 0.242 0.011910 20000 1.000000
236.895000 39.319700 -7.82 1.458 0.177 0.228 0.023044 20000 1.000000
237.041000 38.664700 -8.46 4.75 0.182 0.254 0.002013 20000 1.000000
237.233000 38.428600 -6.069 4.911 0.171 0.221 0.008112 20000 1.000000
237.548000 38.239800 -7.303 1.894 0.173 0.223 0.002684 20000 1.000000
237.083000 38.866100 -6.686 1.484 0.167 0.217 -0.000116 20000 1.000000
237.037000 39.398100 -6.921 -3.468 0.193 0.242 -0.017349 20000 1.000000
237.424000 38.777800 -7.125 -0.17 0.181 0.24 -0.009156 20000 1.000000
237.281000 39.260000 -6.839 -0.713 0.169 0.221 0.029946 20000 1.000000
237.696000 39.109300 -7.076 -1.923 0.176 0.228 0.003753 20000 1.000000
237.873000 37.069200 -11.987 9.183 0.193 0.245 0.131259 20000 1.000000
238.137000 36.962000 -11.773 7.042 0.195 0.233 -0.033400 20000 1.000000
238.009000 37.201700 -10.205 5.753 0.198 0.242 -0.067663 20000 1.000000
238.203000 37.001000 -9.776 6.603 0.313 0.35 0.095539 20000 1.000000
238.274000 37.002400 -9.972 4.816 0.182 0.238 0.027905 20000 1.000000
238.349000 37.104500 -9.893 4.451 0.19 0.234 -0.053746 20000 1.000000
238.286000 37.203500 -8.946 4.952 0.177 0.221 0.055183 20000 1.000000
237.786000 37.329900 -8.667 7.391 0.17 0.217 0.018348 20000 1.000000
237.901000 37.336900 -11.572 4.662 0.175 0.23 0.008599 20000 1.000000
237.900000 37.722000 -8.267 2.415 0.171 0.216 0.002383 20000 1.000000
237.781000 37.863900 -6.918 4.667 0.17 0.219 -0.028910 20000 1.000000
237.942000 37.713900 -7.62 1.959 0.179 0.226 -0.019075 20000 1.000000
238.174000 37.336800 -5.869 5.359 0.197 0.252 0.017878 20000 1.000000
238.210000 37.533000 -6.059 1.023 0.17 0.217 0.017580 20000 1.000000
238.313000 37.601800 -6.252 -1.196 0.221 0.28 0.060935 20000 1.000000
238.022000 37.749400 -8.831 2.766 0.355 0.393 0.001822 20000 1.000000
238.214000 37.819000 -6.364 -0.365 0.174 0.221 0.003675 20000 1.000000
238.095000 36.621700 -11.093 4.642 0.174 0.219 0.003919 20000 1.000000
238.421000 36.724000 -11.724 7.862 0.172 0.217 0.001041 20000 1.000000
238.580000 36.800400 -8.83 4.102 0.171 0.215 -0.000605 20000 1.000000
238.409000 36.858500 -11.847 6.537 0.173 0.218 -0.008743 20000 1.000000
238.459000 36.814300 -11.441 7.367 0.176 0.219 0.019637 20000 1.000000
238.445000 36.903500 -10.011 4.868 0.175 0.217 -0.009278 20000 1.000000
238.613000 36.637000 -10.814 7.076 0.18 0.226 -0.035513 20000 1.000000
238.458000 37.007800 -10.215 3.262 0.171 0.215 0.012240 20000 1.000000
238.426000 37.213000 -8.216 -0.097 0.171 0.215 0.006539 20000 1.000000
238.665000 36.918200 -6.662 0.205 0.17 0.215 0.014097 20000 1.000000
238.645000 37.010800 -6.627 -0.642 0.182 0.228 -0.019817 20000 1.000000
240.294000 37.713100 -5.614 1.849 0.179 0.226 -0.003474 20000 1.000000
238.812000 36.559500 -12.445 6.514 0.169 0.213 0.003692 20000 1.000000
238.131000 37.975600 -6.503 -0.113 0.172 0.219 0.021400 20000 1.000000
238.936000 36.611600 -5.91 -0.087 0.168 0.212 0.009498 20000 1.000000
238.732000 36.950000 -6.628 0.115 0.176 0.221 0.041627 20000 1.000000
238.652000 36.811400 -6.476 1.194 0.173 0.218 0.007302 20000 1.000000
238.942000 37.169600 -7.055 -0.644 0.177 0.223 0.026112 20000 1.000000
238.347000 37.478400 -6.455 -0.24 0.184 0.233 -0.003076 20000 1.000000
238.531000 37.489600 -6.436 -0.213 0.168 0.215 0.005614 20000 1.000000
238.675000 37.581900 -7.157 -2.16 0.173 0.222 0.000686 20000 1.000000
238.395000 37.932000 -5.768 -0.334 0.171 0.219 0.010119 20000 1.000000
238.536000 37.755300 -8.032 0.091 0.172 0.22 0.002623 20000 1.000000
238.717000 37.385400 -6.177 -1.131 0.175 0.225 0.013709 20000 1.000000
237.782000 38.153000 2.06 -5.721 0.207 0.265 -0.011709 20000 1.000000
237.904000 38.025100 -7.185 1.464 0.173 0.223 -0.035124 20000 1.000000
237.805000 38.444200 -6.951 -0.005 0.18 0.242 0.014305 20000 1.000000
237.645000 38.999500 -6.577 -2.061 0.207 0.235 0.090740 20000 1.000000
238.905000 38.645300 -6.837 -1.318 0.169 0.218 0.015007 20000 1.000000
239.652000 35.544100 -11.235 5.913 0.175 0.217 0.015747 20000 1.000000
239.611000 35.841100 -11.696 6.98 0.176 0.217 -0.004679 20000 1.000000
239.655000 35.837800 -7.53 2.562 0.176 0.22 0.003505 20000 1.000000
239.715000 35.806700 -7.527 2.223 0.181 0.224 -0.000786 20000 1.000000
239.093000 35.933300 -12.344 6.164 0.171 0.214 0.006688 20000 1.000000
239.019000 36.417200 -6.928 1.264 0.172 0.218 0.024378 20000 1.000000
239.147000 36.515900 -7.269 -1.66 0.176 0.224 0.008157 20000 1.000000
239.302000 36.024800 -12.298 7.739 0.171 0.218 0.010065 20000 1.000000
239.121000 36.140200 -12.412 7.279 0.172 0.213 0.004235 20000 1.000000
239.251000 36.106800 -13.275 7.587 0.168 0.211 0.012568 20000 1.000000
239.272000 36.178900 -5.721 0.703 0.168 0.211 0.008342 20000 1.000000
239.355000 35.922800 -11.792 8.116 0.17 0.213 -0.000155 20000 1.000000
239.525000 36.007500 -7.971 1.973 0.183 0.223 0.040629 20000 1.000000
239.457000 36.089400 -6.558 -0.709 0.17 0.212 0.016750 20000 1.000000
239.560000 36.123200 -6.624 1.781 0.169 0.212 0.012242 20000 1.000000
239.158000 35.697100 -11.672 7.573 0.175 0.213 0.048579 20000 1.000000
239.637000 36.051700 -6.476 0.282 0.172 0.212 0.012391 20000 1.000000
239.448000 35.974100 -11.798 7.44 0.187 0.223 -0.030825 20000 1.000000
239.706000 36.015800 -6.567 0.473 0.171 0.214 0.006484 20000 1.000000
239.723000 36.304400 -7.28 -0.294 0.179 0.222 -0.007702 20000 1.000000
239.257000 36.806300 -7.191 -0.035 0.171 0.217 0.010795 20000 1.000000
239.803000 37.352200 -6.191 -0.12 0.179 0.229 0.010387 20000 1.000000
239.356000 37.795200 -6.154 -0.46 0.185 0.233 0.002871 20000 1.000000
240.160000 37.901100 -7.831 -1.412 0.189 0.229 -0.079161 20000 1.000000
239.049000 38.090000 -7.278 -0.819 0.175 0.223 0.000654 20000 1.000000
239.666000 38.735600 -7.621 -1.73 0.177 0.221 0.028886 20000 1.000000
241.480000 37.177600 -8.344 -1.9 0.168 0.213 0.026125 20000 1.000000
236.283000 39.863600 -9.679 2.556 0.207 0.262 -0.071199 20000 1.000000
236.448000 39.905700 -8.191 1.326 0.188 0.255 0.010381 20000 1.000000
236.628000 39.452400 -8.231 0.661 0.17 0.221 0.000054 20000 1.000000
236.705000 39.707100 -9.297 -0.852 0.178 0.232 -0.054010 20000 1.000000
236.813000 39.492800 -8.866 0.054 0.188 0.263 0.036486 20000 1.000000
236.817000 39.962100 -7.944 -2.914 0.169 0.224 -0.037796 20000 1.000000
236.344000 40.256800 -7.121 0.149 0.17 0.227 0.017008 20000 1.000000
236.117000 41.151700 -2.05 0.264 0.171 0.228 0.016085 20000 1.000000
236.301000 40.575300 -6.403 -1.355 0.177 0.232 0.061285 20000 1.000000
236.427000 40.478900 -6.04 -1.763 0.205 0.277 0.205292 20000 1.000000
236.548000 40.082200 -8.055 -0.446 0.168 0.221 0.009148 20000 1.000000
236.864000 40.324100 -8.737 -2.172 0.168 0.222 0.000164 20000 1.000000
236.676000 40.732900 -7.552 -0.938 0.168 0.224 -0.020015 20000 1.000000
236.826000 40.546700 -7.255 -1.979 0.172 0.228 -0.012785 20000 1.000000
237.024000 39.621400 -6.96 -0.826 0.232 0.286 0.027978 20000 1.000000
237.264000 39.493600 -5.259 0.058 0.168 0.218 -0.001335 20000 1.000000
237.126000 39.726200 -6.568 -3.361 0.177 0.233 0.063281 20000 1.000000
237.077000 40.747600 -6.14 -2.176 0.176 0.232 -0.011293 20000 1.000000
237.332000 40.034100 -6.967 -3.059 0.171 0.224 -0.010909 20000 1.000000
237.393000 40.650700 -7.528 -3.213 0.177 0.238 -0.036971 20000 1.000000
236.666000 40.887100 -6.206 -1 0.166 0.222 -0.000983 20000 1.000000
237.729000 40.271200 -6.864 -1.794 0.194 0.254 -0.039563 20000 1.000000
239.132000 39.794700 -6.069 -1.2 0.17 0.228 -0.013099 20000 1.000000
239.052000 41.183300 -5.651 -3.006 0.171 0.23 0.005152 20000 1.000000
237.681000 40.731100 -7.943 -2.17 0.201 0.244 0.001658 20000 1.000000
235.774000 42.209100 0.977 -1.202 0.173 0.227 -0.010463 20000 1.000000
235.946000 42.860100 -1.037 -0.935 0.194 0.257 0.068589 20000 1.000000
236.617000 42.503500 -2.587 -0.967 0.171 0.234 0.012183 20000 1.000000
237.344000 42.191000 -3.191 -2.421 0.175 0.238 -0.022492 20000 1.000000
238.220000 42.259700 -6.256 -2.34 0.171 0.227 0.001868 20000 1.000000
239.622000 42.468800 -5.14 -3.538 0.173 0.236 -0.013577 20000 1.000000
241.588000 42.254600 -4.02 -2.549 0.209 0.283 0.020436 20000 1.000000
243.371000 36.071300 -5.117 -2.593 0.181 0.229 0.082987 20000 1.000000
242.835000 36.022500 -5.466 -1.324 0.182 0.217 0.010231 20000 1.000000
242.590000 36.159000 -6.062 -1.854 0.183 0.226 0.074218 20000 1.000000
241.868000 36.466800 -8.714 1.138 0.194 0.244 -0.179164 20000 1.000000
242.211000 36.531200 -6.126 -1.721 0.175 0.22 0.011868 20000 1.000000
241.909000 36.570200 -7.176 -0.863 0.193 0.228 -0.031339 20000 1.000000
241.882000 36.975700 -6.855 -1.393 0.168 0.213 0.023308 20000 1.000000
242.064000 37.231400 -5.707 -2.383 0.176 0.219 0.074312 20000 1.000000
242.606000 34.462400 -8.043 1.518 0.182 0.217 0.017774 20000 1.000000
242.459000 33.562100 -11.93 5.563 0.173 0.209 0.046325 20000 1.000000
242.895000 32.889200 -12.413 6.259 0.174 0.207 0.008634 20000 1.000000
243.050000 32.733800 -11.809 6.413 0.17 0.204 0.022328 20000 1.000000
242.756000 32.666400 -12.694 6.682 0.185 0.214 0.096288 20000 1.000000
242.810000 33.439600 -12.156 5.288 0.171 0.207 0.023024 20000 1.000000
242.928000 33.235700 -11.598 5.232 0.181 0.211 0.060320 20000 1.000000
243.217000 33.493300 -11.307 4.974 0.171 0.207 0.023662 20000 1.000000
243.651000 32.976000 -11.522 6.118 0.176 0.211 0.037885 20000 1.000000
243.989000 32.822200 -10.881 5.605 0.176 0.209 -0.010132 20000 1.000000
243.329000 33.240200 -11.06 5.374 0.181 0.214 0.032617 20000 1.000000
243.431000 33.059200 -11.408 5.87 0.171 0.205 0.021960 20000 1.000000
243.379000 33.375600 -10.649 4.838 0.176 0.211 0.060642 20000 1.000000
243.591000 33.210200 -11.565 4.48 0.188 0.225 0.043252 20000 1.000000
243.817000 33.213500 -10.577 3.836 0.173 0.207 0.028195 20000 1.000000
243.921000 33.201000 -10.174 3.241 0.173 0.207 0.034603 20000 1.000000
243.888000 33.296200 -9.293 1.604 0.177 0.213 -0.023758 20000 1.000000
243.574000 33.523500 -9.006 2.694 0.182 0.212 0.098155 20000 1.000000
243.773000 33.574700 -8.294 1.92 0.179 0.221 0.059075 20000 1.000000
244.031000 32.887000 -12.204 4.41 0.178 0.211 0.022892 20000 1.000000
244.175000 32.954700 -10.788 5.008 0.173 0.206 0.027024 20000 1.000000
244.268000 32.759700 -12.294 5.267 0.185 0.217 0.040003 20000 1.000000
244.404000 32.750600 -12.085 6.524 0.18 0.211 0.020638 20000 1.000000
244.423000 32.834700 -8.878 4.913 0.18 0.213 0.029572 20000 1.000000
244.430000 32.898400 -9.037 4.173 0.181 0.213 0.043887 20000 1.000000
244.700000 32.690000 -4.845 0.141 0.173 0.206 0.031809 20000 1.000000
244.602000 32.875800 -4.259 -0.829 0.18 0.214 0.043979 20000 1.000000
244.578000 32.982500 -5.033 -1.319 0.181 0.218 0.067609 20000 1.000000
244.280000 32.948900 -9.723 3.999 0.178 0.21 0.026729 20000 1.000000
244.234000 33.516400 -6.566 -1.749 0.18 0.215 0.084230 20000 1.000000
244.313000 33.423900 -6.041 -2.067 0.181 0.216 0.067193 20000 1.000000
244.571000 33.247800 -5.179 -1.782 0.179 0.213 0.019377 20000 1.000000
244.657000 33.143600 -4.163 -2.206 0.178 0.214 -0.023567 20000 1.000000
244.704000 33.886900 -4.305 -2.367 0.184 0.215 0.033421 20000 1.000000
240.305000 37.562600 -9.312 -2.924 0.186 0.223 0.106504 20000 1.000000
239.350000 34.907300 -12.391 9.109 0.169 0.208 0.009052 20000 1.000000
239.590000 35.010700 -13.234 7.438 0.177 0.215 0.011069 20000 1.000000
239.760000 34.870600 -13.026 7.12 0.172 0.211 0.026755 20000 1.000000
239.617000 35.106200 -12.915 7.214 0.18 0.219 0.076757 20000 1.000000
241.822000 34.376400 -10.507 4.158 0.173 0.211 0.020694 20000 1.000000
239.925000 35.020000 -11.771 4.956 0.17 0.209 0.009324 20000 1.000000
240.208000 34.507800 -13.059 6.905 0.175 0.209 0.010599 20000 1.000000
240.384000 34.630500 -12.957 5.327 0.169 0.207 0.015044 20000 1.000000
240.185000 34.888600 -10.653 7.132 0.17 0.209 0.018969 20000 1.000000
240.464000 35.086600 -9.103 3.46 0.17 0.21 0.018648 20000 1.000000
239.192000 35.425800 -12.572 7.91 0.171 0.212 -0.005615 20000 1.000000
239.455000 35.327800 -12.36 7.467 0.176 0.218 0.062475 20000 1.000000
239.646000 35.440500 -12.212 5.396 0.172 0.212 0.001783 20000 1.000000
239.520000 35.624800 -13.188 4.845 0.177 0.222 0.011777 20000 1.000000
239.463000 35.792700 -11.135 7.463 0.173 0.216 0.023886 20000 1.000000
239.733000 35.633800 -10.001 5.509 0.175 0.214 0.037679 20000 1.000000
239.629000 35.747900 -10.992 6.249 0.175 0.215 0.018174 20000 1.000000
237.762000 37.061200 -12.157 7.873 0.172 0.218 0.019037 20000 1.000000
239.899000 35.235100 -12.4 5.462 0.193 0.226 0.057202 20000 1.000000
239.975000 35.279800 -10.959 5.992 0.177 0.22 -0.012095 20000 1.000000
240.065000 35.316800 -11.011 4.105 0.175 0.217 0.017017 20000 1.000000
239.887000 35.534200 -10.242 4.461 0.2 0.241 0.012360 20000 1.000000
239.869000 35.801300 -7.517 1.351 0.18 0.217 0.018030 20000 1.000000
239.999000 35.686700 -7.479 1.989 0.174 0.214 -0.015735 20000 1.000000
239.707000 35.688900 -10.003 5.145 0.171 0.212 0.005856 20000 1.000000
240.287000 35.319000 -9.949 1.397 0.184 0.228 0.014314 20000 1.000000
240.091000 35.934700 -6.203 1.856 0.255 0.299 -0.000790 20000 1.000000
240.496000 34.466800 -12.495 6.209 0.17 0.207 0.013982 20000 1.000000
240.674000 34.599600 -12.726 4.022 0.179 0.222 0.099562 20000 1.000000
240.885000 34.660100 -12.441 4.078 0.179 0.217 0.066053 20000 1.000000
240.845000 34.856200 -10.26 2.407 0.234 0.351 -0.058568 20000 1.000000
239.755000 35.686700 -10.467 4.887 0.173 0.212 0.005186 20000 1.000000
241.121000 34.835100 -9.2 3.031 0.173 0.211 0.028929 20000 1.000000
241.152000 34.792300 -10.152 2.485 0.177 0.221 0.022736 20000 1.000000
241.331000 34.695000 -8.718 2.941 0.179 0.22 0.078460 20000 1.000000
241.454000 34.771100 -9.331 1.787 0.173 0.213 0.013495 20000 1.000000
241.344000 34.944400 -8.593 1.252 0.178 0.219 -0.017935 20000 1.000000
241.388000 35.138600 -7.679 1.258 0.172 0.212 -0.002753 20000 1.000000
241.382000 34.838900 -7.887 2.536 0.178 0.217 0.016279 20000 1.000000
241.459000 34.821800 -8.072 2.43 0.181 0.223 0.031645 20000 1.000000
241.811000 34.982100 -7.598 1.281 0.171 0.21 0.015699 20000 1.000000
241.876000 35.378000 -6.628 0.685 0.173 0.212 0.006531 20000 1.000000
241.740000 35.667300 -6.929 0.591 0.178 0.215 0.026748 20000 1.000000
241.233000 36.231400 -7.281 1.166 0.176 0.216 0.074009 20000 1.000000
241.045000 36.585500 -5.849 -0.216 0.171 0.215 0.014530 20000 1.000000
241.740000 36.093100 -7.307 -0.163 0.173 0.214 0.012438 20000 1.000000
241.994000 35.038800 -7.101 1.419 0.172 0.211 0.024094 20000 1.000000
242.271000 34.509700 -8.651 2.364 0.173 0.211 0.016337 20000 1.000000
242.451000 34.634300 -7.957 1.245 0.173 0.211 0.023010 20000 1.000000
242.457000 34.987000 -6.536 1.636 0.174 0.213 0.052057 20000 1.000000
243.454000 34.019300 -7.177 1.359 0.172 0.209 0.022438 20000 1.000000
242.719000 34.534800 -8.07 1.725 0.197 0.222 -0.071626 20000 1.000000
241.969000 34.332200 -10.749 3.37 0.173 0.211 0.046476 20000 1.000000
242.635000 35.116800 -6.465 0.488 0.173 0.212 0.019228 20000 1.000000
241.983000 35.152400 -6.605 1.331 0.174 0.214 0.020532 20000 1.000000
242.697000 35.238500 -6.204 0.096 0.174 0.213 0.026728 20000 1.000000
242.795000 35.387900 -5.276 0.058 0.169 0.209 0.028225 20000 1.000000
242.610000 35.896700 -6.616 -0.62 0.186 0.23 0.018184 20000 1.000000
242.597000 35.697600 -6.191 -0.184 0.17 0.211 0.024027 20000 1.000000
243.111000 35.998200 -5.668 -1.829 0.181 0.217 0.021518 20000 1.000000
243.112000 35.710600 -5.274 -1.072 0.174 0.216 0.022350 20000 1.000000
243.290000 34.192500 -7.443 1.751 0.178 0.211 0.008405 20000 1.000000
243.463000 34.217200 -6.12 0.944 0.176 0.211 0.039630 20000 1.000000
243.788000 33.865800 -6.624 0.793 0.171 0.207 0.039362 20000 1.000000
243.920000 33.959300 -6.199 -1.607 0.173 0.208 0.024207 20000 1.000000
239.772000 35.729200 -8.862 3.331 0.196 0.234 0.002933 20000 1.000000
243.971000 34.716900 -4.993 -3.329 0.177 0.212 0.016581 20000 1.000000
243.329000 34.936800 -6.189 -1.076 0.172 0.212 0.032630 20000 1.000000
242.063000 34.341100 -10.354 3.656 0.183 0.224 -0.002655 20000 1.000000
243.120000 34.462100 -6.982 1.039 0.172 0.21 0.025258 20000 1.000000
244.179000 33.741000 -6.27 -0.984 0.175 0.212 0.025467 20000 1.000000
243.107000 34.062700 -7.877 2.467 0.202 0.235 -0.012814 20000 1.000000
244.236000 34.425700 -4.85 -2.474 0.214 0.229 0.060193 20000 1.000000
244.350000 35.204800 -4.67 -2.551 0.177 0.215 0.004683 20000 1.000000
242.685000 34.187400 -9.763 1.096 0.175 0.213 0.064779 20000 1.000000
242.950000 34.196200 -6.615 2.924 0.209 0.218 0.091384 20000 1.000000
244.750000 34.731800 -4.961 -2.76 0.202 0.255 0.085033 20000 1.000000
243.237000 35.204600 -5.993 -0.824 0.172 0.211 0.033849 20000 1.000000
242.107000 35.424600 -6.526 0.26 0.174 0.213 0.018606 20000 1.000000
243.428000 35.320600 -5.09 -2.287 0.172 0.213 0.016383 20000 1.000000
243.896000 35.141900 -5.303 -2.623 0.184 0.217 0.003422 20000 1.000000
243.878000 35.526000 -5.752 -2.619 0.173 0.214 0.015548 20000 1.000000
243.855000 35.785400 -4.055 -2.411 0.172 0.214 0.015054 20000 1.000000
244.456000 35.472800 -4.169 -2.641 0.173 0.216 0.042604 20000 1.000000
244.634000 35.163000 -4.491 -2.784 0.177 0.216 -0.017718 20000 1.000000
245.401000 34.188900 -4.515 -2.519 0.176 0.213 0.037027 20000 1.000000
245.035000 34.844400 -4.343 -2.566 0.178 0.216 0.029586 20000 1.000000
244.762000 35.291100 -4.524 -2.611 0.174 0.215 0.030824 20000 1.000000
241.621000 37.973100 -6.124 -2.018 0.17 0.218 -0.001928 20000 1.000000
241.000000 37.613000 -8.514 -3.525 0.176 0.22 -0.021013 20000 1.000000
241.084000 37.605300 -8.352 -4.46 0.18 0.236 -0.002571 20000 1.000000
240.914000 37.785700 -8.399 -1.059 0.208 0.242 -0.079089 20000 1.000000
240.967000 37.913500 -7.902 -1.196 0.168 0.215 0.022211 20000 1.000000
240.974000 37.696600 -8.248 -1.552 0.191 0.233 0.109013 20000 1.000000
240.862000 37.839300 -8.561 -1.156 0.185 0.227 0.041192 20000 1.000000
240.853000 37.962800 -8.583 -0.179 0.17 0.216 0.016915 20000 1.000000
240.916000 37.914100 -8.445 -1.087 0.172 0.218 0.024904 20000 1.000000
241.056000 37.734300 -7.45 -0.917 0.17 0.217 0.029014 20000 1.000000
241.131000 37.654600 -6.734 -2.39 0.171 0.219 0.017903 20000 1.000000
241.040000 37.891700 -6.084 -0.388 0.182 0.223 0.015588 20000 1.000000
241.148000 37.878200 -6.938 -0.861 0.171 0.217 0.013837 20000 1.000000
241.183000 37.591400 -8.907 -4.349 0.175 0.232 0.084335 20000 1.000000
241.302000 37.561600 -6.856 -1.938 0.177 0.242 -0.003546 20000 1.000000
241.316000 37.495400 -8.656 -2.466 0.167 0.213 0.024097 20000 1.000000
241.180000 37.677000 -6.122 -1.794 0.17 0.217 0.023473 20000 1.000000
241.232000 37.754400 -6.006 -0.377 0.177 0.235 0.067763 20000 1.000000
240.981000 37.800000 -8.396 -1.593 0.171 0.218 0.038379 20000 1.000000
241.264000 37.903500 -6.348 -1.02 0.174 0.221 0.011179 20000 1.000000
241.445000 37.891300 -6.318 -1.832 0.175 0.221 0.060078 20000 1.000000
241.762000 37.589200 -5.792 -2.464 0.169 0.215 0.025197 20000 1.000000
241.528000 37.737500 -6.064 -1.57 0.177 0.222 0.046531 20000 1.000000
240.850000 38.057900 -8.575 -0.402 0.179 0.224 0.025718 20000 1.000000
237.706000 41.381200 -6.835 -2.289 0.177 0.23 0.056507 20000 1.000000
237.809000 41.479200 -4.211 -4.137 0.17 0.238 -0.020168 20000 1.000000
237.687000 41.463600 -5.206 -3.11 0.174 0.242 -0.030131 20000 1.000000
237.847000 41.531900 -5.473 -2.528 0.244 0.292 0.040316 20000 1.000000
238.493000 41.711600 -5.217 -3.399 0.169 0.228 0.011742 20000 1.000000
246.132000 42.878900 -5.156 -2.697 0.169 0.231 0.030270 20000 1.000000
241.275000 37.380400 -10.269 -2.883 0.229 0.266 0.163770 20000 1.000000
241.439000 37.439500 -7.324 -0.736 0.234 0.291 0.032266 20000 1.000000
240.254000 37.088900 -7.188 -0.481 0.175 0.219 0.066180 20000 1.000000
241.853000 37.280500 -6.16 -2.095 0.171 0.218 0.034290 20000 1.000000
239.172000 41.359200 -5.629 -2.363 0.175 0.234 -0.053741 20000 1.000000
239.527000 41.332500 -5.662 -2.607 0.174 0.23 0.019829 20000 1.000000
235.707000 42.076600 -1.67 -0.266 0.177 0.231 0.019854 20000 1.000000
238.120000 42.579800 -3.876 -1.803 0.173 0.232 0.004252 20000 1.000000
237.390000 42.727100 -4.343 -2.048 0.188 0.24 0.112514 20000 1.000000
240.341000 42.546100 -4.165 -3.199 0.17 0.232 0.008479 20000 1.000000
242.275000 42.020200 -3.815 -2.382 0.172 0.231 0.020324 20000 1.000000
243.397000 33.495500 -11.511 3.71 0.502 0.464 -0.092708 20000 1.000000
244.492000 32.829400 -7.665 3.784 0.175 0.207 0.029804 20000 1.000000
238.928000 37.699000 -7.095 -0.517 0.175 0.223 -0.004485 20000 1.000000
239.784000 35.693800 -9.242 4.04 0.183 0.222 0.016413 20000 1.000000
237.579000 41.830800 -6.723 -3.544 0.213 0.288 0.071738 20000 1.000000
236.019000 41.845500 -1.481 -0.98 0.193 0.288 -0.076148 20000 1.000000
238.521000 36.744300 -17.101 8.335 0.264 0.337 0.004589 20000 1.000000
239.528000 35.946600 -5.567 0.942 0.191 0.229 0.078363 20000 1.000000
239.485000 35.929100 -10.998 8.063 0.261 0.329 -0.048618 20000 1.000000
242.077000 34.508200 -9.084 2.019 0.175 0.213 0.025177 20000 1.000000
243.314000 36.901800 -4.192 -3.302 0.185 0.223 0.077382 20000 1.000000
242.305000 34.925400 -6.537 1.131 0.179 0.218 0.014937 20000 1.000000
243.880000 36.579600 -4.366 -2.559 0.197 0.238 0.052624 20000 1.000000
239.522000 35.919900 -10.191 5.435 0.185 0.231 0.049108 20000 1.000000
242.818000 33.835700 -10.311 4.727 0.193 0.221 0.002040 20000 1.000000
243.506000 33.819200 -8.515 1.568 0.18 0.211 0.047006 20000 1.000000
242.193000 34.091800 -11.636 5.127 0.24 0.286 -0.042690 20000 1.000000
241.596000 33.743300 -12.955 6.556 0.248 0.297 0.044455 20000 1.000000
241.628000 33.779500 -12.494 2.896 0.223 0.276 0.033270 20000 1.000000
238.863000 36.161100 -12.945 6.96 0.179 0.219 0.035491 20000 1.000000
239.056000 39.974600 -10.826 -7.638 0.178 0.232 -0.001529 20000 1.000000
242.317000 35.338700 -6.069 0.636 0.172 0.212 0.027933 20000 1.000000
240.280000 34.500000 -12.913 6.244 0.174 0.212 -0.008323 20000 1.000000
243.375000 34.643900 -6.204 0.134 0.177 0.212 -0.003065 20000 1.000000
243.446000 36.715400 -4.836 -3.062 0.186 0.228 0.112981 20000 1.000000
241.974000 34.019100 -11.514 4.655 0.194 0.232 -0.032827 20000 1.000000
239.475000 35.900000 -6.617 7.792 0.176 0.219 -0.005773 20000 1.000000
241.807000 34.875100 -7.354 1.842 0.262 0.296 -0.065921 20000 1.000000
240.816000 34.541500 -12.884 6.148 0.195 0.233 0.089069 20000 1.000000
244.877000 40.617200 -4.859 -2.654 0.171 0.231 0.031737 20000 1.000000
243.350000 36.316300 -4.799 -2.561 0.173 0.216 0.028539 20000 1.000000
238.442000 37.666500 -6.981 0.015 0.172 0.218 -0.006902 20000 1.000000
241.245000 34.459800 -11.372 6.309 0.189 0.239 0.010219 20000 1.000000
242.138000 34.205600 -10.277 3.233 0.326 0.332 -0.059270 20000 1.000000
239.775000 40.591700 -6.272 -3 0.175 0.234 0.014219 20000 1.000000
240.984000 41.868400 -5.08 -2.749 0.178 0.239 0.078390 20000 1.000000
243.701000 35.971300 -4.509 -2.466 0.18 0.217 0.007310 20000 1.000000
243.789000 36.730500 -5.027 -2.575 0.193 0.235 0.098656 20000 1.000000
241.521000 34.438600 -9.096 2.333 0.19 0.228 -0.040317 20000 1.000000
240.116000 39.314300 -7.403 -1.546 0.181 0.238 -0.022047 20000 1.000000
244.022000 33.292200 -7.748 2.009 0.176 0.21 0.026715 20000 1.000000
244.412000 36.319600 -5.147 -3.538 0.188 0.225 0.050740 20000 1.000000
240.476000 33.247900 -13.087 8.158 0.184 0.222 0.050559 20000 1.000000
240.936000 34.319900 -11.584 6.532 0.172 0.209 0.021517 20000 1.000000
241.354000 34.059300 -11.518 7.287 0.192 0.23 0.012665 20000 1.000000
242.151000 33.992700 -12.247 4.44 0.192 0.226 -0.013631 20000 1.000000
239.935000 34.004300 -13.108 8.098 0.182 0.215 -0.006143 20000 1.000000
243.662000 36.644600 -4.885 -3.855 0.187 0.228 0.078275 20000 1.000000
243.426000 36.931600 -4.914 -3.518 0.185 0.227 0.088862 20000 1.000000
239.640000 35.917400 -5.148 4.138 0.188 0.232 0.015874 20000 1.000000
241.585000 35.158200 -7.816 0.559 0.17 0.21 0.018551 20000 1.000000
243.770000 36.934800 -4.042 -2.946 0.182 0.222 0.120374 20000 1.000000
239.867000 34.483500 -13.118 7.197 0.179 0.219 -0.028333 20000 1.000000
243.839000 33.641200 -6.787 -0.553 0.194 0.225 0.008408 20000 1.000000
242.951000 39.542200 -5.689 -3.008 0.177 0.226 0.100006 20000 1.000000
242.816000 38.097200 -5.049 -2.831 0.17 0.218 0.016325 20000 1.000000
241.669000 33.797800 -12.185 3.607 0.183 0.218 0.043859 20000 1.000000
241.163000 34.248000 -12.474 6.143 0.174 0.211 0.043687 20000 1.000000
235.849000 41.053900 -2.015 1.365 0.174 0.231 -0.034139 20000 1.000000
243.470000 34.840000 -7.602 -1.68 0.185 0.235 0.056565 20000 1.000000
241.558000 34.069100 -11.065 5.516 0.193 0.222 0.064075 20000 1.000000
240.156000 34.413300 -11.477 6.848 0.215 0.236 -0.043861 20000 1.000000
241.198000 39.627100 -6.061 -1.86 0.182 0.238 0.036338 20000 1.000000
241.715000 34.024000 -12.45 6.61 0.235 0.286 0.131009 20000 1.000000
243.915000 33.030100 -11.205 4.673 0.173 0.206 0.024411 20000 1.000000
240.516000 34.851500 -12.021 3.051 0.258 0.311 0.033936 20000 1.000000
241.780000 34.178600 -11.968 5.013 0.222 0.239 0.076985 20000 1.000000
241.486000 34.126400 -12.703 5.969 0.172 0.209 0.022538 20000 1.000000
241.516000 34.293200 -11.979 4.521 0.178 0.213 0.019841 20000 1.000000
239.384000 34.556300 -14.055 7.884 0.221 0.256 -0.011218 20000 1.000000
241.879000 34.501500 -9.728 3.231 0.195 0.225 0.015858 20000 1.000000
241.706000 33.712600 -12.573 5.492 0.177 0.214 0.036242 20000 1.000000
242.010000 34.030000 -12.552 4.21 0.195 0.239 0.026122 20000 1.000000
241.346000 37.664300 -4.953 -0.903 0.173 0.22 0.042010 20000 1.000000
241.016000 35.010800 -8.938 1.339 0.196 0.23 -0.019081 20000 1.000000
243.608000 33.934800 -6.929 0.914 0.184 0.216 0.030521 20000 1.000000
241.258000 34.568500 -11.948 4.018 0.185 0.225 0.131440 20000 1.000000
241.586000 34.259400 -10.994 5.689 0.218 0.269 0.001144 20000 1.000000
243.068000 34.669000 -7.148 0.878 0.189 0.225 -0.077422 20000 1.000000
241.572000 33.958200 -11.715 5.516 0.259 0.272 -0.311959 20000 1.000000
243.346000 33.955300 -8.57 1.582 0.183 0.216 0.028781 20000 1.000000
243.111000 35.425200 -5.445 1.226 0.198 0.237 0.023568 20000 1.000000
243.532000 36.840400 -4.281 -2.691 0.182 0.227 0.108333 20000 1.000000
