242.907000 34.116400 -10.049 0.751 0.237 0.266 -0.104311 20000 1.000000
243.571000 34.594300 -7.439 -2.324 0.178 0.215 -0.014849 20000 1.000000
241.305000 34.824500 -8.349 -2.825 0.179 0.216 0.010521 20000 1.000000
242.103000 34.126000 -13.109 2.191 0.248 0.284 -0.062228 20000 1.000000
242.795000 40.412800 -5.721 -4.328 0.17 0.221 -0.002620 20000 1.000000
240.970000 33.480500 -14.688 6.099 0.2 0.225 -0.044499 20000 1.000000
243.116000 34.264300 -8.507 0.134 0.198 0.237 0.043556 20000 1.000000
240.594000 34.920500 -11.289 1.667 0.178 0.214 0.003755 20000 1.000000
243.379000 37.039900 -5.196 -4.084 0.174 0.216 0.017049 20000 1.000000
244.002000 34.000500 -5.704 -2.354 0.174 0.207 -0.010172 20000 1.000000
242.935000 33.578200 -12.626 3.96 0.181 0.211 -0.014876 20000 1.000000
243.920000 35.287000 -5.562 -3.291 0.276 0.319 -0.038125 20000 1.000000
245.285000 33.610400 -4.312 -2.64 0.175 0.206 0.023550 20000 1.000000
243.947000 34.251400 -5.622 -2.995 0.18 0.214 -0.019432 20000 1.000000
243.015000 33.962700 -9.257 1.406 0.185 0.216 0.019521 20000 1.000000
241.723000 34.184900 -13.91 2.745 0.217 0.251 -0.010679 20000 1.000000
242.988000 34.918600 -7.208 -1.52 0.178 0.216 -0.013131 20000 1.000000
241.812000 34.292800 -11.873 1.684 0.251 0.265 -0.324379 20000 1.000000
243.128000 36.917600 -5.88 -3.661 0.203 0.24 0.024958 20000 1.000000
242.156000 42.779500 -6.524 -5.383 0.172 0.234 0.008810 20000 1.000000
240.653000 35.157300 -9.311 0.106 0.176 0.215 0.000571 20000 1.000000
235.437000 42.836100 -4.674 -0.871 0.176 0.237 -0.032396 20000 1.000000
244.010000 33.655100 -7.849 -2.139 0.181 0.213 0.033999 20000 1.000000
239.566000 35.939400 -7.933 0.898 0.253 0.298 -0.105270 20000 1.000000
239.569000 35.888400 -13.138 5.224 0.187 0.224 -0.020511 20000 1.000000
241.666000 33.311600 -14.203 5.771 0.172 0.205 0.000883 20000 1.000000
241.517000 33.445800 -14.711 5.604 0.176 0.212 -0.029940 20000 1.000000
241.370000 34.138600 -13.398 5.096 0.199 0.233 0.088862 20000 1.000000
242.329000 35.565300 -7.19 -1.152 0.179 0.219 -0.002596 20000 1.000000
241.789000 33.876300 -11.501 4.728 0.19 0.226 0.071962 20000 1.000000
240.987000 34.806400 -11.458 2.424 0.275 0.353 -0.119077 20000 1.000000
243.664000 34.829500 -6.766 -3.609 0.188 0.219 -0.007912 20000 1.000000
242.035000 34.244000 -14.234 -0.03 0.206 0.257 -0.124448 20000 1.000000
237.881000 37.724100 -11.691 -0.022 0.193 0.241 -0.001222 20000 1.000000
243.234000 36.746500 -6.814 -3.862 0.193 0.233 0.059925 20000 1.000000
242.172000 34.640500 -3.381 -2.207 0.231 0.259 -0.181694 20000 1.000000
241.063000 34.109600 -14.504 4.665 0.19 0.238 0.010811 20000 1.000000
241.873000 34.136700 -11.394 2.962 0.172 0.204 0.025501 20000 1.000000
242.521000 34.313800 -10.836 1.515 0.2 0.231 0.140298 20000 1.000000
242.291000 34.109900 -12.761 2.533 0.192 0.226 -0.014461 20000 1.000000
245.126000 40.558400 -6.268 -4.137 0.186 0.227 0.051200 20000 1.000000
240.120000 34.414900 -15.057 4.785 0.179 0.214 -0.043367 20000 1.000000
242.427000 35.071700 -6.309 -0.514 0.179 0.215 0.032979 20000 1.000000
243.431000 36.807700 -5.885 -3.303 0.286 0.331 0.064601 20000 1.000000
239.249000 35.791600 -14.33 5.499 0.181 0.22 -0.052790 20000 1.000000
242.900000 34.039100 -10.35 1.404 0.178 0.209 0.048143 20000 1.000000
244.265000 33.069800 -9.039 1.254 0.184 0.215 0.009355 20000 1.000000
240.961000 34.168400 -15.473 5.481 0.173 0.208 -0.002332 20000 1.000000
241.743000 33.861500 -13.911 4.409 0.178 0.213 0.013164 20000 1.000000
241.476000 34.253600 -13.19 4.22 0.18 0.217 0.059791 20000 1.000000
240.629000 34.408100 -14.804 3.267 0.195 0.237 -0.028037 20000 1.000000
241.387000 34.516500 -12.592 2.022 0.18 0.213 -0.035627 20000 1.000000
243.630000 34.124100 -6.713 -1.457 0.187 0.221 -0.028638 20000 1.000000
242.098000 34.082000 -14.656 3.334 0.188 0.225 -0.055983 20000 1.000000
244.212000 33.389800 -8.219 -1.072 0.181 0.212 0.020516 20000 1.000000
242.140000 34.413400 -11.175 1.633 0.181 0.229 0.015343 20000 1.000000
241.874000 33.938000 -14.782 3.021 0.278 0.353 0.009442 20000 1.000000
242.588000 33.647700 -12.704 4.021 0.172 0.206 -0.004017 20000 1.000000
241.170000 34.946200 -10.306 0.318 0.18 0.221 -0.018231 20000 1.000000
245.061000 39.345200 -6.196 -5.102 0.179 0.226 0.001590 20000 1.000000
244.183000 40.914700 -5.972 -4.372 0.169 0.222 0.012589 20000 1.000000
242.474000 34.104200 -12.134 3.338 0.196 0.237 -0.013860 20000 1.000000
239.991000 34.733000 -15.485 4.555 0.176 0.21 0.019158 20000 1.000000
241.116000 34.356300 -14.155 4.59 0.173 0.207 -0.003645 20000 1.000000
246.195000 39.369400 -6.169 -4.102 0.177 0.222 0.007932 20000 1.000000
244.200000 32.945000 -10.649 2.321 0.22 0.227 0.060912 20000 1.000000
241.641000 34.080600 -14.63 3.883 0.222 0.27 -0.033458 20000 1.000000
241.107000 34.800200 -11.157 2.829 0.2 0.237 0.037796 20000 1.000000
240.644000 40.416500 -4.664 -3.149 0.205 0.27 -0.029518 20000 1.000000
240.136000 35.189400 -13.021 2.458 0.179 0.223 0.002456 20000 1.000000
244.479000 33.274800 -6.108 -2.896 0.184 0.213 -0.005271 20000 1.000000
245.173000 33.051100 -4.97 -3.601 0.214 0.239 -0.092704 20000 1.000000
244.340000 34.784000 -5.241 -3.992 0.197 0.243 -0.018926 20000 1.000000
245.810000 34.308600 -5.8 -3.327 0.19 0.223 -0.003556 20000 1.000000
243.111000 35.425200 -6.481 -4.524 0.181 0.218 0.013412 20000 1.000000
245.820000 40.640200 -5.325 -4.275 0.173 0.223 0.020003 20000 1.000000
239.584000 36.399000 -7.148 -1.359 0.203 0.239 -0.054718 20000 1.000000
241.887000 34.047400 -12.968 3.219 0.179 0.213 0.036014 20000 1.000000
239.318000 34.469400 -15.713 7.785 0.171 0.205 0.027909 20000 1.000000
241.714000 33.783600 -14.603 4.602 0.185 0.215 0.021748 20000 1.000000
243.570000 34.754800 -6.304 -2.842 0.184 0.222 0.009815 20000 1.000000
238.530000 40.815900 -5.728 -3.328 0.169 0.223 -0.007057 20000 1.000000
244.365000 33.705000 -5.786 -3.996 0.191 0.231 -0.022897 20000 1.000000
239.520000 35.866700 -12.964 5.923 0.188 0.228 -0.000019 20000 1.000000
242.155000 34.458200 -10.372 1.857 0.178 0.215 0.006585 20000 1.000000
239.598000 35.880800 -9.089 0.429 0.183 0.223 0.076135 20000 1.000000
240.812000 34.441200 -14.332 2.575 0.182 0.22 -0.003995 20000 1.000000
244.089000 34.727300 -5.523 -4.449 0.178 0.215 0.011621 20000 1.000000
244.855000 34.157600 -4.892 -3.399 0.178 0.214 0.035311 20000 1.000000
241.526000 35.662300 -6.47 -1.916 0.192 0.234 -0.071900 20000 1.000000
243.901000 36.458800 -5.612 -4.2 0.2 0.245 0.118218 20000 1.000000
240.992000 34.398500 -13.576 2.185 0.181 0.217 -0.017406 20000 1.000000
243.827000 33.925400 -7.076 -1.107 0.18 0.212 0.025306 20000 1.000000
241.694000 33.927900 -12.227 4.427 0.193 0.231 0.059299 20000 1.000000
243.692000 36.745900 -5.499 -3.464 0.237 0.284 0.029590 20000 1.000000
242.165000 34.485500 -9.831 1.261 0.18 0.216 0.004154 20000 1.000000
243.060000 35.090200 -6.625 -1.681 0.175 0.211 -0.006736 20000 1.000000
242.246000 34.133300 -12.41 2.435 0.177 0.211 0.021316 20000 1.000000
239.406000 35.828700 -14.137 5.048 0.175 0.216 0.005442 20000 1.000000
240.896000 34.733600 -12.254 1.795 0.18 0.223 0.001443 20000 1.000000
239.557000 35.832600 -12.46 4.96 0.172 0.211 -0.010596 20000 1.000000
242.563000 33.856800 -12.091 3.738 0.175 0.207 -0.011946 20000 1.000000
238.778000 42.418300 -6.066 -3.482 0.223 0.306 -0.053182 20000 1.000000
239.241000 36.186900 -9.729 -4.332 0.177 0.215 0.043208 20000 1.000000
239.233000 36.180500 -14.823 4.641 0.175 0.214 0.006180 20000 1.000000
244.021000 36.632500 -6.189 -4.579 0.187 0.231 0.080362 20000 1.000000
239.649000 34.038300 -14.389 6.377 0.178 0.215 -0.048671 20000 1.000000
243.904000 40.148400 -6.346 -3.582 0.179 0.23 -0.065528 20000 1.000000
242.682000 33.918400 -12.141 3.161 0.178 0.209 -0.001603 20000 1.000000
239.566000 35.969500 -6.377 -0.509 0.297 0.334 -0.068858 20000 1.000000
244.588000 40.710700 -6.282 -3.779 0.176 0.238 0.011307 20000 1.000000
241.122000 34.295500 -14.674 4.785 0.191 0.223 -0.054290 20000 1.000000
243.352000 34.038500 -8.733 0.807 0.193 0.232 0.142151 20000 1.000000
242.790000 34.230800 -8.73 1.769 0.218 0.238 0.150326 20000 1.000000
245.381000 34.767700 -5.417 -4.17 0.183 0.219 0.001672 20000 1.000000
242.491000 39.685600 -6.245 -4.559 0.175 0.225 -0.006418 20000 1.000000
240.859000 34.498700 -13.313 3.474 0.172 0.207 -0.018591 20000 1.000000
243.932000 34.141000 -5.706 -3.078 0.177 0.212 0.018950 20000 1.000000
244.082000 34.369900 -5.438 -3.33 0.187 0.223 -0.054409 20000 1.000000
243.695000 34.427700 -6.752 -2.515 0.18 0.217 -0.046409 20000 1.000000
243.708000 34.533000 -6.699 -2.806 0.181 0.214 -0.007177 20000 1.000000
243.185000 34.674900 -7.911 -0.465 0.173 0.209 0.001215 20000 1.000000
241.793000 34.128800 -13.725 3.057 0.179 0.213 -0.005314 20000 1.000000
240.647000 34.683400 -13.36 2.543 0.195 0.235 -0.036497 20000 1.000000
242.814000 39.521100 -6.06 -4.443 0.172 0.221 0.000317 20000 1.000000
245.995000 32.722500 -5.159 -4.487 0.185 0.214 0.038297 20000 1.000000
244.721000 39.910200 -5.957 -4.611 0.192 0.232 0.007517 20000 1.000000
245.543000 36.154200 -5.123 -3.727 0.178 0.214 0.005037 20000 1.000000
245.180000 41.724200 -6.321 -4.697 0.171 0.225 -0.005010 20000 1.000000
242.670000 41.428700 -5.967 -4.036 0.171 0.226 0.013322 20000 1.000000
242.935000 42.981700 -6.245 -4.796 0.168 0.226 -0.000795 20000 1.000000
235.925000 40.876300 -5.49 -0.044 0.218 0.269 0.010747 20000 1.000000
236.274000 38.928300 -14.292 4.784 0.168 0.215 -0.022766 20000 1.000000
237.585000 40.997600 -7.927 -3.86 0.198 0.268 -0.115684 20000 1.000000
235.986000 42.967400 -8.748 -2.877 0.174 0.239 0.004153 20000 1.000000
243.830000 32.616500 -13.679 5.147 0.176 0.206 -0.003795 20000 1.000000
238.997000 35.551800 -13.916 7.048 0.174 0.212 0.002627 20000 1.000000
242.015000 39.305600 -5.87 -3.938 0.176 0.228 -0.032989 20000 1.000000
242.395000 39.287900 -5.165 -4.596 0.174 0.221 -0.000968 20000 1.000000
243.576000 39.500500 -6.45 -4.578 0.17 0.225 0.030989 20000 1.000000
243.950000 39.546400 -6.031 -4.379 0.173 0.22 0.025448 20000 1.000000
244.111000 39.374200 -5.964 -4.303 0.171 0.22 0.011928 20000 1.000000
244.487000 39.536100 -6.44 -4.209 0.174 0.224 0.005227 20000 1.000000
244.568000 39.388600 -7.949 -4.692 0.167 0.216 0.011603 20000 1.000000
242.120000 40.433400 -6.577 -3.976 0.173 0.225 0.029382 20000 1.000000
245.308000 39.255200 -6.756 -4.162 0.178 0.222 0.060969 20000 1.000000
245.723000 39.119400 -5.786 -4.49 0.175 0.226 0.011350 20000 1.000000
246.129000 39.067300 -6.396 -3.656 0.174 0.221 0.000220 20000 1.000000
246.495000 39.268900 -6.157 -4.089 0.172 0.223 0.016739 20000 1.000000
242.532000 40.320600 -6.03 -5.784 0.177 0.227 -0.040425 20000 1.000000
246.946000 40.494000 -6.152 -3.975 0.171 0.222 0.031819 20000 1.000000
243.264000 40.495500 -6.369 -4.181 0.179 0.228 -0.020252 20000 1.000000
243.721000 40.363200 -6.233 -4.451 0.17 0.221 0.019815 20000 1.000000
240.200000 39.572800 -5.686 -2.243 0.173 0.222 0.001376 20000 1.000000
242.469000 36.614300 -5.789 -3.562 0.171 0.211 0.000133 20000 1.000000
242.593000 36.804200 -5.954 -2.694 0.168 0.21 0.003490 20000 1.000000
242.006000 36.606000 -6.419 -2.252 0.181 0.219 0.089189 20000 1.000000
242.296000 37.200800 -6.69 -3.422 0.172 0.215 0.004109 20000 1.000000
240.463000 39.698400 -5.575 -3.165 0.179 0.23 0.000231 20000 1.000000
240.694000 39.795600 -6.676 -3.846 0.181 0.235 0.051683 20000 1.000000
241.126000 39.838800 -6.087 -3.471 0.181 0.23 -0.042449 20000 1.000000
241.316000 39.888900 -6.145 -3.738 0.174 0.225 -0.003875 20000 1.000000
241.841000 39.212300 -6.527 -4.725 0.167 0.215 0.006586 20000 1.000000
246.706000 41.856800 -5.56 -3.727 0.179 0.237 0.045554 20000 1.000000
246.958000 39.345100 -6.512 -4.477 0.177 0.224 0.002460 20000 1.000000
246.988000 41.817300 -7.029 -3.716 0.172 0.226 0.003289 20000 1.000000
246.722000 40.671300 -6.693 -3.881 0.175 0.228 -0.007733 20000 1.000000
240.400000 39.499200 -5.986 -3.116 0.188 0.231 0.040607 20000 1.000000
240.931000 39.486100 -6.342 -3.764 0.176 0.225 -0.005716 20000 1.000000
241.550000 39.133900 -5.839 -3.694 0.171 0.22 0.017306 20000 1.000000
241.062000 39.268000 -6.502 -3.439 0.175 0.224 -0.016287 20000 1.000000
241.649000 39.454700 -6.775 -4.084 0.173 0.222 0.048502 20000 1.000000
241.995000 38.728800 -5.854 -4.019 0.173 0.219 0.007216 20000 1.000000
241.540000 38.724600 -5.805 -3.51 0.172 0.22 0.003280 20000 1.000000
241.070000 38.980900 -6.163 -3.326 0.17 0.222 0.007940 20000 1.000000
240.985000 38.704600 -6.59 -2.693 0.175 0.223 -0.029778 20000 1.000000
240.541000 38.761400 -6.937 -3.326 0.181 0.226 -0.074588 20000 1.000000
240.523000 40.779800 -6.037 -3.781 0.186 0.234 0.076271 20000 1.000000
240.990000 40.242200 -5.913 -3.849 0.193 0.232 -0.068819 20000 1.000000
240.278000 39.908200 -5.54 -2.715 0.175 0.226 0.046377 20000 1.000000
239.307000 38.829200 -9.034 -3.923 0.197 0.226 0.092223 20000 1.000000
239.614000 39.046600 -7.521 -2.561 0.195 0.242 -0.088790 20000 1.000000
240.189000 39.123500 -6.996 -1.584 0.266 0.343 -0.067729 20000 1.000000
239.107000 39.466700 -7.945 -2.622 0.186 0.23 0.089061 20000 1.000000
240.376000 41.357700 -6.603 -4.08 0.171 0.226 0.004295 20000 1.000000
239.716000 39.937400 -7.169 -3.016 0.166 0.216 -0.003231 20000 1.000000
239.194000 40.418600 -6.634 -3.718 0.177 0.223 -0.019797 20000 1.000000
239.923000 40.288900 -6.313 -3.527 0.173 0.225 0.018911 20000 1.000000
235.692000 40.247500 -11.676 5.142 0.167 0.219 -0.013450 20000 1.000000
235.867000 40.551300 -7.228 1.003 0.169 0.22 -0.024168 20000 1.000000
235.787000 40.637400 -6.199 1.36 0.186 0.241 -0.035519 20000 1.000000
235.943000 40.219600 -10.601 2.389 0.172 0.224 0.015049 20000 1.000000
236.307000 40.119300 -9.818 -1.109 0.189 0.252 0.023410 20000 1.000000
238.207000 36.485500 -13.937 6.258 0.168 0.209 -0.007927 20000 1.000000
238.710000 35.945700 -14.243 5.535 0.176 0.216 0.036289 20000 1.000000
238.949000 36.302100 -14.76 5.074 0.172 0.214 0.002023 20000 1.000000
238.865000 36.425900 -14.409 5.485 0.175 0.216 0.011091 20000 1.000000
237.668000 37.534500 -13.068 3.657 0.194 0.224 -0.074715 20000 1.000000
237.623000 37.914500 -11.702 2.023 0.177 0.223 -0.008884 20000 1.000000
236.819000 38.495000 -13.097 4.132 0.175 0.223 -0.080423 20000 1.000000
236.291000 39.117200 -13.808 4.101 0.183 0.234 -0.029366 20000 1.000000
236.652000 38.987400 -12.515 2.305 0.179 0.225 0.060001 20000 1.000000
236.796000 39.242000 -12.382 -0.3 0.171 0.22 -0.003990 20000 1.000000
236.368000 42.275400 -5.434 -3.431 0.178 0.235 -0.009121 20000 1.000000
236.895000 39.319700 -11.088 -1.167 0.177 0.225 0.015777 20000 1.000000
237.041000 38.664700 -10.796 2.72 0.185 0.258 -0.019722 20000 1.000000
237.233000 38.428600 -13.696 -0.074 0.172 0.219 -0.002603 20000 1.000000
237.548000 38.239800 -11.708 1.459 0.174 0.219 -0.010653 20000 1.000000
237.083000 38.866100 -10.429 -0.534 0.167 0.214 -0.017482 20000 1.000000
237.037000 39.398100 -11.004 1.581 0.196 0.242 -0.046746 20000 1.000000
237.424000 38.777800 -9.487 -1.397 0.181 0.239 -0.025875 20000 1.000000
237.281000 39.260000 -7.899 -5.053 0.17 0.218 0.016820 20000 1.000000
237.696000 39.109300 -8.644 -3.765 0.178 0.227 -0.019976 20000 1.000000
237.873000 37.069200 -14.352 3.203 0.195 0.242 0.132932 20000 1.000000
238.137000 36.962000 -14.024 4.939 0.194 0.231 -0.050796 20000 1.000000
238.009000 37.201700 -12.471 4.018 0.2 0.243 -0.091592 20000 1.000000
238.203000 37.001000 -14.479 4.433 0.254 0.284 0.089048 20000 1.000000
238.274000 37.002400 -13.733 4.02 0.184 0.237 0.002165 20000 1.000000
238.349000 37.104500 -12.1 1.906 0.199 0.237 -0.089881 20000 1.000000
238.286000 37.203500 -11.315 2.523 0.177 0.219 0.044417 20000 1.000000
237.786000 37.329900 -14.786 4.196 0.17 0.213 0.000921 20000 1.000000
237.901000 37.336900 -12.526 3.334 0.174 0.226 -0.013269 20000 1.000000
237.900000 37.722000 -11.155 -0.052 0.18 0.222 -0.019104 20000 1.000000
237.781000 37.863900 -11.769 -0.463 0.172 0.218 -0.055265 20000 1.000000
237.942000 37.713900 -11.429 -0.374 0.182 0.225 -0.042153 20000 1.000000
238.174000 37.336800 -14.82 1.348 0.184 0.233 0.013511 20000 1.000000
238.210000 37.533000 -9.346 -1.866 0.171 0.214 0.000105 20000 1.000000
238.313000 37.601800 -9.284 -2.324 0.177 0.219 0.039542 20000 1.000000
238.022000 37.749400 -9.87 -0.791 0.171 0.214 -0.010426 20000 1.000000
238.214000 37.819000 -9.383 -2.88 0.175 0.219 -0.009560 20000 1.000000
238.095000 36.621700 -16.39 8.872 0.174 0.216 -0.011782 20000 1.000000
238.421000 36.724000 -14.835 6.156 0.171 0.213 -0.014729 20000 1.000000
238.580000 36.800400 -11.302 2.048 0.171 0.212 -0.017487 20000 1.000000
238.409000 36.858500 -14.119 5.102 0.172 0.215 -0.019547 20000 1.000000
238.459000 36.814300 -14.933 4.884 0.173 0.213 -0.002985 20000 1.000000
238.445000 36.903500 -12.371 2.322 0.173 0.213 -0.019970 20000 1.000000
238.613000 36.637000 -15.106 5.379 0.183 0.225 -0.064753 20000 1.000000
238.458000 37.007800 -11.115 4.79 0.17 0.212 -0.006450 20000 1.000000
238.426000 37.213000 -7.876 -1.313 0.171 0.212 -0.005366 20000 1.000000
238.665000 36.918200 -9.692 -2.692 0.169 0.211 -0.007766 20000 1.000000
238.645000 37.010800 -10.13 -2.881 0.181 0.225 -0.033750 20000 1.000000
240.294000 37.713100 -9.365 -4.16 0.18 0.226 -0.024281 20000 1.000000
238.812000 36.559500 -13.592 5.396 0.17 0.21 -0.013092 20000 1.000000
238.131000 37.975600 -7.928 -4.931 0.173 0.218 0.008549 20000 1.000000
238.936000 36.611600 -5.402 -0.279 0.168 0.209 -0.011322 20000 1.000000
238.732000 36.950000 -9.717 -2.545 0.175 0.217 0.012191 20000 1.000000
238.652000 36.811400 -9.781 -1.669 0.173 0.215 -0.009352 20000 1.000000
238.942000 37.169600 -8.316 -3.136 0.179 0.223 0.007946 20000 1.000000
238.347000 37.478400 -9.432 -1.801 0.184 0.23 -0.040137 20000 1.000000
238.531000 37.489600 -9.11 -1.702 0.169 0.213 -0.015359 20000 1.000000
238.675000 37.581900 -8.479 -2.101 0.174 0.22 -0.014469 20000 1.000000
238.395000 37.932000 -10.087 -3.725 0.172 0.217 -0.005262 20000 1.000000
238.536000 37.755300 -8.342 -3.055 0.176 0.22 -0.004026 20000 1.000000
238.717000 37.385400 -10.688 -2.432 0.176 0.225 -0.001416 20000 1.000000
237.782000 38.153000 -10.146 0.499 0.17 0.216 -0.027276 20000 1.000000
237.904000 38.025100 -11.568 -2.192 0.175 0.221 -0.058686 20000 1.000000
237.805000 38.444200 -8.566 -1.716 0.179 0.238 -0.013920 20000 1.000000
237.645000 38.999500 -8.111 -2.972 0.207 0.233 0.077867 20000 1.000000
238.905000 38.645300 -8.653 -3.895 0.17 0.216 -0.003853 20000 1.000000
239.652000 35.544100 -12.149 5.015 0.176 0.215 -0.011517 20000 1.000000
239.611000 35.841100 -9.334 4.78 0.177 0.216 -0.036529 20000 1.000000
239.655000 35.837800 -9.124 0.481 0.177 0.218 -0.017617 20000 1.000000
239.715000 35.806700 -9.288 1.463 0.184 0.222 -0.025177 20000 1.000000
239.093000 35.933300 -14.986 5.728 0.171 0.211 -0.013618 20000 1.000000
239.019000 36.417200 -9.087 -1.247 0.172 0.214 0.009146 20000 1.000000
239.147000 36.515900 -7.813 -1.71 0.176 0.22 -0.018711 20000 1.000000
239.302000 36.024800 -15.45 4.777 0.173 0.216 -0.011037 20000 1.000000
239.121000 36.140200 -15.207 5.989 0.173 0.211 -0.014349 20000 1.000000
239.251000 36.106800 -14.094 5.95 0.169 0.209 -0.009052 20000 1.000000
239.272000 36.178900 -8.333 -1.695 0.169 0.209 -0.008306 20000 1.000000
239.355000 35.922800 -13.814 5.541 0.171 0.21 -0.019347 20000 1.000000
239.525000 36.007500 -1.328 2.901 0.264 0.316 0.005280 20000 1.000000
239.457000 36.089400 -8.885 0.112 0.17 0.21 -0.008057 20000 1.000000
239.560000 36.123200 -8.005 -1.969 0.17 0.21 -0.007834 20000 1.000000
239.158000 35.697100 -14.442 5.125 0.175 0.212 0.031453 20000 1.000000
239.637000 36.051700 -7.8 -1.258 0.173 0.21 -0.010331 20000 1.000000
239.448000 35.974100 -13.909 5.982 0.437 0.515 -0.074695 20000 1.000000
239.706000 36.015800 -7.878 -0.781 0.172 0.212 -0.017155 20000 1.000000
239.723000 36.304400 -3.769 1.338 0.184 0.225 -0.032132 20000 1.000000
239.257000 36.806300 -6.978 -3.19 0.172 0.215 -0.005848 20000 1.000000
239.803000 37.352200 -8.662 -2.943 0.18 0.226 -0.005403 20000 1.000000
239.356000 37.795200 -9.193 -3.424 0.176 0.219 -0.001791 20000 1.000000
240.160000 37.901100 -7.51 -1.75 0.192 0.229 -0.108324 20000 1.000000
239.049000 38.090000 -8.596 -3.044 0.175 0.221 -0.011253 20000 1.000000
239.666000 38.735600 -7.044 -2.99 0.178 0.219 0.015073 20000 1.000000
241.480000 37.177600 -5.369 0.522 0.169 0.212 0.001298 20000 1.000000
236.283000 39.863600 -13.64 0.735 0.206 0.263 -0.075422 20000 1.000000
236.448000 39.905700 -13.265 -1.935 0.191 0.254 -0.020728 20000 1.000000
236.628000 39.452400 -12.651 -1.446 0.17 0.218 -0.015970 20000 1.000000
236.705000 39.707100 -11.735 -3.89 0.18 0.23 -0.077376 20000 1.000000
236.813000 39.492800 -11.556 -2.094 0.185 0.258 0.036713 20000 1.000000
236.817000 39.962100 -9.774 -3.687 0.17 0.222 -0.058342 20000 1.000000
236.344000 40.256800 -9.922 -1.505 0.171 0.224 -0.001832 20000 1.000000
236.117000 41.151700 -6.067 -1.146 0.17 0.224 0.000792 20000 1.000000
236.301000 40.575300 -7.58 -1.263 0.177 0.229 0.051096 20000 1.000000
236.427000 40.478900 -9.734 -3.514 0.211 0.278 0.200526 20000 1.000000
236.548000 40.082200 -10.979 -1.895 0.167 0.218 -0.009619 20000 1.000000
236.864000 40.324100 -8.955 -3.494 0.168 0.22 -0.016105 20000 1.000000
236.676000 40.732900 -8.726 -2.683 0.169 0.221 -0.039330 20000 1.000000
236.826000 40.546700 -9.65 -3.723 0.172 0.226 -0.027206 20000 1.000000
237.024000 39.621400 -9.213 -3.632 0.177 0.222 0.024073 20000 1.000000
237.264000 39.493600 -9.034 -6.037 0.168 0.216 -0.015857 20000 1.000000
237.126000 39.726200 -8.277 -4.181 0.175 0.226 0.050803 20000 1.000000
237.077000 40.747600 -8.778 -3.608 0.177 0.23 -0.029264 20000 1.000000
237.332000 40.034100 -8.923 -3.107 0.172 0.222 -0.023800 20000 1.000000
237.393000 40.650700 -8.628 -4.638 0.181 0.238 -0.061389 20000 1.000000
236.666000 40.887100 -7.76 -1.592 0.166 0.219 -0.016218 20000 1.000000
237.729000 40.271200 -10.019 -3.728 0.182 0.234 -0.066972 20000 1.000000
239.132000 39.794700 -6.465 -1.883 0.171 0.225 -0.034393 20000 1.000000
239.052000 41.183300 -6.674 -3.293 0.171 0.227 -0.015938 20000 1.000000
237.681000 40.731100 -8.236 -5.214 0.202 0.244 -0.013278 20000 1.000000
235.774000 42.209100 -7.302 -1.318 0.171 0.223 -0.023452 20000 1.000000
235.946000 42.860100 -8.061 -3.599 0.19 0.248 0.064799 20000 1.000000
236.617000 42.503500 -4.81 -2.773 0.171 0.231 -0.001161 20000 1.000000
237.344000 42.191000 -4.885 -3.025 0.173 0.233 -0.040170 20000 1.000000
238.220000 42.259700 -3.552 -3.372 0.17 0.224 -0.008237 20000 1.000000
239.622000 42.468800 -4.333 -4.047 0.172 0.232 -0.026016 20000 1.000000
243.371000 36.071300 -5.794 -3.841 0.184 0.228 0.055108 20000 1.000000
242.835000 36.022500 -6.392 -3.272 0.182 0.216 -0.007659 20000 1.000000
242.590000 36.159000 -5.849 -2.725 0.184 0.224 0.046360 20000 1.000000
241.868000 36.466800 -5.537 -2.348 0.197 0.244 -0.203466 20000 1.000000
242.211000 36.531200 -6.44 -2.805 0.194 0.236 -0.040780 20000 1.000000
241.909000 36.570200 -6.168 -2.774 0.194 0.225 -0.063168 20000 1.000000
241.882000 36.975700 -5.156 -2.269 0.169 0.211 -0.002759 20000 1.000000
242.064000 37.231400 -5.527 -3.182 0.175 0.217 0.038947 20000 1.000000
242.606000 34.462400 -8.839 0.871 0.184 0.216 -0.022474 20000 1.000000
242.459000 33.562100 -12.843 4.082 0.174 0.207 0.021338 20000 1.000000
242.895000 32.889200 -13.778 4.476 0.176 0.206 -0.013397 20000 1.000000
243.050000 32.733800 -13.947 4.769 0.172 0.202 -0.004587 20000 1.000000
242.756000 32.666400 -13.963 4.858 0.188 0.214 0.080666 20000 1.000000
242.810000 33.439600 -12.899 4.484 0.174 0.206 -0.001025 20000 1.000000
242.928000 33.235700 -13.869 5.115 0.184 0.211 0.038852 20000 1.000000
243.217000 33.493300 -12.399 3.44 0.174 0.206 -0.006374 20000 1.000000
243.651000 32.976000 -12.751 2.976 0.178 0.21 0.004934 20000 1.000000
243.989000 32.822200 -12.698 3.598 0.179 0.208 -0.038093 20000 1.000000
243.329000 33.240200 -13.511 3.678 0.183 0.213 -0.000989 20000 1.000000
243.431000 33.059200 -12.903 4.507 0.173 0.203 -0.004590 20000 1.000000
243.379000 33.375600 -12.646 3.259 0.179 0.21 0.037752 20000 1.000000
243.591000 33.210200 -12.566 4.038 0.19 0.224 0.015173 20000 1.000000
243.817000 33.213500 -11.565 2.748 0.176 0.207 0.001011 20000 1.000000
243.921000 33.201000 -11.106 2.016 0.176 0.207 0.007622 20000 1.000000
243.888000 33.296200 -9.771 1.587 0.182 0.212 -0.061268 20000 1.000000
243.574000 33.523500 -10.454 1.653 0.183 0.211 0.066553 20000 1.000000
243.773000 33.574700 -9.072 -0.23 0.182 0.222 0.026034 20000 1.000000
244.031000 32.887000 -11.173 3.141 0.186 0.215 -0.022761 20000 1.000000
244.175000 32.954700 -11.067 2.085 0.176 0.206 0.004537 20000 1.000000
244.268000 32.759700 -11.479 4.27 0.188 0.218 0.022011 20000 1.000000
244.404000 32.750600 -13.3 4.9 0.183 0.21 -0.004374 20000 1.000000
244.423000 32.834700 -9.82 2.993 0.182 0.212 0.002627 20000 1.000000
244.430000 32.898400 -8.492 2.701 0.185 0.214 0.017748 20000 1.000000
244.700000 32.690000 -5.81 -0.481 0.177 0.207 0.006239 20000 1.000000
244.602000 32.875800 -4.863 -1.456 0.183 0.214 0.019235 20000 1.000000
244.578000 32.982500 -5.503 -3.044 0.183 0.217 0.036493 20000 1.000000
244.280000 32.948900 -10.884 2.759 0.197 0.225 -0.001364 20000 1.000000
244.234000 33.516400 -6.737 -2.169 0.184 0.216 0.058168 20000 1.000000
244.313000 33.423900 -5.787 -3.206 0.184 0.216 0.047725 20000 1.000000
244.571000 33.247800 -5.373 -3.779 0.181 0.213 -0.007777 20000 1.000000
244.657000 33.143600 -5.885 -2.936 0.184 0.214 -0.058642 20000 1.000000
244.704000 33.886900 -5.211 -3.817 0.184 0.214 0.005382 20000 1.000000
240.305000 37.562600 -6.777 -0.421 0.187 0.223 0.094002 20000 1.000000
239.350000 34.907300 -14.909 5.979 0.169 0.206 -0.008044 20000 1.000000
239.590000 35.010700 -14.448 5.675 0.175 0.211 -0.009961 20000 1.000000
239.760000 34.870600 -14.455 6.157 0.173 0.209 0.008646 20000 1.000000
239.617000 35.106200 -14.067 5.473 0.181 0.218 0.067667 20000 1.000000
241.822000 34.376400 -12.035 2.827 0.174 0.21 -0.003485 20000 1.000000
239.925000 35.020000 -13.091 7.339 0.171 0.208 -0.011443 20000 1.000000
240.208000 34.507800 -14.44 5.09 0.178 0.208 -0.017509 20000 1.000000
240.384000 34.630500 -14.714 5.844 0.171 0.206 -0.009888 20000 1.000000
240.185000 34.888600 -13.189 3.898 0.17 0.206 -0.003245 20000 1.000000
240.464000 35.086600 -11.637 1.28 0.171 0.208 -0.000757 20000 1.000000
239.192000 35.425800 -14.626 6.246 0.171 0.209 -0.019344 20000 1.000000
239.455000 35.327800 -14.065 6 0.176 0.216 0.037495 20000 1.000000
239.646000 35.440500 -13.187 5.351 0.173 0.211 -0.018881 20000 1.000000
239.520000 35.624800 -11.721 8.382 0.173 0.213 0.002827 20000 1.000000
239.463000 35.792700 -13.369 5.453 0.174 0.214 0.006426 20000 1.000000
239.733000 35.633800 -12.281 3.7 0.177 0.213 0.022979 20000 1.000000
239.629000 35.747900 -12.541 4.452 0.174 0.213 -0.002422 20000 1.000000
237.762000 37.061200 -14.791 5.572 0.172 0.215 0.008482 20000 1.000000
239.899000 35.235100 -13.221 4.683 0.193 0.226 0.040259 20000 1.000000
239.975000 35.279800 -12.965 3.791 0.179 0.219 -0.031533 20000 1.000000
240.065000 35.316800 -12.189 3.006 0.177 0.217 -0.003341 20000 1.000000
239.887000 35.534200 -12.183 2.613 0.182 0.223 -0.011975 20000 1.000000
239.818000 35.702700 -10.184 0.718 0.172 0.21 -0.001413 20000 1.000000
239.869000 35.801300 -9.216 -0.349 0.181 0.215 -0.003727 20000 1.000000
239.999000 35.686700 -8.77 -0.023 0.175 0.212 -0.046083 20000 1.000000
239.707000 35.688900 -12.406 4.009 0.172 0.21 -0.017125 20000 1.000000
240.287000 35.319000 -10.562 1.003 0.184 0.225 -0.005753 20000 1.000000
240.091000 35.934700 -7.859 -0.772 0.173 0.211 -0.004922 20000 1.000000
240.496000 34.466800 -15.615 4.133 0.17 0.205 -0.006611 20000 1.000000
240.674000 34.599600 -14.197 0.341 0.181 0.223 0.087261 20000 1.000000
240.885000 34.660100 -12.648 1.275 0.177 0.213 0.043945 20000 1.000000
240.845000 34.856200 -12.832 1.18 0.238 0.356 -0.080124 20000 1.000000
239.755000 35.686700 -12.292 3.915 0.173 0.21 -0.020746 20000 1.000000
241.121000 34.835100 -10.374 0.636 0.173 0.209 0.004980 20000 1.000000
241.152000 34.792300 -12.623 2.026 0.179 0.22 -0.001628 20000 1.000000
241.331000 34.695000 -11.63 -0.145 0.183 0.22 0.062067 20000 1.000000
241.454000 34.771100 -9.674 0.675 0.175 0.211 -0.014060 20000 1.000000
241.344000 34.944400 -9.4 0.427 0.18 0.217 -0.052956 20000 1.000000
241.388000 35.138600 -8.391 -1.193 0.174 0.21 -0.032406 20000 1.000000
241.382000 34.838900 -9.82 1.724 0.18 0.218 -0.006271 20000 1.000000
241.459000 34.821800 -9.061 1.432 0.181 0.219 -0.003103 20000 1.000000
241.811000 34.982100 -8.106 0.761 0.173 0.209 -0.009094 20000 1.000000
241.876000 35.378000 -7.864 -0.97 0.175 0.211 -0.019061 20000 1.000000
241.740000 35.667300 -7.247 -1.326 0.181 0.215 0.003858 20000 1.000000
241.233000 36.231400 -7.304 -3.012 0.178 0.215 0.052510 20000 1.000000
241.045000 36.585500 -7.96 -2.133 0.171 0.213 -0.003466 20000 1.000000
241.740000 36.093100 -7.331 -1.786 0.174 0.212 -0.008188 20000 1.000000
241.994000 35.038800 -8.386 -0.513 0.174 0.21 0.000501 20000 1.000000
242.271000 34.509700 -9.433 1.169 0.174 0.209 -0.011939 20000 1.000000
242.451000 34.634300 -8.355 0.321 0.174 0.21 -0.007258 20000 1.000000
242.457000 34.987000 -7.141 -0.076 0.176 0.212 0.029667 20000 1.000000
243.048000 33.892600 -9.899 1.953 0.173 0.207 -0.005860 20000 1.000000
243.454000 34.019300 -8.703 1.877 0.174 0.208 -0.008216 20000 1.000000
242.719000 34.534800 -8.851 0.102 0.2 0.219 -0.098022 20000 1.000000
241.969000 34.332200 -12.194 2.603 0.174 0.21 0.020240 20000 1.000000
242.635000 35.116800 -6.782 -0.837 0.175 0.211 -0.007580 20000 1.000000
241.983000 35.152400 -8.239 -0.158 0.175 0.213 -0.007974 20000 1.000000
242.697000 35.238500 -7.06 -1.442 0.174 0.21 0.003312 20000 1.000000
242.795000 35.387900 -6.662 -1.828 0.17 0.208 0.002603 20000 1.000000
242.610000 35.896700 -6.749 -2.563 0.188 0.23 -0.013068 20000 1.000000
242.597000 35.697600 -6.104 -1.868 0.173 0.21 -0.000267 20000 1.000000
243.111000 35.998200 -6.219 -3.321 0.182 0.215 -0.009456 20000 1.000000
243.112000 35.710600 -5.081 0.041 0.192 0.233 -0.009154 20000 1.000000
243.290000 34.192500 -7.989 0.552 0.179 0.21 -0.018646 20000 1.000000
243.463000 34.217200 -7.219 -0.651 0.177 0.209 0.001038 20000 1.000000
243.788000 33.865800 -7.541 -1.524 0.173 0.207 0.009364 20000 1.000000
243.920000 33.959300 -6.53 -2.173 0.176 0.208 -0.000819 20000 1.000000
239.772000 35.729200 -10.52 1.249 0.223 0.261 -0.053926 20000 1.000000
243.971000 34.716900 -4.866 -3.884 0.178 0.212 -0.013312 20000 1.000000
243.329000 34.936800 -6.718 -2.39 0.173 0.211 0.008374 20000 1.000000
242.063000 34.341100 -11.837 2.8 0.183 0.222 -0.033513 20000 1.000000
243.120000 34.462100 -8.727 -0.176 0.174 0.208 -0.003101 20000 1.000000
244.179000 33.741000 -6.414 -2.782 0.179 0.212 -0.007550 20000 1.000000
243.107000 34.062700 -10.582 -2.345 0.196 0.23 -0.046656 20000 1.000000
244.236000 34.425700 -5.223 -3.695 0.217 0.232 0.050383 20000 1.000000
244.350000 35.204800 -5.617 -4.143 0.178 0.213 -0.028596 20000 1.000000
242.685000 34.187400 -10.506 2.575 0.178 0.213 0.046603 20000 1.000000
242.950000 34.196200 -9.445 -0.277 0.209 0.217 0.075585 20000 1.000000
244.750000 34.731800 -6.04 -4.033 0.238 0.291 0.053320 20000 1.000000
243.237000 35.204600 -6.072 -2.449 0.173 0.21 0.003808 20000 1.000000
242.107000 35.424600 -6.956 -1.233 0.177 0.214 -0.010402 20000 1.000000
243.428000 35.320600 -6.793 -3.078 0.173 0.212 -0.011870 20000 1.000000
243.896000 35.141900 -5.979 -4.129 0.185 0.214 -0.026480 20000 1.000000
243.878000 35.526000 -5.072 -3.568 0.175 0.213 -0.009336 20000 1.000000
243.855000 35.785400 -6.116 -4.176 0.173 0.212 -0.012385 20000 1.000000
244.456000 35.472800 -5.752 -3.637 0.175 0.216 0.015196 20000 1.000000
244.634000 35.163000 -5.928 -3.936 0.18 0.217 -0.031574 20000 1.000000
245.401000 34.188900 -5.188 -3.777 0.18 0.214 0.009265 20000 1.000000
245.035000 34.844400 -5.307 -3.927 0.18 0.215 0.001926 20000 1.000000
244.762000 35.291100 -5.8 -4.3 0.175 0.214 -0.001518 20000 1.000000
241.621000 37.973100 -5.594 -2.874 0.172 0.218 -0.029325 20000 1.000000
241.000000 37.613000 -8.049 1.213 0.177 0.219 -0.050199 20000 1.000000
241.084000 37.605300 -4.138 2.214 0.179 0.235 -0.021028 20000 1.000000
240.914000 37.785700 -5.613 -1.001 0.209 0.241 -0.110145 20000 1.000000
240.967000 37.913500 -7.543 -1.027 0.169 0.214 -0.004338 20000 1.000000
240.974000 37.696600 -6.641 -1.062 0.194 0.235 0.093724 20000 1.000000
240.862000 37.839300 -4.361 -1.242 0.186 0.224 0.008191 20000 1.000000
240.853000 37.962800 -5.267 -2.085 0.171 0.214 -0.002694 20000 1.000000
240.916000 37.914100 -6.307 -1.515 0.173 0.216 0.001095 20000 1.000000
241.056000 37.734300 -6.898 -1.468 0.171 0.216 0.004762 20000 1.000000
241.131000 37.654600 -5.689 -1.73 0.172 0.218 -0.005350 20000 1.000000
241.040000 37.891700 -6.829 -1.29 0.182 0.222 -0.005001 20000 1.000000
241.148000 37.878200 -5.797 -1.689 0.171 0.215 -0.009862 20000 1.000000
241.183000 37.591400 -4.082 1.462 0.174 0.23 0.056590 20000 1.000000
241.302000 37.561600 -6.628 -1.996 0.176 0.242 -0.019554 20000 1.000000
241.316000 37.495400 -3.924 -1.961 0.168 0.211 -0.001431 20000 1.000000
241.406000 37.541300 -5.18 -2.383 0.171 0.216 -0.002144 20000 1.000000
241.180000 37.677000 -5.119 -1.268 0.17 0.216 -0.001265 20000 1.000000
241.232000 37.754400 -5.483 -2.187 0.18 0.234 0.042698 20000 1.000000
240.981000 37.800000 -7.314 -0.718 0.174 0.217 0.021281 20000 1.000000
241.264000 37.903500 -5.51 -1.733 0.174 0.219 -0.010534 20000 1.000000
241.445000 37.891300 -5.665 -2.454 0.178 0.221 0.045989 20000 1.000000
241.762000 37.589200 -4.914 -1.282 0.172 0.215 0.001493 20000 1.000000
241.528000 37.737500 -5.542 -2.112 0.178 0.22 0.020110 20000 1.000000
240.850000 38.057900 -6.591 -1.705 0.179 0.221 -0.006896 20000 1.000000
237.706000 41.381200 -6.44 -3.022 0.178 0.227 0.044344 20000 1.000000
237.809000 41.479200 -6.817 -2.969 0.17 0.235 -0.039768 20000 1.000000
237.687000 41.463600 -6.23 -3.028 0.173 0.239 -0.041004 20000 1.000000
238.493000 41.711600 -5.89 -3.241 0.169 0.224 -0.004716 20000 1.000000
246.132000 42.878900 -6.088 -4.171 0.168 0.227 0.013298 20000 1.000000
241.275000 37.380400 0.088 -0.411 0.23 0.268 0.134807 20000 1.000000
241.439000 37.439500 -6.2 -2.19 0.184 0.225 0.008403 20000 1.000000
240.254000 37.088900 -8.068 -1.98 0.177 0.218 0.050468 20000 1.000000
241.853000 37.280500 -5.987 -3.042 0.172 0.216 0.006807 20000 1.000000
239.172000 41.359200 -6.818 -3.713 0.177 0.232 -0.078274 20000 1.000000
239.527000 41.332500 -6.679 -3.497 0.174 0.228 0.003862 20000 1.000000
235.587000 42.442000 -4.783 -2.013 0.171 0.232 -0.061821 20000 1.000000
235.707000 42.076600 -5.047 -2.309 0.177 0.228 0.009899 20000 1.000000
238.120000 42.579800 -5.328 -3.756 0.174 0.229 -0.010528 20000 1.000000
237.390000 42.727100 -3.723 -3.153 0.189 0.237 0.096199 20000 1.000000
240.341000 42.546100 -5.483 -3.861 0.171 0.23 -0.005769 20000 1.000000
242.275000 42.020200 -7.022 -4.514 0.172 0.227 -0.001313 20000 1.000000
243.404000 33.598200 -11.444 1.341 0.239 0.291 -0.127147 20000 1.000000
243.397000 33.495500 -12.799 2.873 0.179 0.214 0.011318 20000 1.000000
244.492000 32.829400 -8.091 2.714 0.178 0.208 0.001213 20000 1.000000
238.928000 37.699000 -9.405 -3.636 0.176 0.221 -0.011912 20000 1.000000
239.784000 35.693800 -10.619 1.931 0.185 0.222 -0.015900 20000 1.000000
237.579000 41.830800 -1.403 -1.983 0.181 0.242 0.046505 20000 1.000000
236.019000 41.845500 -4.742 -2.271 0.19 0.287 -0.078586 20000 1.000000
238.521000 36.744300 -7.712 3.954 0.223 0.271 0.033182 20000 1.000000
239.528000 35.946600 -8.888 -0.604 0.192 0.227 0.054533 20000 1.000000
239.485000 35.929100 -14.848 3.214 0.242 0.307 -0.076227 20000 1.000000
236.427000 40.478800 -8.768 -3.214 0.204 0.269 0.205195 20000 1.000000
242.077000 34.508200 -10.494 1.446 0.177 0.212 0.000060 20000 1.000000
243.314000 36.901800 -5.806 -3.981 0.186 0.225 0.041070 20000 1.000000
242.305000 34.925400 -8.384 0.416 0.179 0.216 -0.008063 20000 1.000000
243.880000 36.579600 -6.373 -4.066 0.199 0.241 0.016970 20000 1.000000
239.522000 35.919900 -14.039 3.776 0.193 0.238 0.026756 20000 1.000000
242.818000 33.835700 -12.578 3.322 0.196 0.221 -0.011094 20000 1.000000
243.506000 33.819200 -8.773 1.211 0.183 0.213 0.012907 20000 1.000000
242.193000 34.091800 -14.397 3.8 0.504 0.564 -0.120574 20000 1.000000
241.596000 33.743300 -13.604 5.215 0.175 0.206 0.038859 20000 1.000000
241.628000 33.779500 -8.999 6.845 0.229 0.279 0.022805 20000 1.000000
238.863000 36.161100 -14.691 5.69 0.178 0.216 0.017843 20000 1.000000
239.056000 39.974600 -6.869 -2.4 0.174 0.228 -0.018091 20000 1.000000
242.317000 35.338700 -7.023 -1.105 0.172 0.21 -0.000402 20000 1.000000
240.280000 34.500000 -14.938 4.763 0.177 0.212 -0.037392 20000 1.000000
243.375000 34.643900 -7.831 -1.672 0.177 0.21 -0.025937 20000 1.000000
243.446000 36.715400 -5.164 -3.606 0.228 0.277 0.072906 20000 1.000000
241.974000 34.019100 -13.377 2.983 0.193 0.231 -0.048837 20000 1.000000
239.475000 35.900000 -14.656 7.348 0.18 0.223 -0.041554 20000 1.000000
241.807000 34.875100 -8.013 0.479 0.236 0.273 -0.033693 20000 1.000000
240.816000 34.541500 -13.129 0.82 0.196 0.234 0.083170 20000 1.000000
244.877000 40.617200 -6.182 -4.648 0.174 0.231 0.000674 20000 1.000000
243.350000 36.316300 -5.352 -3.539 0.174 0.214 0.006889 20000 1.000000
238.442000 37.666500 -8.858 -3.037 0.173 0.216 -0.015806 20000 1.000000
241.245000 34.459800 -13.514 3.152 0.193 0.239 -0.022416 20000 1.000000
242.138000 34.205600 -13.781 3.513 0.329 0.336 -0.065372 20000 1.000000
239.775000 40.591700 -6.791 -3.406 0.176 0.232 -0.006450 20000 1.000000
240.984000 41.868400 -6.578 -4.225 0.177 0.235 0.058939 20000 1.000000
243.701000 35.971300 -6.037 -3.701 0.182 0.216 -0.031097 20000 1.000000
243.789000 36.730500 -5.946 -4.186 0.199 0.242 0.054783 20000 1.000000
241.521000 34.438600 -12.632 2.668 0.193 0.228 -0.067647 20000 1.000000
240.116000 39.314300 -5.272 -2.756 0.179 0.234 -0.031492 20000 1.000000
244.022000 33.292200 -8.657 0.959 0.178 0.209 -0.001663 20000 1.000000
244.412000 36.319600 -5.856 -3.654 0.193 0.231 0.011339 20000 1.000000
240.476000 33.247900 -15.262 7.233 0.192 0.23 0.028625 20000 1.000000
240.936000 34.319900 -13.93 4.32 0.173 0.207 -0.005471 20000 1.000000
241.354000 34.059300 -13.901 3.768 0.181 0.213 -0.015880 20000 1.000000
242.151000 33.992700 -13.236 2.288 0.191 0.225 -0.019952 20000 1.000000
239.935000 34.004300 -15.397 6.733 0.183 0.215 -0.016809 20000 1.000000
243.662000 36.644600 -5.883 -3.191 0.228 0.279 0.040890 20000 1.000000
243.426000 36.931600 -5.844 -3.658 0.233 0.282 0.058588 20000 1.000000
239.640000 35.917400 -9.918 -0.59 0.194 0.237 -0.021680 20000 1.000000
241.585000 35.158200 -7.372 -0.799 0.171 0.208 -0.006384 20000 1.000000
243.923000 33.650600 -5.037 -3.733 0.216 0.257 0.063634 20000 1.000000
243.770000 36.934800 -6.098 -3.429 0.212 0.257 0.069358 20000 1.000000
239.867000 34.483500 -14.006 3.091 0.182 0.22 -0.055544 20000 1.000000
243.839000 33.641200 -9.004 1.56 0.188 0.22 0.029164 20000 1.000000
242.951000 39.542200 -6.237 -4.059 0.18 0.224 0.087056 20000 1.000000
242.816000 38.097200 -5.851 -4.019 0.171 0.217 -0.011201 20000 1.000000
241.669000 33.797800 -13.621 5.343 0.182 0.214 0.018606 20000 1.000000
241.163000 34.248000 -13.978 3.309 0.176 0.21 0.031759 20000 1.000000
235.849000 41.053900 -5.373 -0.175 0.171 0.224 -0.048175 20000 1.000000
243.470000 34.840000 -7.001 -1.814 0.186 0.232 0.025270 20000 1.000000
241.558000 34.069100 -13.982 3.994 0.195 0.224 0.039636 20000 1.000000
240.156000 34.413300 -16.503 4.861 0.212 0.228 -0.077194 20000 1.000000
241.198000 39.627100 -6.507 -4.032 0.179 0.229 0.017060 20000 1.000000
241.715000 34.024000 -14.484 2.024 0.244 0.289 0.107756 20000 1.000000
243.915000 33.030100 -12.443 3.576 0.176 0.206 -0.001270 20000 1.000000
240.516000 34.851500 -11.835 2.762 0.259 0.309 0.019266 20000 1.000000
241.780000 34.178600 -12.755 3.231 0.226 0.24 0.062142 20000 1.000000
241.486000 34.126400 -12.973 3.738 0.174 0.208 -0.001641 20000 1.000000
241.516000 34.293200 -12.432 2.764 0.18 0.213 0.008733 20000 1.000000
239.384000 34.556300 -16.04 5.673 0.224 0.258 -0.038519 20000 1.000000
241.879000 34.501500 -10.914 2.019 0.194 0.223 -0.007759 20000 1.000000
241.706000 33.712600 -13.352 6.287 0.177 0.212 0.006821 20000 1.000000
242.010000 34.030000 -10.872 4.228 0.198 0.237 -0.004214 20000 1.000000
241.346000 37.664300 -4.076 0.322 0.171 0.215 0.028532 20000 1.000000
241.016000 35.010800 -10.322 1.673 0.195 0.231 -0.050912 20000 1.000000
243.608000 33.934800 -7.899 0.144 0.188 0.22 -0.003383 20000 1.000000
241.258000 34.568500 -11.404 2.873 0.188 0.226 0.123671 20000 1.000000
241.586000 34.259400 -13.349 3.461 0.2 0.239 -0.005591 20000 1.000000
243.068000 34.669000 -8.081 -0.795 0.19 0.224 -0.109541 20000 1.000000
241.572000 33.958200 -15.24 5.147 0.251 0.27 -0.319226 20000 1.000000
243.346000 33.955300 -8.755 1.677 0.194 0.224 -0.007817 20000 1.000000
243.111000 35.425200 -6.672 -4.579 0.186 0.223 -0.008729 20000 1.000000
243.532000 36.840400 -6.247 -4.05 0.219 0.27 0.070309 20000 1.000000
