242.907000 34.116400 -7.905 3.508 0.181 0.221 -0.031088 20000 1.000000
242.555000 33.274300 -12.776 4.654 0.167 0.192 -0.008696 20000 1.000000
242.555000 33.274300 -12.8 4.806 0.167 0.191 -0.010726 20000 1.000000
243.571000 34.594300 -6.007 -1.988 0.166 0.194 -0.006117 20000 1.000000
241.305000 34.824500 -8.86 0.538 0.179 0.208 -0.026787 20000 1.000000
242.675000 33.341900 -12.635 4.59 0.166 0.191 0.003516 20000 1.000000
242.524000 33.381100 -12.411 4.794 0.172 0.196 -0.010143 20000 1.000000
242.103000 34.126000 -11.694 2.581 0.225 0.239 -0.054154 20000 1.000000
242.795000 40.412800 -4.793 -3.302 0.165 0.207 -0.022238 20000 1.000000
240.970000 33.480500 -13.19 6.713 0.187 0.207 -0.048445 20000 1.000000
245.125000 42.605800 -5.744 -3.394 0.229 0.295 -0.015670 20000 1.000000
243.116000 34.264300 -7.416 1.067 0.19 0.221 0.043471 20000 1.000000
240.594000 34.920500 -10.662 2.07 0.167 0.195 -0.021455 20000 1.000000
243.379000 37.039900 -4.129 -3.331 0.172 0.207 0.011900 20000 1.000000
244.002000 34.000500 -5.093 -2.082 0.17 0.195 -0.033049 20000 1.000000
242.935000 33.578200 -11.34 4.201 0.175 0.199 -0.015591 20000 1.000000
243.920000 35.287000 -4.403 -2.562 0.172 0.201 -0.009782 20000 1.000000
245.285000 33.610400 -4.16 -1.906 0.17 0.196 -0.033492 20000 1.000000
243.947000 34.251400 -4.832 -2.633 0.17 0.196 -0.016329 20000 1.000000
241.723000 34.184900 -12.006 3.165 0.197 0.222 0.003478 20000 1.000000
242.988000 34.918600 -6.015 -0.555 0.169 0.198 -0.004263 20000 1.000000
241.812000 34.292800 -11.863 4.271 0.264 0.266 -0.325001 20000 1.000000
242.156000 42.779500 -4.697 -3.898 0.167 0.219 -0.012355 20000 1.000000
240.653000 35.157300 -9.518 0.139 0.17 0.203 0.001300 20000 1.000000
235.437000 42.836100 -2.733 -1.295 0.254 0.328 -0.030746 20000 1.000000
244.010000 33.655100 -7.309 -1.743 0.178 0.208 0.020592 20000 1.000000
239.566000 35.939400 -8.324 0.994 0.167 0.199 -0.024419 20000 1.000000
239.569000 35.888400 -11.802 3.774 0.188 0.217 -0.006158 20000 1.000000
241.666000 33.311600 -12.549 5.874 0.165 0.19 -0.005449 20000 1.000000
241.517000 33.445800 -12.893 5.611 0.183 0.215 -0.035452 20000 1.000000
241.370000 34.138600 -12.101 4.961 0.207 0.219 0.081555 20000 1.000000
242.329000 35.565300 -5.991 -1.315 0.172 0.207 -0.010930 20000 1.000000
243.664000 34.829500 -5.723 -3.642 0.183 0.206 -0.027489 20000 1.000000
242.035000 34.244000 -12.266 2.703 0.197 0.24 -0.123011 20000 1.000000
242.172000 34.640500 -7.544 0.966 0.176 0.21 0.032540 20000 1.000000
241.063000 34.109600 -13.476 4.996 0.182 0.216 -0.006748 20000 1.000000
241.873000 34.136700 -9.097 5.69 0.209 0.227 -0.002995 20000 1.000000
242.576000 34.271200 -24.668 3.513 0.169 0.192 -0.017934 20000 1.000000
242.521000 34.313800 -8.828 1.072 0.186 0.21 0.079062 20000 1.000000
241.856000 34.530300 -8.818 4.349 0.187 0.208 -0.149156 20000 1.000000
242.291000 34.109900 -11.511 2.224 0.177 0.204 -0.042714 20000 1.000000
245.126000 40.558400 -5.473 -4.125 0.177 0.21 0.021655 20000 1.000000
244.877000 32.863500 -4.601 -3.336 0.172 0.193 -0.022655 20000 1.000000
244.272000 32.850500 -8.831 3.948 0.173 0.195 -0.024228 20000 1.000000
240.120000 34.414900 -13.237 5.706 0.171 0.199 -0.042134 20000 1.000000
242.427000 35.071700 -6.025 0.037 0.173 0.201 0.028580 20000 1.000000
239.249000 35.791600 -12.063 5.902 0.171 0.201 -0.015149 20000 1.000000
240.275000 35.242100 -10.488 1.836 0.164 0.193 -0.007350 20000 1.000000
244.265000 33.069800 -7.22 1.841 0.178 0.202 -0.011071 20000 1.000000
240.961000 34.168400 -13.679 5.716 0.168 0.196 -0.000808 20000 1.000000
241.743000 33.861500 -13.397 4.456 0.172 0.199 -0.024931 20000 1.000000
241.476000 34.253600 -12.198 4.405 0.173 0.202 0.026812 20000 1.000000
240.629000 34.408100 -13.272 2.796 0.191 0.226 -0.034086 20000 1.000000
241.387000 34.516500 -10.481 3.05 0.173 0.198 -0.028778 20000 1.000000
243.630000 34.124100 -5.227 -0.579 0.188 0.216 -0.088513 20000 1.000000
242.098000 34.082000 -12.53 3.212 0.182 0.21 -0.071142 20000 1.000000
241.603000 34.334800 0.21 7.77 0.331 0.308 -0.111125 20000 1.000000
241.603000 34.334000 -11.071 3.664 0.257 0.25 -0.172058 20000 1.000000
244.212000 33.389800 -6.755 -1.079 0.184 0.21 -0.019419 20000 1.000000
242.154000 35.267500 -6.393 -0.599 0.164 0.194 -0.022864 20000 1.000000
242.140000 34.413400 -10.277 2.542 0.169 0.211 -0.010960 20000 1.000000
241.873000 33.938300 -11.813 3.403 0.169 0.195 -0.015765 20000 1.000000
242.588000 33.647700 -10.838 4.063 0.165 0.19 -0.012573 20000 1.000000
241.170000 34.946200 -9.495 -1.122 0.174 0.21 -0.017739 20000 1.000000
245.061000 39.345200 -4.346 -2.682 0.17 0.209 -0.035328 20000 1.000000
244.183000 40.914700 -4.967 -4.045 0.163 0.208 -0.015786 20000 1.000000
241.871000 33.583500 -15.786 4.749 0.196 0.224 0.014722 20000 1.000000
242.574000 33.649100 -12.417 4.271 0.172 0.199 -0.055621 20000 1.000000
241.574000 34.703100 -9.165 -4.865 0.168 0.197 -0.007012 20000 1.000000
242.474000 34.104200 -10.8 2.839 0.197 0.227 -0.025535 20000 1.000000
239.991000 34.733000 -14.084 4.647 0.169 0.196 0.014011 20000 1.000000
243.064000 34.093600 -10.516 0.261 0.189 0.268 0.064113 20000 1.000000
241.116000 34.356300 -12.866 3.755 0.168 0.194 -0.017875 20000 1.000000
246.195000 39.369400 -4.292 -3.874 0.171 0.209 -0.031998 20000 1.000000
241.760000 34.733900 -7.804 0.988 0.169 0.199 -0.011868 20000 1.000000
244.200000 32.945000 -9.144 2.962 0.192 0.207 -0.007950 20000 1.000000
241.107000 34.800200 -9.505 2.145 0.176 0.205 -0.002176 20000 1.000000
240.644000 40.416500 -6.286 -3.571 0.167 0.214 -0.049367 20000 1.000000
240.136000 35.189400 -11.625 3.464 0.177 0.211 -0.018361 20000 1.000000
244.479000 33.274800 -3.544 -1.502 0.192 0.217 -0.024955 20000 1.000000
243.617000 34.291400 -4.223 -0.92 0.171 0.199 -0.045839 20000 1.000000
245.173000 33.051100 -3.548 -2.675 0.278 0.314 -0.115906 20000 1.000000
244.340000 34.784000 -4.965 -3.331 0.191 0.225 -0.067980 20000 1.000000
245.810000 34.308600 -4.233 -3.416 0.173 0.198 -0.022500 20000 1.000000
243.111000 35.425200 -4.99 -3.508 0.171 0.2 -0.031454 20000 1.000000
245.820000 40.640200 -3.45 -3.843 0.198 0.248 -0.009619 20000 1.000000
239.584000 36.399000 -8.446 -1.98 0.2 0.232 -0.051355 20000 1.000000
241.887000 34.047400 -11.152 3.701 0.17 0.197 0.016741 20000 1.000000
242.701000 35.011500 -5.511 0.333 0.166 0.195 -0.014788 20000 1.000000
241.714000 33.783600 -12.418 4.193 0.191 0.218 -0.109106 20000 1.000000
243.570000 34.754800 -5.178 -2.515 0.17 0.197 0.000424 20000 1.000000
238.530000 40.815900 -5.946 -1.972 0.165 0.211 -0.017862 20000 1.000000
242.999000 33.708100 -11.193 3.805 0.17 0.199 -0.017420 20000 1.000000
244.365000 33.705000 -4.584 -3.287 0.189 0.226 -0.041451 20000 1.000000
239.520000 35.866700 -11.53 4.728 0.2 0.254 0.001198 20000 1.000000
242.155000 34.458200 -9.032 2.389 0.172 0.201 -0.035955 20000 1.000000
239.598000 35.880800 -8.954 1.74 0.178 0.208 0.058284 20000 1.000000
240.812000 34.441200 -12.47 2.097 0.179 0.21 -0.008448 20000 1.000000
244.089000 34.727300 -4.586 -3.424 0.173 0.202 0.000118 20000 1.000000
243.779000 33.796800 -7.14 -0.192 0.173 0.2 0.017613 20000 1.000000
244.855000 34.157600 -3.992 -3.023 0.168 0.196 0.007870 20000 1.000000
241.526000 35.662300 -7.638 -0.31 0.177 0.208 -0.083933 20000 1.000000
242.045000 34.449100 -10.677 1.808 0.165 0.2 -0.027510 20000 1.000000
240.992000 34.398500 -12.574 5.551 0.174 0.203 -0.016854 20000 1.000000
243.827000 33.925400 -5.917 -0.668 0.179 0.201 -0.010939 20000 1.000000
243.241000 33.236000 -11.641 5.411 0.181 0.21 0.016008 20000 1.000000
242.165000 34.485500 -8.326 1.436 0.166 0.194 -0.016842 20000 1.000000
242.609000 33.744200 -11.609 4.397 0.196 0.216 0.061788 20000 1.000000
242.555000 33.817400 -11.292 4.243 0.169 0.195 -0.007042 20000 1.000000
243.060000 35.090200 -5.677 -0.622 0.172 0.198 -0.012323 20000 1.000000
239.553000 34.691000 -14.806 6.167 0.171 0.196 -0.019998 20000 1.000000
242.246000 34.133300 -11.427 2.467 0.172 0.198 0.012180 20000 1.000000
239.406000 35.828700 -11.964 5.779 0.173 0.206 0.008205 20000 1.000000
242.454000 34.314900 -7.753 2.278 0.201 0.231 0.039077 20000 1.000000
241.970000 34.527100 -8.747 1.334 0.175 0.209 -0.053602 20000 1.000000
240.896000 34.733600 -11.345 1.639 0.17 0.204 -0.002617 20000 1.000000
239.557000 35.832600 -11.514 4.375 0.168 0.199 -0.011323 20000 1.000000
242.563000 33.856800 -11.267 3.835 0.169 0.193 -0.028244 20000 1.000000
238.778000 42.418300 -5.074 -1.795 0.24 0.324 -0.020492 20000 1.000000
244.021000 36.632500 -4.273 -3.948 0.166 0.201 0.009555 20000 1.000000
239.649000 34.038300 -13.368 7.884 0.17 0.199 -0.049487 20000 1.000000
241.874000 34.136800 -10.434 2.398 0.169 0.194 0.005614 20000 1.000000
243.904000 40.148400 -5.021 -3.688 0.171 0.217 -0.086730 20000 1.000000
242.682000 33.918400 -11.046 3.497 0.168 0.193 -0.003925 20000 1.000000
239.566000 35.969500 -7.687 1.416 0.175 0.199 -0.056986 20000 1.000000
244.588000 40.710700 -5.375 -2.568 0.167 0.22 -0.029932 20000 1.000000
241.122000 34.295500 -12.907 4.642 0.189 0.215 -0.006278 20000 1.000000
242.118000 34.175200 -13.032 1.039 0.225 0.249 -0.287536 20000 1.000000
243.352000 34.038500 -6.411 0.199 0.185 0.217 0.088505 20000 1.000000
242.790000 34.230800 -7.767 0.406 0.267 0.271 0.207780 20000 1.000000
245.381000 34.767700 -4.683 -4.011 0.182 0.212 -0.018399 20000 1.000000
242.491000 39.685600 -5.27 -3.577 0.171 0.211 -0.021483 20000 1.000000
240.859000 34.498700 -12.58 3.803 0.166 0.193 -0.020147 20000 1.000000
245.104000 42.614500 -64.379 -34.756 0.264 0.344 -0.006646 20000 1.000000
243.932000 34.141000 -5.126 -2.072 0.168 0.195 0.001427 20000 1.000000
242.653000 33.240700 -11.97 4.56 0.187 0.203 -0.131327 20000 1.000000
244.082000 34.369900 -3.441 -3.147 0.169 0.2 -0.039496 20000 1.000000
243.695000 34.427700 -5.57 -1.773 0.172 0.204 -0.040843 20000 1.000000
243.708000 34.533000 -5.453 -2.397 0.179 0.202 -0.028750 20000 1.000000
243.185000 34.674900 -6.497 -0.439 0.179 0.207 0.068621 20000 1.000000
241.793000 34.128800 -11.933 3.624 0.167 0.193 -0.019076 20000 1.000000
240.647000 34.683400 -12.431 3.758 0.178 0.21 -0.025576 20000 1.000000
242.814000 39.521100 -4.613 -3.705 0.169 0.208 -0.023976 20000 1.000000
245.995000 32.722500 -3.003 -3.856 0.177 0.199 0.025074 20000 1.000000
244.721000 39.910200 -4.836 -4.329 0.182 0.215 -0.009463 20000 1.000000
245.543000 36.154200 -3.695 -3.825 0.169 0.198 -0.019511 20000 1.000000
245.180000 41.724200 -5.272 -4.499 0.172 0.216 -0.064791 20000 1.000000
242.670000 41.428700 -5.048 -3.191 0.188 0.239 -0.001735 20000 1.000000
242.935000 42.981700 -4.823 -3.865 0.161 0.211 -0.022495 20000 1.000000
235.925000 40.876300 -4.586 1.091 0.213 0.262 0.031496 20000 1.000000
236.274000 38.928300 -14.218 6.228 0.163 0.201 -0.016750 20000 1.000000
237.585000 40.997600 -6.663 -3.192 0.191 0.251 -0.097778 20000 1.000000
243.830000 32.616500 -12.2 5.41 0.168 0.191 -0.023612 20000 1.000000
238.997000 35.551800 -12.99 6.581 0.169 0.201 -0.006112 20000 1.000000
242.015000 39.305600 -4.767 -3.764 0.17 0.214 -0.052430 20000 1.000000
242.395000 39.287900 -3.577 -4.18 0.169 0.206 -0.030268 20000 1.000000
243.576000 39.500500 -4.857 -3.435 0.163 0.21 -0.000125 20000 1.000000
243.950000 39.546400 -4.242 -2.961 0.168 0.205 0.002172 20000 1.000000
244.111000 39.374200 -4.444 -4.117 0.165 0.205 -0.000945 20000 1.000000
244.487000 39.536100 -4.356 -3.183 0.198 0.249 -0.018326 20000 1.000000
244.568000 39.388600 -6.669 -4.664 0.16 0.201 -0.019596 20000 1.000000
242.120000 40.433400 -5.352 -3.804 0.165 0.208 0.008634 20000 1.000000
245.308000 39.255200 -5.735 -4.145 0.169 0.206 0.024979 20000 1.000000
245.723000 39.119400 -3.077 -2.52 0.167 0.212 -0.011116 20000 1.000000
246.129000 39.067300 -4.711 -3.994 0.167 0.207 -0.027236 20000 1.000000
246.495000 39.268900 -4.625 -4.193 0.164 0.209 -0.009686 20000 1.000000
242.532000 40.320600 -3.239 -5.298 0.171 0.211 -0.061903 20000 1.000000
246.946000 40.494000 -5.351 -3.882 0.163 0.207 -0.004208 20000 1.000000
243.264000 40.495500 -5.365 -3.244 0.175 0.218 -0.060253 20000 1.000000
240.200000 39.572800 -4.697 -2.454 0.166 0.208 -0.030715 20000 1.000000
242.469000 36.614300 -4.534 -2.928 0.166 0.199 -0.021274 20000 1.000000
242.593000 36.804200 -4.164 -2.07 0.161 0.194 -0.016662 20000 1.000000
242.006000 36.606000 -5.724 -2.603 0.173 0.203 0.065905 20000 1.000000
242.296000 37.200800 -5.729 -2.717 0.166 0.201 -0.015459 20000 1.000000
240.463000 39.698400 -4.835 -1.668 0.173 0.214 -0.021153 20000 1.000000
240.694000 39.795600 -5.826 -1.506 0.174 0.223 0.026757 20000 1.000000
241.316000 39.888900 -5.339 -3.388 0.169 0.212 -0.026671 20000 1.000000
241.841000 39.212300 -5.576 -3.134 0.16 0.2 -0.015071 20000 1.000000
246.706000 41.856800 -4.042 -5.526 0.173 0.222 0.009071 20000 1.000000
246.958000 39.345100 -4.862 -3.33 0.167 0.206 -0.018966 20000 1.000000
246.988000 41.817300 -6.536 -4.175 0.165 0.211 -0.029553 20000 1.000000
246.722000 40.671300 -5.185 -3.548 0.168 0.212 -0.026391 20000 1.000000
240.400000 39.499200 -4.008 -1.716 0.199 0.236 0.031051 20000 1.000000
240.931000 39.486100 -4.28 -2.912 0.175 0.217 -0.013551 20000 1.000000
241.550000 39.133900 -4.863 -2.722 0.165 0.205 -0.008670 20000 1.000000
241.062000 39.268000 -4.424 -2.174 0.269 0.32 -0.028949 20000 1.000000
241.649000 39.454700 -5.3 -3.07 0.166 0.206 0.028358 20000 1.000000
241.995000 38.728800 -4.858 -3.129 0.167 0.204 -0.011019 20000 1.000000
241.540000 38.724600 -4.106 -1.899 0.203 0.247 -0.009036 20000 1.000000
241.070000 38.980900 -5.393 -1.63 0.163 0.207 -0.006895 20000 1.000000
240.985000 38.704600 -44.687 -30.893 0.199 0.228 0.006830 20000 1.000000
240.541000 38.761400 -5.891 -2.777 0.179 0.213 -0.101393 20000 1.000000
240.523000 40.779800 -5.395 -2.296 0.181 0.217 0.061087 20000 1.000000
240.990000 40.242200 -4.545 -3.006 0.189 0.219 -0.093920 20000 1.000000
240.278000 39.908200 -4.099 -1.426 0.167 0.209 0.019128 20000 1.000000
239.307000 38.829200 -8.493 -2.243 0.202 0.225 0.085552 20000 1.000000
239.614000 39.046600 -7.528 -1.939 0.184 0.224 -0.048494 20000 1.000000
240.189000 39.123500 -2.988 -1.689 0.17 0.211 -0.075742 20000 1.000000
239.107000 39.466700 -8.272 -2.72 0.19 0.223 0.077075 20000 1.000000
240.376000 41.357700 -5.337 -2.781 0.164 0.211 -0.009692 20000 1.000000
239.716000 39.937400 -5.85 -2.125 0.16 0.201 -0.017795 20000 1.000000
239.194000 40.418600 -5.336 -1.094 0.206 0.25 0.013177 20000 1.000000
239.923000 40.288900 -5.743 -2.77 0.167 0.21 -0.008925 20000 1.000000
235.692000 40.247500 -11.59 4.43 0.162 0.205 -0.012221 20000 1.000000
235.867000 40.551300 -7.049 2.609 0.162 0.205 -0.023269 20000 1.000000
235.787000 40.637400 -4.867 2.587 0.189 0.238 -0.001674 20000 1.000000
235.943000 40.219600 -9.269 4.439 0.166 0.21 0.002117 20000 1.000000
236.307000 40.119300 -9.538 1.209 0.176 0.225 0.020561 20000 1.000000
238.207000 36.485500 -13.735 7.35 0.162 0.195 -0.015941 20000 1.000000
238.710000 35.945700 -12.838 6.655 0.169 0.201 0.034519 20000 1.000000
238.949000 36.302100 -13.159 5.739 0.166 0.199 -0.007278 20000 1.000000
238.865000 36.425900 -12.849 5.635 0.169 0.202 0.011676 20000 1.000000
237.668000 37.534500 -11.315 4.303 0.206 0.216 -0.105772 20000 1.000000
237.623000 37.914500 -10.399 4.001 0.171 0.208 -0.008339 20000 1.000000
236.819000 38.495000 -12.972 5.453 0.167 0.208 -0.078321 20000 1.000000
236.652000 38.987400 -11.888 3.355 0.176 0.211 0.062663 20000 1.000000
236.796000 39.242000 -10.906 1.241 0.165 0.206 -0.009696 20000 1.000000
236.368000 42.275400 -5.497 -0.413 0.171 0.219 -0.011525 20000 1.000000
236.895000 39.319700 -10.223 0.135 0.168 0.207 0.019155 20000 1.000000
237.041000 38.664700 -10.861 2.616 0.202 0.258 0.086733 20000 1.000000
237.233000 38.428600 -11.698 2.606 0.166 0.206 -0.006078 20000 1.000000
237.548000 38.239800 -9.733 1.567 0.167 0.206 -0.009390 20000 1.000000
237.083000 38.866100 -10.377 0.27 0.161 0.2 -0.016958 20000 1.000000
237.037000 39.398100 -9.992 4.498 0.26 0.306 -0.079769 20000 1.000000
237.424000 38.777800 -8.599 0.299 0.17 0.22 -0.051894 20000 1.000000
237.281000 39.260000 -8.324 -6.523 0.166 0.205 0.026162 20000 1.000000
237.696000 39.109300 -8.197 -1.825 0.172 0.211 -0.022062 20000 1.000000
237.873000 37.069200 -13 5.084 0.203 0.235 0.187837 20000 1.000000
238.137000 36.962000 -13.763 5.667 0.191 0.215 -0.050083 20000 1.000000
238.009000 37.201700 -11.22 4.252 0.194 0.225 -0.081017 20000 1.000000
238.203000 37.001000 -13.579 5.27 0.255 0.276 0.080447 20000 1.000000
238.274000 37.002400 -12.113 4.862 0.179 0.22 0.011358 20000 1.000000
238.349000 37.104500 -10.849 2.89 0.206 0.224 -0.133953 20000 1.000000
238.286000 37.203500 -12.166 1.437 0.171 0.203 0.026020 20000 1.000000
237.786000 37.329900 -12.441 4.492 0.164 0.198 0.001416 20000 1.000000
237.901000 37.336900 -11.175 4.467 0.171 0.215 -0.028452 20000 1.000000
237.900000 37.722000 -9.618 0.486 0.164 0.198 -0.019168 20000 1.000000
237.781000 37.863900 -11.202 0.568 0.172 0.213 -0.016550 20000 1.000000
237.942000 37.713900 -9.461 0.617 0.186 0.221 -0.082070 20000 1.000000
238.174000 37.336800 -12.167 1.818 0.167 0.206 -0.006913 20000 1.000000
238.210000 37.533000 -8.763 -0.354 0.165 0.2 -0.003314 20000 1.000000
238.313000 37.601800 -7.982 0.003 0.172 0.204 0.036741 20000 1.000000
238.022000 37.749400 -9.805 -0.38 0.167 0.202 -0.019813 20000 1.000000
238.214000 37.819000 -9.41 -3.649 0.17 0.203 -0.007775 20000 1.000000
238.095000 36.621700 -13.574 6.722 0.166 0.2 -0.029202 20000 1.000000
238.421000 36.724000 -13.14 5.972 0.165 0.198 -0.019742 20000 1.000000
238.580000 36.800400 -10.441 4.261 0.165 0.198 -0.019002 20000 1.000000
238.409000 36.858500 -13.772 5.759 0.165 0.2 -0.029853 20000 1.000000
238.459000 36.814300 -13.227 6.737 0.181 0.215 -0.016001 20000 1.000000
238.445000 36.903500 -12.015 3.716 0.169 0.2 -0.031036 20000 1.000000
238.613000 36.637000 -14.034 6.786 0.176 0.209 -0.074405 20000 1.000000
238.458000 37.007800 -9.989 3.436 0.212 0.259 0.015205 20000 1.000000
238.426000 37.213000 -9.906 -0.906 0.166 0.199 -0.013316 20000 1.000000
238.665000 36.918200 -8.091 -0.744 0.163 0.196 -0.012969 20000 1.000000
238.645000 37.010800 -8.566 -1.935 0.174 0.212 -0.045631 20000 1.000000
240.294000 37.713100 -9.389 -5.047 0.171 0.209 -0.033675 20000 1.000000
238.812000 36.559500 -11.727 8.931 0.163 0.196 -0.020013 20000 1.000000
238.131000 37.975600 -8.16 -1.957 0.166 0.202 -0.003833 20000 1.000000
238.936000 36.611600 -8.07 1.8 0.162 0.195 -0.016367 20000 1.000000
238.732000 36.950000 -7.458 -1.326 0.165 0.199 0.006408 20000 1.000000
238.652000 36.811400 -8.644 0.017 0.165 0.2 -0.021184 20000 1.000000
238.942000 37.169600 -7.674 -1.998 0.169 0.204 -0.010084 20000 1.000000
238.347000 37.478400 -8.923 -1.187 0.183 0.22 -0.008044 20000 1.000000
238.531000 37.489600 -7.608 -0.987 0.163 0.198 -0.023400 20000 1.000000
238.675000 37.581900 -7.126 -1.299 0.169 0.207 -0.023801 20000 1.000000
238.395000 37.932000 -8.601 -1.999 0.165 0.201 -0.018163 20000 1.000000
238.536000 37.755300 -6.842 -2.789 0.167 0.202 -0.016983 20000 1.000000
238.717000 37.385400 -7.898 -0.233 0.168 0.208 -0.025508 20000 1.000000
237.782000 38.153000 -9.397 1.009 0.163 0.201 -0.036226 20000 1.000000
237.904000 38.025100 -8.174 0.142 0.169 0.208 -0.071521 20000 1.000000
237.805000 38.444200 -8.07 -1.585 0.175 0.226 -0.005560 20000 1.000000
237.645000 38.999500 -8.016 -1.74 0.199 0.218 0.064045 20000 1.000000
238.905000 38.645300 -8.245 -1.657 0.165 0.202 -0.009652 20000 1.000000
239.652000 35.544100 -10.913 5.556 0.17 0.2 -0.016984 20000 1.000000
239.611000 35.841100 -10.784 3.478 0.175 0.204 -0.042931 20000 1.000000
239.655000 35.837800 -8.579 1.241 0.169 0.204 -0.014080 20000 1.000000
239.715000 35.806700 -8.433 3.021 0.173 0.205 -0.017667 20000 1.000000
239.093000 35.933300 -13.854 5.643 0.164 0.196 -0.013570 20000 1.000000
239.019000 36.417200 -7.897 0.695 0.164 0.198 -0.013574 20000 1.000000
239.147000 36.515900 -7.269 -0.655 0.17 0.205 -0.026339 20000 1.000000
239.302000 36.024800 -12.411 5.287 0.166 0.204 -0.016168 20000 1.000000
239.121000 36.140200 -13.974 6.417 0.165 0.196 -0.014267 20000 1.000000
239.251000 36.106800 -12.925 5.949 0.162 0.194 -0.013274 20000 1.000000
239.272000 36.178900 -7.476 -0.752 0.163 0.194 -0.014343 20000 1.000000
239.355000 35.922800 -11.82 5.99 0.165 0.196 -0.027297 20000 1.000000
239.525000 36.007500 -5.843 -1.062 0.192 0.212 -0.020214 20000 1.000000
239.457000 36.089400 -7.117 -3.459 0.164 0.196 -0.014264 20000 1.000000
239.560000 36.123200 -6.185 -0.058 0.165 0.197 -0.018916 20000 1.000000
239.158000 35.697100 -13.155 6.2 0.17 0.196 0.026409 20000 1.000000
239.637000 36.051700 -6.584 1.289 0.167 0.197 -0.018128 20000 1.000000
239.448000 35.974100 -12.119 5.765 0.179 0.205 -0.051117 20000 1.000000
239.706000 36.015800 -6.551 0.988 0.165 0.196 -0.019452 20000 1.000000
239.723000 36.304400 -10.674 -3.505 0.167 0.201 -0.017136 20000 1.000000
239.257000 36.806300 -6.578 -1.453 0.165 0.2 -0.014193 20000 1.000000
239.803000 37.352200 -7.482 -1.738 0.176 0.215 -0.033673 20000 1.000000
239.356000 37.795200 -7.69 -1.605 0.21 0.257 -0.023005 20000 1.000000
240.160000 37.901100 -6.102 0.219 0.187 0.211 -0.113570 20000 1.000000
239.049000 38.090000 -9.999 -1.894 0.168 0.206 -0.020091 20000 1.000000
239.666000 38.735600 -8.102 -1.94 0.188 0.213 0.028016 20000 1.000000
241.480000 37.177600 -2.326 1.221 0.163 0.197 -0.008842 20000 1.000000
236.283000 39.863600 -13.722 2.02 0.203 0.249 -0.107434 20000 1.000000
236.448000 39.905700 -11.898 -0.695 0.193 0.249 -0.058067 20000 1.000000
236.628000 39.452400 -11.763 -0.04 0.166 0.21 0.003235 20000 1.000000
236.705000 39.707100 -11.084 -1.523 0.177 0.219 -0.064635 20000 1.000000
236.813000 39.492800 -10.699 -0.481 0.203 0.276 0.026125 20000 1.000000
236.817000 39.962100 -8.768 -2.975 0.197 0.246 -0.061490 20000 1.000000
236.344000 40.256800 -8.626 0.204 0.166 0.21 0.007857 20000 1.000000
236.117000 41.151700 -5.489 -0.54 0.167 0.212 0.005647 20000 1.000000
236.301000 40.575300 -7.778 -1.201 0.172 0.217 0.060325 20000 1.000000
236.427000 40.478900 -8.543 -1.438 0.203 0.254 0.184262 20000 1.000000
236.548000 40.082200 -10.8 -0.662 0.161 0.204 -0.009848 20000 1.000000
236.864000 40.324100 -9.461 -2.704 0.161 0.205 -0.023106 20000 1.000000
236.676000 40.732900 -8.596 -1.654 0.163 0.207 -0.040061 20000 1.000000
236.826000 40.546700 -9.94 -1.718 0.166 0.213 -0.030753 20000 1.000000
237.024000 39.621400 -10.23 -3.41 0.176 0.208 0.039164 20000 1.000000
237.264000 39.493600 -10.14 -4.572 0.163 0.202 -0.025388 20000 1.000000
237.126000 39.726200 -10.189 -2.032 0.192 0.24 0.028582 20000 1.000000
237.077000 40.747600 -7.702 -2.705 0.17 0.214 -0.030495 20000 1.000000
237.332000 40.034100 -7.533 -2.401 0.168 0.208 -0.026986 20000 1.000000
237.393000 40.650700 -7.262 -1.098 0.172 0.22 -0.057896 20000 1.000000
236.666000 40.887100 -7.38 -0.542 0.16 0.205 -0.013121 20000 1.000000
237.729000 40.271200 -8.981 -2.05 0.177 0.218 -0.079420 20000 1.000000
239.132000 39.794700 -8.651 -1.306 0.164 0.209 -0.046936 20000 1.000000
239.052000 41.183300 -5.59 -2.093 0.164 0.212 -0.037180 20000 1.000000
237.681000 40.731100 -7.244 -2.175 0.195 0.226 0.034919 20000 1.000000
235.774000 42.209100 -7.387 -0.303 0.169 0.211 -0.008029 20000 1.000000
235.946000 42.860100 -1.243 -0.171 0.269 0.34 0.057249 20000 1.000000
236.617000 42.503500 -5.107 0.208 0.166 0.215 -0.009156 20000 1.000000
237.344000 42.191000 -3.357 -1.142 0.169 0.219 -0.050401 20000 1.000000
238.220000 42.259700 -3.24 -1.166 0.164 0.208 -0.024380 20000 1.000000
239.622000 42.468800 -2.54 -1.027 0.166 0.218 -0.041334 20000 1.000000
241.588000 42.254600 -5.813 -4.023 0.16 0.209 -0.022949 20000 1.000000
243.371000 36.071300 -3.883 -2.327 0.175 0.21 0.043589 20000 1.000000
242.835000 36.022500 -5.61 -2.938 0.174 0.2 -0.025246 20000 1.000000
242.590000 36.159000 -4.491 -1.992 0.175 0.208 0.033425 20000 1.000000
241.868000 36.466800 1.859 -5.47 0.19 0.232 -0.211248 20000 1.000000
242.211000 36.531200 -5.612 -2.642 0.161 0.196 -0.020221 20000 1.000000
241.909000 36.570200 -2.401 -0.387 0.188 0.21 -0.080283 20000 1.000000
241.882000 36.975700 -4.616 -1.642 0.167 0.201 -0.009651 20000 1.000000
242.064000 37.231400 -4.317 -2.168 0.169 0.201 0.025533 20000 1.000000
242.606000 34.462400 -7.673 0.706 0.179 0.202 -0.018010 20000 1.000000
242.459000 33.562100 -11.407 3.159 0.172 0.196 0.003660 20000 1.000000
242.895000 32.889200 -13.187 4.567 0.168 0.19 -0.022809 20000 1.000000
243.050000 32.733800 -13.572 5.014 0.164 0.187 -0.015020 20000 1.000000
242.756000 32.666400 -13.2 5.752 0.18 0.197 0.069373 20000 1.000000
242.810000 33.439600 -12.193 3.687 0.165 0.191 -0.001837 20000 1.000000
242.928000 33.235700 -12.77 5.064 0.176 0.194 0.035374 20000 1.000000
243.217000 33.493300 -10.96 3.386 0.167 0.192 -0.008323 20000 1.000000
243.651000 32.976000 -12.95 3.351 0.171 0.196 -0.011510 20000 1.000000
243.989000 32.822200 -12.287 4.342 0.172 0.193 -0.055781 20000 1.000000
243.329000 33.240200 -11.849 4.234 0.174 0.197 -0.018438 20000 1.000000
243.431000 33.059200 -12.406 4.209 0.165 0.188 -0.016105 20000 1.000000
243.379000 33.375600 -11.606 3.275 0.171 0.195 0.020741 20000 1.000000
243.591000 33.210200 -10.72 5.245 0.182 0.209 -0.006610 20000 1.000000
243.817000 33.213500 -10.6 2.571 0.17 0.195 -0.018646 20000 1.000000
243.888000 33.296200 -8.759 1.272 0.172 0.197 -0.069260 20000 1.000000
243.574000 33.523500 -6.627 0.757 0.202 0.218 0.045195 20000 1.000000
243.773000 33.574700 -8.533 0.826 0.176 0.209 0.010288 20000 1.000000
244.031000 32.887000 -10.788 3.582 0.171 0.194 -0.019931 20000 1.000000
244.175000 32.954700 -10.428 3.508 0.213 0.25 -0.034923 20000 1.000000
244.268000 32.759700 -10.351 3.416 0.175 0.201 -0.007026 20000 1.000000
244.404000 32.750600 -7.811 1.913 0.182 0.2 -0.013189 20000 1.000000
244.423000 32.834700 -8.531 2.044 0.175 0.197 -0.015810 20000 1.000000
244.430000 32.898400 -7.347 1.784 0.179 0.202 -0.003028 20000 1.000000
244.700000 32.690000 -5.276 -1.922 0.169 0.192 -0.021779 20000 1.000000
244.602000 32.875800 -4.687 -2.297 0.175 0.2 -0.001618 20000 1.000000
244.578000 32.982500 -4.711 -3.131 0.178 0.204 0.002850 20000 1.000000
244.280000 32.948900 -9.27 2.631 0.173 0.196 -0.015053 20000 1.000000
244.234000 33.516400 -5.501 -2.699 0.177 0.201 0.038142 20000 1.000000
244.313000 33.423900 -4.645 -2.906 0.194 0.221 0.026281 20000 1.000000
244.571000 33.247800 -4.596 -3.164 0.171 0.196 -0.026222 20000 1.000000
244.657000 33.143600 -4.692 -2.546 0.176 0.2 -0.075356 20000 1.000000
244.704000 33.886900 -4.943 -3.789 0.177 0.198 -0.013517 20000 1.000000
240.305000 37.562600 -6.25 1.274 0.184 0.206 0.085777 20000 1.000000
239.350000 34.907300 -14.78 7.421 0.25 0.294 -0.038289 20000 1.000000
239.590000 35.010700 -14.307 5.277 0.167 0.194 -0.007713 20000 1.000000
239.760000 34.870600 -13.173 5.803 0.165 0.192 -0.003953 20000 1.000000
239.617000 35.106200 -13.527 5.07 0.175 0.201 0.060158 20000 1.000000
241.822000 34.376400 -11.135 2.613 0.168 0.195 -0.014539 20000 1.000000
239.925000 35.020000 -12.976 7.936 0.164 0.192 -0.013316 20000 1.000000
240.208000 34.507800 -13.595 6.404 0.169 0.191 -0.007889 20000 1.000000
240.384000 34.630500 -12.493 6.333 0.163 0.191 -0.013873 20000 1.000000
240.185000 34.888600 -12.482 5.143 0.162 0.191 -0.009528 20000 1.000000
240.464000 35.086600 -10.282 2.216 0.163 0.192 -0.013709 20000 1.000000
239.192000 35.425800 -15.927 5.095 0.166 0.195 -0.028375 20000 1.000000
239.455000 35.327800 -12.834 5.739 0.169 0.201 0.036962 20000 1.000000
239.646000 35.440500 -11.963 5.972 0.168 0.198 -0.026327 20000 1.000000
239.520000 35.624800 -11.591 6.336 0.166 0.197 -0.007054 20000 1.000000
239.463000 35.792700 -10.521 4.232 0.175 0.207 0.020971 20000 1.000000
239.733000 35.633800 -11.328 4.151 0.169 0.196 0.009064 20000 1.000000
239.629000 35.747900 -10.179 3.721 0.17 0.201 -0.004410 20000 1.000000
237.762000 37.061200 -14.402 6.431 0.234 0.283 -0.029194 20000 1.000000
239.899000 35.235100 -12.013 4.822 0.188 0.211 0.025759 20000 1.000000
239.975000 35.279800 -11.685 4.3 0.169 0.202 -0.035492 20000 1.000000
240.065000 35.316800 -11.595 3.822 0.174 0.208 -0.016844 20000 1.000000
239.887000 35.534200 -10.294 3.11 0.166 0.198 -0.016237 20000 1.000000
239.818000 35.702700 -9.252 2.253 0.165 0.195 -0.010743 20000 1.000000
239.869000 35.801300 -7.495 1.364 0.173 0.199 -0.000836 20000 1.000000
239.999000 35.686700 -8.442 0.303 0.17 0.199 -0.053541 20000 1.000000
239.707000 35.688900 -10.527 4.451 0.165 0.195 -0.021305 20000 1.000000
240.287000 35.319000 -8.983 2.392 0.174 0.205 -0.022385 20000 1.000000
240.091000 35.934700 -7.489 -0.817 0.167 0.197 -0.007857 20000 1.000000
240.496000 34.466800 -13.894 2.878 0.163 0.19 -0.011720 20000 1.000000
240.674000 34.599600 -13.067 2.882 0.171 0.204 0.055404 20000 1.000000
240.885000 34.660100 -11.873 2.573 0.172 0.198 0.048154 20000 1.000000
240.845000 34.856200 -10.34 4.353 0.247 0.326 -0.117526 20000 1.000000
239.755000 35.686700 -11.495 4.632 0.167 0.195 -0.018415 20000 1.000000
241.121000 34.835100 -9.751 1.065 0.167 0.194 -0.002994 20000 1.000000
241.152000 34.792300 -10.081 2.563 0.171 0.204 -0.012059 20000 1.000000
241.331000 34.695000 -11.066 1.497 0.18 0.213 0.044105 20000 1.000000
241.454000 34.771100 -9.134 1.62 0.168 0.197 -0.008471 20000 1.000000
241.344000 34.944400 -7.637 1.128 0.173 0.202 -0.065765 20000 1.000000
241.388000 35.138600 -7.847 -0.234 0.165 0.194 -0.032310 20000 1.000000
241.459000 34.821800 -8.347 1.773 0.175 0.2 -0.022984 20000 1.000000
241.811000 34.982100 -7.031 1.078 0.166 0.194 -0.015903 20000 1.000000
241.876000 35.378000 -6.719 -0.953 0.168 0.196 -0.026149 20000 1.000000
241.740000 35.667300 -5.468 -1.409 0.173 0.2 -0.006299 20000 1.000000
241.233000 36.231400 -7.728 -2.972 0.172 0.199 0.047327 20000 1.000000
241.045000 36.585500 -7.782 -0.988 0.165 0.199 -0.012868 20000 1.000000
241.740000 36.093100 -3.123 -0.532 0.168 0.197 -0.018972 20000 1.000000
241.994000 35.038800 -6.281 0.355 0.171 0.2 -0.005664 20000 1.000000
242.271000 34.509700 -8.391 0.961 0.168 0.195 -0.015613 20000 1.000000
242.451000 34.634300 -7.165 0.466 0.166 0.194 -0.020626 20000 1.000000
242.457000 34.987000 -6.298 -0.691 0.17 0.198 0.015055 20000 1.000000
243.048000 33.892600 -9.051 2.162 0.164 0.19 -0.013319 20000 1.000000
243.454000 34.019300 -7.545 0.834 0.167 0.193 -0.025757 20000 1.000000
242.719000 34.534800 -7.494 -0.146 0.194 0.205 -0.127214 20000 1.000000
241.969000 34.332200 -11.408 2.002 0.17 0.197 -0.000217 20000 1.000000
242.635000 35.116800 -4.27 -0.716 0.181 0.209 -0.038044 20000 1.000000
241.983000 35.152400 -6.374 -0.163 0.167 0.196 -0.019542 20000 1.000000
242.697000 35.238500 -5.324 -0.686 0.167 0.195 -0.013251 20000 1.000000
242.795000 35.387900 -5.312 -1.707 0.163 0.193 -0.010017 20000 1.000000
242.610000 35.896700 -4.999 -1.957 0.182 0.213 -0.046567 20000 1.000000
242.597000 35.697600 -4.938 -1.526 0.166 0.196 -0.015950 20000 1.000000
243.111000 35.998200 -4.361 -2.731 0.177 0.201 -0.023574 20000 1.000000
243.112000 35.710600 -5.306 -1.996 0.164 0.196 -0.009192 20000 1.000000
243.290000 34.192500 -7.116 0.399 0.17 0.196 -0.020798 20000 1.000000
243.463000 34.217200 -5.433 -0.382 0.17 0.194 -0.002740 20000 1.000000
243.788000 33.865800 -6.92 -1.584 0.165 0.192 -0.002502 20000 1.000000
243.920000 33.959300 -5.121 -1.942 0.168 0.192 -0.008660 20000 1.000000
239.772000 35.729200 -9.159 2.623 0.166 0.195 -0.005792 20000 1.000000
243.971000 34.716900 -4.49 -3.176 0.176 0.201 -0.046689 20000 1.000000
243.329000 34.936800 -5.972 -2.221 0.17 0.2 -0.002063 20000 1.000000
242.063000 34.341100 -10.678 1.983 0.18 0.214 -0.009679 20000 1.000000
243.120000 34.462100 -6.584 0.04 0.166 0.193 -0.014524 20000 1.000000
244.179000 33.741000 -5.423 -2.736 0.182 0.206 -0.015765 20000 1.000000
244.236000 34.425700 -3.989 -2.892 0.204 0.215 0.025682 20000 1.000000
244.350000 35.204800 -4.832 -3.797 0.172 0.2 -0.049476 20000 1.000000
242.685000 34.187400 -9.855 2.105 0.17 0.198 0.027121 20000 1.000000
242.950000 34.196200 -11.415 -6.448 0.198 0.2 0.065815 20000 1.000000
244.750000 34.731800 -4.136 -3.715 0.213 0.246 -0.008684 20000 1.000000
243.237000 35.204600 -4.56 -2.42 0.166 0.194 -0.010552 20000 1.000000
242.107000 35.424600 -6.585 -0.43 0.165 0.195 -0.019558 20000 1.000000
243.428000 35.320600 -5.247 -2.806 0.167 0.199 -0.017866 20000 1.000000
243.896000 35.141900 -4.618 -2.986 0.18 0.201 -0.048514 20000 1.000000
243.878000 35.526000 -3.567 -2.131 0.169 0.199 -0.029459 20000 1.000000
243.855000 35.785400 -4.753 -4.373 0.167 0.198 -0.027914 20000 1.000000
244.456000 35.472800 -5.7 -1.817 0.166 0.2 -0.006150 20000 1.000000
244.634000 35.163000 -4.285 -4.338 0.187 0.218 -0.018934 20000 1.000000
245.401000 34.188900 -5.015 -2.523 0.171 0.197 -0.013423 20000 1.000000
245.035000 34.844400 -2.844 -3.281 0.2 0.238 -0.030634 20000 1.000000
244.762000 35.291100 -4.568 -3.557 0.167 0.198 -0.017641 20000 1.000000
241.621000 37.973100 -2.922 -0.433 0.179 0.219 -0.045336 20000 1.000000
241.000000 37.613000 -10.131 14.066 0.207 0.244 -0.052847 20000 1.000000
241.084000 37.605300 2.465 10.591 0.173 0.22 -0.035150 20000 1.000000
240.914000 37.785700 -0.819 2.241 0.204 0.229 -0.137355 20000 1.000000
240.967000 37.913500 -5.027 0.771 0.163 0.199 -0.016505 20000 1.000000
240.862000 37.839300 0.427 1.19 0.181 0.211 0.005608 20000 1.000000
240.853000 37.962800 -0.283 -0.021 0.166 0.201 -0.026340 20000 1.000000
240.916000 37.914100 -3.924 0.751 0.17 0.205 -0.016108 20000 1.000000
241.056000 37.734300 -4.307 1.873 0.165 0.202 -0.018042 20000 1.000000
241.131000 37.654600 -2.208 2.517 0.167 0.204 -0.022947 20000 1.000000
241.040000 37.891700 -6.947 1.13 0.197 0.233 -0.024175 20000 1.000000
241.148000 37.878200 -4.509 1.338 0.166 0.202 -0.026887 20000 1.000000
241.183000 37.591400 5.978 12.737 0.171 0.218 0.058186 20000 1.000000
241.302000 37.561600 -2.089 2.586 0.172 0.225 -0.023409 20000 1.000000
241.316000 37.495400 3.169 4.251 0.161 0.196 -0.015529 20000 1.000000
241.406000 37.541300 -2.475 -0.26 0.166 0.202 -0.012212 20000 1.000000
241.180000 37.677000 -1.953 1.248 0.227 0.276 -0.009154 20000 1.000000
241.232000 37.754400 -3.953 0.338 0.173 0.216 0.025847 20000 1.000000
241.264000 37.903500 -4.09 0.19 0.166 0.202 -0.024280 20000 1.000000
241.762000 37.589200 -7.329 -1.382 0.164 0.2 -0.011314 20000 1.000000
241.528000 37.737500 -2.819 -0.973 0.17 0.204 0.005977 20000 1.000000
240.850000 38.057900 -0.911 -0.155 0.173 0.206 -0.007581 20000 1.000000
237.804000 41.344800 -42.566 326.96 0.38 0.454 0.063953 20000 1.000000
237.706000 41.381200 -5.553 -2.268 0.175 0.214 0.043771 20000 1.000000
237.809000 41.479200 -6.589 0.225 0.164 0.223 -0.057086 20000 1.000000
237.687000 41.463600 -5.511 -2.928 0.167 0.223 -0.049381 20000 1.000000
237.847000 41.531900 -5.752 -2.674 0.265 0.304 0.060625 20000 1.000000
238.493000 41.711600 -4.828 -1.69 0.163 0.21 -0.017500 20000 1.000000
246.132000 42.878900 -4.542 -3.329 0.162 0.214 -0.034838 20000 1.000000
241.439000 37.439500 -2.868 -0.251 0.176 0.208 -0.017155 20000 1.000000
240.254000 37.088900 -7.504 -2.158 0.167 0.201 0.027459 20000 1.000000
241.853000 37.280500 -4.981 -1.774 0.167 0.202 -0.006822 20000 1.000000
239.172000 41.359200 -5.778 -1.649 0.199 0.247 -0.077843 20000 1.000000
239.527000 41.332500 -5.255 -2.859 0.167 0.212 -0.013339 20000 1.000000
235.587000 42.442000 -3.621 -0.978 0.166 0.216 -0.070059 20000 1.000000
235.707000 42.076600 -4.106 -0.206 0.169 0.211 0.000465 20000 1.000000
238.120000 42.579800 -4.755 -2.551 0.167 0.213 -0.029906 20000 1.000000
242.275000 42.020200 -4.377 -3.371 0.166 0.213 -0.022701 20000 1.000000
243.404000 33.598200 -11.549 1.801 0.245 0.28 -0.156066 20000 1.000000
243.397000 33.495500 -10.519 3.793 0.173 0.199 -0.003999 20000 1.000000
244.492000 32.829400 -6.729 2.445 0.177 0.198 -0.020002 20000 1.000000
239.784000 35.693800 -9.323 2.194 0.181 0.21 0.018105 20000 1.000000
237.579000 41.830800 -1.045 -0.808 0.184 0.239 0.006602 20000 1.000000
236.019000 41.845500 -4.352 -0.964 0.184 0.263 -0.087002 20000 1.000000
238.521000 36.744300 -11.145 5.138 0.184 0.212 0.053834 20000 1.000000
239.528000 35.946600 -8.536 1.49 0.189 0.215 0.048727 20000 1.000000
239.485000 35.929100 -11.995 4.675 0.22 0.269 0.010611 20000 1.000000
243.852000 34.508100 -4.45 -2.769 0.165 0.192 -0.011138 20000 1.000000
245.241000 32.497900 -2.736 -3.385 0.209 0.224 -0.032837 20000 1.000000
243.407000 33.537300 -10.107 2.171 0.18 0.21 0.042924 20000 1.000000
241.651000 34.021700 -12.912 14.373 0.183 0.227 -0.038126 20000 1.000000
241.379000 34.836000 -8.759 1.156 0.169 0.198 -0.014960 20000 1.000000
241.983000 35.152400 -6.874 0.347 0.169 0.199 -0.019084 20000 1.000000
241.983000 35.152500 -6.939 -0.532 0.169 0.199 -0.013836 20000 1.000000
242.968000 33.389000 -15.153 2.513 0.175 0.202 0.016355 20000 1.000000
243.936000 31.559100 -14.526 5.416 0.174 0.191 0.049244 20000 1.000000
238.728000 35.709000 -14.126 6.113 0.184 0.217 -0.022353 20000 1.000000
242.077000 34.508200 -9.49 1.755 0.172 0.2 -0.005307 20000 1.000000
239.241000 36.186900 -7.357 -1.556 0.172 0.201 0.033943 20000 1.000000
239.233000 36.180500 -13.417 5.712 0.171 0.2 -0.008264 20000 1.000000
244.450000 32.490100 -9.102 4.619 0.172 0.202 -0.046976 20000 1.000000
242.305000 34.925400 -7.012 0.423 0.17 0.198 -0.041068 20000 1.000000
244.116000 32.417000 -12.242 5.042 0.167 0.189 -0.019896 20000 1.000000
243.076000 33.687100 -8.563 3.603 0.164 0.19 -0.016979 20000 1.000000
239.522000 35.919900 -12.037 6.899 0.172 0.204 0.011561 20000 1.000000
242.818000 33.835700 -11.363 3.763 0.186 0.205 -0.023318 20000 1.000000
242.193000 34.091800 -11.482 3.334 0.172 0.209 -0.014625 20000 1.000000
244.165000 31.313100 -11.368 5.315 0.204 0.229 -0.024233 20000 1.000000
241.596000 33.743300 -12.63 4.37 0.167 0.191 -0.007318 20000 1.000000
241.628000 33.779500 -13.679 5.542 0.176 0.198 0.046960 20000 1.000000
238.863000 36.161100 -12.563 7.148 0.171 0.201 0.007183 20000 1.000000
241.755000 34.628700 -8.973 1.506 0.194 0.229 -0.029350 20000 1.000000
239.056000 39.974600 -3.84 -0.752 0.18 0.223 -0.062677 20000 1.000000
243.849000 34.683200 -4.688 -2.918 0.166 0.194 -0.013121 20000 1.000000
242.317000 35.338700 -5.876 -0.489 0.167 0.196 -0.012970 20000 1.000000
240.280000 34.500000 -14.045 4.342 0.169 0.197 -0.016296 20000 1.000000
242.413000 33.444100 -14.476 5.837 0.195 0.217 0.007088 20000 1.000000
243.375000 34.643900 -7.084 -1.506 0.171 0.195 -0.043585 20000 1.000000
241.974000 34.019100 -11.592 2.68 0.186 0.215 -0.056786 20000 1.000000
242.391000 33.674100 -12.434 2.276 0.176 0.202 0.021334 20000 1.000000
242.445000 33.485800 -12.808 4.649 0.183 0.21 0.001792 20000 1.000000
239.475000 35.900000 -24.265 7.585 0.178 0.218 -0.046748 20000 1.000000
241.807000 34.875100 -7.03 0.724 0.176 0.204 -0.001378 20000 1.000000
240.816000 34.541500 -12.366 1.657 0.186 0.216 0.053658 20000 1.000000
244.877000 40.617200 -4.764 -4.084 0.167 0.216 -0.005460 20000 1.000000
243.350000 36.316300 -4.504 -3.454 0.168 0.201 0.000828 20000 1.000000
238.442000 37.666500 -7.723 -1.874 0.166 0.201 -0.024469 20000 1.000000
241.245000 34.459800 -11.478 3.679 0.188 0.22 -0.028433 20000 1.000000
242.138000 34.205600 -11.28 3.361 0.217 0.214 -0.096740 20000 1.000000
239.775000 40.591700 -5.993 -1.914 0.17 0.218 -0.037381 20000 1.000000
240.984000 41.868400 -5.121 -3.478 0.175 0.224 0.044579 20000 1.000000
243.701000 35.971300 -5.077 -3.766 0.176 0.203 -0.058621 20000 1.000000
241.521000 34.438600 -11.887 3.156 0.202 0.225 -0.067060 20000 1.000000
243.746000 33.192600 -10.973 3.163 0.168 0.193 -0.014919 20000 1.000000
240.116000 39.314300 -0.098 0.847 0.165 0.211 -0.037567 20000 1.000000
244.022000 33.292200 -8.306 0.52 0.172 0.195 -0.015452 20000 1.000000
240.476000 33.247900 -17.001 9.595 0.172 0.211 -0.057638 20000 1.000000
240.936000 34.319900 -12.213 4.412 0.164 0.191 -0.013518 20000 1.000000
241.354000 34.059300 -12.774 3.224 0.172 0.195 -0.059286 20000 1.000000
242.151000 33.992700 -12.083 3.801 0.177 0.202 -0.001737 20000 1.000000
239.935000 34.004300 -14.565 7.723 0.174 0.197 -0.017183 20000 1.000000
245.105000 42.612700 -38.265 -37.873 0.299 0.385 0.010455 20000 1.000000
239.930000 34.607300 -13.453 6.283 0.175 0.217 -0.045916 20000 1.000000
239.640000 35.917400 -12.683 -2.516 0.197 0.216 0.062755 20000 1.000000
241.585000 35.158200 -6.633 -0.232 0.165 0.195 -0.013751 20000 1.000000
243.923000 33.650600 -6.67 -0.774 0.17 0.197 0.016112 20000 1.000000
242.233000 33.549600 -13.394 4.981 0.192 0.205 -0.035773 20000 1.000000
243.770000 36.934800 -4.271 -3.413 0.163 0.197 -0.000862 20000 1.000000
239.867000 34.483500 -13.853 5.332 0.172 0.202 -0.023421 20000 1.000000
243.839000 33.641200 -8.47 1.917 0.177 0.2 -0.007484 20000 1.000000
246.368000 31.335500 -4.539 -3.707 0.171 0.188 -0.033104 20000 1.000000
242.951000 39.542200 -5.041 -3.447 0.171 0.207 0.059976 20000 1.000000
242.816000 38.097200 -4.225 -2.797 0.165 0.202 -0.026043 20000 1.000000
241.669000 33.797800 -12.551 4.721 0.175 0.201 -0.025745 20000 1.000000
241.163000 34.248000 -12.231 4.459 0.172 0.198 0.037167 20000 1.000000
241.771000 34.878900 -7.322 1.466 0.177 0.209 -0.079361 20000 1.000000
235.849000 41.053900 -3.66 0.558 0.169 0.213 -0.032910 20000 1.000000
241.558000 34.069100 -11.503 3.501 0.219 0.241 -0.002546 20000 1.000000
241.198000 39.627100 -5.281 -3.837 0.178 0.22 -0.010240 20000 1.000000
241.723000 34.019500 -14.599 -0.128 0.165 0.191 -0.016357 20000 1.000000
243.915000 33.030100 -11.128 3.913 0.168 0.192 -0.014177 20000 1.000000
238.053000 38.394500 -6.97 -2.896 0.167 0.207 -0.025520 20000 1.000000
241.780000 34.178600 -10.914 3.401 0.216 0.225 0.053362 20000 1.000000
241.486000 34.126400 -12.436 4.49 0.166 0.193 0.000449 20000 1.000000
241.516000 34.293200 -11.321 3.502 0.17 0.194 -0.010961 20000 1.000000
239.384000 34.556300 -15.198 5.6 0.166 0.194 -0.016599 20000 1.000000
241.879000 34.501500 -10.679 3.26 0.191 0.219 -0.001510 20000 1.000000
241.706000 33.712600 -12.19 5.534 0.173 0.199 -0.032851 20000 1.000000
242.807000 33.225000 -12.214 5.323 0.165 0.19 -0.002319 20000 1.000000
241.443000 35.738400 -5.39 -2.393 0.345 0.411 0.283655 20000 1.000000
241.346000 37.664300 -3.485 0.171 0.18 0.219 -0.009521 20000 1.000000
241.016000 35.010800 -8.815 2.07 0.182 0.216 -0.045549 20000 1.000000
241.648000 35.695000 -6.285 -2.456 0.181 0.213 -0.060067 20000 1.000000
243.608000 33.934800 -7.3 0.128 0.181 0.209 -0.011867 20000 1.000000
241.258000 34.568500 -10.316 2.599 0.182 0.207 0.105629 20000 1.000000
241.586000 34.259400 -12.221 4.825 0.198 0.23 -0.031848 20000 1.000000
244.418000 33.038300 -8.05 -2.548 0.173 0.198 -0.014229 20000 1.000000
243.068000 34.669000 -6.955 -0.748 0.184 0.214 -0.124343 20000 1.000000
241.758000 35.695600 -6.921 -1.67 0.262 0.301 0.138025 20000 1.000000
241.572000 33.958200 -12.488 4.812 0.235 0.245 -0.319696 20000 1.000000
244.421000 33.278800 -6.374 -4.818 0.174 0.197 -0.028570 20000 1.000000
243.346000 33.955300 -6.439 2.199 0.17 0.195 -0.015192 20000 1.000000
243.111000 35.425200 -5.129 -3.62 0.181 0.211 -0.022756 20000 1.000000
243.920000 35.287000 -4.403 -2.563 0.172 0.201 -0.009782 20000 1.000000
