242.907000 34.116400 -3.926 6.081 0.245 0.267 -0.042600 20000 1.000000
243.571000 34.594300 -3.846 0.334 0.167 0.203 0.034557 20000 1.000000
241.305000 34.824500 -8.358 6.189 0.179 0.216 0.056125 20000 1.000000
242.103000 34.126000 -8.873 5.973 0.266 0.299 0.071598 20000 1.000000
242.795000 40.412800 -2.723 -1.384 0.163 0.214 0.027099 20000 1.000000
240.970000 33.480500 -10.659 10.042 0.191 0.219 -0.003492 20000 1.000000
243.116000 34.264300 -5.929 2.008 0.192 0.232 0.123964 20000 1.000000
240.594000 34.920500 -8.547 6.404 0.171 0.208 0.037483 20000 1.000000
244.002000 34.000500 -4.293 -0.806 0.169 0.201 0.043931 20000 1.000000
242.935000 33.578200 -9.472 6.592 0.17 0.2 0.050949 20000 1.000000
243.920000 35.287000 -4.48 -2.845 0.171 0.21 0.042863 20000 1.000000
245.285000 33.610400 -3.526 -2.659 0.17 0.201 0.049001 20000 1.000000
243.947000 34.251400 -2.924 -1.04 0.179 0.213 0.049567 20000 1.000000
241.723000 34.184900 -9.708 7.716 0.218 0.251 0.042482 20000 1.000000
242.988000 34.918600 -5.35 1.686 0.17 0.207 0.049786 20000 1.000000
241.812000 34.292800 -9.667 7.383 0.245 0.254 -0.285091 20000 1.000000
243.128000 36.917600 -3.098 -1.955 0.202 0.243 0.048960 20000 1.000000
242.156000 42.779500 0.048 0.487 0.165 0.222 0.055055 20000 1.000000
240.653000 35.157300 -7.785 3.163 0.172 0.211 0.071586 20000 1.000000
235.437000 42.836100 2.096 2.857 0.171 0.229 0.043273 20000 1.000000
244.010000 33.655100 -4.189 0.004 0.191 0.228 0.064588 20000 1.000000
239.566000 35.939400 -4.065 4.685 0.238 0.279 0.032836 20000 1.000000
239.569000 35.888400 -8.508 9.247 0.195 0.23 0.040428 20000 1.000000
241.666000 33.311600 -11.485 10.433 0.165 0.197 0.055789 20000 1.000000
241.517000 33.445800 -10.742 10.072 0.169 0.203 0.023487 20000 1.000000
241.370000 34.138600 -10.276 8.337 0.199 0.23 0.155205 20000 1.000000
242.329000 35.565300 -4.102 1.75 0.171 0.209 0.051643 20000 1.000000
241.789000 33.876300 -12.829 8.232 0.183 0.219 0.105597 20000 1.000000
240.987000 34.806400 -9.026 7.017 0.183 0.238 -0.069678 20000 1.000000
243.664000 34.829500 -4.158 -0.541 0.181 0.213 0.027015 20000 1.000000
242.035000 34.244000 -11.215 2.75 0.198 0.251 -0.092304 20000 1.000000
237.881000 37.724100 -6.747 5.723 0.193 0.238 0.060017 20000 1.000000
242.172000 34.640500 -15.589 10.573 0.429 0.447 -0.171023 20000 1.000000
241.063000 34.109600 -10.947 9.343 0.185 0.226 0.090462 20000 1.000000
241.873000 34.136700 -10.795 6.301 0.166 0.198 0.056274 20000 1.000000
242.521000 34.313800 -7.543 4.276 0.197 0.228 0.168237 20000 1.000000
242.291000 34.109900 -9.428 6.458 0.187 0.219 0.021380 20000 1.000000
245.126000 40.558400 -3.528 -1.535 0.178 0.216 0.100202 20000 1.000000
240.120000 34.414900 -11.515 9.05 0.172 0.208 0.002975 20000 1.000000
242.427000 35.071700 -4.602 2.595 0.174 0.207 0.100858 20000 1.000000
239.249000 35.791600 -9.763 9.508 0.177 0.215 0.032807 20000 1.000000
242.900000 34.039100 -7.616 6.849 0.173 0.203 0.075093 20000 1.000000
244.265000 33.069800 -5.452 1.204 0.178 0.21 0.043306 20000 1.000000
240.961000 34.168400 -10.725 9.072 0.166 0.201 0.060208 20000 1.000000
241.743000 33.861500 -10.661 8.056 0.174 0.21 0.048990 20000 1.000000
240.629000 34.408100 -10.931 8.073 0.188 0.229 0.012166 20000 1.000000
241.387000 34.516500 -9.772 5.328 0.183 0.22 0.032301 20000 1.000000
243.630000 34.124100 -4.296 1.094 0.182 0.214 0.017546 20000 1.000000
242.098000 34.082000 -8.895 6.283 0.184 0.222 -0.020396 20000 1.000000
241.874000 33.938000 -10.759 9.407 0.195 0.259 0.062504 20000 1.000000
242.588000 33.647700 -10.345 8.097 0.167 0.202 0.032322 20000 1.000000
241.170000 34.946200 -7.069 5.004 0.177 0.217 0.054299 20000 1.000000
245.061000 39.345200 -3.496 -1.058 0.174 0.22 0.029413 20000 1.000000
244.183000 40.914700 -4.038 -1.194 0.162 0.212 0.058783 20000 1.000000
241.574000 34.703100 -6.707 4.907 0.171 0.206 0.056411 20000 1.000000
242.474000 34.104200 -8.8 6.356 0.191 0.231 0.081757 20000 1.000000
239.991000 34.733000 -10.674 9.526 0.169 0.202 0.076498 20000 1.000000
241.116000 34.356300 -10.646 7.943 0.168 0.2 0.053797 20000 1.000000
246.195000 39.369400 -3.969 -0.645 0.171 0.217 0.036199 20000 1.000000
241.107000 34.800200 -9.34 5.677 0.185 0.221 0.062856 20000 1.000000
240.644000 40.416500 -3.265 -0.84 0.166 0.217 0.012438 20000 1.000000
240.136000 35.189400 -8.201 9.016 0.18 0.224 0.035414 20000 1.000000
244.479000 33.274800 -2.9 -3.079 0.177 0.206 0.050000 20000 1.000000
245.173000 33.051100 -3.25 -2.37 0.196 0.223 -0.022613 20000 1.000000
244.340000 34.784000 -2.544 -1.084 0.193 0.232 0.026770 20000 1.000000
245.810000 34.308600 -1.824 -2.026 0.199 0.23 0.054109 20000 1.000000
243.111000 35.425200 -3.948 2.293 0.175 0.212 0.058091 20000 1.000000
245.820000 40.640200 -3.822 -1.426 0.166 0.216 0.047768 20000 1.000000
239.584000 36.399000 -4.499 1.852 0.209 0.252 0.039883 20000 1.000000
241.887000 34.047400 -10.965 7.048 0.18 0.217 0.066398 20000 1.000000
239.318000 34.469400 -11.184 11.45 0.167 0.202 0.059401 20000 1.000000
241.714000 33.783600 -12.654 8.737 0.194 0.232 0.003368 20000 1.000000
243.570000 34.754800 -4.186 -0.136 0.17 0.204 0.071069 20000 1.000000
238.530000 40.815900 -5.279 -1.047 0.163 0.214 0.044793 20000 1.000000
244.365000 33.705000 -3.577 -0.877 0.203 0.244 0.025748 20000 1.000000
239.520000 35.866700 -8.447 9.25 0.198 0.25 0.076154 20000 1.000000
242.155000 34.458200 -8.123 3.218 0.174 0.21 0.036950 20000 1.000000
239.598000 35.880800 -6.044 4.76 0.182 0.223 0.138684 20000 1.000000
240.812000 34.441200 -10.346 7.272 0.176 0.215 0.039510 20000 1.000000
244.089000 34.727300 -3.266 -1.173 0.173 0.207 0.065569 20000 1.000000
243.779000 33.796800 -3.273 2.487 0.175 0.209 0.087377 20000 1.000000
244.855000 34.157600 -4.54 -2.66 0.428 0.493 0.079040 20000 1.000000
241.526000 35.662300 -5.946 2.161 0.186 0.228 0.020453 20000 1.000000
243.901000 36.458800 -3.43 -1.298 0.194 0.234 0.142697 20000 1.000000
240.992000 34.398500 -10.37 7.508 0.179 0.216 0.058573 20000 1.000000
243.827000 33.925400 -4.419 0.11 0.177 0.207 0.063215 20000 1.000000
242.165000 34.485500 -7.606 4.451 0.172 0.208 0.040337 20000 1.000000
243.060000 35.090200 -4.679 0.882 0.173 0.206 0.054081 20000 1.000000
242.246000 34.133300 -9.655 6.286 0.171 0.204 0.076391 20000 1.000000
239.406000 35.828700 -8.998 9.066 0.17 0.21 0.081178 20000 1.000000
242.454000 34.314900 -9.514 4.264 0.191 0.228 0.140444 20000 1.000000
240.896000 34.733600 -9.644 6.005 0.172 0.216 0.031467 20000 1.000000
239.557000 35.832600 -9.029 8.277 0.166 0.203 0.053280 20000 1.000000
242.563000 33.856800 -9.507 7.122 0.169 0.202 0.027689 20000 1.000000
238.778000 42.418300 -1.696 -1.123 0.228 0.306 0.013065 20000 1.000000
239.241000 36.186900 -4.819 2.526 0.176 0.213 0.109382 20000 1.000000
244.021000 36.632500 -2.796 -2.229 0.184 0.224 0.113184 20000 1.000000
239.649000 34.038300 -11.874 10.848 0.172 0.208 -0.014637 20000 1.000000
243.904000 40.148400 -3.167 -1.603 0.171 0.22 -0.020462 20000 1.000000
242.682000 33.918400 -8.759 6.693 0.17 0.201 0.061991 20000 1.000000
239.566000 35.969500 -4.666 4.598 0.172 0.204 0.006508 20000 1.000000
244.588000 40.710700 -3.298 -1.706 0.168 0.227 0.039420 20000 1.000000
241.122000 34.295500 -11.047 8.707 0.19 0.224 0.027179 20000 1.000000
242.118000 34.175200 -8.811 7.308 0.231 0.254 -0.253845 20000 1.000000
243.352000 34.038500 -7.121 2.716 0.189 0.226 0.175517 20000 1.000000
242.790000 34.230800 -6.466 5.13 0.224 0.236 0.203739 20000 1.000000
241.755000 34.055200 -10.371 6.953 0.397 0.42 0.116934 20000 1.000000
245.381000 34.767700 -3.543 -1.699 0.185 0.221 0.053536 20000 1.000000
242.491000 39.685600 -3.669 -1.844 0.171 0.22 0.026059 20000 1.000000
240.859000 34.498700 -10.893 6.463 0.165 0.201 0.030117 20000 1.000000
243.932000 34.141000 -3.115 -0.983 0.17 0.203 0.073651 20000 1.000000
244.082000 34.369900 -3.325 -1.297 0.172 0.207 0.008521 20000 1.000000
243.695000 34.427700 -3.057 0.271 0.174 0.211 -0.008275 20000 1.000000
243.708000 34.533000 -3.327 -0.234 0.175 0.209 0.028438 20000 1.000000
243.185000 34.674900 -5.545 2.032 0.168 0.202 0.070685 20000 1.000000
241.793000 34.128800 -10.013 6.602 0.179 0.216 0.025035 20000 1.000000
240.647000 34.683400 -10.469 6.44 0.194 0.238 0.008467 20000 1.000000
242.814000 39.521100 -3.076 -1.247 0.167 0.211 0.053204 20000 1.000000
245.995000 32.722500 -2.907 -0.618 0.177 0.204 0.101887 20000 1.000000
244.721000 39.910200 -3.339 -1.287 0.183 0.225 0.034441 20000 1.000000
245.543000 36.154200 -3.393 -0.469 0.179 0.212 0.057731 20000 1.000000
245.180000 41.724200 -3.36 -1.178 0.165 0.216 0.032414 20000 1.000000
242.670000 41.428700 -3.31 -1.75 0.163 0.214 0.059636 20000 1.000000
242.935000 42.981700 -2.799 -1.271 0.162 0.219 0.032285 20000 1.000000
235.925000 40.876300 0.023 3.965 0.213 0.263 0.086111 20000 1.000000
236.274000 38.928300 -7.987 11.195 0.161 0.206 0.037907 20000 1.000000
237.585000 40.997600 -4.55 -0.475 0.189 0.256 -0.047530 20000 1.000000
235.986000 42.967400 1.448 1.031 0.167 0.229 0.074144 20000 1.000000
243.830000 32.616500 -15.107 7.611 0.169 0.198 0.047485 20000 1.000000
238.997000 35.551800 -9.723 10.867 0.165 0.203 0.052590 20000 1.000000
242.015000 39.305600 -3.347 -0.903 0.17 0.221 0.003082 20000 1.000000
242.395000 39.287900 -4.241 -0.684 0.169 0.215 0.036218 20000 1.000000
243.576000 39.500500 -2.767 -1.594 0.162 0.214 0.072771 20000 1.000000
243.950000 39.546400 -4.085 -1.491 0.168 0.21 0.082406 20000 1.000000
244.111000 39.374200 -3.723 -1.347 0.164 0.209 0.067874 20000 1.000000
244.487000 39.536100 -3.281 -1.26 0.204 0.26 0.072014 20000 1.000000
244.568000 39.388600 -1.916 -0.838 0.16 0.206 0.056718 20000 1.000000
242.120000 40.433400 -3.703 -0.772 0.166 0.214 0.082631 20000 1.000000
245.308000 39.255200 -3.099 -1.444 0.17 0.211 0.105195 20000 1.000000
245.723000 39.119400 -2.985 -0.867 0.169 0.218 0.055399 20000 1.000000
246.129000 39.067300 -3.93 -1.541 0.166 0.212 0.041197 20000 1.000000
246.495000 39.268900 -3.808 -0.456 0.165 0.215 0.063673 20000 1.000000
242.532000 40.320600 -4.18 -0.511 0.17 0.219 -0.005379 20000 1.000000
246.946000 40.494000 -4.25 -1.405 0.164 0.213 0.073620 20000 1.000000
243.264000 40.495500 -3.88 -1.931 0.173 0.22 0.010913 20000 1.000000
243.721000 40.363200 -3.505 -1.656 0.164 0.215 0.052340 20000 1.000000
240.200000 39.572800 -5.291 -0.025 0.165 0.212 0.045545 20000 1.000000
242.469000 36.614300 -4.503 -0.646 0.164 0.202 0.052348 20000 1.000000
242.593000 36.804200 -2.902 -1.08 0.161 0.2 0.056721 20000 1.000000
242.006000 36.606000 -3.56 0.819 0.176 0.211 0.148851 20000 1.000000
242.296000 37.200800 -3.347 -0.083 0.165 0.206 0.059379 20000 1.000000
240.463000 39.698400 -4.191 -1.16 0.171 0.22 0.058877 20000 1.000000
240.694000 39.795600 -4.271 -2.125 0.174 0.226 0.115937 20000 1.000000
241.126000 39.838800 -3.648 -1.205 0.175 0.222 -0.007981 20000 1.000000
241.316000 39.888900 -3.683 -0.089 0.168 0.217 0.043543 20000 1.000000
241.841000 39.212300 -3.016 -0.539 0.162 0.21 0.038838 20000 1.000000
246.706000 41.856800 -4.375 -0.958 0.173 0.227 0.089578 20000 1.000000
246.958000 39.345100 -3.271 -0.66 0.168 0.212 0.057861 20000 1.000000
246.988000 41.817300 -2.586 -1.541 0.165 0.216 0.043980 20000 1.000000
246.722000 40.671300 -3.829 -1.389 0.169 0.218 0.053280 20000 1.000000
240.400000 39.499200 -4.488 0.036 0.181 0.221 0.103266 20000 1.000000
240.931000 39.486100 -4.346 -0.333 0.167 0.214 0.054850 20000 1.000000
241.550000 39.133900 -3.244 0.028 0.166 0.215 0.048632 20000 1.000000
241.062000 39.268000 -3.312 -0.814 0.181 0.23 0.010052 20000 1.000000
241.649000 39.454700 -4.031 -0.739 0.167 0.216 0.084820 20000 1.000000
241.995000 38.728800 -3.032 -0.906 0.167 0.213 0.040291 20000 1.000000
241.540000 38.724600 -3.715 -0.792 0.166 0.215 0.029552 20000 1.000000
241.070000 38.980900 -4.151 -0.804 0.162 0.213 0.035928 20000 1.000000
240.985000 38.704600 -5.293 -0.609 0.169 0.217 0.003709 20000 1.000000
240.541000 38.761400 -4.902 1.385 0.174 0.218 -0.038307 20000 1.000000
240.523000 40.779800 -4.331 -1 0.179 0.223 0.136044 20000 1.000000
240.990000 40.242200 -3.941 -0.956 0.184 0.221 -0.003092 20000 1.000000
240.278000 39.908200 -4.249 -0.929 0.167 0.216 0.102429 20000 1.000000
239.307000 38.829200 -3.911 1.382 0.231 0.268 0.142464 20000 1.000000
239.614000 39.046600 -3.898 1.764 0.19 0.232 -0.023550 20000 1.000000
240.189000 39.123500 -6.993 -0.214 0.169 0.215 -0.007412 20000 1.000000
239.107000 39.466700 -4.043 1.294 0.18 0.222 0.155896 20000 1.000000
240.376000 41.357700 -3.333 -0.798 0.165 0.22 0.033021 20000 1.000000
239.716000 39.937400 -4.844 0.119 0.159 0.206 0.048449 20000 1.000000
239.194000 40.418600 -4.867 -1.587 0.196 0.248 0.024713 20000 1.000000
239.923000 40.288900 -4.423 -0.101 0.166 0.215 0.072510 20000 1.000000
235.692000 40.247500 -7.116 10.156 0.162 0.211 0.053879 20000 1.000000
235.867000 40.551300 -1.153 4.593 0.165 0.213 0.034786 20000 1.000000
235.787000 40.637400 1.055 7.259 0.182 0.235 -0.009277 20000 1.000000
235.943000 40.219600 -5.826 4.446 0.167 0.218 0.053999 20000 1.000000
236.307000 40.119300 -6.513 3.242 0.175 0.232 0.101623 20000 1.000000
238.207000 36.485500 -10.503 10.375 0.161 0.2 0.046279 20000 1.000000
238.710000 35.945700 -10.592 10.204 0.168 0.207 0.091775 20000 1.000000
238.949000 36.302100 -10.165 10.346 0.177 0.22 0.050815 20000 1.000000
238.865000 36.425900 -9.615 10.273 0.168 0.207 0.080781 20000 1.000000
237.668000 37.534500 -8.945 8.098 0.189 0.217 -0.039110 20000 1.000000
237.623000 37.914500 -7.024 5.385 0.171 0.215 0.057742 20000 1.000000
236.819000 38.495000 -6.973 9.27 0.165 0.212 -0.010854 20000 1.000000
236.291000 39.117200 -8.142 9.04 0.188 0.234 0.041922 20000 1.000000
236.652000 38.987400 -6.93 6.885 0.174 0.217 0.132253 20000 1.000000
236.796000 39.242000 -6.599 4.453 0.167 0.216 0.037177 20000 1.000000
236.368000 42.275400 -1.395 1.607 0.172 0.228 0.046966 20000 1.000000
236.895000 39.319700 -6.46 3.247 0.174 0.221 0.051628 20000 1.000000
237.041000 38.664700 -6.38 6.446 0.181 0.247 0.075303 20000 1.000000
237.233000 38.428600 -4.495 7.913 0.167 0.213 0.072399 20000 1.000000
237.548000 38.239800 -5.536 5.003 0.167 0.211 0.048340 20000 1.000000
237.083000 38.866100 -4.774 4.109 0.16 0.205 0.042466 20000 1.000000
237.037000 39.398100 -6.153 -2.211 0.19 0.236 -0.001263 20000 1.000000
237.424000 38.777800 -5.231 3.231 0.174 0.231 0.030052 20000 1.000000
237.281000 39.260000 -1.385 1.815 0.165 0.211 0.074762 20000 1.000000
237.696000 39.109300 -4.411 -0.011 0.182 0.232 0.042405 20000 1.000000
237.873000 37.069200 -8.991 11.031 0.193 0.237 0.203064 20000 1.000000
238.137000 36.962000 -10.324 5.363 0.187 0.221 0.007207 20000 1.000000
238.009000 37.201700 -8.545 7.264 0.193 0.233 -0.012064 20000 1.000000
238.203000 37.001000 -8.6 8.8 0.263 0.282 0.177083 20000 1.000000
238.274000 37.002400 -8.16 7.795 0.176 0.228 0.088739 20000 1.000000
238.349000 37.104500 -7.146 6.45 0.193 0.226 -0.032073 20000 1.000000
238.286000 37.203500 -6.304 7.688 0.171 0.212 0.076403 20000 1.000000
237.786000 37.329900 -8.268 8.626 0.164 0.205 0.062495 20000 1.000000
237.901000 37.336900 -8.812 6.673 0.185 0.245 0.022018 20000 1.000000
237.900000 37.722000 -5.811 5.508 0.162 0.203 0.044260 20000 1.000000
237.781000 37.863900 -5.148 5.811 0.164 0.208 0.000528 20000 1.000000
237.942000 37.713900 -5.878 3.857 0.174 0.215 0.005149 20000 1.000000
238.174000 37.336800 -6.095 4.585 0.329 0.383 0.077206 20000 1.000000
238.210000 37.533000 -4.998 2.624 0.165 0.209 0.039134 20000 1.000000
238.313000 37.601800 -5.363 1.474 0.171 0.213 0.076031 20000 1.000000
238.022000 37.749400 -6.062 4.26 0.166 0.21 0.023855 20000 1.000000
238.214000 37.819000 -3.674 2.715 0.169 0.212 0.031762 20000 1.000000
238.095000 36.621700 -9.854 8.428 0.168 0.21 0.035593 20000 1.000000
238.421000 36.724000 -8.987 10.499 0.165 0.205 0.036712 20000 1.000000
238.580000 36.800400 -7.271 6.779 0.163 0.203 0.036278 20000 1.000000
238.409000 36.858500 -9.374 9.065 0.165 0.206 0.034007 20000 1.000000
238.459000 36.814300 -8.715 7.862 0.169 0.206 0.057326 20000 1.000000
238.445000 36.903500 -7.875 6.564 0.167 0.206 0.028080 20000 1.000000
238.613000 36.637000 -8.932 9.971 0.173 0.214 -0.004474 20000 1.000000
238.458000 37.007800 -7.756 5.47 0.164 0.205 0.051497 20000 1.000000
238.426000 37.213000 -5.108 2.722 0.164 0.204 0.050003 20000 1.000000
238.665000 36.918200 -4.731 2.592 0.163 0.203 0.051726 20000 1.000000
238.645000 37.010800 -5.281 2.311 0.174 0.218 0.019246 20000 1.000000
240.294000 37.713100 -3.327 4.562 0.175 0.219 0.031453 20000 1.000000
238.812000 36.559500 -10.51 9.412 0.162 0.201 0.042059 20000 1.000000
238.131000 37.975600 -5.381 2.476 0.165 0.207 0.062922 20000 1.000000
238.936000 36.611600 -2.95 2.277 0.161 0.2 0.046611 20000 1.000000
238.732000 36.950000 -4.663 1.834 0.172 0.213 0.073849 20000 1.000000
238.652000 36.811400 -4.875 2.993 0.166 0.206 0.043349 20000 1.000000
238.942000 37.169600 -5.006 1.297 0.171 0.212 0.060133 20000 1.000000
238.347000 37.478400 -4.664 2.272 0.177 0.223 0.027683 20000 1.000000
238.531000 37.489600 -5.602 2.308 0.163 0.207 0.024237 20000 1.000000
238.675000 37.581900 -5.193 0.196 0.166 0.211 0.038839 20000 1.000000
238.395000 37.932000 -3.253 1.654 0.164 0.207 0.048974 20000 1.000000
238.536000 37.755300 -5.319 2.107 0.171 0.213 0.052062 20000 1.000000
238.717000 37.385400 -4.332 1.334 0.185 0.235 0.058850 20000 1.000000
237.782000 38.153000 -5.61 2.515 0.162 0.206 0.028751 20000 1.000000
237.904000 38.025100 -4.808 3.372 0.167 0.213 0.001308 20000 1.000000
237.805000 38.444200 -4.711 2.042 0.174 0.229 0.060012 20000 1.000000
237.645000 38.999500 -4.119 1.306 0.203 0.225 0.143723 20000 1.000000
238.905000 38.645300 -4.568 0.531 0.163 0.207 0.052076 20000 1.000000
239.652000 35.544100 -9.002 6.721 0.189 0.232 0.035100 20000 1.000000
239.611000 35.841100 -8.35 9.058 0.171 0.207 0.021222 20000 1.000000
239.655000 35.837800 -6.542 4.414 0.168 0.209 0.045793 20000 1.000000
239.715000 35.806700 -5.603 4.63 0.177 0.216 0.041510 20000 1.000000
239.093000 35.933300 -9.529 9.664 0.163 0.202 0.040341 20000 1.000000
239.019000 36.417200 -4.963 3.092 0.165 0.206 0.056578 20000 1.000000
239.147000 36.515900 -4.268 0.932 0.17 0.213 0.028228 20000 1.000000
239.302000 36.024800 -9.584 9.379 0.165 0.208 0.043722 20000 1.000000
239.121000 36.140200 -10.693 9.742 0.165 0.202 0.044201 20000 1.000000
239.251000 36.106800 -10.568 9.434 0.161 0.199 0.048613 20000 1.000000
239.272000 36.178900 -3.659 2.697 0.161 0.199 0.046694 20000 1.000000
239.355000 35.922800 -9.21 9.852 0.165 0.205 0.019050 20000 1.000000
239.525000 36.007500 -5.742 6.722 0.178 0.211 0.062126 20000 1.000000
239.457000 36.089400 -2.235 1.65 0.164 0.203 0.048020 20000 1.000000
239.560000 36.123200 -5.018 3.466 0.163 0.202 0.046041 20000 1.000000
239.158000 35.697100 -9.601 9.051 0.169 0.203 0.093508 20000 1.000000
239.637000 36.051700 -4.813 2.248 0.166 0.202 0.047204 20000 1.000000
239.448000 35.974100 -8.8 8.561 0.182 0.214 -0.001940 20000 1.000000
239.706000 36.015800 -4.915 2.27 0.166 0.206 0.027723 20000 1.000000
239.723000 36.304400 -5.821 0.988 0.166 0.206 0.049331 20000 1.000000
239.257000 36.806300 -5.446 1.611 0.166 0.209 0.027668 20000 1.000000
239.803000 37.352200 -4.157 1.132 0.174 0.22 0.043975 20000 1.000000
239.356000 37.795200 -4.289 0.879 0.177 0.216 0.056563 20000 1.000000
240.160000 37.901100 -5.369 -0.672 0.184 0.219 -0.041139 20000 1.000000
239.049000 38.090000 -4.876 1.24 0.167 0.211 0.042538 20000 1.000000
239.666000 38.735600 -4.275 0.031 0.174 0.211 0.069888 20000 1.000000
241.480000 37.177600 -6.574 0.133 0.163 0.206 0.039089 20000 1.000000
236.283000 39.863600 -7.432 5.365 0.204 0.26 -0.019050 20000 1.000000
236.448000 39.905700 -6.449 3.434 0.185 0.248 0.023443 20000 1.000000
236.628000 39.452400 -6.251 3.229 0.163 0.21 0.043780 20000 1.000000
236.705000 39.707100 -7.232 0.54 0.174 0.222 -0.036728 20000 1.000000
236.813000 39.492800 -7.154 2.357 0.18 0.253 0.057018 20000 1.000000
236.817000 39.962100 -4.741 -0.8 0.163 0.214 -0.005822 20000 1.000000
236.344000 40.256800 -4.928 1.634 0.164 0.215 0.062578 20000 1.000000
236.117000 41.151700 -1.854 1.247 0.165 0.216 0.066731 20000 1.000000
236.301000 40.575300 -3.753 1.565 0.175 0.224 0.099560 20000 1.000000
236.427000 40.478900 -3.215 0.036 0.206 0.265 0.245943 20000 1.000000
236.548000 40.082200 -5.552 1.412 0.161 0.209 0.051951 20000 1.000000
236.864000 40.324100 -5.058 -0.463 0.161 0.21 0.043433 20000 1.000000
236.676000 40.732900 -4.879 -0.597 0.161 0.211 0.018783 20000 1.000000
236.826000 40.546700 -4.786 -0.981 0.292 0.351 -0.091635 20000 1.000000
237.024000 39.621400 -0.895 1.85 0.173 0.215 0.083130 20000 1.000000
237.264000 39.493600 -1.984 2.863 0.162 0.207 0.032132 20000 1.000000
237.126000 39.726200 0.204 -1.131 0.196 0.249 0.097706 20000 1.000000
237.077000 40.747600 -4.296 -0.637 0.169 0.219 0.029677 20000 1.000000
237.332000 40.034100 -5.648 -1.969 0.165 0.212 0.038414 20000 1.000000
237.393000 40.650700 -5.659 -2.403 0.171 0.225 0.004624 20000 1.000000
237.729000 40.271200 -4.755 -0.053 0.181 0.233 -0.005788 20000 1.000000
239.132000 39.794700 -2.657 0.619 0.163 0.215 0.019303 20000 1.000000
239.052000 41.183300 -3.652 -0.731 0.164 0.218 0.033110 20000 1.000000
237.681000 40.731100 -5.313 -0.35 0.196 0.236 0.056726 20000 1.000000
235.774000 42.209100 3.066 1.48 0.166 0.214 0.035653 20000 1.000000
235.946000 42.860100 0.247 -0.157 0.185 0.241 0.120631 20000 1.000000
236.617000 42.503500 -1.737 -0.618 0.182 0.241 0.047608 20000 1.000000
237.344000 42.191000 -3.667 -2.448 0.167 0.224 0.014480 20000 1.000000
238.220000 42.259700 -4.061 -1.828 0.164 0.214 0.047066 20000 1.000000
239.622000 42.468800 -4.237 -2.044 0.166 0.224 0.012089 20000 1.000000
241.588000 42.254600 -1.915 -0.598 0.16 0.214 0.044533 20000 1.000000
243.371000 36.071300 -2.782 -0.687 0.177 0.219 0.119915 20000 1.000000
242.835000 36.022500 -2.992 -0.419 0.174 0.207 0.037972 20000 1.000000
242.590000 36.159000 -4.67 -0.212 0.178 0.219 0.077672 20000 1.000000
241.868000 36.466800 -7.258 3.656 0.186 0.232 -0.151052 20000 1.000000
242.211000 36.531200 -2.967 -0.345 0.162 0.202 0.053831 20000 1.000000
241.909000 36.570200 -5.251 -0.323 0.188 0.214 -0.007229 20000 1.000000
241.882000 36.975700 -4.867 0.301 0.162 0.201 0.053516 20000 1.000000
242.064000 37.231400 -3.789 -0.929 0.168 0.207 0.095606 20000 1.000000
242.606000 34.462400 -6.252 3.406 0.176 0.207 0.041062 20000 1.000000
242.459000 33.562100 -10.725 8.295 0.167 0.199 0.077770 20000 1.000000
242.895000 32.889200 -11.681 8.64 0.169 0.198 0.044032 20000 1.000000
243.050000 32.733800 -12.094 8.821 0.165 0.195 0.048199 20000 1.000000
242.756000 32.666400 -12.542 9.089 0.192 0.215 0.149682 20000 1.000000
242.810000 33.439600 -10.695 7.851 0.167 0.199 0.054001 20000 1.000000
242.928000 33.235700 -10.602 7.182 0.178 0.203 0.098864 20000 1.000000
243.217000 33.493300 -10.063 6.622 0.167 0.198 0.048709 20000 1.000000
243.651000 32.976000 -11.432 6.366 0.181 0.214 0.062317 20000 1.000000
243.989000 32.822200 -10.722 4.901 0.173 0.204 -0.001204 20000 1.000000
243.329000 33.240200 -10.24 6.433 0.176 0.206 0.052373 20000 1.000000
243.431000 33.059200 -10.348 8.07 0.179 0.212 0.050152 20000 1.000000
243.379000 33.375600 -9.727 6.481 0.171 0.202 0.093911 20000 1.000000
243.591000 33.210200 -11.093 5.115 0.183 0.218 0.043324 20000 1.000000
243.817000 33.213500 -8.403 4.945 0.17 0.203 0.037253 20000 1.000000
243.921000 33.201000 -8.204 3.44 0.17 0.203 0.041059 20000 1.000000
243.888000 33.296200 -7.982 2.809 0.175 0.207 -0.021957 20000 1.000000
243.574000 33.523500 -7.337 3.792 0.179 0.206 0.111873 20000 1.000000
243.773000 33.574700 -6.674 1.939 0.175 0.215 0.064187 20000 1.000000
244.031000 32.887000 -10.796 4.016 0.173 0.205 0.033939 20000 1.000000
244.175000 32.954700 -8.1 3.075 0.17 0.198 0.052538 20000 1.000000
244.268000 32.759700 1.732 4.67 0.18 0.213 0.051390 20000 1.000000
244.404000 32.750600 -5.566 1.371 0.178 0.207 0.028015 20000 1.000000
244.423000 32.834700 -5.215 1.089 0.175 0.207 0.039754 20000 1.000000
244.430000 32.898400 -4.497 0.596 0.182 0.211 0.082449 20000 1.000000
244.700000 32.690000 -0.592 -3.562 0.183 0.215 0.052540 20000 1.000000
244.602000 32.875800 -1.402 -4.113 0.177 0.207 0.073895 20000 1.000000
244.578000 32.982500 -2.235 -3.442 0.177 0.211 0.093882 20000 1.000000
244.280000 32.948900 -6.604 2.66 0.174 0.206 0.031258 20000 1.000000
244.234000 33.516400 -4.399 -0.705 0.178 0.208 0.114163 20000 1.000000
244.313000 33.423900 -2.138 -1.21 0.179 0.211 0.085660 20000 1.000000
244.571000 33.247800 -3.129 -2.394 0.174 0.204 0.048862 20000 1.000000
244.657000 33.143600 -2.303 -3.597 0.176 0.206 -0.000930 20000 1.000000
244.704000 33.886900 -2.364 -1.607 0.177 0.205 0.065259 20000 1.000000
240.305000 37.562600 -6.421 0.329 0.182 0.214 0.156884 20000 1.000000
239.350000 34.907300 -10.501 11.062 0.162 0.198 0.047100 20000 1.000000
239.590000 35.010700 -9.996 9.565 0.169 0.206 0.041967 20000 1.000000
239.760000 34.870600 -11.001 9.408 0.165 0.2 0.061305 20000 1.000000
239.617000 35.106200 -10.478 9.356 0.176 0.21 0.134769 20000 1.000000
241.822000 34.376400 -9.717 6.211 0.166 0.201 0.059646 20000 1.000000
239.925000 35.020000 -10.412 8.177 0.163 0.198 0.042617 20000 1.000000
240.208000 34.507800 -11.647 8.636 0.17 0.199 0.043787 20000 1.000000
240.384000 34.630500 -11.824 7.397 0.164 0.201 0.030256 20000 1.000000
240.185000 34.888600 -9.349 8.774 0.162 0.198 0.056558 20000 1.000000
240.464000 35.086600 -9.37 7.976 0.164 0.2 0.058102 20000 1.000000
239.192000 35.425800 -9.085 10.863 0.164 0.2 0.032155 20000 1.000000
239.455000 35.327800 -10.495 9.81 0.168 0.208 0.099968 20000 1.000000
239.646000 35.440500 -10.137 7.945 0.166 0.202 0.041308 20000 1.000000
239.520000 35.624800 -9.99 7.211 0.164 0.202 0.054902 20000 1.000000
239.463000 35.792700 -9.075 9.146 0.166 0.205 0.070331 20000 1.000000
239.733000 35.633800 -7.945 7.355 0.169 0.203 0.076678 20000 1.000000
239.629000 35.747900 -10.431 8.053 0.166 0.204 0.060447 20000 1.000000
237.762000 37.061200 -9.902 10.029 0.165 0.206 0.062562 20000 1.000000
239.899000 35.235100 -10.162 8.036 0.188 0.219 0.094917 20000 1.000000
239.975000 35.279800 -9.062 7.421 0.171 0.211 0.009901 20000 1.000000
240.065000 35.316800 -8.752 6.444 0.168 0.207 0.061858 20000 1.000000
239.887000 35.534200 -8.201 6.746 0.181 0.222 0.025156 20000 1.000000
239.818000 35.702700 -6.631 5.336 0.166 0.205 0.031989 20000 1.000000
239.869000 35.801300 -5.797 3.833 0.173 0.207 0.062439 20000 1.000000
239.999000 35.686700 -5.823 4.328 0.169 0.205 -0.000344 20000 1.000000
239.707000 35.688900 -8.213 7.058 0.164 0.201 0.041650 20000 1.000000
240.287000 35.319000 -7.489 4 0.181 0.221 0.050098 20000 1.000000
240.091000 35.934700 -4.24 2.532 0.165 0.202 0.052830 20000 1.000000
240.496000 34.466800 -10.968 7.877 0.163 0.196 0.050066 20000 1.000000
240.674000 34.599600 -9.995 8.235 0.173 0.213 0.137294 20000 1.000000
240.885000 34.660100 -10.775 6.379 0.173 0.206 0.113171 20000 1.000000
240.845000 34.856200 -8.757 3.498 0.238 0.343 -0.022460 20000 1.000000
239.755000 35.686700 -6.971 5.882 0.165 0.201 0.042616 20000 1.000000
241.121000 34.835100 -8.829 4.997 0.166 0.2 0.059782 20000 1.000000
241.152000 34.792300 -9.328 3.777 0.17 0.21 0.056491 20000 1.000000
241.331000 34.695000 -7.331 6.616 0.175 0.21 0.126906 20000 1.000000
241.454000 34.771100 -6.499 4.456 0.166 0.202 0.047285 20000 1.000000
241.344000 34.944400 -6.439 3.676 0.173 0.209 0.013674 20000 1.000000
241.388000 35.138600 -5.885 3.347 0.17 0.207 0.031925 20000 1.000000
241.382000 34.838900 -6.107 4.99 0.172 0.208 0.053754 20000 1.000000
241.459000 34.821800 -6.799 5.537 0.176 0.21 0.067229 20000 1.000000
241.811000 34.982100 -5.353 3.228 0.166 0.203 0.028861 20000 1.000000
241.876000 35.378000 -3.593 2.381 0.167 0.201 0.039543 20000 1.000000
241.740000 35.667300 -4.745 1.871 0.171 0.205 0.055503 20000 1.000000
241.233000 36.231400 -4.677 3.078 0.173 0.209 0.097889 20000 1.000000
241.045000 36.585500 -4.159 1.617 0.169 0.211 0.024383 20000 1.000000
241.740000 36.093100 -5.244 1.129 0.168 0.207 0.028250 20000 1.000000
241.994000 35.038800 -4.408 3.051 0.166 0.201 0.055248 20000 1.000000
242.271000 34.509700 -6.333 4.237 0.185 0.223 0.046795 20000 1.000000
242.451000 34.634300 -5.893 3.413 0.166 0.2 0.047036 20000 1.000000
242.457000 34.987000 -4.8 3.43 0.168 0.203 0.080882 20000 1.000000
243.048000 33.892600 -6.972 5.138 0.183 0.219 0.050634 20000 1.000000
243.454000 34.019300 -5.169 3.055 0.168 0.199 0.045734 20000 1.000000
242.719000 34.534800 -5.727 3.763 0.194 0.209 -0.041765 20000 1.000000
241.969000 34.332200 -8.952 5.825 0.167 0.201 0.075091 20000 1.000000
242.635000 35.116800 -4.73 2.49 0.168 0.205 0.031940 20000 1.000000
241.983000 35.152400 -4.367 2.964 0.167 0.202 0.056633 20000 1.000000
242.697000 35.238500 -3.391 1.755 0.168 0.205 0.036450 20000 1.000000
242.795000 35.387900 -3.513 1.661 0.163 0.199 0.058172 20000 1.000000
242.610000 35.896700 -5.913 1.326 0.181 0.22 0.044548 20000 1.000000
242.597000 35.697600 -4.284 1.075 0.166 0.202 0.048804 20000 1.000000
243.111000 35.998200 -2.616 -0.803 0.176 0.207 0.049717 20000 1.000000
243.112000 35.710600 -3.915 -0.252 0.165 0.204 0.053819 20000 1.000000
243.290000 34.192500 -5.182 2.871 0.171 0.202 0.039523 20000 1.000000
243.463000 34.217200 -4.502 2.081 0.17 0.2 0.057271 20000 1.000000
243.788000 33.865800 -4.99 2.339 0.167 0.199 0.066509 20000 1.000000
243.920000 33.959300 -4.741 -0.209 0.169 0.199 0.052461 20000 1.000000
239.772000 35.729200 -6.531 5.266 0.179 0.218 0.063317 20000 1.000000
243.971000 34.716900 -3.181 -1.729 0.173 0.205 0.029269 20000 1.000000
243.329000 34.936800 -3.899 0.652 0.17 0.206 0.052711 20000 1.000000
242.063000 34.341100 -8.778 5.687 0.176 0.215 0.034955 20000 1.000000
243.120000 34.462100 -5.65 2.312 0.167 0.2 0.049584 20000 1.000000
244.179000 33.741000 -3.594 -0.511 0.172 0.207 0.029468 20000 1.000000
243.107000 34.062700 -4.82 4.272 0.181 0.217 -0.008341 20000 1.000000
244.236000 34.425700 -3.58 -1.629 0.209 0.224 0.090365 20000 1.000000
244.350000 35.204800 -3.029 -1.03 0.173 0.205 0.031219 20000 1.000000
242.685000 34.187400 -7.485 4.24 0.17 0.203 0.099432 20000 1.000000
242.950000 34.196200 -6.702 5.05 0.201 0.21 0.127112 20000 1.000000
244.750000 34.731800 -3.595 -1.65 0.207 0.254 0.113365 20000 1.000000
243.237000 35.204600 -3.418 0.534 0.166 0.201 0.058599 20000 1.000000
242.107000 35.424600 -4.69 1.796 0.204 0.239 0.022720 20000 1.000000
243.428000 35.320600 -2.838 -1.056 0.166 0.203 0.045315 20000 1.000000
243.896000 35.141900 -3.486 -1.329 0.178 0.205 0.032198 20000 1.000000
243.878000 35.526000 -4.183 -2.162 0.17 0.209 0.025979 20000 1.000000
243.855000 35.785400 -1.828 -2.286 0.216 0.268 0.036618 20000 1.000000
244.456000 35.472800 -2.147 -0.922 0.168 0.207 0.066476 20000 1.000000
244.634000 35.163000 -3.816 -0.704 0.174 0.21 0.032254 20000 1.000000
245.401000 34.188900 -3.062 -1.759 0.173 0.206 0.061347 20000 1.000000
245.035000 34.844400 -3.031 -1.666 0.178 0.212 0.039807 20000 1.000000
244.762000 35.291100 -3.678 -1.411 0.168 0.205 0.056340 20000 1.000000
241.621000 37.973100 -4.319 -0.156 0.167 0.212 0.005625 20000 1.000000
241.000000 37.613000 -5.593 -3.659 0.168 0.208 0.008703 20000 1.000000
241.084000 37.605300 -6.332 -2.732 0.172 0.226 0.016786 20000 1.000000
240.914000 37.785700 -8.264 1.308 0.209 0.24 -0.061059 20000 1.000000
240.967000 37.913500 -4.928 0.599 0.162 0.204 0.052279 20000 1.000000
240.974000 37.696600 -5.39 0.822 0.191 0.23 0.141950 20000 1.000000
240.853000 37.962800 -6.047 0.65 0.164 0.205 0.052688 20000 1.000000
240.916000 37.914100 -7.26 0.789 0.169 0.209 0.060041 20000 1.000000
241.056000 37.734300 -6.036 -0.344 0.164 0.207 0.058811 20000 1.000000
241.131000 37.654600 -5.857 -0.586 0.165 0.209 0.047816 20000 1.000000
241.040000 37.891700 -4.381 0.541 0.173 0.212 0.044725 20000 1.000000
241.148000 37.878200 -4.327 1.174 0.166 0.21 0.021994 20000 1.000000
241.183000 37.591400 -6.907 -3.657 0.168 0.22 0.103832 20000 1.000000
241.302000 37.561600 -5.782 -1.07 0.169 0.231 0.024403 20000 1.000000
241.316000 37.495400 -7.024 -1.02 0.161 0.202 0.055764 20000 1.000000
241.406000 37.541300 -5.492 -0.225 0.165 0.207 0.054061 20000 1.000000
241.180000 37.677000 -5.276 -0.887 0.164 0.206 0.057898 20000 1.000000
241.232000 37.754400 -3.41 1.142 0.175 0.226 0.112631 20000 1.000000
240.981000 37.800000 -6.323 -0.127 0.167 0.208 0.083172 20000 1.000000
241.264000 37.903500 -4.357 0.329 0.171 0.216 0.013133 20000 1.000000
241.445000 37.891300 -2.972 0.163 0.173 0.216 0.086036 20000 1.000000
241.762000 37.589200 -2.28 -2.344 0.192 0.242 0.061889 20000 1.000000
241.528000 37.737500 -3.613 -0.095 0.17 0.21 0.079008 20000 1.000000
240.850000 38.057900 -6.134 0.872 0.17 0.212 0.050833 20000 1.000000
237.804000 41.344800 21.567 -75.625 0.261 0.353 0.102707 20000 1.000000
237.706000 41.381200 -5.211 -0.319 0.171 0.217 0.104097 20000 1.000000
237.809000 41.479200 -3.522 -5.466 0.164 0.227 0.001426 20000 1.000000
237.687000 41.463600 -4.115 -0.361 0.166 0.228 -0.002355 20000 1.000000
237.847000 41.531900 -6.356 -0.564 0.228 0.268 0.086989 20000 1.000000
238.493000 41.711600 -3.773 -1.363 0.162 0.215 0.048927 20000 1.000000
246.132000 42.878900 -3.932 -2.313 0.164 0.222 0.033002 20000 1.000000
241.275000 37.380400 -5.095 1.071 0.225 0.261 0.185373 20000 1.000000
241.439000 37.439500 -5.889 0.751 0.177 0.218 0.050516 20000 1.000000
240.254000 37.088900 -4.342 1.98 0.169 0.209 0.108614 20000 1.000000
241.853000 37.280500 -3.666 0.345 0.167 0.211 0.043677 20000 1.000000
239.172000 41.359200 -3.582 -0.815 0.172 0.224 -0.021034 20000 1.000000
239.527000 41.332500 -3.498 -0.15 0.167 0.219 0.043614 20000 1.000000
235.587000 42.442000 1.366 1.649 0.164 0.221 -0.002856 20000 1.000000
235.707000 42.076600 0.013 1.994 0.173 0.221 0.071842 20000 1.000000
238.120000 42.579800 -2.154 -0.487 0.167 0.218 0.038019 20000 1.000000
237.390000 42.727100 -2.691 0.92 0.189 0.233 0.161988 20000 1.000000
240.341000 42.546100 -3.119 -2.343 0.162 0.218 0.043368 20000 1.000000
242.275000 42.020200 -2.541 -1.128 0.165 0.217 0.045979 20000 1.000000
243.404000 33.598200 -7.839 5.432 0.243 0.287 -0.089608 20000 1.000000
243.397000 33.495500 -9.02 4.701 0.172 0.205 0.056684 20000 1.000000
244.492000 32.829400 -3.806 0.197 0.171 0.203 0.035311 20000 1.000000
238.928000 37.699000 -4.982 0.402 0.168 0.211 0.030151 20000 1.000000
239.784000 35.693800 -6.308 5.666 0.184 0.219 0.069685 20000 1.000000
237.579000 41.830800 -8.181 -0.587 0.179 0.242 0.111533 20000 1.000000
236.019000 41.845500 -1.362 1.752 0.181 0.269 -0.047466 20000 1.000000
238.521000 36.744300 -10.725 9.601 0.362 0.428 0.043223 20000 1.000000
239.528000 35.946600 -5.314 2.894 0.202 0.243 0.111339 20000 1.000000
236.427000 40.478800 -3.147 -0.026 0.2 0.261 0.254303 20000 1.000000
237.036000 39.845700 -3.008 0.661 0.163 0.212 0.004076 20000 1.000000
243.852000 34.508100 -3.117 -0.765 0.167 0.203 0.034436 20000 1.000000
245.241000 32.497900 0.389 0.066 0.172 0.2 0.049909 20000 1.000000
243.407000 33.537300 -8.226 4.646 0.214 0.255 0.106200 20000 1.000000
242.077000 34.508200 -7.17 4.143 0.173 0.207 0.049445 20000 1.000000
243.314000 36.901800 -2.682 -0.985 0.18 0.216 0.078786 20000 1.000000
242.305000 34.925400 -4.813 3.308 0.174 0.211 0.020997 20000 1.000000
243.880000 36.579600 -2.927 -1.578 0.195 0.232 0.043271 20000 1.000000
239.522000 35.919900 -7.374 5.145 0.188 0.23 0.107603 20000 1.000000
242.818000 33.835700 -8.788 6.68 0.189 0.214 0.050874 20000 1.000000
243.506000 33.819200 -5.982 1.135 0.176 0.206 0.054321 20000 1.000000
242.193000 34.091800 -9.823 6.431 0.173 0.217 0.031664 20000 1.000000
241.596000 33.743300 -11.596 9.701 0.168 0.201 0.061243 20000 1.000000
241.628000 33.779500 -10.58 9.278 0.3 0.352 0.058300 20000 1.000000
238.863000 36.161100 -10.695 9.635 0.171 0.211 0.047518 20000 1.000000
239.056000 39.974600 -4.966 -1.141 0.196 0.251 0.003994 20000 1.000000
242.317000 35.338700 -4.507 2.202 0.165 0.201 0.053392 20000 1.000000
240.280000 34.500000 -11.262 8.459 0.168 0.205 0.006218 20000 1.000000
243.375000 34.643900 -4.314 0.918 0.175 0.205 0.031449 20000 1.000000
241.974000 34.019100 -9.864 6.79 0.186 0.224 -0.019631 20000 1.000000
239.475000 35.900000 1.32 7.158 0.172 0.216 0.026183 20000 1.000000
241.807000 34.875100 -5.517 3.969 0.175 0.21 0.057793 20000 1.000000
240.816000 34.541500 -9.282 6.468 0.19 0.225 0.128380 20000 1.000000
244.877000 40.617200 -3.669 -0.861 0.168 0.224 0.030560 20000 1.000000
238.442000 37.666500 -4.62 1.764 0.165 0.206 0.031859 20000 1.000000
241.245000 34.459800 -9.933 8.831 0.187 0.229 0.058318 20000 1.000000
242.138000 34.205600 -10.071 6.849 0.214 0.22 -0.030949 20000 1.000000
239.775000 40.591700 -4.083 -0.629 0.17 0.223 0.033557 20000 1.000000
240.984000 41.868400 -3.353 -0.919 0.173 0.227 0.123434 20000 1.000000
243.701000 35.971300 -3.265 -0.669 0.176 0.211 0.013353 20000 1.000000
243.789000 36.730500 -3.157 -1.346 0.211 0.255 0.093770 20000 1.000000
241.521000 34.438600 -8.268 3.955 0.196 0.23 0.020028 20000 1.000000
240.116000 39.314300 -3.967 1.855 0.165 0.216 0.022543 20000 1.000000
244.022000 33.292200 -4.953 2.696 0.174 0.203 0.059894 20000 1.000000
244.412000 36.319600 -3.81 -2.746 0.188 0.222 0.055557 20000 1.000000
240.936000 34.319900 -10.369 8.667 0.165 0.199 0.055029 20000 1.000000
241.354000 34.059300 -10.209 10.549 0.182 0.217 0.016379 20000 1.000000
242.151000 33.992700 -9.903 6.289 0.185 0.216 0.058863 20000 1.000000
239.935000 34.004300 -11.519 10.172 0.173 0.206 0.016345 20000 1.000000
243.662000 36.644600 -3.36 -2.192 0.182 0.221 0.074826 20000 1.000000
243.426000 36.931600 -3.497 -2.102 0.189 0.228 0.088508 20000 1.000000
239.640000 35.917400 -2.173 6.983 0.188 0.234 0.064895 20000 1.000000
241.585000 35.158200 -5.724 2.979 0.165 0.203 0.033619 20000 1.000000
243.923000 33.650600 -4.948 0.864 0.174 0.208 0.094973 20000 1.000000
239.867000 34.483500 -10.548 11.278 0.175 0.213 0.028096 20000 1.000000
243.839000 33.641200 -4.82 0.614 0.258 0.305 0.058851 20000 1.000000
242.951000 39.542200 -3.171 -1.403 0.173 0.214 0.141259 20000 1.000000
242.816000 38.097200 -3.559 -1.144 0.165 0.21 0.024477 20000 1.000000
241.669000 33.797800 -12.277 8.33 0.199 0.236 0.046587 20000 1.000000
241.163000 34.248000 -10.578 9.163 0.171 0.204 0.096399 20000 1.000000
235.849000 41.053900 1.575 5.125 0.166 0.217 0.010669 20000 1.000000
241.558000 34.069100 -9.392 9.356 0.187 0.215 0.082867 20000 1.000000
240.156000 34.413300 -9.76 8.98 0.204 0.219 -0.051571 20000 1.000000
241.198000 39.627100 -4.071 -0.622 0.163 0.21 0.064246 20000 1.000000
241.715000 34.024000 -11.299 5.985 0.247 0.279 0.155736 20000 1.000000
243.915000 33.030100 -9.335 5.36 0.17 0.202 0.027816 20000 1.000000
240.516000 34.851500 -9.911 5.983 0.18 0.215 0.054593 20000 1.000000
241.780000 34.178600 -9.69 6.97 0.219 0.232 0.139048 20000 1.000000
241.486000 34.126400 -10.675 7.555 0.167 0.201 0.043102 20000 1.000000
241.516000 34.293200 -10.361 7.179 0.172 0.205 0.048003 20000 1.000000
239.384000 34.556300 -11.481 10.369 0.225 0.261 0.025515 20000 1.000000
241.879000 34.501500 -6.728 4.763 0.192 0.221 0.040230 20000 1.000000
241.706000 33.712600 -11.724 8.346 0.173 0.208 0.029166 20000 1.000000
241.346000 37.664300 -4.325 0.805 0.195 0.245 0.057874 20000 1.000000
241.016000 35.010800 -7.046 3.728 0.191 0.227 0.038224 20000 1.000000
243.608000 33.934800 -4.792 0.036 0.19 0.224 0.034679 20000 1.000000
241.258000 34.568500 -10.028 5.695 0.183 0.217 0.185285 20000 1.000000
241.586000 34.259400 -9.949 7.015 0.193 0.233 0.031711 20000 1.000000
243.068000 34.669000 -5.085 2.653 0.187 0.223 -0.084756 20000 1.000000
241.572000 33.958200 -11.151 8.497 0.249 0.261 -0.300689 20000 1.000000
243.346000 33.955300 -7.446 4.249 0.216 0.254 0.017521 20000 1.000000
243.111000 35.425200 -3.917 2.239 0.181 0.218 0.029681 20000 1.000000
243.920000 35.287000 -4.48 -2.846 0.171 0.21 0.042863 20000 1.000000
