242.907000 34.116400 -7.132 1.657 1.253 0.784 -0.008026 20000 1.000000
242.555000 33.274300 -12.002 5.844 0.172 0.198 0.001588 20000 1.000000
242.555000 33.274300 -12.078 5.861 0.17 0.196 0.000971 20000 1.000000
243.571000 34.594300 -5.055 -1.41 0.166 0.196 0.002333 20000 1.000000
241.305000 34.824500 -8.145 0.483 0.18 0.212 -0.012876 20000 1.000000
242.675000 33.341900 -11.566 4.919 0.167 0.196 0.017105 20000 1.000000
242.524000 33.381100 -11.506 5.293 0.169 0.194 -0.002932 20000 1.000000
242.103000 34.126000 -11.024 2.955 0.224 0.243 -0.036564 20000 1.000000
242.795000 40.412800 -3.296 -3.613 0.165 0.208 -0.010185 20000 1.000000
240.970000 33.480500 -12.884 6.664 0.188 0.21 -0.046560 20000 1.000000
245.125000 42.605800 -5.946 -3.335 0.183 0.238 0.000288 20000 1.000000
243.116000 34.264300 -5.151 0.711 0.191 0.227 0.051919 20000 1.000000
243.379000 37.039900 -3.525 -3.62 0.175 0.213 0.029429 20000 1.000000
244.002000 34.000500 -4.478 -2.071 0.171 0.198 -0.023211 20000 1.000000
242.935000 33.578200 -11.148 4.036 0.181 0.207 -0.013104 20000 1.000000
243.920000 35.287000 -3.648 -3.602 0.171 0.203 -0.001305 20000 1.000000
245.285000 33.610400 -5.674 -3.285 0.904 0.471 -0.015703 20000 1.000000
243.947000 34.251400 -4.206 -2.401 0.17 0.199 -0.001966 20000 1.000000
241.723000 34.184900 -11.255 4.051 0.195 0.224 0.026228 20000 1.000000
242.988000 34.918600 -5.13 -0.643 0.17 0.201 0.013730 20000 1.000000
241.812000 34.292800 -10.454 2.563 0.263 0.271 -0.306260 20000 1.000000
242.156000 42.779500 -4.296 -4.55 0.17 0.223 -0.003938 20000 1.000000
240.653000 35.157300 -8.006 1.132 0.171 0.206 0.013932 20000 1.000000
235.437000 42.836100 -1.871 0.447 0.16 0.209 -0.010849 20000 1.000000
244.010000 33.655100 -6.683 -0.39 0.177 0.207 0.035402 20000 1.000000
239.566000 35.939400 -6.458 2.774 0.166 0.2 -0.016994 20000 1.000000
239.569000 35.888400 -12.601 6.236 0.192 0.223 0.003338 20000 1.000000
241.666000 33.311600 -12.48 6.323 0.165 0.192 0.004908 20000 1.000000
241.517000 33.445800 -12.495 5.764 0.167 0.197 -0.015184 20000 1.000000
241.370000 34.138600 -10.84 5.934 0.21 0.224 0.100013 20000 1.000000
242.329000 35.565300 -4.82 -0.653 0.174 0.211 -0.003629 20000 1.000000
243.664000 34.829500 -5.044 -2.848 0.183 0.209 -0.015338 20000 1.000000
242.035000 34.244000 -11.925 1.102 0.197 0.243 -0.105022 20000 1.000000
241.974000 34.333400 -11.547 2.517 0.798 0.429 0.033980 20000 1.000000
242.172000 34.640500 -6.759 1.456 0.177 0.213 0.041279 20000 1.000000
241.063000 34.109600 -12.184 5.467 0.182 0.22 0.012819 20000 1.000000
241.873000 34.136700 -4.006 8.207 0.194 0.219 0.035481 20000 1.000000
242.576000 34.271200 -16.448 7.544 0.169 0.194 -0.010375 20000 1.000000
242.521000 34.313800 -7.975 0.685 0.777 0.437 0.062080 20000 1.000000
241.856000 34.530300 -9.344 3.149 0.184 0.209 -0.106832 20000 1.000000
242.291000 34.109900 -14.016 2.794 0.781 0.431 -0.030959 20000 1.000000
245.126000 40.558400 -4.462 -4.261 0.179 0.212 0.034133 20000 1.000000
244.877000 32.863500 -5.414 -2.861 0.735 0.422 -0.013556 20000 1.000000
244.272000 32.850500 -10.717 3.429 0.463 0.289 -0.012169 20000 1.000000
240.120000 34.414900 -13.528 5.04 0.166 0.196 -0.016067 20000 1.000000
242.427000 35.071700 -4.74 0.095 0.175 0.204 0.044270 20000 1.000000
239.249000 35.791600 -10.854 6.096 0.173 0.205 -0.018123 20000 1.000000
242.900000 34.039100 -8.304 0.648 0.717 0.404 -0.001374 20000 1.000000
240.275000 35.242100 -8.567 1.88 0.164 0.194 0.002975 20000 1.000000
244.265000 33.069800 -6.801 1.674 0.18 0.207 -0.006837 20000 1.000000
240.961000 34.168400 -12.711 5.984 0.171 0.2 0.017069 20000 1.000000
241.743000 33.861500 -13.221 5.395 0.753 0.425 -0.022933 20000 1.000000
241.476000 34.253600 -13.087 4.164 0.754 0.445 0.026319 20000 1.000000
240.629000 34.408100 -12.354 4.252 0.194 0.23 -0.008869 20000 1.000000
241.387000 34.516500 -10.567 2.883 0.174 0.201 -0.019946 20000 1.000000
243.630000 34.124100 -4.495 -0.881 0.187 0.219 -0.075865 20000 1.000000
242.098000 34.082000 -14.846 2.844 0.809 0.445 -0.054980 20000 1.000000
241.603000 34.334000 -10.673 3.218 0.262 0.259 -0.162716 20000 1.000000
244.212000 33.389800 -5.905 -0.61 0.177 0.205 -0.008795 20000 1.000000
242.154000 35.267500 -7.199 -0.48 0.732 0.429 -0.002387 20000 1.000000
241.873000 33.938300 -13.07 2.917 0.777 0.421 0.006915 20000 1.000000
242.588000 33.647700 -10.944 4.312 0.165 0.192 0.000229 20000 1.000000
241.170000 34.946200 -8.074 0.46 0.175 0.212 -0.004806 20000 1.000000
245.061000 39.345200 -4.192 -4.715 0.168 0.208 -0.010645 20000 1.000000
244.183000 40.914700 -4.205 -4.717 0.161 0.207 -0.009108 20000 1.000000
241.871000 33.583500 -13.798 7.598 0.258 0.281 -0.011431 20000 1.000000
242.574000 33.649100 -14.334 4.011 0.727 0.424 -0.047558 20000 1.000000
241.574000 34.703100 -6.883 -0.722 1.23 0.753 -0.034175 20000 1.000000
242.474000 34.104200 -9.543 3.508 0.197 0.231 -0.022285 20000 1.000000
241.558000 34.066600 -5.799 27.425 2.121 0.98 -0.188064 20000 1.000000
239.991000 34.733000 -13.243 5.864 0.17 0.198 0.026370 20000 1.000000
243.064000 34.093600 -7.396 2.406 0.194 0.281 0.047631 20000 1.000000
241.116000 34.356300 -12.025 5.286 0.169 0.196 -0.003796 20000 1.000000
246.195000 39.369400 -4.08 -4.56 0.173 0.211 -0.019741 20000 1.000000
244.200000 32.945000 -6.828 3.409 0.74 0.421 0.026315 20000 1.000000
241.107000 34.800200 -9.049 2.713 0.177 0.207 0.008913 20000 1.000000
240.644000 40.416500 -3.698 -3.147 0.167 0.215 -0.040394 20000 1.000000
244.479000 33.274800 -4.363 -2.986 0.176 0.2 -0.010226 20000 1.000000
243.617000 34.291400 -6.543 -0.751 0.761 0.431 -0.041499 20000 1.000000
245.173000 33.051100 -3.675 -3.118 0.174 0.202 -0.056172 20000 1.000000
244.340000 34.784000 -3.824 -2.894 0.193 0.23 -0.053742 20000 1.000000
245.810000 34.308600 -4.094 -3.641 0.172 0.2 -0.017216 20000 1.000000
245.820000 40.640200 -7.224 -2.861 0.166 0.209 0.008608 20000 1.000000
239.584000 36.399000 -4.256 0.019 0.206 0.242 -0.027879 20000 1.000000
241.887000 34.047400 -10.939 3.238 1.791 0.917 -0.050287 20000 1.000000
242.701000 35.011500 -2.66 0.003 1.183 0.648 0.020592 20000 1.000000
241.714000 33.783600 -12.86 4.244 0.88 0.464 -0.074640 20000 1.000000
243.570000 34.754800 -4.802 -2.26 0.169 0.199 0.013268 20000 1.000000
242.999000 33.708100 -10.33 4.506 1.591 0.901 -0.003531 20000 1.000000
244.365000 33.705000 -4.52 -2.35 0.191 0.231 -0.038078 20000 1.000000
239.520000 35.866700 -10.165 5.468 0.191 0.24 0.021821 20000 1.000000
242.155000 34.458200 -10.022 2.34 0.757 0.427 -0.026647 20000 1.000000
239.598000 35.880800 -7.886 3.088 0.273 0.315 0.085568 20000 1.000000
240.812000 34.441200 -11.903 3.656 0.179 0.21 0.007329 20000 1.000000
244.089000 34.727300 -3.839 -3.524 0.173 0.205 0.010825 20000 1.000000
243.779000 33.796800 -6.629 0.059 0.181 0.21 0.023440 20000 1.000000
244.855000 34.157600 -3.48 -3.508 0.169 0.199 0.024217 20000 1.000000
241.526000 35.662300 -5.195 -0.747 0.175 0.209 -0.071568 20000 1.000000
242.045000 34.449100 -9.282 2.257 0.166 0.202 -0.013265 20000 1.000000
240.992000 34.398500 -11.386 4.213 0.17 0.201 -0.016492 20000 1.000000
243.827000 33.925400 -4.494 -0.678 0.178 0.203 0.005296 20000 1.000000
243.241000 33.236000 -6.992 5.251 0.931 0.497 0.022384 20000 1.000000
242.165000 34.485500 -8.589 2.083 0.633 0.397 -0.028491 20000 1.000000
242.609000 33.744200 -10.011 4.691 0.199 0.221 0.083148 20000 1.000000
242.555000 33.817400 -11.783 3.237 1.217 0.758 -0.015511 20000 1.000000
243.060000 35.090200 -5.274 -1.293 0.172 0.2 0.003841 20000 1.000000
239.553000 34.691000 -14.021 7.707 0.774 0.428 -0.021390 20000 1.000000
242.246000 34.133300 -9.686 3.069 0.173 0.201 0.028017 20000 1.000000
239.406000 35.828700 -11.379 5.947 0.172 0.208 0.018240 20000 1.000000
242.454000 34.314900 -7.681 0.602 0.404 0.483 0.054828 20000 1.000000
241.970000 34.527100 -7.982 1.358 0.921 0.536 -0.038766 20000 1.000000
240.896000 34.733600 -9.129 2.67 1.312 0.737 -0.014330 20000 1.000000
239.557000 35.832600 -10.239 5.288 0.167 0.2 0.000326 20000 1.000000
242.563000 33.856800 -10.299 3.765 0.17 0.196 -0.011038 20000 1.000000
238.778000 42.418300 -2.016 -2.881 0.246 0.346 0.031700 20000 1.000000
244.021000 36.632500 -4.355 -3.982 0.167 0.203 0.027862 20000 1.000000
239.649000 34.038300 -12.802 7.224 0.171 0.202 -0.039156 20000 1.000000
243.904000 40.148400 -3.96 -4.139 0.173 0.219 -0.083722 20000 1.000000
242.682000 33.918400 -10.233 3.862 0.17 0.197 0.007280 20000 1.000000
239.566000 35.969500 -5.578 2.071 0.176 0.201 -0.047877 20000 1.000000
244.588000 40.710700 -4.382 -4.109 0.168 0.223 -0.012508 20000 1.000000
241.122000 34.295500 -11.487 5.755 0.191 0.219 0.009316 20000 1.000000
243.352000 34.038500 -5.93 0.046 0.188 0.223 0.097627 20000 1.000000
242.790000 34.230800 -7.379 3.514 0.404 0.388 0.306690 20000 1.000000
245.381000 34.767700 -3.64 -3.538 0.184 0.217 -0.009955 20000 1.000000
242.491000 39.685600 -3.905 -3.862 0.17 0.212 -0.006384 20000 1.000000
240.859000 34.498700 -10.994 3.298 0.167 0.195 -0.003904 20000 1.000000
245.104000 42.614500 -30.697 -17.395 0.42 0.571 -0.003358 20000 1.000000
243.932000 34.141000 -4.072 -2.483 0.171 0.198 0.019170 20000 1.000000
242.653000 33.240700 -11.398 4.945 0.196 0.21 -0.151456 20000 1.000000
244.082000 34.369900 -3.575 -3.192 0.169 0.202 -0.028700 20000 1.000000
243.695000 34.427700 -4.263 -1.305 0.172 0.206 -0.026968 20000 1.000000
243.708000 34.533000 -4.576 -2.705 0.18 0.205 -0.016200 20000 1.000000
243.185000 34.674900 -5.986 0.198 0.179 0.21 0.090058 20000 1.000000
241.793000 34.128800 -13.14 3.187 1.371 0.741 -0.026120 20000 1.000000
240.647000 34.683400 -11.414 2.588 0.179 0.213 -0.009599 20000 1.000000
242.814000 39.521100 -3.865 -4.243 0.169 0.209 -0.005183 20000 1.000000
245.995000 32.722500 -3.226 -3.499 0.177 0.203 0.033077 20000 1.000000
244.721000 39.910200 -3.914 -4.353 0.183 0.216 0.002575 20000 1.000000
245.543000 36.154200 -3.779 -4.001 0.169 0.2 -0.000989 20000 1.000000
245.180000 41.724200 -3.838 -4.551 0.167 0.212 -0.033943 20000 1.000000
242.670000 41.428700 -4.418 -3.589 0.165 0.212 0.002179 20000 1.000000
242.935000 42.981700 -4.126 -4.748 0.162 0.212 -0.009132 20000 1.000000
235.925000 40.876300 -3.413 2.312 0.218 0.27 0.042694 20000 1.000000
236.274000 38.928300 -12.325 5.916 0.163 0.201 -0.008879 20000 1.000000
237.585000 40.997600 -5.63 -1.376 0.192 0.254 -0.080070 20000 1.000000
243.830000 32.616500 -11.534 5.398 0.168 0.194 -0.011137 20000 1.000000
238.997000 35.551800 -11.707 7.205 0.166 0.199 0.001896 20000 1.000000
242.015000 39.305600 -3.994 -3.537 0.172 0.217 -0.041135 20000 1.000000
242.395000 39.287900 -3.785 -3.839 0.169 0.207 -0.012136 20000 1.000000
243.576000 39.500500 -4.592 -4.436 0.175 0.225 0.010034 20000 1.000000
243.950000 39.546400 -3.913 -4.097 0.169 0.207 0.019091 20000 1.000000
244.111000 39.374200 -3.52 -4.41 0.166 0.207 0.012372 20000 1.000000
244.487000 39.536100 -3.973 -4.431 0.164 0.208 -0.003540 20000 1.000000
244.568000 39.388600 -6.304 -4.55 0.161 0.202 -0.005167 20000 1.000000
242.120000 40.433400 -4.694 -3.575 0.166 0.211 0.017597 20000 1.000000
245.723000 39.119400 -5.565 -5.532 0.211 0.266 -0.000152 20000 1.000000
246.129000 39.067300 -3.595 -3.121 0.251 0.302 -0.021971 20000 1.000000
246.495000 39.268900 -4.105 -3.912 0.165 0.21 0.012282 20000 1.000000
242.532000 40.320600 -3.599 -4.057 0.171 0.212 -0.044097 20000 1.000000
246.946000 40.494000 -4.472 -4.416 0.164 0.209 0.009644 20000 1.000000
243.264000 40.495500 -4.371 -3.056 0.247 0.306 -0.016416 20000 1.000000
243.721000 40.363200 -4.117 -4.105 0.163 0.208 0.017667 20000 1.000000
240.200000 39.572800 -3.792 -1.512 0.166 0.208 -0.017277 20000 1.000000
242.469000 36.614300 -3.756 -2.812 0.172 0.208 -0.015919 20000 1.000000
242.593000 36.804200 -4.193 -1.942 0.162 0.196 -0.003491 20000 1.000000
242.006000 36.606000 -5.12 -2.026 0.173 0.204 0.079040 20000 1.000000
242.296000 37.200800 -4.667 -2.544 0.166 0.203 -0.001347 20000 1.000000
240.463000 39.698400 -3.451 -2.217 0.174 0.216 -0.013907 20000 1.000000
240.694000 39.795600 -3.994 -2.391 0.174 0.222 0.044975 20000 1.000000
241.126000 39.838800 -4.452 -2.716 0.174 0.213 -0.021707 20000 1.000000
241.316000 39.888900 -4.12 -3.392 0.17 0.214 -0.017108 20000 1.000000
241.841000 39.212300 -4.783 -3.561 0.168 0.209 0.000149 20000 1.000000
246.706000 41.856800 -3.848 -3.677 0.174 0.224 0.022335 20000 1.000000
246.958000 39.345100 -4.814 -4.266 0.168 0.208 -0.006169 20000 1.000000
246.988000 41.817300 -5.304 -3.7 0.165 0.211 -0.016785 20000 1.000000
246.722000 40.671300 -4.705 -4.509 0.17 0.215 -0.011508 20000 1.000000
240.400000 39.499200 -4.232 -1.829 0.181 0.216 0.040271 20000 1.000000
240.931000 39.486100 -3.664 -2.493 0.169 0.211 -0.003325 20000 1.000000
241.550000 39.133900 -3.621 -2.473 0.166 0.207 0.003714 20000 1.000000
241.062000 39.268000 -3.627 -2.7 0.167 0.209 -0.014021 20000 1.000000
241.649000 39.454700 -4.277 -3.202 0.167 0.208 0.039413 20000 1.000000
241.995000 38.728800 -3.92 -3.608 0.167 0.205 0.003935 20000 1.000000
241.540000 38.724600 -3.739 -2.426 0.188 0.233 0.000583 20000 1.000000
241.070000 38.980900 -4.058 -2.049 0.162 0.208 0.005954 20000 1.000000
240.541000 38.761400 -3.733 -1.86 0.179 0.213 -0.086201 20000 1.000000
240.523000 40.779800 -4.328 -3.154 0.198 0.24 0.079761 20000 1.000000
240.990000 40.242200 -3.728 -2.995 0.187 0.217 -0.078743 20000 1.000000
240.278000 39.908200 -3.887 -2.367 0.166 0.211 0.025775 20000 1.000000
239.307000 38.829200 -6.316 -2.293 0.187 0.212 0.097426 20000 1.000000
239.614000 39.046600 -4.545 -1.648 0.184 0.222 -0.041733 20000 1.000000
240.189000 39.123500 -4.867 -1.75 0.17 0.211 -0.069627 20000 1.000000
239.107000 39.466700 -4.81 -1.866 0.25 0.297 0.091168 20000 1.000000
240.376000 41.357700 -3.598 -3.344 0.169 0.217 -0.000984 20000 1.000000
239.716000 39.937400 -4.827 -2.245 0.16 0.202 -0.006064 20000 1.000000
239.194000 40.418600 -4.898 -1.97 0.206 0.252 0.031094 20000 1.000000
239.923000 40.288900 -4.188 -2.59 0.167 0.21 0.004913 20000 1.000000
235.692000 40.247500 -9.61 6.449 0.162 0.205 -0.004458 20000 1.000000
235.867000 40.551300 -4.785 3.097 0.163 0.207 -0.004723 20000 1.000000
235.787000 40.637400 -4.25 2.237 0.185 0.23 -0.010174 20000 1.000000
235.943000 40.219600 -8.547 3.978 0.167 0.211 0.013848 20000 1.000000
236.307000 40.119300 -7.692 0.834 0.178 0.227 0.022407 20000 1.000000
238.207000 36.485500 -12.654 5.832 0.167 0.199 -0.004491 20000 1.000000
238.710000 35.945700 -11.55 7.32 0.169 0.203 0.034437 20000 1.000000
238.949000 36.302100 -12.357 5.545 0.167 0.202 0.018669 20000 1.000000
238.865000 36.425900 -12.365 6.649 0.166 0.2 0.005614 20000 1.000000
237.668000 37.534500 -10.507 5.44 0.209 0.22 -0.093505 20000 1.000000
237.623000 37.914500 -9.66 3.713 0.171 0.209 0.003112 20000 1.000000
236.819000 38.495000 -10.837 5.45 0.168 0.208 -0.067687 20000 1.000000
236.291000 39.117200 -11.179 5.769 0.167 0.21 0.001617 20000 1.000000
236.652000 38.987400 -9.855 3.714 0.174 0.211 0.072671 20000 1.000000
236.796000 39.242000 -10.464 1.613 0.164 0.204 -0.010305 20000 1.000000
236.368000 42.275400 -3.689 -1.13 0.171 0.216 -0.007745 20000 1.000000
236.895000 39.319700 -8.675 -0.181 0.171 0.21 0.043013 20000 1.000000
237.041000 38.664700 -7.872 4.759 0.215 0.269 0.128622 20000 1.000000
237.233000 38.428600 -10.623 3.365 0.167 0.209 0.001870 20000 1.000000
237.548000 38.239800 -9.514 2.871 0.169 0.208 0.003176 20000 1.000000
237.083000 38.866100 -8.312 0.938 0.162 0.202 -0.005200 20000 1.000000
237.037000 39.398100 -8.733 2.52 0.32 0.358 -0.086357 20000 1.000000
237.424000 38.777800 -6.901 -0.048 0.169 0.219 -0.048200 20000 1.000000
237.281000 39.260000 -5.073 -3.887 0.168 0.206 0.035906 20000 1.000000
237.696000 39.109300 -6.239 -2.391 0.172 0.212 -0.012701 20000 1.000000
237.873000 37.069200 -11.174 5.476 0.203 0.237 0.211526 20000 1.000000
238.137000 36.962000 -11.521 5.814 0.191 0.216 -0.028414 20000 1.000000
238.009000 37.201700 -10.136 4.807 0.194 0.226 -0.068017 20000 1.000000
238.203000 37.001000 -12.015 5.75 0.26 0.279 0.102333 20000 1.000000
238.274000 37.002400 -10.76 4.895 0.18 0.223 0.029129 20000 1.000000
238.349000 37.104500 -10.269 3.16 0.206 0.225 -0.128817 20000 1.000000
238.286000 37.203500 -8.835 3.485 0.173 0.205 0.047999 20000 1.000000
237.786000 37.329900 -10.651 3.547 0.164 0.199 0.006036 20000 1.000000
237.901000 37.336900 -9.316 3.813 0.17 0.216 -0.024141 20000 1.000000
237.900000 37.722000 -8.096 1.595 0.163 0.199 -0.009034 20000 1.000000
237.781000 37.863900 -9.89 0.709 0.172 0.217 0.017449 20000 1.000000
237.942000 37.713900 -7.23 0.291 0.19 0.226 -0.087641 20000 1.000000
238.174000 37.336800 -10.798 2.587 0.165 0.202 -0.009876 20000 1.000000
238.210000 37.533000 -7.766 -0.226 0.164 0.2 -0.000458 20000 1.000000
238.313000 37.601800 -7.252 -0.714 0.17 0.205 0.038986 20000 1.000000
238.022000 37.749400 -7.87 0.236 0.166 0.202 -0.006086 20000 1.000000
238.214000 37.819000 -6.885 -0.049 0.172 0.206 0.009166 20000 1.000000
238.095000 36.621700 -12.772 7.368 0.166 0.201 -0.019709 20000 1.000000
238.421000 36.724000 -12.805 6.543 0.164 0.199 -0.011704 20000 1.000000
238.580000 36.800400 -9.238 3.635 0.165 0.199 -0.012248 20000 1.000000
238.409000 36.858500 -11.944 5.718 0.166 0.201 -0.018611 20000 1.000000
238.459000 36.814300 -12.489 6.215 0.168 0.2 0.000028 20000 1.000000
238.445000 36.903500 -10.245 3.41 0.168 0.201 -0.022101 20000 1.000000
238.613000 36.637000 -12.441 6.497 0.175 0.21 -0.064794 20000 1.000000
238.458000 37.007800 -9.009 3.374 0.168 0.212 0.014313 20000 1.000000
238.426000 37.213000 -6.198 0.348 0.166 0.2 0.003391 20000 1.000000
238.665000 36.918200 -7.571 -0.872 0.163 0.198 -0.000620 20000 1.000000
238.645000 37.010800 -7.939 -1.502 0.173 0.213 -0.030686 20000 1.000000
240.294000 37.713100 -7.175 -3.861 0.171 0.211 -0.023914 20000 1.000000
238.812000 36.559500 -11.768 8.042 0.163 0.197 -0.008853 20000 1.000000
238.131000 37.975600 -6.991 -1.604 0.165 0.202 0.006511 20000 1.000000
238.936000 36.611600 -2.693 1.686 0.162 0.196 -0.006790 20000 1.000000
238.732000 36.950000 -7.425 -0.972 0.165 0.2 0.012260 20000 1.000000
238.652000 36.811400 -7.696 0.075 0.167 0.203 -0.012706 20000 1.000000
238.942000 37.169600 -5.891 -1.555 0.172 0.208 0.002668 20000 1.000000
238.347000 37.478400 -7.252 0.112 0.182 0.221 0.002057 20000 1.000000
238.531000 37.489600 -8.312 2.292 0.163 0.199 -0.012490 20000 1.000000
238.675000 37.581900 -6.325 -1.242 0.169 0.209 -0.016160 20000 1.000000
238.395000 37.932000 -7.149 -1.828 0.166 0.203 -0.006948 20000 1.000000
238.536000 37.755300 -6.094 -1.566 0.168 0.204 -0.006882 20000 1.000000
238.717000 37.385400 -9.231 -1.152 0.168 0.209 -0.012492 20000 1.000000
237.782000 38.153000 -6.693 1.204 0.164 0.201 -0.022090 20000 1.000000
237.904000 38.025100 -8.765 0.643 0.17 0.209 -0.060875 20000 1.000000
237.805000 38.444200 -7.522 -1.179 0.176 0.228 0.006014 20000 1.000000
237.645000 38.999500 -6.475 -1.508 0.202 0.222 0.077784 20000 1.000000
238.905000 38.645300 -5.99 -2.971 0.164 0.203 -0.003838 20000 1.000000
239.652000 35.544100 -9.932 5.031 0.17 0.203 -0.011798 20000 1.000000
239.611000 35.841100 -7.989 4.45 0.173 0.204 -0.031841 20000 1.000000
239.655000 35.837800 -7.88 1.988 0.17 0.208 -0.005627 20000 1.000000
239.715000 35.806700 -7.59 2.748 0.176 0.213 -0.008411 20000 1.000000
239.093000 35.933300 -11.909 4.995 0.164 0.198 -0.005997 20000 1.000000
239.019000 36.417200 -7.424 -0.358 0.164 0.199 -0.006421 20000 1.000000
239.147000 36.515900 -5.752 -0.44 0.172 0.209 -0.022514 20000 1.000000
239.302000 36.024800 -11.813 5.985 0.166 0.206 -0.001061 20000 1.000000
239.121000 36.140200 -12.35 6.738 0.166 0.198 -0.004965 20000 1.000000
239.251000 36.106800 -11.89 6.423 0.163 0.195 -0.001566 20000 1.000000
239.272000 36.178900 -6.02 -0.179 0.163 0.196 0.000964 20000 1.000000
239.355000 35.922800 -10.214 5.943 0.165 0.197 -0.013252 20000 1.000000
239.525000 36.007500 1.866 5.313 0.197 0.216 -0.022753 20000 1.000000
239.457000 36.089400 -6.156 -0.724 0.165 0.199 -0.004318 20000 1.000000
239.560000 36.123200 -5.911 -0.965 0.164 0.198 -0.006693 20000 1.000000
239.158000 35.697100 -11.873 6.24 0.171 0.199 0.045805 20000 1.000000
239.637000 36.051700 -5.619 0.527 0.168 0.197 -0.007628 20000 1.000000
239.448000 35.974100 -10.52 5.577 0.18 0.208 -0.049284 20000 1.000000
239.706000 36.015800 -5.911 0.211 0.166 0.199 -0.012982 20000 1.000000
239.723000 36.304400 -5.714 -0.884 0.167 0.202 -0.003494 20000 1.000000
239.257000 36.806300 -4.745 -1.244 0.167 0.204 -0.003890 20000 1.000000
239.803000 37.352200 -6.285 -1.775 0.176 0.215 -0.013193 20000 1.000000
239.356000 37.795200 -6.835 -2.196 0.169 0.203 -0.013494 20000 1.000000
240.160000 37.901100 -5.014 -0.664 0.188 0.213 -0.103549 20000 1.000000
239.049000 38.090000 -7.161 -2.331 0.169 0.208 -0.009312 20000 1.000000
239.666000 38.735600 -4.858 -1.858 0.191 0.216 0.050229 20000 1.000000
241.480000 37.177600 -2.822 -0.141 0.164 0.199 0.004937 20000 1.000000
236.283000 39.863600 -10.895 1.807 0.212 0.26 -0.096333 20000 1.000000
236.448000 39.905700 -10.685 -0.198 0.197 0.257 -0.057406 20000 1.000000
236.628000 39.452400 -9.931 -0.216 0.167 0.211 0.014020 20000 1.000000
236.705000 39.707100 -9.495 -0.908 0.178 0.221 -0.053921 20000 1.000000
236.813000 39.492800 -7.83 0.703 0.208 0.284 0.025947 20000 1.000000
236.817000 39.962100 -7.565 -2.797 0.192 0.243 -0.045976 20000 1.000000
236.344000 40.256800 -6.68 0.234 0.167 0.212 0.022993 20000 1.000000
236.117000 41.151700 -4.429 -0.385 0.169 0.213 0.013887 20000 1.000000
236.301000 40.575300 -5.227 0.016 0.175 0.22 0.077414 20000 1.000000
236.427000 40.478900 -6.531 -1.246 0.208 0.257 0.206650 20000 1.000000
236.548000 40.082200 -8.806 -0.396 0.162 0.205 0.000452 20000 1.000000
236.864000 40.324100 -6.593 -2.499 0.162 0.205 -0.011243 20000 1.000000
236.676000 40.732900 -6.858 -2.953 0.164 0.209 -0.029755 20000 1.000000
236.826000 40.546700 -6.534 -2.669 0.166 0.214 -0.024002 20000 1.000000
237.024000 39.621400 -5.708 -2.418 0.178 0.21 0.052357 20000 1.000000
237.264000 39.493600 -6.934 -5.193 0.163 0.203 -0.015870 20000 1.000000
237.126000 39.726200 -5.957 -3.333 0.167 0.212 0.033080 20000 1.000000
237.077000 40.747600 -6.715 -2.299 0.171 0.215 -0.025861 20000 1.000000
237.332000 40.034100 -5.991 -2.121 0.169 0.209 -0.024020 20000 1.000000
236.666000 40.887100 -5.305 -1.547 0.161 0.206 -0.000361 20000 1.000000
237.729000 40.271200 -7.688 -2.695 0.178 0.22 -0.077579 20000 1.000000
239.132000 39.794700 -2.834 -0.796 0.164 0.21 -0.039764 20000 1.000000
239.052000 41.183300 -5.618 -2.584 0.166 0.214 -0.031234 20000 1.000000
237.681000 40.731100 -5.568 -3.611 0.197 0.228 0.044920 20000 1.000000
235.774000 42.209100 -4.762 0.334 0.17 0.212 0.003693 20000 1.000000
236.617000 42.503500 -2.744 -1.22 0.165 0.214 -0.003454 20000 1.000000
237.344000 42.191000 -3.353 -2.233 0.168 0.219 -0.041303 20000 1.000000
238.220000 42.259700 -0.84 -2.797 0.164 0.209 -0.011203 20000 1.000000
239.622000 42.468800 -3.034 -3.161 0.166 0.216 -0.036022 20000 1.000000
241.588000 42.254600 -4.185 -4.263 0.161 0.21 -0.011372 20000 1.000000
243.371000 36.071300 -3.323 -2.82 0.175 0.212 0.056279 20000 1.000000
242.835000 36.022500 -3.989 -2.909 0.174 0.202 -0.014224 20000 1.000000
242.590000 36.159000 -5.254 -2.408 0.175 0.209 0.046215 20000 1.000000
241.868000 36.466800 -3.8 -2.647 0.189 0.231 -0.198264 20000 1.000000
242.211000 36.531200 -3.81 -1.82 0.161 0.197 -0.005853 20000 1.000000
241.909000 36.570200 -4.46 -2.343 0.189 0.211 -0.077826 20000 1.000000
241.882000 36.975700 -3.601 -2.114 0.162 0.198 -0.000291 20000 1.000000
242.064000 37.231400 -4.849 -2.3 0.169 0.203 0.041511 20000 1.000000
242.606000 34.462400 -6.717 1.29 0.179 0.205 0.004465 20000 1.000000
242.459000 33.562100 -11.458 4.854 0.166 0.193 0.019564 20000 1.000000
242.895000 32.889200 -12.053 5.39 0.169 0.193 -0.014608 20000 1.000000
243.050000 32.733800 -12.401 5.052 0.164 0.189 -0.003544 20000 1.000000
242.756000 32.666400 -12.193 5.817 0.176 0.196 0.071299 20000 1.000000
242.810000 33.439600 -11.362 3.996 0.166 0.194 0.011979 20000 1.000000
242.928000 33.235700 -12.188 5.512 0.178 0.197 0.046912 20000 1.000000
243.217000 33.493300 -9.828 3.515 0.167 0.194 0.002857 20000 1.000000
243.651000 32.976000 -11.113 3.916 0.172 0.198 0.003113 20000 1.000000
243.989000 32.822200 -12.516 4.097 0.174 0.198 -0.047490 20000 1.000000
243.329000 33.240200 -11.573 4.03 0.176 0.201 -0.006766 20000 1.000000
243.431000 33.059200 -12.615 5.015 0.166 0.191 -0.006899 20000 1.000000
243.379000 33.375600 -10.174 3.953 0.171 0.197 0.036570 20000 1.000000
243.591000 33.210200 -11.764 3.435 0.182 0.211 0.007368 20000 1.000000
243.817000 33.213500 -9.922 3.001 0.168 0.193 -0.002925 20000 1.000000
243.921000 33.201000 -8.521 2.145 0.168 0.194 0.005681 20000 1.000000
243.888000 33.296200 -8.308 1.634 0.171 0.198 -0.057999 20000 1.000000
243.574000 33.523500 -7.512 3.075 0.18 0.203 0.063576 20000 1.000000
243.773000 33.574700 -7.713 0.326 0.177 0.212 0.018831 20000 1.000000
244.031000 32.887000 -10.449 4.112 0.171 0.197 0.004969 20000 1.000000
244.175000 32.954700 -10.187 3.18 0.169 0.194 -0.007123 20000 1.000000
244.268000 32.759700 -9.615 3.534 0.177 0.205 -0.000787 20000 1.000000
244.404000 32.750600 -9.479 4.196 0.186 0.205 -0.004192 20000 1.000000
244.423000 32.834700 -7.909 2.361 0.177 0.202 -0.007251 20000 1.000000
244.430000 32.898400 -6.742 1.738 0.176 0.201 0.010499 20000 1.000000
244.700000 32.690000 -5.014 -1.48 0.169 0.195 -0.012418 20000 1.000000
244.602000 32.875800 -3.667 -1.579 0.179 0.206 0.014893 20000 1.000000
244.578000 32.982500 -4.253 -3.453 0.175 0.202 0.012615 20000 1.000000
244.280000 32.948900 -8.517 2.857 0.173 0.198 -0.001748 20000 1.000000
244.234000 33.516400 -5.31 -2.114 0.177 0.205 0.048119 20000 1.000000
244.313000 33.423900 -3.548 -2.38 0.176 0.202 0.043260 20000 1.000000
244.571000 33.247800 -4.514 -3.128 0.173 0.2 -0.010797 20000 1.000000
244.657000 33.143600 -4.278 -2.808 0.172 0.198 -0.013525 20000 1.000000
244.704000 33.886900 -3.528 -3.601 0.179 0.202 -0.002346 20000 1.000000
240.305000 37.562600 -4.938 0.094 0.185 0.209 0.099797 20000 1.000000
239.350000 34.907300 -13.323 6.118 0.163 0.193 -0.004984 20000 1.000000
239.590000 35.010700 -12.136 6.617 0.169 0.197 0.002955 20000 1.000000
239.760000 34.870600 -12.586 5.715 0.165 0.194 0.007242 20000 1.000000
239.617000 35.106200 -12.029 6.174 0.175 0.203 0.070724 20000 1.000000
241.822000 34.376400 -10.527 3.261 0.17 0.199 -0.004502 20000 1.000000
239.925000 35.020000 -9.628 8.676 0.163 0.193 -0.005748 20000 1.000000
240.208000 34.507800 -12.336 5.26 0.17 0.194 0.002132 20000 1.000000
240.384000 34.630500 -12.718 6.027 0.163 0.192 -0.004670 20000 1.000000
240.185000 34.888600 -10.483 4.572 0.162 0.192 -0.000973 20000 1.000000
240.464000 35.086600 -9.332 1.781 0.163 0.193 -0.000193 20000 1.000000
239.192000 35.425800 -12.272 6.736 0.165 0.196 -0.015978 20000 1.000000
239.455000 35.327800 -12.097 7.162 0.168 0.201 0.046044 20000 1.000000
239.646000 35.440500 -11.279 5.696 0.168 0.201 -0.018384 20000 1.000000
239.520000 35.624800 -9.985 8.237 0.182 0.217 0.004485 20000 1.000000
239.463000 35.792700 -11.157 5.691 0.167 0.201 0.012252 20000 1.000000
239.733000 35.633800 -10.065 4.395 0.17 0.198 0.024447 20000 1.000000
239.629000 35.747900 -9.603 4.033 0.168 0.2 0.002875 20000 1.000000
237.762000 37.061200 -12.576 6.591 0.165 0.201 0.002681 20000 1.000000
239.899000 35.235100 -10.738 5.039 0.188 0.213 0.042737 20000 1.000000
239.975000 35.279800 -10.743 4.545 0.172 0.208 -0.032937 20000 1.000000
240.065000 35.316800 -10.493 3.85 0.168 0.201 -0.007145 20000 1.000000
239.887000 35.534200 -10.438 3.716 0.166 0.2 -0.006915 20000 1.000000
239.818000 35.702700 -8.721 2.092 0.166 0.198 0.003123 20000 1.000000
239.869000 35.801300 -6.625 0.615 0.174 0.202 0.008408 20000 1.000000
239.999000 35.686700 -7.262 0.579 0.172 0.201 -0.051448 20000 1.000000
239.707000 35.688900 -10.216 4.082 0.165 0.196 -0.010271 20000 1.000000
240.287000 35.319000 -8.786 1.001 0.177 0.209 -0.020213 20000 1.000000
240.091000 35.934700 -5.838 -0.021 0.167 0.198 0.003188 20000 1.000000
240.496000 34.466800 -14.091 3.787 0.163 0.191 -0.000416 20000 1.000000
240.885000 34.660100 -10.839 2.671 0.172 0.2 0.058889 20000 1.000000
240.845000 34.856200 -10.591 2.985 0.251 0.332 -0.122725 20000 1.000000
239.755000 35.686700 -10.185 4.249 0.166 0.197 -0.011317 20000 1.000000
241.121000 34.835100 -8.359 1.634 0.167 0.196 0.008082 20000 1.000000
241.152000 34.792300 -9.922 1.711 0.172 0.205 0.004703 20000 1.000000
241.331000 34.695000 -10.933 2.949 0.172 0.204 0.052746 20000 1.000000
241.454000 34.771100 -8.016 1.137 0.169 0.201 0.008301 20000 1.000000
241.344000 34.944400 -6.807 1.005 0.173 0.204 -0.054616 20000 1.000000
241.388000 35.138600 -6.782 -0.365 0.166 0.196 -0.027731 20000 1.000000
241.459000 34.821800 -7.59 1.815 0.176 0.203 -0.009545 20000 1.000000
241.876000 35.378000 -5.233 -0.42 0.168 0.197 -0.010507 20000 1.000000
241.740000 35.667300 -5.315 -0.445 0.174 0.202 0.005927 20000 1.000000
241.233000 36.231400 -5.236 -1.995 0.172 0.201 0.057222 20000 1.000000
241.045000 36.585500 -5.788 -1.787 0.163 0.197 0.000034 20000 1.000000
241.740000 36.093100 -4.713 -1.251 0.168 0.197 -0.004612 20000 1.000000
241.994000 35.038800 -5.555 0.181 0.168 0.197 0.007942 20000 1.000000
242.271000 34.509700 -7.341 1.584 0.168 0.197 -0.002381 20000 1.000000
242.451000 34.634300 -6.896 0.643 0.167 0.198 -0.010856 20000 1.000000
242.457000 34.987000 -5.354 0.032 0.171 0.2 0.031079 20000 1.000000
243.048000 33.892600 -8.304 2.139 0.165 0.193 0.002484 20000 1.000000
243.454000 34.019300 -7.012 1.318 0.167 0.195 -0.011113 20000 1.000000
242.719000 34.534800 -6.506 0.203 0.195 0.207 -0.110891 20000 1.000000
241.969000 34.332200 -10.377 2.675 0.168 0.198 0.011869 20000 1.000000
242.635000 35.116800 -5.222 -0.794 0.167 0.197 -0.010488 20000 1.000000
241.983000 35.152400 -5.412 -0.034 0.167 0.198 -0.008441 20000 1.000000
242.697000 35.238500 -4.925 -1.054 0.169 0.198 0.007031 20000 1.000000
242.795000 35.387900 -4.663 -1.717 0.163 0.195 0.005231 20000 1.000000
242.610000 35.896700 -5.867 -2.09 0.182 0.217 -0.033272 20000 1.000000
242.597000 35.697600 -5.012 -1.46 0.167 0.198 -0.003620 20000 1.000000
243.111000 35.998200 -4.459 -2.87 0.177 0.202 -0.006712 20000 1.000000
243.112000 35.710600 -4.661 -2.331 0.165 0.198 0.002150 20000 1.000000
243.290000 34.192500 -6.518 1.338 0.169 0.196 -0.008719 20000 1.000000
243.463000 34.217200 -5.578 0.084 0.17 0.197 0.015509 20000 1.000000
243.788000 33.865800 -6.333 -1.024 0.166 0.195 0.015318 20000 1.000000
243.920000 33.959300 -5.325 -1.915 0.179 0.205 -0.004998 20000 1.000000
239.772000 35.729200 -8.566 2.135 0.167 0.198 0.005211 20000 1.000000
243.971000 34.716900 -3.567 -3.018 0.18 0.207 -0.039317 20000 1.000000
243.329000 34.936800 -4.701 -1.641 0.172 0.204 0.011933 20000 1.000000
242.063000 34.341100 -9.552 3.153 0.181 0.219 0.003673 20000 1.000000
243.120000 34.462100 -5.975 0.014 0.167 0.196 -0.000941 20000 1.000000
244.179000 33.741000 -5.15 -2.301 0.188 0.214 -0.004156 20000 1.000000
243.107000 34.062700 -6.655 1.647 0.182 0.216 -0.036984 20000 1.000000
244.236000 34.425700 -3.885 -3.25 0.204 0.218 0.039418 20000 1.000000
244.350000 35.204800 -3.9 -4.014 0.171 0.202 -0.029527 20000 1.000000
242.685000 34.187400 -9.646 1.969 0.169 0.199 0.040542 20000 1.000000
242.950000 34.196200 -6.205 3.41 0.199 0.204 0.078764 20000 1.000000
244.750000 34.731800 -4.185 -3.365 0.211 0.249 -0.043998 20000 1.000000
243.237000 35.204600 -4.307 -2.148 0.167 0.197 0.003587 20000 1.000000
242.107000 35.424600 -5.651 -0.834 0.166 0.197 -0.011478 20000 1.000000
243.428000 35.320600 -4.349 -2.54 0.168 0.201 -0.000354 20000 1.000000
243.896000 35.141900 -4.372 -3.533 0.179 0.202 -0.034147 20000 1.000000
243.878000 35.526000 -3.351 -3.166 0.168 0.2 -0.011227 20000 1.000000
243.855000 35.785400 -4.457 -3.608 0.167 0.199 -0.013954 20000 1.000000
244.456000 35.472800 -3.877 -3.472 0.166 0.201 0.002971 20000 1.000000
244.634000 35.163000 -3.588 -3.277 0.2 0.232 0.011648 20000 1.000000
245.401000 34.188900 -4.129 -3.382 0.17 0.2 -0.001085 20000 1.000000
245.035000 34.844400 -3.797 -3.612 0.17 0.199 -0.014497 20000 1.000000
244.762000 35.291100 -3.742 -3.332 0.166 0.198 -0.001183 20000 1.000000
241.000000 37.613000 -5.973 -0.58 0.169 0.205 -0.044510 20000 1.000000
241.084000 37.605300 -3.374 -0.9 0.173 0.221 -0.022134 20000 1.000000
240.914000 37.785700 -6.405 -0.439 0.209 0.235 -0.128036 20000 1.000000
240.967000 37.913500 -3.16 0.42 0.163 0.2 -0.001590 20000 1.000000
240.974000 37.696600 -7.002 -1.084 0.208 0.234 0.135031 20000 1.000000
240.862000 37.839300 -4.656 -0.432 0.178 0.21 0.021547 20000 1.000000
240.853000 37.962800 -5.507 -2.414 0.217 0.261 -0.017247 20000 1.000000
240.916000 37.914100 -5.194 -0.557 0.166 0.201 -0.003919 20000 1.000000
241.056000 37.734300 -5.945 0.586 0.164 0.202 -0.009199 20000 1.000000
241.131000 37.654600 -3.077 -2.586 0.167 0.206 -0.011961 20000 1.000000
241.040000 37.891700 -3.513 0.465 0.172 0.206 -0.016198 20000 1.000000
241.148000 37.878200 -3.465 -0.425 0.165 0.202 -0.017379 20000 1.000000
241.183000 37.591400 -2.423 -0.135 0.169 0.216 0.055747 20000 1.000000
241.302000 37.561600 -3.861 -1.256 0.172 0.225 -0.012164 20000 1.000000
241.316000 37.495400 -2.673 -1.415 0.162 0.198 -0.004904 20000 1.000000
241.406000 37.541300 -2.834 -1.494 0.186 0.225 -0.006112 20000 1.000000
241.180000 37.677000 -1.302 0.09 0.164 0.202 -0.002269 20000 1.000000
241.232000 37.754400 -2.468 -1.029 0.172 0.217 0.032907 20000 1.000000
240.981000 37.800000 -6.168 -0.463 0.168 0.205 0.041446 20000 1.000000
241.264000 37.903500 -3.159 -0.725 0.166 0.204 -0.013703 20000 1.000000
241.445000 37.891300 -2.4 -1.551 0.176 0.208 0.066089 20000 1.000000
241.762000 37.589200 -3.296 -2.292 0.165 0.202 -0.005831 20000 1.000000
241.528000 37.737500 -2.39 -1.963 0.17 0.205 0.017647 20000 1.000000
240.850000 38.057900 -3.591 -1.16 0.212 0.256 0.011178 20000 1.000000
237.804000 41.344800 -11.233 10.737 0.182 0.237 0.015611 20000 1.000000
237.706000 41.381200 -3.96 -1.727 0.176 0.215 0.058124 20000 1.000000
237.809000 41.479200 -5.19 -2.95 0.476 0.637 -0.048176 20000 1.000000
237.687000 41.463600 -4.946 -1.786 0.167 0.223 -0.045724 20000 1.000000
237.847000 41.531900 -3.897 -2.093 0.239 0.273 0.067929 20000 1.000000
238.493000 41.711600 -4.265 -2.779 0.163 0.209 -0.007364 20000 1.000000
246.132000 42.878900 -4.482 -4.435 0.162 0.215 -0.014957 20000 1.000000
241.275000 37.380400 1.504 0.04 0.247 0.27 0.124980 20000 1.000000
241.439000 37.439500 -2.728 -1.195 0.242 0.275 -0.016439 20000 1.000000
240.254000 37.088900 -6.145 -1.702 0.168 0.203 0.039125 20000 1.000000
241.853000 37.280500 -3.914 -1.75 0.167 0.203 0.006795 20000 1.000000
239.172000 41.359200 -4.068 -2.644 0.204 0.253 -0.065764 20000 1.000000
239.527000 41.332500 -4.12 -2.978 0.167 0.212 -0.001868 20000 1.000000
235.587000 42.442000 -2.338 -0.803 0.167 0.217 -0.062557 20000 1.000000
235.707000 42.076600 -2.883 -0.517 0.171 0.213 0.010101 20000 1.000000
238.120000 42.579800 -2.668 -2.713 0.168 0.214 -0.017153 20000 1.000000
237.390000 42.727100 -2.059 -1.332 0.18 0.224 0.095089 20000 1.000000
240.341000 42.546100 -3.938 -3.055 0.166 0.217 -0.018319 20000 1.000000
242.275000 42.020200 -5.775 -4.883 0.166 0.214 -0.009109 20000 1.000000
243.404000 33.598200 -8.415 2.325 0.258 0.3 -0.186887 20000 1.000000
243.397000 33.495500 -10.301 3.983 0.173 0.203 0.006575 20000 1.000000
244.492000 32.829400 -5.725 2.005 0.198 0.22 -0.006494 20000 1.000000
237.579000 41.830800 -3.076 -3.445 0.172 0.22 0.027950 20000 1.000000
236.019000 41.845500 -3.696 -0.766 0.184 0.262 -0.079389 20000 1.000000
238.521000 36.744300 -10.452 6.247 0.178 0.209 0.041490 20000 1.000000
239.528000 35.946600 -8.4 1.99 0.186 0.214 0.045174 20000 1.000000
239.485000 35.929100 -11.404 4.257 0.225 0.277 0.011412 20000 1.000000
236.427000 40.478800 -6.498 -1.159 0.211 0.259 0.240652 20000 1.000000
237.036000 39.845700 -5.962 -2.353 0.162 0.206 -0.025015 20000 1.000000
243.852000 34.508100 -4.445 -2.978 0.165 0.194 0.001499 20000 1.000000
245.241000 32.497900 -3.757 -3.725 0.178 0.198 -0.002692 20000 1.000000
243.407000 33.537300 -10.468 1.855 0.181 0.211 0.054449 20000 1.000000
241.651000 34.021700 -11.778 -4.499 0.182 0.219 0.019692 20000 1.000000
241.379000 34.836000 -8.048 1.558 0.17 0.2 -0.003260 20000 1.000000
241.983000 35.152400 -5.756 -0.155 0.17 0.201 -0.004516 20000 1.000000
241.983000 35.152500 -5.913 -0.635 0.169 0.2 0.000603 20000 1.000000
235.946000 42.861900 -1.98 -0.528 0.192 0.236 0.156979 20000 1.000000
242.968000 33.389000 -13.4 4.218 0.874 0.453 0.052625 20000 1.000000
243.936000 31.559100 -13.431 6.287 0.174 0.194 0.067211 20000 1.000000
238.728000 35.709000 -12.334 7.648 0.184 0.218 -0.009058 20000 1.000000
242.077000 34.508200 -8.243 2.036 0.174 0.203 0.010528 20000 1.000000
239.241000 36.186900 -7.763 -3.899 0.173 0.203 0.052931 20000 1.000000
239.233000 36.180500 -12.273 5.926 0.17 0.201 0.005365 20000 1.000000
244.450000 32.490100 -9.477 4.119 0.172 0.205 -0.036895 20000 1.000000
242.305000 34.925400 -5.837 0.383 0.171 0.201 -0.034465 20000 1.000000
244.116000 32.417000 -12.085 5.144 0.167 0.191 -0.006337 20000 1.000000
243.076000 33.687100 -10.766 3.848 0.649 0.413 -0.017962 20000 1.000000
239.522000 35.919900 -11.174 5.269 0.171 0.205 0.026085 20000 1.000000
242.818000 33.835700 -10.318 3.635 0.187 0.209 -0.008176 20000 1.000000
242.193000 34.091800 -12.219 3.735 0.726 0.441 0.004318 20000 1.000000
244.165000 31.313100 -13.504 6.962 0.167 0.19 -0.013551 20000 1.000000
241.596000 33.743300 -13.573 4.943 0.758 0.417 -0.012205 20000 1.000000
241.628000 33.779500 -13.68 5.117 0.809 0.443 0.048366 20000 1.000000
238.863000 36.161100 -12.134 6.397 0.173 0.204 0.019061 20000 1.000000
239.056000 39.974600 -1.549 -0.432 0.189 0.235 -0.052273 20000 1.000000
243.849000 34.683200 -4.473 -1.767 0.17 0.201 -0.000025 20000 1.000000
242.317000 35.338700 -5.068 0.152 0.168 0.198 0.004441 20000 1.000000
240.280000 34.500000 -12.587 4.752 0.169 0.199 -0.006485 20000 1.000000
242.413000 33.444100 -11.501 5.183 0.199 0.222 0.013636 20000 1.000000
243.375000 34.643900 -6.128 -0.855 0.171 0.197 -0.026173 20000 1.000000
241.974000 34.019100 -10.821 5.352 0.187 0.217 -0.045801 20000 1.000000
242.391000 33.674100 -14.657 1.918 0.74 0.434 0.018447 20000 1.000000
242.445000 33.485800 -11.199 4.082 0.174 0.199 0.034868 20000 1.000000
239.475000 35.900000 -17.758 6.432 0.178 0.217 -0.030413 20000 1.000000
241.807000 34.875100 -6.232 1.268 0.179 0.208 0.017774 20000 1.000000
240.816000 34.541500 -10.637 2.321 0.187 0.218 0.071394 20000 1.000000
244.877000 40.617200 -3.81 -4.987 0.168 0.218 0.006408 20000 1.000000
243.350000 36.316300 -4.266 -2.926 0.238 0.281 0.009546 20000 1.000000
238.442000 37.666500 -6.344 -1.372 0.167 0.203 -0.014253 20000 1.000000
241.245000 34.459800 -10.553 3.558 0.188 0.224 -0.019195 20000 1.000000
239.775000 40.591700 -5.08 -2.294 0.17 0.218 -0.031943 20000 1.000000
240.984000 41.868400 -4.242 -3.692 0.178 0.227 0.066563 20000 1.000000
243.701000 35.971300 -4.252 -3.413 0.178 0.206 -0.050651 20000 1.000000
241.521000 34.438600 -10.116 3.268 0.206 0.233 -0.057550 20000 1.000000
243.746000 33.192600 -10.241 3.877 0.177 0.207 -0.007174 20000 1.000000
244.022000 33.292200 -7.247 1.545 0.171 0.197 0.000966 20000 1.000000
240.476000 33.247900 -14.704 5.677 1.405 0.783 -0.017611 20000 1.000000
240.936000 34.319900 -11.811 3.979 0.165 0.193 0.000136 20000 1.000000
241.354000 34.059300 -12.56 3.484 1.641 0.837 -0.008555 20000 1.000000
242.151000 33.992700 -10.888 4.073 0.177 0.205 0.010233 20000 1.000000
239.935000 34.004300 -12.99 6.825 0.175 0.202 -0.008099 20000 1.000000
239.930000 34.607300 -13.228 5.226 0.761 0.432 -0.031912 20000 1.000000
239.640000 35.917400 -8.548 0.429 0.195 0.219 0.060241 20000 1.000000
241.585000 35.158200 -6.31 0.218 0.165 0.197 -0.001694 20000 1.000000
243.923000 33.650600 -4.937 -1.942 0.172 0.202 0.038768 20000 1.000000
242.233000 33.549600 -12.094 5.719 0.192 0.207 -0.027702 20000 1.000000
243.770000 36.934800 -3.521 -3.122 0.164 0.199 0.015759 20000 1.000000
239.867000 34.483500 -12.44 7.437 0.173 0.206 -0.005605 20000 1.000000
243.839000 33.641200 -6.662 0.807 1.94 0.982 0.029854 20000 1.000000
246.368000 31.335500 -4.19 -3.723 0.171 0.19 -0.021528 20000 1.000000
242.951000 39.542200 -3.404 -3.892 0.174 0.209 0.077057 20000 1.000000
242.816000 38.097200 -4.731 -3.968 0.166 0.204 -0.011890 20000 1.000000
241.669000 33.797800 -13.273 4.655 0.809 0.456 -0.002306 20000 1.000000
241.163000 34.248000 -10.849 5.083 0.173 0.201 0.054414 20000 1.000000
241.771000 34.878900 -7.379 2.042 0.767 0.438 -0.055339 20000 1.000000
241.198000 39.627100 -4.276 -3.575 0.163 0.204 0.005553 20000 1.000000
243.915000 33.030100 -10.753 3.788 0.168 0.194 -0.002239 20000 1.000000
238.053000 38.394500 -6.247 -2.601 0.169 0.208 -0.015179 20000 1.000000
241.780000 34.178600 -10.089 4.031 0.218 0.23 0.058512 20000 1.000000
241.486000 34.126400 -11.652 4.358 0.167 0.196 0.017667 20000 1.000000
241.516000 34.293200 -11.07 3.75 0.171 0.198 0.008620 20000 1.000000
239.384000 34.556300 -13.118 6 0.166 0.196 0.005655 20000 1.000000
241.879000 34.501500 -7.052 3.415 1.172 0.75 -0.004107 20000 1.000000
241.706000 33.712600 -12.893 5.499 0.771 0.427 0.004919 20000 1.000000
242.807000 33.225000 -11.633 5.503 0.166 0.192 0.012911 20000 1.000000
241.346000 37.664300 -2.587 -0.469 0.175 0.214 -0.014698 20000 1.000000
241.016000 35.010800 -8.435 2.115 0.182 0.221 -0.020071 20000 1.000000
241.648000 35.695000 -6.608 -1.54 0.788 0.438 -0.033328 20000 1.000000
243.608000 33.934800 -9.976 0.382 1.694 0.945 -0.038274 20000 1.000000
241.258000 34.568500 -9.41 2.837 0.182 0.209 0.122514 20000 1.000000
241.586000 34.259400 -10.944 3.198 0.877 0.496 -0.026158 20000 1.000000
244.418000 33.038300 -3.908 -2.048 1.429 0.704 -0.004617 20000 1.000000
243.068000 34.669000 -5.44 -0.252 0.183 0.215 -0.101923 20000 1.000000
241.758000 35.695600 -5.169 -1.895 0.902 0.55 0.116436 20000 1.000000
241.572000 33.958200 -13.086 4.894 0.852 0.469 -0.249176 20000 1.000000
244.421000 33.278800 -5.415 -3.591 0.216 0.247 -0.015737 20000 1.000000
243.346000 33.955300 -8.442 1.293 1.68 0.886 -0.032412 20000 1.000000
243.111000 35.425200 -4.277 -3.911 0.182 0.216 -0.023897 20000 1.000000
243.532000 36.840400 -4.6 -3.325 0.163 0.199 0.013041 20000 1.000000
243.920000 35.287000 -3.648 -3.602 0.171 0.203 -0.001305 20000 1.000000
