242.907000 34.116400 -8.623 0.118 0.196 0.249 0.016353 20000 1.000000
243.571000 34.594300 -7.142 -3.726 0.162 0.199 0.050221 20000 1.000000
241.305000 34.824500 -11.182 1.894 0.17 0.208 0.045817 20000 1.000000
242.103000 34.126000 -14.255 1.338 0.242 0.266 0.163523 20000 1.000000
242.795000 40.412800 -6.581 -4.483 0.16 0.208 0.047803 20000 1.000000
240.970000 33.480500 -14.595 5.678 0.186 0.219 0.012203 20000 1.000000
243.116000 34.264300 -9.146 -1.331 0.185 0.229 0.127247 20000 1.000000
240.594000 34.920500 -12.241 0.317 0.164 0.201 0.037946 20000 1.000000
244.002000 34.000500 -6.821 -4.8 0.164 0.198 0.037470 20000 1.000000
242.935000 33.578200 -12.816 2.312 0.166 0.198 0.041250 20000 1.000000
243.920000 35.287000 -6.123 -4.492 0.167 0.206 0.051507 20000 1.000000
245.285000 33.610400 -5.186 -4.263 0.164 0.2 0.036342 20000 1.000000
243.947000 34.251400 -6.017 -4.494 0.165 0.199 0.051914 20000 1.000000
241.723000 34.184900 -13.053 2.246 0.193 0.232 0.084819 20000 1.000000
242.988000 34.918600 -7.53 -2.58 0.165 0.203 0.062854 20000 1.000000
241.812000 34.292800 -15.742 3.31 0.242 0.256 -0.277662 20000 1.000000
242.156000 42.779500 -6.477 -3.52 0.161 0.221 0.045677 20000 1.000000
240.653000 35.157300 -10.052 -0.572 0.166 0.207 0.071170 20000 1.000000
235.437000 42.836100 -2.633 -0.827 0.17 0.227 0.030353 20000 1.000000
244.010000 33.655100 -7.894 -3.357 0.176 0.212 0.060890 20000 1.000000
239.566000 35.939400 -10.112 -0.456 0.162 0.202 0.021372 20000 1.000000
239.569000 35.888400 -12.271 2.491 0.185 0.221 0.038103 20000 1.000000
241.666000 33.311600 -14.491 4.674 0.161 0.194 0.055108 20000 1.000000
241.517000 33.445800 -14.714 4.704 0.164 0.2 0.025370 20000 1.000000
241.370000 34.138600 -14.145 3.594 0.199 0.224 0.142493 20000 1.000000
242.329000 35.565300 -8.194 -2.042 0.168 0.208 0.051796 20000 1.000000
241.789000 33.876300 -11.567 3.539 0.174 0.211 0.114494 20000 1.000000
240.987000 34.806400 -12.651 1.415 0.18 0.24 -0.073497 20000 1.000000
243.664000 34.829500 -6.209 -4.752 0.177 0.208 0.045776 20000 1.000000
242.035000 34.244000 -12.885 3.025 0.192 0.245 -0.072800 20000 1.000000
237.881000 37.724100 -10.63 1.899 0.201 0.249 0.023963 20000 1.000000
241.974000 34.333400 -10.187 0.906 0.19 0.22 0.118157 20000 1.000000
242.172000 34.640500 -9.397 -0.358 0.177 0.219 0.079156 20000 1.000000
241.063000 34.109600 -14.316 4.592 0.178 0.225 0.088989 20000 1.000000
241.873000 34.136700 -12.856 2.446 0.163 0.2 0.041117 20000 1.000000
242.521000 34.313800 -9.828 -0.881 0.187 0.223 0.172908 20000 1.000000
242.291000 34.109900 -9.602 2.859 0.179 0.214 0.022946 20000 1.000000
245.126000 40.558400 -6.659 -4.51 0.174 0.213 0.101314 20000 1.000000
240.120000 34.414900 -14.918 4.709 0.168 0.205 0.017879 20000 1.000000
242.427000 35.071700 -7.64 -1.006 0.169 0.204 0.103941 20000 1.000000
239.249000 35.791600 -13.748 5.384 0.168 0.206 0.033788 20000 1.000000
244.265000 33.069800 -9.236 -0.687 0.172 0.207 0.047133 20000 1.000000
240.961000 34.168400 -13.893 3.899 0.178 0.217 0.065896 20000 1.000000
241.743000 33.861500 -14.045 3.471 0.167 0.202 0.053791 20000 1.000000
241.476000 34.253600 -13.081 3.729 0.172 0.214 0.079618 20000 1.000000
240.629000 34.408100 -14.651 2.637 0.187 0.23 0.026370 20000 1.000000
241.387000 34.516500 -12.371 1.669 0.169 0.203 0.036571 20000 1.000000
243.630000 34.124100 -7.074 -2.681 0.176 0.211 0.012361 20000 1.000000
242.098000 34.082000 -15.325 3.031 0.174 0.212 -0.004807 20000 1.000000
244.212000 33.389800 -8.838 -4.151 0.205 0.247 0.057455 20000 1.000000
242.140000 34.413400 -11.379 0.326 0.166 0.213 0.055773 20000 1.000000
242.588000 33.647700 -12.538 2.859 0.161 0.194 0.053773 20000 1.000000
241.170000 34.946200 -10.957 -1.789 0.17 0.211 0.047147 20000 1.000000
245.061000 39.345200 -6.802 -4.928 0.171 0.216 0.044552 20000 1.000000
244.183000 40.914700 -7.351 -4.587 0.158 0.209 0.056154 20000 1.000000
241.574000 34.703100 -11.149 -0.763 0.169 0.208 0.048357 20000 1.000000
242.474000 34.104200 -11.706 2.614 0.185 0.229 0.068374 20000 1.000000
239.991000 34.733000 -14.509 4.439 0.165 0.2 0.075866 20000 1.000000
243.064000 34.093600 -10.157 -0.3 0.193 0.292 0.126521 20000 1.000000
241.116000 34.356300 -14.017 4.133 0.164 0.198 0.052973 20000 1.000000
246.195000 39.369400 -6.377 -4.16 0.167 0.209 0.045293 20000 1.000000
241.107000 34.800200 -11.107 -0.06 0.188 0.23 0.031441 20000 1.000000
240.644000 40.416500 -7.52 -4.532 0.163 0.215 0.009871 20000 1.000000
240.136000 35.189400 -12.923 1.27 0.176 0.219 0.045768 20000 1.000000
244.479000 33.274800 -6.813 -5.815 0.171 0.204 0.055147 20000 1.000000
245.173000 33.051100 -4.722 -5.186 0.206 0.233 -0.043082 20000 1.000000
244.340000 34.784000 -6.699 -5.351 0.186 0.231 0.045509 20000 1.000000
245.810000 34.308600 -5.992 -5.352 0.168 0.202 0.064611 20000 1.000000
243.111000 35.425200 -6.312 -4.621 0.166 0.204 0.040724 20000 1.000000
245.820000 40.640200 -6.079 -4.817 0.163 0.211 0.062788 20000 1.000000
239.584000 36.399000 -7.329 -0.859 0.202 0.245 0.027963 20000 1.000000
241.887000 34.047400 -13.693 2.196 0.169 0.204 0.073669 20000 1.000000
243.570000 34.754800 -6.971 -4.449 0.166 0.201 0.073426 20000 1.000000
238.530000 40.815900 -7.974 -3.678 0.161 0.214 0.034904 20000 1.000000
244.365000 33.705000 -6.739 -5.812 0.182 0.23 0.034566 20000 1.000000
239.520000 35.866700 -12.575 4.834 0.188 0.243 0.070827 20000 1.000000
242.155000 34.458200 -10.7 -0.519 0.185 0.227 0.042700 20000 1.000000
239.598000 35.880800 -9.978 1.124 0.175 0.215 0.142004 20000 1.000000
240.812000 34.441200 -14.711 2.912 0.175 0.215 0.039360 20000 1.000000
244.089000 34.727300 -6.283 -5.334 0.167 0.205 0.067639 20000 1.000000
243.779000 33.796800 -9.489 -2.608 0.172 0.212 0.087952 20000 1.000000
244.855000 34.157600 -6.1 -5.465 0.166 0.203 0.093458 20000 1.000000
241.526000 35.662300 -8.91 -1.264 0.181 0.227 0.008532 20000 1.000000
240.992000 34.398500 -14.679 1.792 0.175 0.213 0.060134 20000 1.000000
243.827000 33.925400 -7.551 -3.132 0.191 0.23 0.054249 20000 1.000000
242.165000 34.485500 -9.529 -1.326 0.165 0.202 0.044846 20000 1.000000
243.060000 35.090200 -6.494 -2.28 0.166 0.201 0.059015 20000 1.000000
242.246000 34.133300 -12.715 1.521 0.168 0.202 0.078052 20000 1.000000
239.406000 35.828700 -13.477 5.115 0.168 0.209 0.068821 20000 1.000000
240.896000 34.733600 -13.167 0.894 0.166 0.206 0.048477 20000 1.000000
239.557000 35.832600 -12.475 4.075 0.163 0.202 0.053626 20000 1.000000
242.563000 33.856800 -12.804 2.155 0.165 0.199 0.045474 20000 1.000000
238.778000 42.418300 -6.004 -2.779 0.223 0.296 0.000448 20000 1.000000
239.241000 36.186900 -7.06 0.378 0.166 0.204 0.103314 20000 1.000000
239.233000 36.180500 -13.686 5.225 0.165 0.203 0.055238 20000 1.000000
239.649000 34.038300 -15.751 5.376 0.167 0.204 -0.002874 20000 1.000000
243.904000 40.148400 -6.395 -4.387 0.167 0.217 -0.020096 20000 1.000000
242.682000 33.918400 -12.368 2.004 0.166 0.199 0.064096 20000 1.000000
239.566000 35.969500 -9.834 -0.451 0.169 0.202 0.005423 20000 1.000000
244.588000 40.710700 -6.576 -4.74 0.163 0.223 0.038203 20000 1.000000
241.122000 34.295500 -13.868 4.046 0.184 0.218 0.023151 20000 1.000000
242.118000 34.175200 -13.556 1.445 0.227 0.256 -0.255724 20000 1.000000
242.790000 34.230800 -10.816 -0.722 0.224 0.24 0.233992 20000 1.000000
245.381000 34.767700 -6.115 -5.653 0.179 0.217 0.057258 20000 1.000000
242.491000 39.685600 -6.976 -4.725 0.169 0.217 0.048337 20000 1.000000
240.859000 34.498700 -14.318 2.563 0.162 0.198 0.046867 20000 1.000000
243.932000 34.141000 -6.881 -3.91 0.166 0.2 0.083935 20000 1.000000
244.082000 34.369900 -5.801 -4.742 0.166 0.203 0.012944 20000 1.000000
243.695000 34.427700 -6.28 -3.091 0.169 0.208 0.010832 20000 1.000000
243.708000 34.533000 -7.007 -4.081 0.171 0.205 0.037070 20000 1.000000
243.185000 34.674900 -7.275 -2.86 0.164 0.2 0.070906 20000 1.000000
241.793000 34.128800 -13.397 2.169 0.164 0.2 0.053460 20000 1.000000
240.647000 34.683400 -13.812 2.722 0.187 0.23 -0.001337 20000 1.000000
242.814000 39.521100 -6.694 -4.173 0.165 0.21 0.062233 20000 1.000000
245.995000 32.722500 -4.187 -6.429 0.171 0.201 0.107593 20000 1.000000
244.721000 39.910200 -6.997 -4.878 0.179 0.222 0.036649 20000 1.000000
245.543000 36.154200 -5.468 -5.343 0.165 0.201 0.056692 20000 1.000000
245.180000 41.724200 -7.85 -4.876 0.162 0.212 0.025256 20000 1.000000
242.670000 41.428700 -6.992 -4.348 0.16 0.212 0.066390 20000 1.000000
242.935000 42.981700 -6.02 -4.477 0.158 0.216 0.034133 20000 1.000000
235.925000 40.876300 -4.084 0.548 0.211 0.263 0.083995 20000 1.000000
236.274000 38.928300 -12.491 7.39 0.16 0.207 0.011468 20000 1.000000
237.585000 40.997600 -6.699 -3.269 0.184 0.255 -0.049551 20000 1.000000
235.986000 42.967400 -4.14 -1.662 0.165 0.228 0.073839 20000 1.000000
243.830000 32.616500 -15.28 2.91 0.163 0.195 0.041556 20000 1.000000
238.997000 35.551800 -13.852 6.827 0.162 0.201 0.055436 20000 1.000000
242.015000 39.305600 -7.359 -4.379 0.166 0.218 0.028699 20000 1.000000
242.395000 39.287900 -6.501 -4.638 0.164 0.209 0.052664 20000 1.000000
243.576000 39.500500 -6.863 -4.554 0.159 0.212 0.069050 20000 1.000000
243.950000 39.546400 -6.525 -5.071 0.164 0.208 0.081195 20000 1.000000
244.111000 39.374200 -6.586 -4.53 0.16 0.206 0.068792 20000 1.000000
244.487000 39.536100 -6.725 -4.566 0.161 0.209 0.052787 20000 1.000000
244.568000 39.388600 -7.066 -4.93 0.157 0.203 0.054874 20000 1.000000
242.120000 40.433400 -7.2 -4.424 0.163 0.212 0.084606 20000 1.000000
245.308000 39.255200 -6.258 -4.489 0.165 0.208 0.100514 20000 1.000000
245.723000 39.119400 -6.37 -4.993 0.165 0.216 0.066343 20000 1.000000
246.129000 39.067300 -6.711 -4.505 0.162 0.209 0.040418 20000 1.000000
246.495000 39.268900 -6.734 -5.076 0.16 0.21 0.065577 20000 1.000000
242.532000 40.320600 -6.554 -4.533 0.167 0.214 0.012736 20000 1.000000
246.946000 40.494000 -6.575 -5.005 0.161 0.211 0.070540 20000 1.000000
243.264000 40.495500 -6.644 -4.994 0.168 0.216 0.015392 20000 1.000000
243.721000 40.363200 -6.555 -4.465 0.159 0.209 0.070573 20000 1.000000
240.200000 39.572800 -8.542 -3.995 0.162 0.21 0.043732 20000 1.000000
242.469000 36.614300 -6.943 -3.716 0.16 0.199 0.048377 20000 1.000000
242.593000 36.804200 -6.885 -3.593 0.157 0.197 0.054293 20000 1.000000
242.006000 36.606000 -8.664 -3.154 0.172 0.209 0.148543 20000 1.000000
242.296000 37.200800 -7.445 -4.292 0.162 0.204 0.056829 20000 1.000000
240.463000 39.698400 -8.366 -3.027 0.169 0.219 0.057867 20000 1.000000
240.694000 39.795600 -8.039 -3.188 0.174 0.232 0.113515 20000 1.000000
241.126000 39.838800 -7.931 -4.056 0.169 0.215 0.027903 20000 1.000000
241.316000 39.888900 -8.023 -4.859 0.164 0.215 0.037580 20000 1.000000
241.841000 39.212300 -7.157 -3.834 0.163 0.21 0.063494 20000 1.000000
246.706000 41.856800 -6.933 -4.681 0.169 0.224 0.100001 20000 1.000000
246.958000 39.345100 -6.664 -4.578 0.164 0.208 0.057370 20000 1.000000
246.988000 41.817300 -7.694 -4.827 0.161 0.212 0.052226 20000 1.000000
246.722000 40.671300 -6.928 -4.552 0.164 0.215 0.053229 20000 1.000000
240.400000 39.499200 -8.41 -3.604 0.177 0.22 0.099823 20000 1.000000
240.931000 39.486100 -7.496 -4.003 0.164 0.212 0.055178 20000 1.000000
241.550000 39.133900 -7.434 -4.398 0.163 0.212 0.051487 20000 1.000000
241.062000 39.268000 -7.776 -3.733 0.182 0.237 0.036945 20000 1.000000
241.649000 39.454700 -7.076 -4.515 0.164 0.214 0.087987 20000 1.000000
241.995000 38.728800 -7.508 -4.307 0.164 0.209 0.068477 20000 1.000000
241.540000 38.724600 -7.402 -3.577 0.162 0.21 0.053616 20000 1.000000
241.070000 38.980900 -7.804 -3.664 0.159 0.209 0.055823 20000 1.000000
240.985000 38.704600 -7.608 -2.888 0.167 0.215 -0.010200 20000 1.000000
240.541000 38.761400 -8.58 -3.122 0.169 0.212 -0.020819 20000 1.000000
240.523000 40.779800 -7.859 -3.908 0.177 0.223 0.134864 20000 1.000000
240.990000 40.242200 -7.787 -3.637 0.18 0.218 -0.015322 20000 1.000000
240.278000 39.908200 -8.512 -4.056 0.165 0.215 0.104548 20000 1.000000
239.307000 38.829200 -8.884 -2.095 0.184 0.216 0.156344 20000 1.000000
239.614000 39.046600 -9.454 -2.1 0.182 0.226 -0.028692 20000 1.000000
240.189000 39.123500 -8.519 -2.864 0.165 0.214 -0.012366 20000 1.000000
239.107000 39.466700 -8.883 -2.99 0.177 0.219 0.145176 20000 1.000000
240.376000 41.357700 -7.375 -3.828 0.161 0.215 0.042932 20000 1.000000
239.716000 39.937400 -9.322 -3.84 0.156 0.204 0.044446 20000 1.000000
239.194000 40.418600 -8.502 -3.047 0.167 0.21 0.031920 20000 1.000000
239.923000 40.288900 -8.187 -3.493 0.163 0.213 0.064390 20000 1.000000
235.692000 40.247500 -10.786 5.253 0.228 0.307 0.015713 20000 1.000000
235.867000 40.551300 -5.247 1.542 0.162 0.212 0.028922 20000 1.000000
235.787000 40.637400 -5.007 0.888 0.179 0.234 0.016494 20000 1.000000
235.943000 40.219600 -9.465 2.834 0.164 0.215 0.048611 20000 1.000000
236.307000 40.119300 -10.562 -0.568 0.172 0.23 0.099887 20000 1.000000
238.207000 36.485500 -14.128 7.139 0.158 0.198 0.042772 20000 1.000000
238.710000 35.945700 -14.121 6.258 0.165 0.205 0.088473 20000 1.000000
238.949000 36.302100 -14.377 5.896 0.161 0.202 0.037845 20000 1.000000
238.865000 36.425900 -13.824 5.725 0.164 0.204 0.070096 20000 1.000000
237.668000 37.534500 -12.322 4.65 0.187 0.216 -0.041791 20000 1.000000
237.623000 37.914500 -11.22 3.114 0.167 0.213 0.056740 20000 1.000000
236.819000 38.495000 -12.245 5.205 0.163 0.211 -0.022381 20000 1.000000
236.291000 39.117200 -12.729 4.227 0.185 0.238 0.016518 20000 1.000000
236.652000 38.987400 -11.302 4.28 0.171 0.215 0.124543 20000 1.000000
236.796000 39.242000 -9.457 -0.159 0.161 0.209 0.049993 20000 1.000000
236.368000 42.275400 -5.159 -2.575 0.167 0.222 0.033046 20000 1.000000
236.895000 39.319700 -9.932 -0.945 0.167 0.214 0.063060 20000 1.000000
237.041000 38.664700 -10.46 4.106 0.18 0.252 0.085195 20000 1.000000
237.233000 38.428600 -9.844 4.201 0.163 0.21 0.066591 20000 1.000000
237.548000 38.239800 -9.721 1.84 0.164 0.21 0.039376 20000 1.000000
237.083000 38.866100 -11.537 0.901 0.157 0.203 0.035612 20000 1.000000
237.037000 39.398100 -8.298 -1.918 0.188 0.237 -0.014179 20000 1.000000
237.424000 38.777800 -7.858 0.96 0.171 0.229 0.031996 20000 1.000000
237.281000 39.260000 -11.3 -0.614 0.16 0.207 0.074009 20000 1.000000
237.696000 39.109300 -8.338 -2.645 0.165 0.213 0.033502 20000 1.000000
237.873000 37.069200 -14.746 6.14 0.188 0.233 0.208690 20000 1.000000
238.137000 36.962000 -13.584 5.784 0.182 0.216 0.004117 20000 1.000000
238.009000 37.201700 -11.52 3.606 0.189 0.232 -0.020618 20000 1.000000
238.203000 37.001000 -13.336 5.097 0.247 0.277 0.158410 20000 1.000000
238.274000 37.002400 -13.076 3.218 0.173 0.225 0.063759 20000 1.000000
238.349000 37.104500 -11.469 2.068 0.19 0.23 -0.048478 20000 1.000000
238.286000 37.203500 -12.499 2.183 0.167 0.208 0.089838 20000 1.000000
237.786000 37.329900 -12.087 5.127 0.16 0.202 0.051859 20000 1.000000
237.901000 37.336900 -10.787 3.306 0.22 0.297 0.033759 20000 1.000000
237.900000 37.722000 -10.413 1.119 0.159 0.201 0.038902 20000 1.000000
237.781000 37.863900 -9.138 0.648 0.162 0.207 -0.011792 20000 1.000000
237.942000 37.713900 -10.413 1.151 0.172 0.215 -0.009013 20000 1.000000
238.174000 37.336800 -11.02 2.688 0.165 0.211 0.054295 20000 1.000000
238.210000 37.533000 -8.91 -0.528 0.159 0.202 0.045466 20000 1.000000
238.313000 37.601800 -8.992 -0.904 0.166 0.207 0.091855 20000 1.000000
238.022000 37.749400 -9.953 -0.417 0.16 0.203 0.041378 20000 1.000000
238.214000 37.819000 -9.125 -3.019 0.166 0.209 0.038691 20000 1.000000
238.095000 36.621700 -13.985 6.414 0.162 0.205 0.034404 20000 1.000000
238.421000 36.724000 -14.291 5.318 0.161 0.202 0.032772 20000 1.000000
238.580000 36.800400 -10.936 3.288 0.16 0.201 0.034663 20000 1.000000
238.409000 36.858500 -14.567 4.558 0.161 0.203 0.027472 20000 1.000000
238.459000 36.814300 -13.791 7.166 0.165 0.203 0.055619 20000 1.000000
238.445000 36.903500 -12.005 2.978 0.163 0.203 0.023668 20000 1.000000
238.613000 36.637000 -14.668 5.75 0.169 0.213 -0.001726 20000 1.000000
238.458000 37.007800 -11.366 2.675 0.16 0.204 0.046487 20000 1.000000
238.426000 37.213000 -9.765 -1.427 0.162 0.202 0.048522 20000 1.000000
238.665000 36.918200 -9.329 -1.498 0.159 0.2 0.045320 20000 1.000000
238.645000 37.010800 -8.104 -1.689 0.173 0.217 0.011509 20000 1.000000
240.294000 37.713100 -8.718 -2.753 0.168 0.214 0.031663 20000 1.000000
238.812000 36.559500 -14.114 5.868 0.159 0.199 0.038040 20000 1.000000
238.131000 37.975600 -8.027 -1.702 0.162 0.206 0.059268 20000 1.000000
238.936000 36.611600 -9.333 -2.3 0.158 0.198 0.041954 20000 1.000000
238.732000 36.950000 -8.669 -1.22 0.167 0.209 0.061076 20000 1.000000
238.652000 36.811400 -9.099 -0.085 0.162 0.203 0.038016 20000 1.000000
238.942000 37.169600 -8.167 -1.978 0.168 0.21 0.056600 20000 1.000000
238.347000 37.478400 -8.806 -1.58 0.173 0.22 0.032330 20000 1.000000
238.531000 37.489600 -8.249 -2.299 0.158 0.201 0.035421 20000 1.000000
238.675000 37.581900 -7.954 -1.98 0.163 0.209 0.029757 20000 1.000000
238.395000 37.932000 -8.564 -1.626 0.161 0.205 0.041694 20000 1.000000
238.536000 37.755300 -8.249 -2.182 0.163 0.206 0.049871 20000 1.000000
238.717000 37.385400 -8.466 -1.239 0.171 0.222 0.056023 20000 1.000000
237.782000 38.153000 -8.65 -1.516 0.159 0.204 0.024862 20000 1.000000
237.904000 38.025100 -8.562 -0.154 0.163 0.21 -0.006533 20000 1.000000
237.805000 38.444200 -8.557 -1.201 0.169 0.227 0.061900 20000 1.000000
237.645000 38.999500 -8.178 -2.367 0.197 0.223 0.137070 20000 1.000000
238.905000 38.645300 -8.28 -1.407 0.165 0.211 0.049734 20000 1.000000
239.652000 35.544100 -12.669 4.821 0.165 0.204 0.044426 20000 1.000000
239.611000 35.841100 -11.332 3.921 0.167 0.207 0.023570 20000 1.000000
239.655000 35.837800 -10.372 1.453 0.166 0.209 0.032206 20000 1.000000
239.715000 35.806700 -9.604 1.342 0.174 0.216 0.043495 20000 1.000000
239.093000 35.933300 -14.11 4.578 0.16 0.2 0.042809 20000 1.000000
239.019000 36.417200 -8.597 -0.42 0.161 0.204 0.051126 20000 1.000000
239.147000 36.515900 -8.459 -1.051 0.167 0.212 0.024690 20000 1.000000
239.302000 36.024800 -13.228 5.689 0.161 0.206 0.039684 20000 1.000000
239.121000 36.140200 -13.331 5.585 0.161 0.2 0.043113 20000 1.000000
239.251000 36.106800 -13.656 5.423 0.158 0.197 0.044973 20000 1.000000
239.272000 36.178900 -8.387 -1.653 0.158 0.197 0.045792 20000 1.000000
239.355000 35.922800 -13.42 5.179 0.16 0.199 0.036956 20000 1.000000
239.525000 36.007500 -11.683 -0.255 0.174 0.209 0.051535 20000 1.000000
239.457000 36.089400 -10.616 0.205 0.159 0.199 0.045468 20000 1.000000
239.560000 36.123200 -7.668 -0.838 0.159 0.199 0.043229 20000 1.000000
239.158000 35.697100 -13.369 5.764 0.165 0.201 0.090894 20000 1.000000
239.637000 36.051700 -7.902 0.138 0.162 0.199 0.041590 20000 1.000000
239.448000 35.974100 -12.882 5.538 0.178 0.212 -0.003933 20000 1.000000
239.706000 36.015800 -7.771 0.437 0.162 0.201 0.036997 20000 1.000000
239.723000 36.304400 -6.381 -0.824 0.163 0.204 0.047518 20000 1.000000
239.257000 36.806300 -7.408 -2.194 0.161 0.203 0.043370 20000 1.000000
239.803000 37.352200 -8.501 -1.697 0.169 0.215 0.035757 20000 1.000000
239.356000 37.795200 -8.423 -1.581 0.171 0.211 0.052460 20000 1.000000
240.160000 37.901100 -8.038 -0.904 0.179 0.217 -0.046995 20000 1.000000
239.049000 38.090000 -8.274 -1.741 0.163 0.208 0.036898 20000 1.000000
239.666000 38.735600 -9.203 -2.097 0.172 0.209 0.064157 20000 1.000000
241.480000 37.177600 -7.906 -3.501 0.159 0.202 0.048547 20000 1.000000
236.283000 39.863600 -11.614 1.799 0.193 0.249 -0.051697 20000 1.000000
236.448000 39.905700 -9.255 -0.347 0.181 0.248 0.004925 20000 1.000000
236.628000 39.452400 -10.221 -0.698 0.16 0.209 0.038662 20000 1.000000
236.705000 39.707100 -10.206 -2.345 0.17 0.22 -0.044417 20000 1.000000
236.813000 39.492800 -10.251 -0.808 0.177 0.249 0.069172 20000 1.000000
236.817000 39.962100 -9.252 -3.9 0.159 0.209 -0.006555 20000 1.000000
236.344000 40.256800 -8.266 -0.414 0.161 0.214 0.054787 20000 1.000000
236.117000 41.151700 -3.533 -1.899 0.161 0.213 0.053915 20000 1.000000
236.301000 40.575300 -7.07 -2.552 0.17 0.222 0.088765 20000 1.000000
236.427000 40.478900 -7.691 -1.927 0.195 0.257 0.254526 20000 1.000000
236.548000 40.082200 -9.222 -1.845 0.158 0.207 0.044082 20000 1.000000
236.864000 40.324100 -9.969 -1.623 0.157 0.207 0.032438 20000 1.000000
236.676000 40.732900 -6.018 -1.736 0.158 0.209 0.010542 20000 1.000000
236.826000 40.546700 -8.29 -1.17 0.161 0.214 0.013767 20000 1.000000
237.024000 39.621400 -10.205 -3.11 0.17 0.212 0.087874 20000 1.000000
237.264000 39.493600 -9.544 -3.115 0.16 0.208 0.014666 20000 1.000000
237.126000 39.726200 -9.859 -3.003 0.163 0.213 0.092786 20000 1.000000
237.077000 40.747600 -7.129 -1.625 0.166 0.216 0.025749 20000 1.000000
237.332000 40.034100 -7.732 -2.837 0.162 0.21 0.030332 20000 1.000000
237.393000 40.650700 -7.705 -1.957 0.166 0.224 -0.003671 20000 1.000000
236.666000 40.887100 -5.286 -1.54 0.157 0.207 0.032091 20000 1.000000
237.729000 40.271200 -9.066 -2.148 0.169 0.219 -0.027936 20000 1.000000
239.132000 39.794700 -10.938 -3.354 0.16 0.213 0.012372 20000 1.000000
239.052000 41.183300 -7.802 -3.776 0.16 0.216 0.025417 20000 1.000000
237.681000 40.731100 -7.382 -2.581 0.193 0.236 0.069825 20000 1.000000
235.774000 42.209100 -4.856 -2.177 0.163 0.212 0.024527 20000 1.000000
235.946000 42.860100 -3.399 -1.231 0.181 0.239 0.121262 20000 1.000000
236.617000 42.503500 -5.133 -2.356 0.161 0.216 0.040898 20000 1.000000
237.344000 42.191000 -5.172 -2.558 0.162 0.219 0.010369 20000 1.000000
238.220000 42.259700 -7.258 -3.387 0.161 0.212 0.036103 20000 1.000000
239.622000 42.468800 -5.636 -3.178 0.164 0.224 -0.003916 20000 1.000000
241.588000 42.254600 -6.789 -4.773 0.157 0.211 0.039439 20000 1.000000
243.371000 36.071300 -6.677 -4.948 0.171 0.217 0.120453 20000 1.000000
242.835000 36.022500 -7.285 -3.497 0.169 0.203 0.037671 20000 1.000000
242.590000 36.159000 -7.368 -3.047 0.171 0.214 0.096744 20000 1.000000
241.868000 36.466800 -9.847 -1.077 0.18 0.23 -0.150654 20000 1.000000
242.211000 36.531200 -8.233 -3.322 0.158 0.2 0.049987 20000 1.000000
241.909000 36.570200 -9.271 -1.99 0.181 0.212 -0.004988 20000 1.000000
241.882000 36.975700 -8.239 -3.296 0.158 0.199 0.050038 20000 1.000000
242.064000 37.231400 -7.732 -3.873 0.164 0.204 0.091169 20000 1.000000
242.606000 34.462400 -9.395 -0.289 0.172 0.205 0.046268 20000 1.000000
242.459000 33.562100 -13.41 3.385 0.162 0.197 0.086285 20000 1.000000
242.895000 32.889200 -14.41 3.064 0.165 0.196 0.041860 20000 1.000000
243.050000 32.733800 -14.792 3.431 0.16 0.191 0.049288 20000 1.000000
242.756000 32.666400 -15.203 3.906 0.177 0.203 0.147642 20000 1.000000
242.810000 33.439600 -13.541 3.555 0.162 0.196 0.058371 20000 1.000000
242.928000 33.235700 -14.133 2.962 0.172 0.201 0.105422 20000 1.000000
243.217000 33.493300 -12.551 1.902 0.163 0.196 0.049457 20000 1.000000
243.651000 32.976000 -14.189 2.933 0.166 0.198 0.059787 20000 1.000000
243.989000 32.822200 -13.112 2.274 0.165 0.198 0.013475 20000 1.000000
243.329000 33.240200 -13.87 2.563 0.171 0.203 0.059964 20000 1.000000
243.431000 33.059200 -13.141 2.102 0.176 0.207 0.049683 20000 1.000000
243.379000 33.375600 -12.804 1.222 0.167 0.2 0.094956 20000 1.000000
243.591000 33.210200 -13.065 1.545 0.175 0.211 0.057325 20000 1.000000
243.817000 33.213500 -11.812 0.462 0.164 0.195 0.055802 20000 1.000000
243.921000 33.201000 -11.287 0.048 0.163 0.196 0.056245 20000 1.000000
243.888000 33.296200 -10.461 -0.507 0.167 0.201 0.000657 20000 1.000000
243.574000 33.523500 -10.717 -0.018 0.175 0.202 0.135684 20000 1.000000
243.773000 33.574700 -10.509 -1.069 0.169 0.21 0.076154 20000 1.000000
244.031000 32.887000 -12.704 1.344 0.166 0.199 0.043341 20000 1.000000
244.175000 32.954700 -11.652 0.284 0.164 0.195 0.053105 20000 1.000000
244.268000 32.759700 -11.682 0.564 0.173 0.209 0.075998 20000 1.000000
244.404000 32.750600 -10.91 -0.439 0.172 0.201 0.042176 20000 1.000000
244.423000 32.834700 -9.29 -1.516 0.171 0.204 0.052778 20000 1.000000
244.430000 32.898400 -8.372 -1.199 0.174 0.206 0.078286 20000 1.000000
244.700000 32.690000 -5.418 -5.265 0.163 0.195 0.050975 20000 1.000000
244.602000 32.875800 -5.88 -5.165 0.172 0.205 0.078854 20000 1.000000
244.578000 32.982500 -5.372 -6.65 0.171 0.208 0.096906 20000 1.000000
244.280000 32.948900 -10.678 -0.418 0.168 0.2 0.045250 20000 1.000000
244.234000 33.516400 -7.474 -5.588 0.172 0.205 0.121952 20000 1.000000
244.313000 33.423900 -7.238 -5.846 0.171 0.204 0.099713 20000 1.000000
244.571000 33.247800 -6.14 -6.104 0.169 0.202 0.045289 20000 1.000000
244.657000 33.143600 -5.573 -6.132 0.169 0.202 0.005466 20000 1.000000
244.704000 33.886900 -6.08 -5.707 0.172 0.201 0.064489 20000 1.000000
240.305000 37.562600 -9.129 -2.379 0.179 0.211 0.163409 20000 1.000000
239.350000 34.907300 -14.544 6.23 0.159 0.195 0.047283 20000 1.000000
239.590000 35.010700 -14.89 4.322 0.164 0.201 0.048383 20000 1.000000
239.760000 34.870600 -14.928 5.12 0.161 0.197 0.057950 20000 1.000000
239.617000 35.106200 -14.259 5.495 0.17 0.207 0.133071 20000 1.000000
241.822000 34.376400 -12.518 1.765 0.163 0.2 0.059172 20000 1.000000
239.925000 35.020000 -15.405 3.337 0.16 0.196 0.043951 20000 1.000000
240.208000 34.507800 -14.807 4.113 0.167 0.198 0.039269 20000 1.000000
240.384000 34.630500 -14.304 1.331 0.159 0.196 0.044377 20000 1.000000
240.185000 34.888600 -15.563 3.605 0.16 0.199 0.034714 20000 1.000000
240.464000 35.086600 -11.782 1.12 0.162 0.201 0.046005 20000 1.000000
239.192000 35.425800 -15.133 5.004 0.16 0.198 0.035091 20000 1.000000
239.455000 35.327800 -13.434 4.974 0.164 0.204 0.092044 20000 1.000000
239.646000 35.440500 -13.263 4.769 0.162 0.199 0.038929 20000 1.000000
239.520000 35.624800 -13.355 4.839 0.16 0.199 0.054500 20000 1.000000
239.463000 35.792700 -13.199 4.58 0.162 0.203 0.066293 20000 1.000000
239.733000 35.633800 -12.322 3.784 0.165 0.201 0.072538 20000 1.000000
237.762000 37.061200 -14.017 6.324 0.162 0.205 0.061474 20000 1.000000
239.899000 35.235100 -13.058 3.763 0.184 0.215 0.103188 20000 1.000000
239.975000 35.279800 -13.169 3.92 0.168 0.209 0.015766 20000 1.000000
240.065000 35.316800 -12.268 3.079 0.165 0.206 0.059749 20000 1.000000
239.887000 35.534200 -12.045 1.31 0.196 0.238 0.057263 20000 1.000000
239.818000 35.702700 -9.675 1.623 0.16 0.199 0.051994 20000 1.000000
239.869000 35.801300 -8.601 0.354 0.168 0.203 0.057732 20000 1.000000
239.999000 35.686700 -9.586 -0.228 0.166 0.203 -0.005030 20000 1.000000
239.707000 35.688900 -12.109 4.17 0.16 0.198 0.040512 20000 1.000000
240.287000 35.319000 -10.069 1.527 0.177 0.219 0.035003 20000 1.000000
240.091000 35.934700 -7.987 -0.509 0.161 0.2 0.052669 20000 1.000000
240.496000 34.466800 -13.52 3.309 0.159 0.194 0.049420 20000 1.000000
240.674000 34.599600 -14.52 3.04 0.17 0.211 0.140864 20000 1.000000
240.885000 34.660100 -13.814 2.029 0.17 0.205 0.122006 20000 1.000000
240.845000 34.856200 -12.307 1.688 0.232 0.341 -0.034292 20000 1.000000
239.755000 35.686700 -11.883 3.855 0.162 0.199 0.037933 20000 1.000000
241.121000 34.835100 -11.304 -0.124 0.162 0.198 0.061767 20000 1.000000
241.152000 34.792300 -10.85 1.368 0.167 0.209 0.058132 20000 1.000000
241.331000 34.695000 -11.888 0.58 0.17 0.209 0.132474 20000 1.000000
241.454000 34.771100 -11.734 1.901 0.162 0.2 0.050564 20000 1.000000
241.344000 34.944400 -10.126 -0.288 0.168 0.207 0.018074 20000 1.000000
241.388000 35.138600 -9.553 -0.74 0.162 0.198 0.028559 20000 1.000000
241.382000 34.838900 -9.982 -0.121 0.168 0.206 0.064377 20000 1.000000
241.459000 34.821800 -10.214 0.566 0.173 0.21 0.080049 20000 1.000000
241.811000 34.982100 -8.024 -0.3 0.162 0.199 0.043062 20000 1.000000
241.876000 35.378000 -9.514 -2.293 0.163 0.199 0.042468 20000 1.000000
241.740000 35.667300 -9.11 -1.896 0.168 0.203 0.051708 20000 1.000000
241.233000 36.231400 -8.303 -2.203 0.168 0.205 0.111446 20000 1.000000
241.045000 36.585500 -8.25 -1.812 0.159 0.2 0.049468 20000 1.000000
241.740000 36.093100 -8.998 -1.87 0.164 0.201 0.048050 20000 1.000000
241.994000 35.038800 -8.631 -0.843 0.162 0.199 0.056544 20000 1.000000
242.271000 34.509700 -9.817 -0.523 0.162 0.198 0.048105 20000 1.000000
242.451000 34.634300 -9.283 -0.721 0.164 0.2 0.051611 20000 1.000000
242.457000 34.987000 -8.098 -1.514 0.165 0.202 0.094214 20000 1.000000
243.048000 33.892600 -10.614 0.297 0.16 0.194 0.054430 20000 1.000000
243.454000 34.019300 -8.751 -1.109 0.162 0.196 0.046287 20000 1.000000
242.719000 34.534800 -9.477 -1.155 0.186 0.207 -0.040044 20000 1.000000
241.969000 34.332200 -13.161 1.061 0.163 0.199 0.077781 20000 1.000000
242.635000 35.116800 -7.625 -1.79 0.164 0.2 0.042561 20000 1.000000
241.983000 35.152400 -8.278 -1.014 0.164 0.201 0.055389 20000 1.000000
242.697000 35.238500 -7.484 -2.028 0.164 0.2 0.060538 20000 1.000000
242.795000 35.387900 -6.586 -2.23 0.159 0.196 0.059801 20000 1.000000
242.610000 35.896700 -6.835 -3.887 0.176 0.219 0.041287 20000 1.000000
242.597000 35.697600 -7.26 -2.561 0.161 0.199 0.051882 20000 1.000000
243.111000 35.998200 -6.72 -3.017 0.169 0.202 0.051414 20000 1.000000
243.112000 35.710600 -6.631 -3.77 0.16 0.199 0.058580 20000 1.000000
243.290000 34.192500 -8.608 -1.402 0.167 0.199 0.037946 20000 1.000000
243.463000 34.217200 -7.951 -1.945 0.168 0.203 0.068037 20000 1.000000
243.788000 33.865800 -8.857 -3.224 0.162 0.196 0.067289 20000 1.000000
243.920000 33.959300 -6.731 -3.943 0.164 0.196 0.051208 20000 1.000000
239.772000 35.729200 -9.816 1.608 0.164 0.201 0.064997 20000 1.000000
243.971000 34.716900 -6.552 -5.344 0.167 0.201 0.025965 20000 1.000000
243.329000 34.936800 -7.429 -3.972 0.162 0.2 0.065429 20000 1.000000
242.063000 34.341100 -12.232 1.047 0.173 0.213 0.026038 20000 1.000000
243.120000 34.462100 -8.534 -2.054 0.162 0.197 0.055165 20000 1.000000
244.179000 33.741000 -6.986 -4.735 0.171 0.206 0.056481 20000 1.000000
243.107000 34.062700 -9.667 -0.206 0.179 0.216 0.012365 20000 1.000000
244.236000 34.425700 -5.699 -5.731 0.204 0.22 0.092746 20000 1.000000
244.350000 35.204800 -6.258 -5.574 0.167 0.203 0.024574 20000 1.000000
242.685000 34.187400 -12.199 -1.708 0.165 0.202 0.103781 20000 1.000000
242.950000 34.196200 -8.189 1.175 0.196 0.207 0.134579 20000 1.000000
244.750000 34.731800 -5.929 -6.014 0.198 0.251 0.127337 20000 1.000000
243.237000 35.204600 -6.891 -3.282 0.162 0.198 0.063743 20000 1.000000
242.107000 35.424600 -8.343 -1.399 0.162 0.199 0.051258 20000 1.000000
243.428000 35.320600 -6.635 -3.923 0.163 0.202 0.043910 20000 1.000000
243.896000 35.141900 -5.918 -5.11 0.172 0.202 0.030654 20000 1.000000
243.878000 35.526000 -6.03 -4.403 0.164 0.202 0.046384 20000 1.000000
243.855000 35.785400 -6.733 -4.943 0.162 0.2 0.041826 20000 1.000000
244.456000 35.472800 -6.158 -5.565 0.163 0.203 0.064437 20000 1.000000
244.634000 35.163000 -5.563 -5.511 0.17 0.208 0.038984 20000 1.000000
245.401000 34.188900 -5.702 -5.533 0.168 0.203 0.068000 20000 1.000000
245.035000 34.844400 -6.341 -5.256 0.167 0.202 0.051113 20000 1.000000
244.762000 35.291100 -6.672 -5.426 0.163 0.201 0.059296 20000 1.000000
241.621000 37.973100 -7.005 -3.183 0.161 0.208 0.005425 20000 1.000000
241.000000 37.613000 -10.371 -5.037 0.164 0.205 0.010420 20000 1.000000
241.084000 37.605300 -9.058 -8.136 0.167 0.222 0.016197 20000 1.000000
240.914000 37.785700 -11.252 -1.237 0.203 0.24 -0.049878 20000 1.000000
240.967000 37.913500 -9.139 -1.186 0.158 0.201 0.049710 20000 1.000000
240.974000 37.696600 -11.976 -2.104 0.189 0.223 0.175002 20000 1.000000
240.862000 37.839300 -11.679 -2.762 0.175 0.217 0.052358 20000 1.000000
240.853000 37.962800 -10.118 -1.368 0.16 0.201 0.051414 20000 1.000000
240.916000 37.914100 -8.463 -1.704 0.161 0.203 0.052275 20000 1.000000
241.056000 37.734300 -9.614 1.349 0.161 0.204 0.056591 20000 1.000000
241.131000 37.654600 -5.225 -4.877 0.161 0.206 0.050127 20000 1.000000
241.040000 37.891700 -8.755 -1.017 0.17 0.209 0.042068 20000 1.000000
241.148000 37.878200 -8.265 -0.847 0.16 0.202 0.041744 20000 1.000000
241.183000 37.591400 -8.583 -6.631 0.163 0.217 0.097137 20000 1.000000
241.302000 37.561600 -8.044 -4.518 0.165 0.226 0.018388 20000 1.000000
241.316000 37.495400 -9.25 -4.493 0.158 0.199 0.052594 20000 1.000000
241.406000 37.541300 -7.955 -3.594 0.161 0.203 0.051212 20000 1.000000
241.180000 37.677000 -5.494 -3.242 0.181 0.23 0.052449 20000 1.000000
241.232000 37.754400 -6.73 -1.596 0.176 0.233 0.110426 20000 1.000000
240.981000 37.800000 -10.525 -0.616 0.163 0.205 0.082938 20000 1.000000
241.264000 37.903500 -7.15 -1.48 0.164 0.207 0.039800 20000 1.000000
241.445000 37.891300 -7.131 -2.901 0.17 0.211 0.111229 20000 1.000000
241.762000 37.589200 -7.489 -3.773 0.16 0.202 0.052026 20000 1.000000
241.528000 37.737500 -6.995 -2.944 0.166 0.207 0.073150 20000 1.000000
240.850000 38.057900 -8.483 -2.727 0.167 0.209 0.053496 20000 1.000000
237.706000 41.381200 -5.023 -3.839 0.168 0.214 0.094632 20000 1.000000
237.809000 41.479200 -5.907 -3 0.159 0.222 -0.001021 20000 1.000000
237.687000 41.463600 -5.385 -4.286 0.162 0.224 -0.007956 20000 1.000000
237.847000 41.531900 -6.51 -4.55 0.194 0.234 0.088718 20000 1.000000
238.493000 41.711600 -6.593 -3.629 0.159 0.212 0.044706 20000 1.000000
246.132000 42.878900 -7.001 -4.466 0.158 0.214 0.047524 20000 1.000000
241.275000 37.380400 -13.006 -4.029 0.224 0.258 0.213149 20000 1.000000
241.439000 37.439500 -8.465 -3.344 0.173 0.214 0.054200 20000 1.000000
240.254000 37.088900 -8.231 -1.847 0.166 0.207 0.109230 20000 1.000000
241.853000 37.280500 -7.425 -3.686 0.163 0.208 0.049870 20000 1.000000
239.172000 41.359200 -7.418 -3.184 0.193 0.25 -0.023416 20000 1.000000
239.527000 41.332500 -7.471 -3.643 0.164 0.215 0.053994 20000 1.000000
235.587000 42.442000 -2.936 -1.017 0.162 0.22 -0.018188 20000 1.000000
235.707000 42.076600 -4.138 -1.142 0.219 0.278 0.068982 20000 1.000000
238.120000 42.579800 -6.237 -2.468 0.167 0.22 0.030718 20000 1.000000
237.390000 42.727100 -4.761 -3.145 0.196 0.243 0.172725 20000 1.000000
240.341000 42.546100 -6.184 -3.611 0.16 0.216 0.037730 20000 1.000000
242.275000 42.020200 -7.105 -4.457 0.162 0.215 0.046183 20000 1.000000
243.404000 33.598200 -11.672 -0.835 0.231 0.286 -0.061881 20000 1.000000
243.397000 33.495500 -11.619 1.366 0.167 0.202 0.060408 20000 1.000000
244.492000 32.829400 -8.049 -2.026 0.166 0.198 0.042224 20000 1.000000
238.928000 37.699000 -8.353 -1.262 0.165 0.209 0.026448 20000 1.000000
239.784000 35.693800 -10.496 0.956 0.182 0.219 0.080631 20000 1.000000
237.579000 41.830800 -9.275 -2.526 0.172 0.235 0.093411 20000 1.000000
236.019000 41.845500 -4.44 -2.351 0.178 0.264 -0.058242 20000 1.000000
238.521000 36.744300 -15.498 5.344 0.2 0.246 0.076590 20000 1.000000
239.528000 35.946600 -8.111 1.212 0.178 0.216 0.108491 20000 1.000000
239.485000 35.929100 -12.854 4.868 0.234 0.305 0.052628 20000 1.000000
236.427000 40.478800 -6.843 -2.085 0.194 0.257 0.246288 20000 1.000000
237.036000 39.845700 -9.964 -4.655 0.159 0.209 -0.001947 20000 1.000000
243.852000 34.508100 -6.015 -4.758 0.161 0.198 0.045679 20000 1.000000
245.241000 32.497900 -4.249 -5.718 0.166 0.197 0.052000 20000 1.000000
243.407000 33.537300 -11.091 1.237 0.173 0.21 0.102918 20000 1.000000
241.651000 34.021700 -13.649 3.783 0.17 0.211 0.078696 20000 1.000000
243.936000 31.559100 -15.308 4.315 0.172 0.201 0.114691 20000 1.000000
238.728000 35.709000 -14.098 6.385 0.184 0.228 0.014637 20000 1.000000
242.077000 34.508200 -10.736 0.479 0.17 0.205 0.052600 20000 1.000000
244.450000 32.490100 -10.551 1.702 0.167 0.204 0.011876 20000 1.000000
242.305000 34.925400 -7.924 -0.795 0.171 0.209 0.015422 20000 1.000000
244.116000 32.417000 -15.804 3.398 0.162 0.194 0.049897 20000 1.000000
239.522000 35.919900 -12.243 4.109 0.175 0.218 0.095238 20000 1.000000
242.818000 33.835700 -12.339 2.291 0.183 0.21 0.052506 20000 1.000000
243.506000 33.819200 -8.408 -1.25 0.171 0.207 0.039150 20000 1.000000
242.193000 34.091800 -13.156 1.985 0.17 0.219 0.021827 20000 1.000000
244.165000 31.313100 -15.579 4.282 0.163 0.195 0.030445 20000 1.000000
244.543000 32.377900 -10.965 2.797 0.161 0.191 0.049870 20000 1.000000
241.596000 33.743300 -13.806 3.362 0.162 0.196 0.062915 20000 1.000000
241.628000 33.779500 -14.661 4.016 0.205 0.252 0.069237 20000 1.000000
238.863000 36.161100 -13.956 5.56 0.167 0.205 0.068931 20000 1.000000
241.755000 34.628700 -10.221 0.736 0.248 0.307 0.028834 20000 1.000000
239.056000 39.974600 -9.5 -3.784 0.17 0.22 0.013987 20000 1.000000
242.317000 35.338700 -7.299 -1.45 0.161 0.199 0.059383 20000 1.000000
240.280000 34.500000 -14.545 3.483 0.165 0.203 0.023894 20000 1.000000
243.375000 34.643900 -7.603 -2.948 0.164 0.197 0.041445 20000 1.000000
241.974000 34.019100 -13.63 2.699 0.183 0.221 0.000179 20000 1.000000
239.475000 35.900000 -20.359 5.983 0.171 0.216 0.005529 20000 1.000000
241.807000 34.875100 -9.057 0.024 0.173 0.209 0.053851 20000 1.000000
240.816000 34.541500 -14.726 2.433 0.186 0.222 0.136321 20000 1.000000
244.877000 40.617200 -7.197 -4.428 0.162 0.217 0.059090 20000 1.000000
238.442000 37.666500 -8.755 -2.01 0.162 0.204 0.029614 20000 1.000000
241.245000 34.459800 -13.164 2.006 0.181 0.229 0.064905 20000 1.000000
242.138000 34.205600 -12.133 1.433 0.21 0.223 -0.050486 20000 1.000000
239.775000 40.591700 -8.241 -3.551 0.166 0.221 0.033248 20000 1.000000
240.984000 41.868400 -6.976 -3.954 0.169 0.224 0.109904 20000 1.000000
243.701000 35.971300 -6.35 -4.734 0.17 0.204 0.015728 20000 1.000000
241.521000 34.438600 -13.215 2.054 0.19 0.231 0.021379 20000 1.000000
240.116000 39.314300 -10.987 -4.946 0.16 0.211 0.020068 20000 1.000000
244.022000 33.292200 -8.812 -1.478 0.168 0.199 0.067370 20000 1.000000
240.476000 33.247900 -15.986 5.13 0.173 0.217 0.017435 20000 1.000000
240.936000 34.319900 -14.419 4.235 0.16 0.196 0.047759 20000 1.000000
241.354000 34.059300 -14.284 3.049 0.167 0.2 0.025383 20000 1.000000
242.151000 33.992700 -13.641 3.227 0.181 0.214 0.059719 20000 1.000000
239.935000 34.004300 -14.866 5.683 0.169 0.204 0.043778 20000 1.000000
239.640000 35.917400 -12.189 -1.172 0.19 0.236 0.099673 20000 1.000000
241.585000 35.158200 -8.503 -1.214 0.16 0.198 0.051164 20000 1.000000
239.867000 34.483500 -15.659 7.625 0.171 0.213 0.030782 20000 1.000000
243.839000 33.641200 -9.679 -1.242 0.172 0.207 0.058621 20000 1.000000
242.951000 39.542200 -7.119 -4.808 0.168 0.212 0.138561 20000 1.000000
242.816000 38.097200 -6.795 -4.4 0.16 0.204 0.042437 20000 1.000000
241.669000 33.797800 -14.36 4.033 0.171 0.204 0.037083 20000 1.000000
241.163000 34.248000 -13.622 4.388 0.169 0.203 0.113821 20000 1.000000
235.849000 41.053900 -3.538 -0.09 0.163 0.215 -0.008994 20000 1.000000
241.558000 34.069100 -14.248 2.95 0.181 0.212 0.083770 20000 1.000000
240.156000 34.413300 -16.442 4.2 0.194 0.215 -0.051404 20000 1.000000
241.198000 39.627100 -7.421 -4.41 0.16 0.208 0.063961 20000 1.000000
241.715000 34.024000 -13.24 3.067 0.225 0.27 0.190240 20000 1.000000
243.915000 33.030100 -12.712 1.797 0.165 0.201 0.040109 20000 1.000000
240.516000 34.851500 -13.349 3.093 0.178 0.216 0.038477 20000 1.000000
241.780000 34.178600 -13.611 2.456 0.218 0.231 0.170588 20000 1.000000
241.486000 34.126400 -14.302 3.619 0.162 0.197 0.070855 20000 1.000000
241.516000 34.293200 -13.242 2.486 0.168 0.201 0.051575 20000 1.000000
239.384000 34.556300 -10.999 8.563 0.188 0.223 0.045081 20000 1.000000
241.879000 34.501500 -11.645 1.155 0.178 0.211 0.056270 20000 1.000000
241.706000 33.712600 -9.656 3.657 0.167 0.204 0.040102 20000 1.000000
241.346000 37.664300 -6.893 -3.586 0.16 0.202 0.063502 20000 1.000000
241.016000 35.010800 -10.476 0.763 0.183 0.221 0.034334 20000 1.000000
243.608000 33.934800 -9.164 -1.548 0.2 0.239 0.003277 20000 1.000000
241.258000 34.568500 -11.587 0.797 0.177 0.215 0.183174 20000 1.000000
241.586000 34.259400 -13.145 3.266 0.19 0.236 0.012254 20000 1.000000
243.068000 34.669000 -8.02 -2.146 0.18 0.216 -0.061606 20000 1.000000
241.572000 33.958200 -15.286 3.817 0.227 0.246 -0.267018 20000 1.000000
243.346000 33.955300 -7.695 0.296 0.169 0.201 0.042051 20000 1.000000
243.111000 35.425200 -6.342 -4.371 0.175 0.214 0.047553 20000 1.000000
243.920000 35.287000 -6.122 -4.492 0.167 0.206 0.051507 20000 1.000000
