242.907000 34.116400 -9.436 1.838 0.182 0.222 -0.038402 20000 1.000000
242.555000 33.274300 -13.197 6.301 0.179 0.202 -0.007616 20000 1.000000
242.555000 33.274300 -13.201 6.244 0.175 0.199 -0.000349 20000 1.000000
243.571000 34.594300 -6.59 -0.876 0.169 0.197 -0.005071 20000 1.000000
241.305000 34.824500 -9.552 3.214 0.18 0.209 -0.016201 20000 1.000000
242.675000 33.341900 -13.212 6.166 0.17 0.196 0.008686 20000 1.000000
242.524000 33.381100 -13.306 6.001 0.172 0.195 -0.007692 20000 1.000000
242.103000 34.126000 -12.48 5.006 0.225 0.239 -0.038636 20000 1.000000
242.795000 40.412800 -6.357 -1.952 0.167 0.209 -0.014009 20000 1.000000
240.970000 33.480500 -14.004 8.187 0.189 0.209 -0.045907 20000 1.000000
245.125000 42.605800 -4.433 -2.896 0.184 0.236 -0.007115 20000 1.000000
243.116000 34.264300 -8.231 1.682 0.193 0.225 0.049220 20000 1.000000
243.379000 37.039900 -5.662 -2.294 0.177 0.213 0.025409 20000 1.000000
244.002000 34.000500 -6.202 -1.444 0.172 0.197 -0.024480 20000 1.000000
242.935000 33.578200 -11.676 5.259 0.18 0.205 -0.015310 20000 1.000000
243.920000 35.287000 -5.625 -1.856 0.174 0.203 -0.004295 20000 1.000000
245.108000 42.616100 -25.394 4.829 0.264 0.317 0.130401 20000 1.000000
245.285000 33.610400 -5.043 -2.209 0.171 0.196 -0.021747 20000 1.000000
243.947000 34.251400 -5.911 -1.521 0.172 0.198 -0.011983 20000 1.000000
241.723000 34.184900 -11.974 5.608 0.198 0.224 0.024612 20000 1.000000
242.988000 34.918600 -7.154 0.863 0.172 0.202 0.002169 20000 1.000000
241.812000 34.292800 -12.702 4.696 0.267 0.267 -0.325827 20000 1.000000
242.156000 42.779500 -4.7 -0.905 0.169 0.221 -0.002861 20000 1.000000
240.653000 35.157300 -10.225 1.603 0.173 0.206 0.015545 20000 1.000000
235.437000 42.836100 -1.602 0.628 0.169 0.22 -0.011583 20000 1.000000
244.010000 33.655100 -7.325 -1.096 0.177 0.205 0.019217 20000 1.000000
239.566000 35.939400 -8.829 3.031 0.168 0.201 -0.015339 20000 1.000000
239.569000 35.888400 -10.398 5.397 0.192 0.221 0.010297 20000 1.000000
241.666000 33.311600 -13.656 7.831 0.168 0.194 0.002636 20000 1.000000
241.517000 33.445800 -13.789 7.946 0.17 0.199 -0.021738 20000 1.000000
241.370000 34.138600 -13.321 6.353 0.212 0.224 0.086843 20000 1.000000
242.329000 35.565300 -7.268 0.661 0.175 0.21 0.001725 20000 1.000000
243.664000 34.829500 -5.803 -1.447 0.186 0.208 -0.024607 20000 1.000000
242.035000 34.244000 -13.774 4.068 0.2 0.244 -0.121132 20000 1.000000
241.974000 34.333400 -11.764 3.724 0.186 0.208 0.035238 20000 1.000000
242.172000 34.640500 -8.946 2.105 0.178 0.212 0.035348 20000 1.000000
241.063000 34.109600 -12.707 7.197 0.185 0.22 0.008601 20000 1.000000
241.873000 34.136700 -14.219 5.259 0.201 0.222 0.011862 20000 1.000000
242.576000 34.271200 -8.697 -1.296 0.172 0.194 -0.006639 20000 1.000000
242.521000 34.313800 -8.569 2.99 0.199 0.222 0.100851 20000 1.000000
241.856000 34.530300 -9.999 4.444 0.188 0.208 -0.126638 20000 1.000000
242.291000 34.109900 -12.4 4.986 0.179 0.206 -0.042919 20000 1.000000
245.126000 40.558400 -5.141 -2.296 0.181 0.212 0.032632 20000 1.000000
244.877000 32.863500 -4.643 -2.315 0.174 0.196 -0.010460 20000 1.000000
244.272000 32.850500 -10.475 3.835 0.179 0.2 -0.028402 20000 1.000000
240.120000 34.414900 -14.059 7.964 0.17 0.198 -0.017498 20000 1.000000
242.427000 35.071700 -6.887 1.43 0.176 0.204 0.040983 20000 1.000000
239.249000 35.791600 -12.873 8.321 0.177 0.207 -0.019641 20000 1.000000
242.900000 34.039100 -9.801 3.401 0.169 0.196 0.002103 20000 1.000000
240.275000 35.242100 -9.669 4.258 0.166 0.196 0.005711 20000 1.000000
244.265000 33.069800 -9.088 2.578 0.179 0.204 -0.008457 20000 1.000000
240.961000 34.168400 -12.404 6.989 0.171 0.2 0.015267 20000 1.000000
241.743000 33.861500 -13.475 6.114 0.173 0.202 -0.012871 20000 1.000000
241.476000 34.253600 -12.935 5.999 0.175 0.204 0.041001 20000 1.000000
240.629000 34.408100 -13.39 6.437 0.196 0.231 -0.019431 20000 1.000000
241.387000 34.516500 -12.331 4.034 0.177 0.203 -0.022028 20000 1.000000
243.630000 34.124100 -6.764 0.645 0.188 0.217 -0.074043 20000 1.000000
242.098000 34.082000 -11.66 5.053 0.184 0.212 -0.064225 20000 1.000000
241.603000 34.334800 -22.269 5.582 0.344 0.325 -0.063169 20000 1.000000
241.603000 34.334000 -11.885 5.856 0.264 0.253 -0.165942 20000 1.000000
244.212000 33.389800 -8.718 -0.072 0.179 0.204 -0.015054 20000 1.000000
242.154000 35.267500 -7.522 0.879 0.178 0.209 -0.012478 20000 1.000000
242.140000 34.413400 -9.457 4.035 0.171 0.213 0.005742 20000 1.000000
241.873000 33.938300 -13.22 9.349 0.17 0.197 -0.008939 20000 1.000000
242.588000 33.647700 -12.384 6.084 0.167 0.193 -0.001857 20000 1.000000
241.170000 34.946200 -9.995 3.062 0.177 0.211 -0.005638 20000 1.000000
245.061000 39.345200 -5.197 -2.258 0.17 0.209 -0.016210 20000 1.000000
244.183000 40.914700 -4.643 -1.083 0.165 0.21 -0.007185 20000 1.000000
241.871000 33.583500 -11.219 7.051 0.188 0.212 0.030765 20000 1.000000
242.574000 33.649100 -12.261 5.947 0.174 0.201 -0.049138 20000 1.000000
241.574000 34.703100 -8.643 7.103 0.171 0.199 0.001887 20000 1.000000
242.474000 34.104200 -11.814 4.759 0.198 0.228 -0.018931 20000 1.000000
241.558000 34.066600 0.501 5.715 1.463 0.665 -0.174052 20000 1.000000
239.991000 34.733000 -13.178 7.667 0.172 0.199 0.022933 20000 1.000000
243.064000 34.093600 -7.755 3.633 0.191 0.269 0.062201 20000 1.000000
241.116000 34.356300 -12.985 6.833 0.173 0.198 -0.004818 20000 1.000000
246.195000 39.369400 -5.577 -2.08 0.175 0.211 -0.023301 20000 1.000000
241.760000 34.733900 -9.214 2.84 0.171 0.201 -0.006096 20000 1.000000
244.200000 32.945000 -11.563 4.105 0.194 0.208 -0.007456 20000 1.000000
241.107000 34.800200 -11.099 4.773 0.179 0.206 0.010263 20000 1.000000
240.644000 40.416500 -6.2 -1.68 0.169 0.216 -0.037225 20000 1.000000
244.479000 33.274800 -6.114 -2.67 0.177 0.199 -0.018509 20000 1.000000
243.617000 34.291400 -6.973 -0.02 0.172 0.2 -0.040061 20000 1.000000
245.173000 33.051100 -4.993 -1.863 0.175 0.201 -0.064151 20000 1.000000
244.340000 34.784000 -5.285 -2.456 0.194 0.228 -0.058309 20000 1.000000
245.810000 34.308600 -5.149 -1.939 0.173 0.198 -0.018383 20000 1.000000
243.111000 35.425200 -5.809 -0.619 0.173 0.203 -0.021653 20000 1.000000
245.820000 40.640200 -4.213 -2.442 0.167 0.209 0.000847 20000 1.000000
239.584000 36.399000 -7.946 0.097 0.206 0.24 -0.044441 20000 1.000000
241.887000 34.047400 -15.253 5.18 1.049 0.536 0.001416 20000 1.000000
241.714000 33.783600 -12.951 6.287 0.195 0.223 -0.104072 20000 1.000000
243.570000 34.754800 -6.815 -1.475 0.172 0.2 0.005198 20000 1.000000
242.999000 33.708100 -11.625 3.904 0.176 0.204 -0.001967 20000 1.000000
244.365000 33.705000 -5.989 -1.773 0.191 0.228 -0.033550 20000 1.000000
239.520000 35.866700 -10.767 7.455 0.202 0.252 0.016401 20000 1.000000
242.155000 34.458200 -10.446 2.295 0.175 0.205 -0.017612 20000 1.000000
239.598000 35.880800 -9.743 3.388 0.181 0.211 0.071591 20000 1.000000
240.812000 34.441200 -13.168 5.342 0.183 0.214 -0.001734 20000 1.000000
244.089000 34.727300 -5.498 -1.843 0.175 0.204 -0.000079 20000 1.000000
243.779000 33.796800 -7.869 0.743 0.174 0.203 0.020667 20000 1.000000
244.855000 34.157600 -5.548 -2.2 0.17 0.198 0.014391 20000 1.000000
241.526000 35.662300 -7.66 0.639 0.178 0.209 -0.070050 20000 1.000000
242.045000 34.449100 -9.517 3.511 0.167 0.202 -0.015857 20000 1.000000
240.992000 34.398500 -15.884 5.168 0.173 0.203 -0.012200 20000 1.000000
243.827000 33.925400 -7.285 -0.409 0.178 0.202 -0.005954 20000 1.000000
243.241000 33.236000 -15.603 6.447 0.18 0.209 0.002628 20000 1.000000
242.165000 34.485500 -9.018 2.7 0.168 0.196 -0.001484 20000 1.000000
242.609000 33.744200 -11.532 5.341 0.194 0.215 0.071630 20000 1.000000
242.555000 33.817400 -11.526 5.482 0.177 0.202 0.001066 20000 1.000000
243.060000 35.090200 -6.119 -0.154 0.175 0.202 -0.005505 20000 1.000000
239.553000 34.691000 -18.468 8.548 0.172 0.199 -0.005582 20000 1.000000
242.246000 34.133300 -12.056 4.454 0.175 0.201 0.021175 20000 1.000000
239.406000 35.828700 -12.174 7.886 0.176 0.209 0.015002 20000 1.000000
242.454000 34.314900 -7.898 3.751 0.304 0.345 0.047758 20000 1.000000
241.970000 34.527100 -10.366 2.666 0.833 0.535 -0.032277 20000 1.000000
240.896000 34.733600 -11.393 3.868 0.173 0.207 0.013730 20000 1.000000
239.557000 35.832600 -10.984 6.781 0.17 0.202 -0.002695 20000 1.000000
242.563000 33.856800 -11.829 5.05 0.172 0.196 -0.018991 20000 1.000000
238.778000 42.418300 -5.674 -0.731 0.239 0.328 -0.001762 20000 1.000000
244.021000 36.632500 -5.314 -1.722 0.169 0.203 0.023162 20000 1.000000
239.649000 34.038300 -13.764 9.41 0.175 0.203 -0.042267 20000 1.000000
243.904000 40.148400 -5.291 -1.59 0.174 0.219 -0.080715 20000 1.000000
242.682000 33.918400 -11.236 4.868 0.172 0.197 0.000360 20000 1.000000
239.566000 35.969500 -8.766 2.792 0.177 0.201 -0.036981 20000 1.000000
244.588000 40.710700 -5.942 -1.46 0.17 0.224 -0.019488 20000 1.000000
241.122000 34.295500 -13.12 6.8 0.192 0.217 0.005291 20000 1.000000
242.118000 34.175200 -8.571 5.615 0.292 0.321 -0.282522 20000 1.000000
243.352000 34.038500 -8.954 2.601 0.187 0.218 0.100640 20000 1.000000
242.790000 34.230800 -9.297 5.016 0.281 0.276 0.249953 20000 1.000000
245.381000 34.767700 -5.061 -2.01 0.184 0.214 -0.015355 20000 1.000000
242.491000 39.685600 -5.891 -2.068 0.172 0.213 -0.009957 20000 1.000000
240.859000 34.498700 -13.773 5.16 0.168 0.196 -0.006267 20000 1.000000
245.104000 42.614500 -30.43 -13.062 0.461 0.609 0.010089 20000 1.000000
243.932000 34.141000 -6.309 -1.252 0.172 0.199 0.003342 20000 1.000000
242.653000 33.240700 -13.845 7.331 0.195 0.208 -0.139721 20000 1.000000
244.082000 34.369900 -5.031 -1.173 0.172 0.202 -0.038531 20000 1.000000
243.695000 34.427700 -6.122 -0.299 0.174 0.206 -0.032092 20000 1.000000
243.708000 34.533000 -5.994 -0.696 0.182 0.205 -0.020670 20000 1.000000
243.185000 34.674900 -7.555 0.606 0.182 0.211 0.079535 20000 1.000000
241.793000 34.128800 -12.637 5.018 0.168 0.195 -0.011390 20000 1.000000
240.647000 34.683400 -12.045 5.052 0.18 0.212 -0.012238 20000 1.000000
242.814000 39.521100 -5.893 -2.203 0.171 0.209 -0.010172 20000 1.000000
245.995000 32.722500 -5.569 -2.405 0.178 0.201 0.031582 20000 1.000000
244.721000 39.910200 -5.733 -1.714 0.184 0.216 0.001475 20000 1.000000
245.543000 36.154200 -5.338 -2.959 0.171 0.2 -0.014694 20000 1.000000
245.180000 41.724200 -5.722 -2.208 0.169 0.213 -0.041538 20000 1.000000
242.670000 41.428700 -5.436 -2.292 0.167 0.213 0.008765 20000 1.000000
242.935000 42.981700 -4.509 -1.99 0.163 0.213 -0.009742 20000 1.000000
235.925000 40.876300 -3.128 2.654 0.218 0.269 0.045733 20000 1.000000
236.274000 38.928300 -11.321 9.807 0.165 0.205 -0.010020 20000 1.000000
237.585000 40.997600 -6.823 -0.407 0.193 0.252 -0.082937 20000 1.000000
243.830000 32.616500 -14.039 5.8 0.171 0.194 -0.017106 20000 1.000000
238.997000 35.551800 -13.202 9.381 0.171 0.204 0.003388 20000 1.000000
242.015000 39.305600 -6.02 -2.436 0.173 0.216 -0.040088 20000 1.000000
242.395000 39.287900 -5.529 -2.366 0.172 0.208 -0.016461 20000 1.000000
243.576000 39.500500 -5.563 -2.133 0.17 0.217 0.015089 20000 1.000000
243.950000 39.546400 -5.374 -2.196 0.171 0.207 0.012022 20000 1.000000
244.111000 39.374200 -5.851 -2.074 0.167 0.206 0.009579 20000 1.000000
244.487000 39.536100 -5.227 -2.445 0.166 0.209 -0.008496 20000 1.000000
244.568000 39.388600 -4.595 -1.748 0.162 0.203 -0.006043 20000 1.000000
242.120000 40.433400 -6.845 -1.632 0.168 0.211 0.021502 20000 1.000000
245.723000 39.119400 -6.707 -2.927 0.184 0.232 0.000403 20000 1.000000
246.129000 39.067300 -6.04 -2.006 0.172 0.213 -0.032841 20000 1.000000
246.495000 39.268900 -5.574 -2.363 0.166 0.21 0.006700 20000 1.000000
242.532000 40.320600 -5.776 -1.869 0.173 0.213 -0.050034 20000 1.000000
243.264000 40.495500 -4.361 -2.351 0.193 0.239 -0.053803 20000 1.000000
243.721000 40.363200 -5.428 -1.702 0.165 0.208 0.013735 20000 1.000000
240.200000 39.572800 -7.752 -1.483 0.169 0.21 -0.017955 20000 1.000000
242.469000 36.614300 -6.617 -2.479 0.17 0.202 -0.009427 20000 1.000000
242.593000 36.804200 -6.07 -2.293 0.164 0.197 -0.003099 20000 1.000000
242.006000 36.606000 -6.079 0.106 0.177 0.206 0.078270 20000 1.000000
242.296000 37.200800 -5.739 -1.405 0.169 0.203 -0.001997 20000 1.000000
240.463000 39.698400 -7.203 -1.124 0.176 0.218 -0.010700 20000 1.000000
240.694000 39.795600 -6.447 -1.884 0.177 0.226 0.038535 20000 1.000000
241.126000 39.838800 -6.669 -1.848 0.175 0.215 -0.027590 20000 1.000000
241.316000 39.888900 -6.863 -1.57 0.171 0.214 -0.018946 20000 1.000000
241.841000 39.212300 -6.223 -1.808 0.166 0.206 -0.000307 20000 1.000000
246.706000 41.856800 -6.189 -1.645 0.176 0.224 0.018395 20000 1.000000
246.958000 39.345100 -5.513 -1.9 0.17 0.208 -0.009373 20000 1.000000
246.988000 41.817300 -4.956 -2.352 0.166 0.212 -0.023661 20000 1.000000
246.722000 40.671300 -5.265 -2.14 0.17 0.214 -0.016931 20000 1.000000
240.400000 39.499200 -6.436 -1.147 0.184 0.218 0.041183 20000 1.000000
240.931000 39.486100 -6.884 -1.054 0.172 0.212 -0.001500 20000 1.000000
241.062000 39.268000 -6.793 -1.224 0.168 0.208 -0.013593 20000 1.000000
241.649000 39.454700 -6.577 -1.804 0.169 0.209 0.038752 20000 1.000000
241.995000 38.728800 -5.984 -1.507 0.169 0.206 0.003863 20000 1.000000
241.540000 38.724600 -6.248 -1.093 0.169 0.211 -0.002108 20000 1.000000
241.070000 38.980900 -6.913 -0.634 0.164 0.208 0.004732 20000 1.000000
240.523000 40.779800 -6.781 -1.439 0.183 0.22 0.074034 20000 1.000000
240.990000 40.242200 -6.279 -2.018 0.212 0.244 -0.088165 20000 1.000000
240.278000 39.908200 -7.604 -1.938 0.169 0.212 0.031589 20000 1.000000
239.307000 38.829200 -6.64 0.46 0.189 0.213 0.093448 20000 1.000000
239.614000 39.046600 -7.871 -0.631 0.189 0.226 -0.060225 20000 1.000000
240.189000 39.123500 -6.91 -0.87 0.172 0.214 -0.067384 20000 1.000000
239.107000 39.466700 -6.998 -0.389 0.215 0.254 0.093773 20000 1.000000
240.376000 41.357700 -6.401 -1.243 0.167 0.214 0.001906 20000 1.000000
239.716000 39.937400 -7.599 -0.979 0.162 0.204 -0.006573 20000 1.000000
239.194000 40.418600 -6.801 -0.3 0.213 0.263 0.028896 20000 1.000000
239.923000 40.288900 -7.38 -1.563 0.171 0.214 0.007487 20000 1.000000
235.692000 40.247500 -9.493 7.863 0.165 0.209 0.000157 20000 1.000000
235.867000 40.551300 -3.751 4.47 0.17 0.215 -0.010141 20000 1.000000
235.787000 40.637400 -4.185 2.959 0.191 0.24 0.005018 20000 1.000000
235.943000 40.219600 -7.976 4.997 0.171 0.216 0.010318 20000 1.000000
236.307000 40.119300 -9.881 2.078 0.18 0.229 0.038749 20000 1.000000
238.207000 36.485500 -13.808 8.622 0.17 0.202 -0.005612 20000 1.000000
238.710000 35.945700 -13.757 9.026 0.173 0.205 0.043906 20000 1.000000
238.949000 36.302100 -12.902 9.348 0.169 0.202 0.009081 20000 1.000000
238.865000 36.425900 -12.878 8.299 0.182 0.217 0.027015 20000 1.000000
237.668000 37.534500 -10.97 6.839 0.211 0.222 -0.099145 20000 1.000000
237.623000 37.914500 -10.683 5.675 0.175 0.212 0.001810 20000 1.000000
236.819000 38.495000 -10.583 8.243 0.169 0.212 -0.061366 20000 1.000000
236.291000 39.117200 -10.669 7.375 0.169 0.212 0.004925 20000 1.000000
236.652000 38.987400 -9.41 7.131 0.179 0.216 0.074287 20000 1.000000
236.796000 39.242000 -8.797 2.799 0.167 0.208 -0.000730 20000 1.000000
236.368000 42.275400 -3.963 -1.414 0.175 0.224 0.002173 20000 1.000000
236.895000 39.319700 -8.906 2.551 0.171 0.211 0.022335 20000 1.000000
237.041000 38.664700 -8.694 6.238 0.21 0.266 0.107202 20000 1.000000
237.233000 38.428600 -8.167 6.381 0.17 0.212 0.010456 20000 1.000000
237.548000 38.239800 -8.514 3.849 0.17 0.21 -0.003442 20000 1.000000
237.083000 38.866100 -7.728 2.729 0.163 0.204 -0.006505 20000 1.000000
237.037000 39.398100 -8.264 1.106 0.552 0.598 -0.108616 20000 1.000000
237.424000 38.777800 -7.296 2.549 0.172 0.223 -0.041318 20000 1.000000
237.281000 39.260000 -7.43 1.031 0.169 0.208 0.037860 20000 1.000000
237.696000 39.109300 -7.093 -0.014 0.174 0.213 -0.013999 20000 1.000000
237.873000 37.069200 -12.92 10.203 0.206 0.239 0.202354 20000 1.000000
238.137000 36.962000 -12.135 7.922 0.194 0.22 -0.029653 20000 1.000000
238.009000 37.201700 -11.25 6.433 0.199 0.231 -0.070081 20000 1.000000
238.203000 37.001000 -12.073 7.238 0.258 0.28 0.070282 20000 1.000000
238.274000 37.002400 -11.068 5.904 0.182 0.224 0.023370 20000 1.000000
238.349000 37.104500 -11.252 5.364 0.207 0.225 -0.109718 20000 1.000000
238.286000 37.203500 -10.329 4.957 0.176 0.208 0.048942 20000 1.000000
237.786000 37.329900 -12.381 10.371 0.167 0.202 0.010474 20000 1.000000
237.901000 37.336900 -11.368 6.382 0.176 0.22 -0.018023 20000 1.000000
237.900000 37.722000 -7.431 2.97 0.167 0.201 -0.006654 20000 1.000000
237.781000 37.863900 -8.703 4.162 0.176 0.218 0.000740 20000 1.000000
237.942000 37.713900 -9.188 4.381 0.19 0.226 -0.075182 20000 1.000000
238.174000 37.336800 -8.105 5.483 0.171 0.209 -0.002106 20000 1.000000
238.210000 37.533000 -7.49 2.006 0.169 0.204 0.007643 20000 1.000000
238.313000 37.601800 -8.142 0.707 0.175 0.208 0.048393 20000 1.000000
238.022000 37.749400 -8.041 2.319 0.172 0.208 -0.007912 20000 1.000000
238.214000 37.819000 -7.106 0.63 0.174 0.208 0.007724 20000 1.000000
238.095000 36.621700 -12.431 9.12 0.169 0.204 -0.020361 20000 1.000000
238.421000 36.724000 -12.312 8.782 0.169 0.201 -0.001286 20000 1.000000
238.580000 36.800400 -9.965 5.311 0.168 0.201 -0.012196 20000 1.000000
238.409000 36.858500 -12.471 7.238 0.169 0.204 -0.021818 20000 1.000000
238.459000 36.814300 -12.49 7.673 0.173 0.205 0.009943 20000 1.000000
238.445000 36.903500 -11.417 6.019 0.172 0.204 -0.018463 20000 1.000000
238.613000 36.637000 -12.39 8.739 0.181 0.213 -0.072853 20000 1.000000
238.458000 37.007800 -11.036 4.484 0.17 0.212 0.009091 20000 1.000000
238.426000 37.213000 -8.998 0.807 0.169 0.202 -0.002119 20000 1.000000
238.665000 36.918200 -8.084 1.202 0.167 0.201 -0.001533 20000 1.000000
238.645000 37.010800 -8.017 1.254 0.177 0.216 -0.044969 20000 1.000000
240.294000 37.713100 -7.129 2.138 0.173 0.211 -0.022928 20000 1.000000
238.812000 36.559500 -13.494 8.461 0.166 0.199 -0.007901 20000 1.000000
238.131000 37.975600 -7.125 0.464 0.168 0.205 0.007844 20000 1.000000
238.936000 36.611600 -6.915 -0.432 0.164 0.198 -0.007123 20000 1.000000
238.732000 36.950000 -7.686 1.268 0.169 0.203 0.016967 20000 1.000000
238.652000 36.811400 -7.72 1.832 0.169 0.204 -0.010889 20000 1.000000
238.942000 37.169600 -7.99 0.591 0.174 0.208 0.009223 20000 1.000000
238.347000 37.478400 -7.623 0.6 0.185 0.223 0.001187 20000 1.000000
238.531000 37.489600 -7.773 -0.745 0.165 0.201 -0.010674 20000 1.000000
238.675000 37.581900 -7.889 0.165 0.171 0.21 -0.013952 20000 1.000000
238.395000 37.932000 -6.839 1.043 0.168 0.205 -0.002123 20000 1.000000
238.536000 37.755300 -8.072 1.224 0.169 0.205 -0.006385 20000 1.000000
238.717000 37.385400 -6.623 -0.26 0.17 0.21 -0.014846 20000 1.000000
237.782000 38.153000 -8.56 1.513 0.166 0.204 -0.025494 20000 1.000000
237.904000 38.025100 -8.125 2.353 0.173 0.213 -0.064927 20000 1.000000
237.805000 38.444200 -7.293 1.615 0.178 0.228 0.012804 20000 1.000000
237.645000 38.999500 -6.726 0.093 0.2 0.221 0.071254 20000 1.000000
238.905000 38.645300 -7.539 0.247 0.167 0.205 -0.002934 20000 1.000000
239.652000 35.544100 -12.084 6.951 0.175 0.207 -0.006759 20000 1.000000
239.611000 35.841100 -11.196 5.934 0.176 0.206 -0.033449 20000 1.000000
239.655000 35.837800 -9.445 3.789 0.172 0.208 -0.005635 20000 1.000000
239.715000 35.806700 -9.122 3.327 0.181 0.214 -0.012836 20000 1.000000
239.093000 35.933300 -12.703 7.691 0.167 0.201 -0.006844 20000 1.000000
239.019000 36.417200 -7.359 1.801 0.167 0.201 -0.003548 20000 1.000000
239.147000 36.515900 -7.502 0.74 0.174 0.211 -0.022569 20000 1.000000
239.302000 36.024800 -12.252 8.219 0.168 0.207 -0.001171 20000 1.000000
239.121000 36.140200 -12.294 7.644 0.169 0.201 -0.008573 20000 1.000000
239.251000 36.106800 -13.145 7.801 0.165 0.197 -0.003312 20000 1.000000
239.272000 36.178900 -6.367 0.696 0.165 0.197 -0.003317 20000 1.000000
239.355000 35.922800 -12.654 7.907 0.166 0.199 -0.012066 20000 1.000000
239.525000 36.007500 -11.876 3.454 0.197 0.218 -0.015758 20000 1.000000
239.457000 36.089400 -4.932 2.401 0.166 0.199 -0.003722 20000 1.000000
239.560000 36.123200 -6.99 2.682 0.167 0.199 -0.002395 20000 1.000000
239.158000 35.697100 -12.113 8.408 0.173 0.2 0.039919 20000 1.000000
239.637000 36.051700 -7.895 1.397 0.172 0.2 -0.006429 20000 1.000000
239.448000 35.974100 -11.989 7.441 0.184 0.21 -0.046315 20000 1.000000
239.706000 36.015800 -7.8 1.574 0.169 0.201 -0.011133 20000 1.000000
239.723000 36.304400 -9.18 0.131 0.17 0.203 -0.005134 20000 1.000000
239.257000 36.806300 -7.704 0.862 0.168 0.204 -0.004149 20000 1.000000
239.803000 37.352200 -7.694 0.9 0.179 0.217 -0.020703 20000 1.000000
239.356000 37.795200 -7.167 -0.154 0.174 0.207 -0.011996 20000 1.000000
240.160000 37.901100 -8.583 0.444 0.19 0.214 -0.109231 20000 1.000000
239.049000 38.090000 -6.609 0.354 0.17 0.209 -0.009697 20000 1.000000
239.666000 38.735600 -7.634 0.773 0.19 0.215 0.040688 20000 1.000000
241.480000 37.177600 -9.738 -2.415 0.166 0.2 0.003431 20000 1.000000
236.283000 39.863600 -11.254 5.072 0.229 0.284 -0.098835 20000 1.000000
236.448000 39.905700 -7.634 3.115 0.212 0.273 -0.047275 20000 1.000000
236.628000 39.452400 -8.63 2.517 0.169 0.212 0.016209 20000 1.000000
236.705000 39.707100 -9.378 0.746 0.179 0.222 -0.057189 20000 1.000000
236.813000 39.492800 -9.002 2.62 0.183 0.246 0.036707 20000 1.000000
236.817000 39.962100 -7.743 -0.065 0.172 0.218 -0.047536 20000 1.000000
236.344000 40.256800 -6.912 1.992 0.17 0.215 0.020144 20000 1.000000
236.117000 41.151700 -2.777 0.974 0.171 0.216 0.014717 20000 1.000000
236.301000 40.575300 -6.804 -0.738 0.178 0.222 0.072561 20000 1.000000
236.427000 40.478900 -6.945 -0.339 0.204 0.254 0.199554 20000 1.000000
236.548000 40.082200 -8.357 0.345 0.163 0.207 -0.001019 20000 1.000000
236.864000 40.324100 -7.227 -0.564 0.163 0.207 -0.009053 20000 1.000000
236.676000 40.732900 -6.915 0.261 0.164 0.209 -0.027185 20000 1.000000
236.826000 40.546700 -6.008 -1.125 0.167 0.214 -0.022943 20000 1.000000
237.024000 39.621400 -7.923 0.542 0.179 0.212 0.053535 20000 1.000000
237.264000 39.493600 -6.783 1.139 0.166 0.205 -0.016533 20000 1.000000
237.126000 39.726200 -7.541 1.335 0.171 0.214 0.036739 20000 1.000000
237.077000 40.747600 -6.094 -0.464 0.173 0.216 -0.019683 20000 1.000000
237.332000 40.034100 -6.036 -0.734 0.17 0.211 -0.010739 20000 1.000000
237.393000 40.650700 -7.332 0.092 0.174 0.222 -0.048843 20000 1.000000
236.666000 40.887100 -6.518 0.714 0.163 0.208 -0.006109 20000 1.000000
237.729000 40.271200 -6.474 -0.775 0.179 0.22 -0.073029 20000 1.000000
239.132000 39.794700 -8.345 -0.377 0.167 0.213 -0.038550 20000 1.000000
239.052000 41.183300 -6.109 -1.557 0.166 0.215 -0.029929 20000 1.000000
237.681000 40.731100 -7.117 0.134 0.198 0.227 0.045976 20000 1.000000
235.774000 42.209100 -1.715 -0.48 0.172 0.215 0.005712 20000 1.000000
236.617000 42.503500 -5.643 -0.496 0.168 0.217 -0.001909 20000 1.000000
237.344000 42.191000 -4.293 0.774 0.173 0.225 -0.035096 20000 1.000000
238.220000 42.259700 -6.881 -1.075 0.166 0.211 -0.014041 20000 1.000000
239.622000 42.468800 -4.605 -0.48 0.169 0.22 -0.038502 20000 1.000000
241.588000 42.254600 -5.294 -1.143 0.163 0.212 -0.012231 20000 1.000000
243.371000 36.071300 -6.246 -3.272 0.178 0.215 0.051739 20000 1.000000
242.835000 36.022500 -5.828 -0.563 0.176 0.202 -0.012937 20000 1.000000
242.590000 36.159000 -6.89 -1.416 0.18 0.211 0.040549 20000 1.000000
241.868000 36.466800 -9.371 1.852 0.191 0.234 -0.201637 20000 1.000000
242.211000 36.531200 -6.957 -0.9 0.164 0.198 -0.009056 20000 1.000000
241.909000 36.570200 -10.321 -0.999 0.191 0.214 -0.070295 20000 1.000000
241.882000 36.975700 -7.359 -1.191 0.165 0.199 -0.001234 20000 1.000000
242.064000 37.231400 -6.549 -1.556 0.173 0.204 0.037435 20000 1.000000
242.606000 34.462400 -8.406 1.643 0.182 0.208 0.002369 20000 1.000000
242.459000 33.562100 -12.672 5.967 0.169 0.194 0.011525 20000 1.000000
242.895000 32.889200 -13.368 6.087 0.174 0.196 -0.023983 20000 1.000000
243.050000 32.733800 -13.175 6.057 0.167 0.19 -0.011863 20000 1.000000
242.756000 32.666400 -13.773 6.483 0.181 0.198 0.066118 20000 1.000000
242.810000 33.439600 -13.296 5.573 0.168 0.194 0.000047 20000 1.000000
242.928000 33.235700 -12.599 5.471 0.181 0.198 0.035385 20000 1.000000
243.217000 33.493300 -11.624 4.964 0.169 0.194 -0.004867 20000 1.000000
243.651000 32.976000 -12.47 5.721 0.174 0.199 -0.004386 20000 1.000000
243.989000 32.822200 -11.69 4.886 0.174 0.196 -0.048274 20000 1.000000
243.329000 33.240200 -13.187 5.377 0.178 0.201 -0.007767 20000 1.000000
243.431000 33.059200 -12.179 5.754 0.169 0.192 -0.011707 20000 1.000000
243.379000 33.375600 -11.826 4.046 0.174 0.198 0.024772 20000 1.000000
243.591000 33.210200 -12.53 4.067 0.184 0.212 0.004342 20000 1.000000
243.817000 33.213500 -11.179 3.078 0.175 0.199 -0.012876 20000 1.000000
243.921000 33.201000 -10.637 3.218 0.171 0.195 -0.002413 20000 1.000000
243.888000 33.296200 -9.028 2.003 0.174 0.198 -0.059676 20000 1.000000
243.574000 33.523500 -9.848 2.338 0.183 0.203 0.062945 20000 1.000000
243.773000 33.574700 -9.496 2.414 0.179 0.212 0.006103 20000 1.000000
244.031000 32.887000 -12.301 4.448 0.173 0.197 -0.008885 20000 1.000000
244.175000 32.954700 -10.899 4.015 0.17 0.193 -0.013841 20000 1.000000
244.268000 32.759700 -11.313 4.785 0.178 0.204 -0.003206 20000 1.000000
244.404000 32.750600 -10.819 5.118 0.184 0.203 -0.016167 20000 1.000000
244.423000 32.834700 -9.077 3.625 0.178 0.201 -0.006855 20000 1.000000
244.430000 32.898400 -8.683 3.021 0.178 0.2 0.002339 20000 1.000000
244.700000 32.690000 -5.806 -0.92 0.171 0.194 -0.013830 20000 1.000000
244.602000 32.875800 -4.482 -1.898 0.179 0.204 0.008197 20000 1.000000
244.578000 32.982500 -5.717 -1.084 0.176 0.204 0.010768 20000 1.000000
244.280000 32.948900 -10.235 3.179 0.174 0.197 -0.007193 20000 1.000000
244.234000 33.516400 -6.452 -1.43 0.181 0.207 0.044293 20000 1.000000
244.313000 33.423900 -7.159 -1.722 0.177 0.202 0.027771 20000 1.000000
244.571000 33.247800 -5.383 -2.178 0.175 0.2 -0.021052 20000 1.000000
244.657000 33.143600 -5.523 -2.303 0.176 0.199 -0.046759 20000 1.000000
244.704000 33.886900 -5.584 -2.489 0.18 0.201 -0.002195 20000 1.000000
240.305000 37.562600 -9.195 -1.113 0.186 0.208 0.097204 20000 1.000000
239.350000 34.907300 -13.366 9.313 0.165 0.194 -0.004229 20000 1.000000
239.590000 35.010700 -12.781 7.765 0.174 0.201 -0.000119 20000 1.000000
239.760000 34.870600 -13.675 7.813 0.17 0.197 0.016041 20000 1.000000
239.617000 35.106200 -13.465 7.833 0.178 0.205 0.069810 20000 1.000000
241.822000 34.376400 -11.101 3.938 0.17 0.198 -0.003540 20000 1.000000
239.925000 35.020000 -13.112 5.612 0.165 0.194 -0.005940 20000 1.000000
240.208000 34.507800 -13.837 6.9 0.172 0.194 0.002581 20000 1.000000
240.384000 34.630500 -13.931 4.996 0.165 0.193 -0.002006 20000 1.000000
240.185000 34.888600 -12.06 7.405 0.165 0.194 0.000583 20000 1.000000
240.464000 35.086600 -10.439 3.705 0.166 0.195 -0.003138 20000 1.000000
239.192000 35.425800 -13.418 8.558 0.169 0.199 -0.021166 20000 1.000000
239.455000 35.327800 -12.758 7.956 0.172 0.204 0.048939 20000 1.000000
239.646000 35.440500 -12.341 6.534 0.17 0.2 -0.015491 20000 1.000000
239.520000 35.624800 -12.456 7.542 0.168 0.201 0.002311 20000 1.000000
239.463000 35.792700 -11.816 7.771 0.169 0.202 0.005889 20000 1.000000
239.733000 35.633800 -10.687 6.325 0.173 0.2 0.024019 20000 1.000000
239.629000 35.747900 -11.583 6.663 0.173 0.204 0.008950 20000 1.000000
237.762000 37.061200 -12.729 8.985 0.168 0.203 0.003130 20000 1.000000
239.899000 35.235100 -12.135 6.72 0.191 0.214 0.043282 20000 1.000000
239.975000 35.279800 -11.973 6.186 0.174 0.209 -0.038255 20000 1.000000
240.065000 35.316800 -11.542 5.456 0.17 0.201 -0.005368 20000 1.000000
239.887000 35.534200 -10.672 5.379 0.17 0.202 -0.006474 20000 1.000000
239.818000 35.702700 -9.175 3.594 0.168 0.198 -0.001207 20000 1.000000
239.869000 35.801300 -8.407 2.14 0.177 0.204 0.008311 20000 1.000000
239.999000 35.686700 -8.437 2.619 0.174 0.203 -0.050615 20000 1.000000
239.707000 35.688900 -10.685 6.441 0.168 0.198 -0.014113 20000 1.000000
240.287000 35.319000 -10.791 2.555 0.18 0.211 -0.028608 20000 1.000000
240.091000 35.934700 -7.553 1.321 0.172 0.203 -0.002126 20000 1.000000
240.496000 34.466800 -12.985 6.357 0.166 0.193 -0.002728 20000 1.000000
240.674000 34.599600 -13.705 4.902 0.173 0.207 0.067277 20000 1.000000
240.885000 34.660100 -12.332 4.282 0.175 0.201 0.057383 20000 1.000000
240.845000 34.856200 -11.383 5.078 0.255 0.331 -0.110437 20000 1.000000
239.755000 35.686700 -10.737 5.57 0.17 0.198 -0.009581 20000 1.000000
241.121000 34.835100 -10.113 3.1 0.169 0.197 0.005606 20000 1.000000
241.152000 34.792300 -10.401 3.444 0.174 0.207 -0.004841 20000 1.000000
241.331000 34.695000 -9.375 2.841 0.175 0.204 0.058435 20000 1.000000
241.454000 34.771100 -9.397 3.097 0.17 0.2 -0.001357 20000 1.000000
241.344000 34.944400 -9.418 2.109 0.175 0.205 -0.052328 20000 1.000000
241.388000 35.138600 -8.549 1.345 0.168 0.197 -0.021508 20000 1.000000
241.459000 34.821800 -8.847 2.606 0.178 0.203 -0.018518 20000 1.000000
241.876000 35.378000 -7.128 1.82 0.17 0.198 -0.013459 20000 1.000000
241.740000 35.667300 -7.779 1.072 0.175 0.202 0.003525 20000 1.000000
241.233000 36.231400 -7.672 1.255 0.174 0.201 0.054929 20000 1.000000
241.045000 36.585500 -7.118 0.421 0.165 0.199 0.001549 20000 1.000000
241.740000 36.093100 -8.009 0.423 0.17 0.198 -0.005685 20000 1.000000
241.994000 35.038800 -7.66 2.038 0.17 0.198 0.002914 20000 1.000000
242.271000 34.509700 -9.257 3.102 0.17 0.198 -0.004886 20000 1.000000
242.451000 34.634300 -8.452 1.702 0.169 0.198 -0.018742 20000 1.000000
242.457000 34.987000 -7.019 1.311 0.175 0.205 0.026702 20000 1.000000
243.048000 33.892600 -9.829 3.149 0.167 0.193 -0.005907 20000 1.000000
243.454000 34.019300 -7.324 1.466 0.169 0.195 -0.012800 20000 1.000000
242.719000 34.534800 -8.558 1.962 0.196 0.207 -0.111974 20000 1.000000
241.969000 34.332200 -11.94 3.94 0.171 0.2 0.006046 20000 1.000000
242.635000 35.116800 -7.777 1.456 0.212 0.249 -0.026752 20000 1.000000
241.983000 35.152400 -7.296 1.607 0.169 0.199 -0.009053 20000 1.000000
242.697000 35.238500 -6.062 0.381 0.171 0.198 -0.000486 20000 1.000000
242.795000 35.387900 -6.013 0.957 0.166 0.196 0.002513 20000 1.000000
242.610000 35.896700 -7.588 -1.046 0.185 0.217 -0.035630 20000 1.000000
242.597000 35.697600 -7.193 -0.027 0.169 0.198 -0.006557 20000 1.000000
243.111000 35.998200 -4.873 0.022 0.18 0.203 -0.009339 20000 1.000000
243.112000 35.710600 -5.898 -1.374 0.168 0.2 0.002347 20000 1.000000
243.290000 34.192500 -7.584 1.552 0.173 0.197 -0.017130 20000 1.000000
243.463000 34.217200 -7.674 0.779 0.173 0.197 0.005433 20000 1.000000
243.788000 33.865800 -7.635 -0.177 0.168 0.195 0.003511 20000 1.000000
243.920000 33.959300 -5.901 -0.358 0.171 0.195 -0.005316 20000 1.000000
239.772000 35.729200 -9.184 3.746 0.171 0.2 0.015218 20000 1.000000
243.971000 34.716900 -6.094 -2.183 0.18 0.205 -0.044371 20000 1.000000
243.329000 34.936800 -6.399 -0.347 0.173 0.203 0.007129 20000 1.000000
242.063000 34.341100 -11.885 4.606 0.184 0.219 -0.012856 20000 1.000000
243.120000 34.462100 -8.457 0.814 0.169 0.197 -0.010710 20000 1.000000
244.179000 33.741000 -6.365 -1.504 0.183 0.208 -0.005480 20000 1.000000
243.107000 34.062700 -8.703 3.453 0.182 0.214 -0.041377 20000 1.000000
244.236000 34.425700 -4.981 -2.307 0.206 0.218 0.030502 20000 1.000000
244.350000 35.204800 -5.125 -2.623 0.174 0.202 -0.040482 20000 1.000000
242.685000 34.187400 -9.945 3.395 0.171 0.2 0.030597 20000 1.000000
242.950000 34.196200 -7.963 2.979 0.202 0.205 0.070838 20000 1.000000
244.750000 34.731800 -5.647 -1.53 0.218 0.249 -0.029069 20000 1.000000
243.237000 35.204600 -7.546 -0.303 0.169 0.197 0.001923 20000 1.000000
242.107000 35.424600 -7.079 1.225 0.168 0.197 -0.008868 20000 1.000000
243.428000 35.320600 -5.55 -1.287 0.169 0.201 -0.006513 20000 1.000000
243.896000 35.141900 -5.355 -2.005 0.181 0.202 -0.041461 20000 1.000000
243.878000 35.526000 -6.534 -2.602 0.171 0.202 -0.019406 20000 1.000000
243.855000 35.785400 -4.79 -1.677 0.169 0.2 -0.019305 20000 1.000000
244.456000 35.472800 -5.519 -2.081 0.169 0.203 0.002712 20000 1.000000
244.634000 35.163000 -4.959 -2.475 0.197 0.226 0.000524 20000 1.000000
245.401000 34.188900 -5.201 -2.393 0.171 0.199 -0.008219 20000 1.000000
245.035000 34.844400 -5.365 -2.265 0.171 0.198 -0.019431 20000 1.000000
244.762000 35.291100 -4.866 -2.839 0.169 0.2 -0.008180 20000 1.000000
241.621000 37.973100 -6.763 -0.845 0.184 0.226 -0.027872 20000 1.000000
241.000000 37.613000 -10.613 -5.232 0.171 0.205 -0.035790 20000 1.000000
241.084000 37.605300 -10.587 -5.666 0.175 0.222 -0.018637 20000 1.000000
240.914000 37.785700 -8.71 -0.404 0.205 0.23 -0.125165 20000 1.000000
240.967000 37.913500 -8.142 0.142 0.165 0.201 -0.002780 20000 1.000000
240.974000 37.696600 -9.438 0.612 0.243 0.268 0.126718 20000 1.000000
240.862000 37.839300 -9.302 0.408 0.183 0.213 0.021853 20000 1.000000
240.853000 37.962800 -7.764 0.852 0.211 0.254 -0.014641 20000 1.000000
240.916000 37.914100 -6.694 -0.237 0.169 0.203 -0.002048 20000 1.000000
241.056000 37.734300 -7.527 1.994 0.167 0.203 -0.002079 20000 1.000000
241.131000 37.654600 -5.965 -1.335 0.168 0.206 -0.010227 20000 1.000000
241.040000 37.891700 -9.181 0.213 0.176 0.208 -0.009831 20000 1.000000
241.148000 37.878200 -7.038 0.731 0.168 0.203 -0.017372 20000 1.000000
241.183000 37.591400 -10.004 -4.565 0.173 0.219 0.065614 20000 1.000000
241.302000 37.561600 -7.426 -0.811 0.177 0.232 -0.014993 20000 1.000000
241.316000 37.495400 -8.863 -1.501 0.164 0.199 -0.004363 20000 1.000000
241.406000 37.541300 -8.891 -0.881 0.168 0.203 -0.003328 20000 1.000000
241.180000 37.677000 -6.654 -1.189 0.167 0.203 -0.003105 20000 1.000000
241.232000 37.754400 -6.848 0.392 0.175 0.218 0.036550 20000 1.000000
240.981000 37.800000 -8.651 0.528 0.17 0.205 0.032989 20000 1.000000
241.264000 37.903500 -6.267 0.116 0.169 0.206 -0.016473 20000 1.000000
241.445000 37.891300 -6.811 -0.809 0.177 0.207 0.060380 20000 1.000000
241.762000 37.589200 -7.248 -1.27 0.166 0.201 -0.002379 20000 1.000000
241.528000 37.737500 -7.44 -0.25 0.172 0.207 0.015405 20000 1.000000
237.804000 41.344800 15.274 -58.655 0.202 0.264 0.029834 20000 1.000000
237.706000 41.381200 -5.13 -0.796 0.177 0.217 0.055469 20000 1.000000
237.809000 41.479200 -6.169 1.052 0.166 0.224 -0.044441 20000 1.000000
237.687000 41.463600 -6.041 -2.072 0.168 0.225 -0.045839 20000 1.000000
237.847000 41.531900 -5.218 -0.581 0.289 0.337 0.050818 20000 1.000000
238.493000 41.711600 -5.541 -0.971 0.166 0.213 -0.004854 20000 1.000000
246.132000 42.878900 -5.613 -1.895 0.165 0.216 -0.027200 20000 1.000000
241.275000 37.380400 -15.451 -2.689 0.29 0.313 0.133585 20000 1.000000
241.439000 37.439500 -8.104 -0.512 0.18 0.212 -0.008092 20000 1.000000
240.254000 37.088900 -7.611 0.564 0.169 0.204 0.034661 20000 1.000000
241.853000 37.280500 -6.503 -1.508 0.169 0.204 0.005079 20000 1.000000
239.172000 41.359200 -6.782 -0.871 0.209 0.256 -0.073090 20000 1.000000
239.527000 41.332500 -6.899 -1.47 0.17 0.215 0.000900 20000 1.000000
235.587000 42.442000 -3.066 1.236 0.169 0.221 -0.062560 20000 1.000000
235.707000 42.076600 -3.435 -0.377 0.173 0.215 0.015358 20000 1.000000
238.120000 42.579800 -5.891 -0.945 0.168 0.215 -0.013089 20000 1.000000
240.341000 42.546100 -4.527 -0.675 0.167 0.217 -0.020159 20000 1.000000
242.275000 42.020200 -3.93 -1.143 0.169 0.215 -0.009583 20000 1.000000
243.404000 33.598200 -9.095 4.665 0.253 0.285 -0.130393 20000 1.000000
243.397000 33.495500 -10.998 3.6 0.176 0.202 -0.000603 20000 1.000000
244.492000 32.829400 -8.291 2.617 0.179 0.201 -0.016873 20000 1.000000
239.784000 35.693800 -9.238 4.657 0.189 0.216 0.044408 20000 1.000000
237.579000 41.830800 -6.116 0.196 0.173 0.221 0.024955 20000 1.000000
236.019000 41.845500 -2.372 0.434 0.186 0.267 -0.066094 20000 1.000000
238.521000 36.744300 -13.809 9.453 0.187 0.216 0.064189 20000 1.000000
239.528000 35.946600 -7.611 2.618 0.188 0.215 0.053088 20000 1.000000
239.485000 35.929100 -10.759 8.508 0.229 0.277 -0.000512 20000 1.000000
236.427000 40.478800 -6.507 -0.22 0.208 0.259 0.210921 20000 1.000000
237.036000 39.845700 -8.435 0.55 0.202 0.254 -0.025641 20000 1.000000
243.852000 34.508100 -5.604 -1.351 0.167 0.194 -0.005085 20000 1.000000
245.241000 32.497900 -4.986 -2.42 0.179 0.196 -0.005450 20000 1.000000
243.407000 33.537300 -10.738 4.071 0.183 0.213 0.053962 20000 1.000000
241.651000 34.021700 -12.781 4.52 0.204 0.245 0.026892 20000 1.000000
241.379000 34.836000 -9.24 2.75 0.172 0.201 -0.007059 20000 1.000000
241.983000 35.152400 -7.181 1.323 0.171 0.202 -0.004005 20000 1.000000
241.983000 35.152500 -7.141 1.85 0.172 0.201 -0.003792 20000 1.000000
235.946000 42.861900 -5.186 -0.481 0.194 0.24 0.149745 20000 1.000000
242.968000 33.389000 -11.192 7.742 0.182 0.211 0.045519 20000 1.000000
243.936000 31.559100 -13.954 6.691 0.177 0.194 0.061369 20000 1.000000
238.728000 35.709000 -13.537 8.977 0.188 0.221 -0.011513 20000 1.000000
242.077000 34.508200 -9.893 3.005 0.178 0.204 0.012146 20000 1.000000
239.241000 36.186900 -5.807 3.756 0.175 0.204 0.051382 20000 1.000000
239.233000 36.180500 -13.577 8.596 0.173 0.203 0.007080 20000 1.000000
244.450000 32.490100 -10.988 5.338 0.173 0.204 -0.039239 20000 1.000000
242.305000 34.925400 -7.479 1.651 0.173 0.201 -0.036126 20000 1.000000
244.116000 32.417000 -13.889 6.389 0.169 0.192 -0.008435 20000 1.000000
243.076000 33.687100 -12.76 4.373 0.167 0.193 -0.016655 20000 1.000000
239.522000 35.919900 -10.22 4.972 0.172 0.205 0.025996 20000 1.000000
242.818000 33.835700 -10.996 5.01 0.188 0.207 -0.019885 20000 1.000000
242.193000 34.091800 -12.379 4.583 0.179 0.212 0.000103 20000 1.000000
244.165000 31.313100 -14.668 6.797 0.173 0.194 -0.016511 20000 1.000000
241.596000 33.743300 -13.807 6.991 0.17 0.194 -0.002558 20000 1.000000
241.628000 33.779500 -12.231 6.121 0.208 0.235 0.054080 20000 1.000000
238.863000 36.161100 -13.856 8.017 0.178 0.206 0.026754 20000 1.000000
241.755000 34.628700 -9.765 3.773 0.193 0.223 -0.046601 20000 1.000000
239.056000 39.974600 -10.638 -2.489 0.201 0.248 -0.049419 20000 1.000000
243.849000 34.683200 -5.893 -2.077 0.168 0.197 -0.010128 20000 1.000000
242.317000 35.338700 -6.606 0.577 0.17 0.199 -0.001404 20000 1.000000
240.280000 34.500000 -13.517 7.377 0.172 0.2 -0.005933 20000 1.000000
242.413000 33.444100 -11.159 6.079 0.196 0.217 0.015392 20000 1.000000
243.375000 34.643900 -7.011 0.089 0.172 0.197 -0.028907 20000 1.000000
241.974000 34.019100 -11.997 5.066 0.19 0.219 -0.052115 20000 1.000000
242.391000 33.674100 -14.687 5.861 0.178 0.203 0.026584 20000 1.000000
242.445000 33.485800 -11.253 5.531 0.182 0.206 0.031626 20000 1.000000
239.475000 35.900000 -8.031 8.362 0.176 0.21 -0.016686 20000 1.000000
241.807000 34.875100 -8.25 2.167 0.179 0.207 0.005616 20000 1.000000
240.816000 34.541500 -13.749 6.039 0.189 0.218 0.069944 20000 1.000000
244.877000 40.617200 -5.966 -1.786 0.169 0.218 0.004925 20000 1.000000
243.350000 36.316300 -6.523 -1.992 0.212 0.256 0.015308 20000 1.000000
238.442000 37.666500 -7.837 0.898 0.171 0.208 -0.013585 20000 1.000000
241.245000 34.459800 -12.763 5.45 0.189 0.224 -0.017760 20000 1.000000
242.138000 34.205600 -10.505 4.138 0.278 0.276 -0.084230 20000 1.000000
239.775000 40.591700 -6.634 -1.526 0.173 0.221 -0.031305 20000 1.000000
240.984000 41.868400 -5.034 -1.568 0.179 0.227 0.056195 20000 1.000000
243.701000 35.971300 -4.737 -1.867 0.18 0.207 -0.049646 20000 1.000000
241.521000 34.438600 -12.994 4.561 0.206 0.231 -0.061160 20000 1.000000
243.746000 33.192600 -10.98 3.917 0.171 0.196 -0.015551 20000 1.000000
240.116000 39.314300 -10.83 -2.972 0.204 0.258 -0.027725 20000 1.000000
244.022000 33.292200 -8.063 2.251 0.173 0.197 -0.001640 20000 1.000000
240.476000 33.247900 -13.853 8.189 0.169 0.195 -0.014101 20000 1.000000
240.936000 34.319900 -13.026 6.372 0.168 0.195 0.001301 20000 1.000000
241.354000 34.059300 -13.376 7.377 0.179 0.206 -0.048096 20000 1.000000
242.151000 33.992700 -12.304 4.956 0.18 0.204 0.004869 20000 1.000000
239.935000 34.004300 -13.894 8.343 0.186 0.21 -0.013263 20000 1.000000
245.105000 42.612700 -20.136 -18.127 0.234 0.301 0.023272 20000 1.000000
239.930000 34.607300 -14.604 7.454 0.177 0.218 -0.042043 20000 1.000000
239.640000 35.917400 -8.462 3.739 0.194 0.216 0.078134 20000 1.000000
241.585000 35.158200 -8.244 0.889 0.167 0.198 -0.002920 20000 1.000000
243.923000 33.650600 -7.74 0.757 0.173 0.2 0.028059 20000 1.000000
242.233000 33.549600 -13.431 6.115 0.195 0.208 -0.018452 20000 1.000000
243.770000 36.934800 -5.58 -2.677 0.165 0.198 0.010650 20000 1.000000
239.867000 34.483500 -13.723 8.521 0.175 0.206 -0.012606 20000 1.000000
243.839000 33.641200 -8.218 0.185 0.182 0.202 -0.000950 20000 1.000000
246.368000 31.335500 -4.745 -2.694 0.172 0.19 -0.023186 20000 1.000000
242.951000 39.542200 -6.161 -2.177 0.174 0.209 0.071221 20000 1.000000
242.816000 38.097200 -5.482 -2.527 0.166 0.203 -0.016108 20000 1.000000
241.669000 33.797800 -13.16 7.016 0.188 0.213 -0.019365 20000 1.000000
241.163000 34.248000 -13.08 6.691 0.175 0.201 0.045297 20000 1.000000
241.771000 34.878900 -8.326 2.079 0.178 0.211 -0.076990 20000 1.000000
235.849000 41.053900 -2.456 2.857 0.171 0.216 -0.008115 20000 1.000000
241.558000 34.069100 -12.097 4.987 0.228 0.253 0.007177 20000 1.000000
241.198000 39.627100 -8.362 -2.027 0.165 0.206 0.001914 20000 1.000000
241.723000 34.019500 -13.438 7.418 0.219 0.251 -0.008526 20000 1.000000
243.915000 33.030100 -12.885 3.991 0.171 0.195 -0.010129 20000 1.000000
241.780000 34.178600 -12.921 5.172 0.217 0.229 0.059930 20000 1.000000
241.486000 34.126400 -12.81 6.215 0.169 0.196 0.010389 20000 1.000000
241.516000 34.293200 -12.683 5.334 0.173 0.198 -0.002244 20000 1.000000
239.384000 34.556300 -13.647 8.577 0.168 0.197 0.001497 20000 1.000000
241.879000 34.501500 -10.936 4.251 0.186 0.208 0.008649 20000 1.000000
241.706000 33.712600 -13.796 5.81 0.175 0.202 -0.026075 20000 1.000000
242.807000 33.225000 -13.147 5.397 0.168 0.193 0.001427 20000 1.000000
241.443000 35.738400 -5.974 0.961 0.37 0.425 0.290652 20000 1.000000
241.346000 37.664300 -7.83 1.033 0.174 0.212 0.006339 20000 1.000000
241.016000 35.010800 -9.044 2.367 0.186 0.221 -0.038652 20000 1.000000
241.648000 35.695000 -8.626 1.024 0.183 0.216 -0.052150 20000 1.000000
243.608000 33.934800 -8.587 1.38 0.181 0.209 -0.010165 20000 1.000000
241.258000 34.568500 -12.394 4.218 0.185 0.211 0.117515 20000 1.000000
241.586000 34.259400 -12.643 5.606 0.224 0.256 -0.048038 20000 1.000000
244.418000 33.038300 -6.307 -1.782 0.186 0.214 0.001284 20000 1.000000
243.068000 34.669000 -6.923 1.767 0.187 0.218 -0.115269 20000 1.000000
241.758000 35.695600 -6.714 2.379 0.263 0.306 0.139626 20000 1.000000
241.572000 33.958200 -13.917 7.232 0.239 0.25 -0.309468 20000 1.000000
244.421000 33.278800 -7.138 -3.004 0.173 0.196 -0.022303 20000 1.000000
243.346000 33.955300 -7.905 3.168 0.173 0.197 -0.007399 20000 1.000000
243.111000 35.425200 -5.756 -0.616 0.184 0.214 -0.020554 20000 1.000000
243.920000 35.287000 -5.625 -1.856 0.174 0.203 -0.004295 20000 1.000000
