242.907000 34.116400 -9.892 2.095 0.192 0.243 0.005610 20000 1.000000
243.571000 34.594300 -7.229 -1.746 0.17 0.207 0.058805 20000 1.000000
241.305000 34.824500 -9.619 0.329 0.181 0.22 0.042513 20000 1.000000
242.103000 34.126000 -12.195 3.52 0.254 0.279 0.157081 20000 1.000000
242.795000 40.412800 -5.952 -4.262 0.169 0.218 0.053174 20000 1.000000
240.970000 33.480500 -14.733 7.471 0.191 0.222 0.041203 20000 1.000000
243.116000 34.264300 -8.275 0.596 0.197 0.238 0.131703 20000 1.000000
240.594000 34.920500 -12.487 1.142 0.174 0.212 0.025540 20000 1.000000
244.002000 34.000500 -6.606 -2.833 0.173 0.208 0.043936 20000 1.000000
242.935000 33.578200 -12.407 3.622 0.185 0.219 0.047419 20000 1.000000
243.920000 35.287000 -5.576 -2.022 0.18 0.22 0.060857 20000 1.000000
245.285000 33.610400 -4.936 -0.893 0.173 0.207 0.053162 20000 1.000000
243.947000 34.251400 -5.857 -2.868 0.174 0.209 0.055221 20000 1.000000
241.723000 34.184900 -13.561 3.421 0.199 0.239 0.088021 20000 1.000000
242.988000 34.918600 -7.274 -0.84 0.173 0.212 0.067351 20000 1.000000
241.812000 34.292800 -13.841 4.175 0.257 0.272 -0.280509 20000 1.000000
242.156000 42.779500 -6.378 -4.537 0.171 0.232 0.050592 20000 1.000000
240.653000 35.157300 -9.234 0.391 0.176 0.219 0.077199 20000 1.000000
235.437000 42.836100 -3.703 -0.544 0.178 0.239 0.030795 20000 1.000000
244.010000 33.655100 -8.224 -1.491 0.177 0.215 0.066735 20000 1.000000
239.566000 35.939400 -8.822 1.058 0.169 0.212 0.033229 20000 1.000000
239.569000 35.888400 -13.222 3.868 0.196 0.236 0.045274 20000 1.000000
241.666000 33.311600 -13.94 5.67 0.17 0.204 0.056424 20000 1.000000
241.517000 33.445800 -14.607 5.671 0.174 0.21 0.032016 20000 1.000000
241.370000 34.138600 -13.267 5.22 0.209 0.236 0.138928 20000 1.000000
242.329000 35.565300 -8.288 -0.564 0.177 0.218 0.054082 20000 1.000000
241.789000 33.876300 -9.722 3.998 0.264 0.321 0.110462 20000 1.000000
240.987000 34.806400 -12.137 -0.505 0.187 0.247 -0.065522 20000 1.000000
243.664000 34.829500 -6.254 -3.375 0.186 0.218 0.051015 20000 1.000000
242.035000 34.244000 -12.432 5.29 0.202 0.253 -0.052774 20000 1.000000
241.974000 34.333400 -12.18 1.795 0.193 0.224 0.135331 20000 1.000000
242.172000 34.640500 -9.075 0.963 0.181 0.224 0.092064 20000 1.000000
241.063000 34.109600 -14.568 5.87 0.186 0.233 0.092011 20000 1.000000
241.873000 34.136700 -11.8 3.007 0.17 0.206 0.057816 20000 1.000000
242.521000 34.313800 -10.839 0.649 0.188 0.227 0.162297 20000 1.000000
242.291000 34.109900 -13.096 1.903 0.179 0.216 0.036245 20000 1.000000
245.126000 40.558400 -6.323 -4.568 0.184 0.223 0.101089 20000 1.000000
240.120000 34.414900 -14.89 5.547 0.176 0.213 0.017639 20000 1.000000
242.427000 35.071700 -7.266 0.063 0.178 0.216 0.103302 20000 1.000000
239.249000 35.791600 -13.036 6.068 0.178 0.219 0.040588 20000 1.000000
242.900000 34.039100 -9.887 0.02 0.179 0.214 0.071070 20000 1.000000
244.265000 33.069800 -8.72 1.876 0.184 0.218 0.055065 20000 1.000000
240.961000 34.168400 -14.931 5.48 0.174 0.211 0.072459 20000 1.000000
241.743000 33.861500 -13.895 4.372 0.176 0.212 0.041410 20000 1.000000
241.476000 34.253600 -13.744 4.234 0.181 0.222 0.095896 20000 1.000000
240.629000 34.408100 -14.496 3.769 0.198 0.242 0.038013 20000 1.000000
241.387000 34.516500 -12.196 2.964 0.179 0.215 0.039397 20000 1.000000
243.630000 34.124100 -7.029 -1.043 0.186 0.222 0.021071 20000 1.000000
242.098000 34.082000 -14.801 3.279 0.186 0.223 -0.004925 20000 1.000000
241.603000 34.334800 -8.559 6.874 0.341 0.333 0.009498 20000 1.000000
241.603000 34.334000 -14.174 4.6 0.282 0.274 -0.108971 20000 1.000000
244.212000 33.389800 -9.061 -1.577 0.185 0.221 0.051817 20000 1.000000
242.140000 34.413400 -10.926 1.386 0.176 0.226 0.047931 20000 1.000000
241.873000 33.938300 -13.395 3.678 0.171 0.207 0.055087 20000 1.000000
242.588000 33.647700 -12.283 3.564 0.169 0.204 0.057744 20000 1.000000
241.170000 34.946200 -11.162 -2.309 0.181 0.223 0.049679 20000 1.000000
245.061000 39.345200 -6.216 -4.487 0.177 0.223 0.058423 20000 1.000000
244.183000 40.914700 -6.464 -4.071 0.167 0.218 0.063017 20000 1.000000
241.574000 34.703100 -13.7 1.886 0.18 0.219 0.065046 20000 1.000000
242.474000 34.104200 -12.454 3.517 0.194 0.239 0.086452 20000 1.000000
239.991000 34.733000 -14.572 5.026 0.173 0.21 0.077371 20000 1.000000
243.064000 34.093600 -10.056 1.978 0.201 0.3 0.150244 20000 1.000000
241.116000 34.356300 -14.674 5.28 0.174 0.209 0.058987 20000 1.000000
246.195000 39.369400 -5.874 -4.42 0.175 0.22 0.040966 20000 1.000000
244.200000 32.945000 -12.099 2.828 0.197 0.22 0.056772 20000 1.000000
241.107000 34.800200 -11.486 1.495 0.197 0.237 0.061651 20000 1.000000
240.644000 40.416500 -6.282 -3.609 0.171 0.226 0.015447 20000 1.000000
240.136000 35.189400 -12.626 3.721 0.176 0.219 0.045149 20000 1.000000
244.479000 33.274800 -6.692 -3.345 0.179 0.212 0.064617 20000 1.000000
245.173000 33.051100 -4.99 -2.362 0.243 0.271 -0.047606 20000 1.000000
244.340000 34.784000 -6.212 -3.125 0.198 0.243 0.051265 20000 1.000000
245.810000 34.308600 -6.13 -4.275 0.179 0.213 0.074763 20000 1.000000
243.111000 35.425200 -6.286 -3.976 0.177 0.216 0.038488 20000 1.000000
245.820000 40.640200 -6.667 -5.004 0.17 0.218 0.065502 20000 1.000000
239.584000 36.399000 -5.639 0.733 0.214 0.26 0.036695 20000 1.000000
241.887000 34.047400 -12.705 3.35 0.175 0.212 0.074106 20000 1.000000
239.318000 34.469400 -12.232 14.206 0.169 0.206 0.060879 20000 1.000000
241.714000 33.783600 -12.304 5.069 0.209 0.256 0.013153 20000 1.000000
243.570000 34.754800 -6.728 -2.65 0.175 0.212 0.084025 20000 1.000000
238.530000 40.815900 -6.362 -3.169 0.169 0.224 0.045342 20000 1.000000
244.365000 33.705000 -6.566 -3.637 0.194 0.242 0.048125 20000 1.000000
239.520000 35.866700 -11.545 5.645 0.199 0.26 0.076720 20000 1.000000
242.155000 34.458200 -10.126 1.658 0.196 0.237 0.028112 20000 1.000000
239.598000 35.880800 -9.534 2.095 0.184 0.225 0.140944 20000 1.000000
240.812000 34.441200 -14.282 4.061 0.189 0.23 0.064467 20000 1.000000
244.089000 34.727300 -6.081 -3.546 0.176 0.215 0.074289 20000 1.000000
243.779000 33.796800 -9.086 0.495 0.179 0.218 0.111117 20000 1.000000
244.855000 34.157600 -5.536 -3.751 0.173 0.21 0.088775 20000 1.000000
241.526000 35.662300 -8.498 -0.218 0.192 0.24 0.030869 20000 1.000000
240.992000 34.398500 -13.099 3.076 0.182 0.221 0.054134 20000 1.000000
243.827000 33.925400 -7.56 -0.977 0.182 0.216 0.056176 20000 1.000000
242.165000 34.485500 -10.419 1.056 0.174 0.213 0.049230 20000 1.000000
243.060000 35.090200 -6.163 -1.111 0.175 0.211 0.056500 20000 1.000000
242.246000 34.133300 -12.275 3.037 0.18 0.216 0.079303 20000 1.000000
239.406000 35.828700 -13.071 5.802 0.179 0.221 0.082684 20000 1.000000
242.454000 34.314900 -10.82 0.854 0.193 0.237 0.150829 20000 1.000000
240.896000 34.733600 -12.635 2.845 0.175 0.216 0.046437 20000 1.000000
239.557000 35.832600 -12.262 5.284 0.174 0.215 0.065593 20000 1.000000
242.563000 33.856800 -12.652 3.793 0.174 0.208 0.058667 20000 1.000000
238.778000 42.418300 -5.388 -1.454 0.238 0.319 0.017508 20000 1.000000
239.241000 36.186900 -8.471 -2.574 0.175 0.214 0.107214 20000 1.000000
239.233000 36.180500 -13.542 5.556 0.175 0.215 0.058813 20000 1.000000
239.649000 34.038300 -14.989 6.661 0.174 0.212 0.011624 20000 1.000000
243.904000 40.148400 -6.288 -3.683 0.175 0.228 -0.007876 20000 1.000000
242.682000 33.918400 -12.371 3.394 0.175 0.209 0.068149 20000 1.000000
239.566000 35.969500 -8.438 1.337 0.179 0.212 0.003213 20000 1.000000
244.588000 40.710700 -6.463 -4.39 0.172 0.234 0.040296 20000 1.000000
241.122000 34.295500 -14.039 5.495 0.193 0.229 0.037324 20000 1.000000
242.118000 34.175200 -13.928 1.593 0.236 0.262 -0.242252 20000 1.000000
243.352000 34.038500 -8.08 0.356 0.193 0.236 0.181325 20000 1.000000
242.790000 34.230800 -10.66 1.143 0.237 0.25 0.227886 20000 1.000000
245.381000 34.767700 -6.05 -3.917 0.19 0.229 0.067851 20000 1.000000
242.491000 39.685600 -5.773 -4.146 0.174 0.224 0.047722 20000 1.000000
240.859000 34.498700 -13.905 3.257 0.17 0.207 0.057307 20000 1.000000
243.932000 34.141000 -6.814 -2.814 0.175 0.21 0.092572 20000 1.000000
242.653000 33.240700 -14.055 5.137 0.181 0.21 0.006081 20000 1.000000
244.082000 34.369900 -6.036 -3.064 0.175 0.214 0.016853 20000 1.000000
243.695000 34.427700 -5.993 -0.493 0.178 0.218 0.024491 20000 1.000000
243.708000 34.533000 -6.479 -2.656 0.183 0.216 0.047133 20000 1.000000
243.185000 34.674900 -7.379 -0.764 0.172 0.21 0.075230 20000 1.000000
241.793000 34.128800 -13.091 3.249 0.171 0.208 0.043423 20000 1.000000
240.647000 34.683400 -13.293 3.867 0.2 0.246 0.005751 20000 1.000000
242.814000 39.521100 -6.202 -4.103 0.173 0.221 0.061238 20000 1.000000
245.995000 32.722500 -4.13 -3.684 0.181 0.213 0.119617 20000 1.000000
244.721000 39.910200 -6.321 -4.504 0.191 0.231 0.057921 20000 1.000000
245.543000 36.154200 -5.287 -4.108 0.174 0.211 0.060526 20000 1.000000
245.180000 41.724200 -6.145 -5.293 0.171 0.223 0.025669 20000 1.000000
242.670000 41.428700 -5.74 -4.126 0.17 0.225 0.072157 20000 1.000000
242.935000 42.981700 -5.961 -4.361 0.167 0.227 0.034181 20000 1.000000
235.925000 40.876300 -4.826 1.411 0.221 0.281 0.100120 20000 1.000000
236.274000 38.928300 -13.809 5.926 0.166 0.213 0.038753 20000 1.000000
237.585000 40.997600 -7.366 -2.926 0.196 0.27 -0.040787 20000 1.000000
235.986000 42.967400 -4.091 -1.25 0.172 0.239 0.076154 20000 1.000000
243.830000 32.616500 -15.132 5.055 0.172 0.204 0.043895 20000 1.000000
238.997000 35.551800 -13.952 7.338 0.172 0.215 0.066800 20000 1.000000
242.015000 39.305600 -6.505 -4.252 0.175 0.229 0.035631 20000 1.000000
242.395000 39.287900 -5.824 -4.219 0.174 0.219 0.052302 20000 1.000000
243.576000 39.500500 -6.702 -4.042 0.168 0.221 0.073276 20000 1.000000
243.950000 39.546400 -6.343 -4.417 0.173 0.217 0.078070 20000 1.000000
244.111000 39.374200 -5.683 -3.787 0.17 0.217 0.076577 20000 1.000000
244.487000 39.536100 -6.288 -4.136 0.17 0.219 0.056081 20000 1.000000
244.568000 39.388600 -6.951 -4.998 0.165 0.212 0.059007 20000 1.000000
242.120000 40.433400 -6.476 -4.327 0.172 0.222 0.091750 20000 1.000000
245.308000 39.255200 -5.693 -3.823 0.175 0.218 0.110911 20000 1.000000
245.723000 39.119400 -5.703 -4.652 0.174 0.226 0.071336 20000 1.000000
246.129000 39.067300 -6.25 -4.226 0.171 0.219 0.045601 20000 1.000000
246.495000 39.268900 -6.176 -4.557 0.168 0.218 0.067960 20000 1.000000
242.532000 40.320600 -5.952 -4.013 0.176 0.224 0.013112 20000 1.000000
246.946000 40.494000 -6.136 -4.169 0.169 0.219 0.068922 20000 1.000000
243.264000 40.495500 -6.211 -4.421 0.177 0.228 0.028060 20000 1.000000
243.721000 40.363200 -6.38 -2.719 0.168 0.219 0.075071 20000 1.000000
240.200000 39.572800 -6.693 -3.211 0.17 0.219 0.052146 20000 1.000000
242.469000 36.614300 -5.833 -2.961 0.169 0.209 0.051305 20000 1.000000
242.593000 36.804200 -6.129 -2.145 0.166 0.207 0.058319 20000 1.000000
242.006000 36.606000 -7.936 -2.817 0.178 0.217 0.146066 20000 1.000000
242.296000 37.200800 -7.349 -3.781 0.171 0.214 0.064458 20000 1.000000
240.463000 39.698400 -6.942 -3.392 0.179 0.23 0.062444 20000 1.000000
240.694000 39.795600 -6.217 -3.436 0.186 0.247 0.132193 20000 1.000000
241.126000 39.838800 -6.493 -3.522 0.179 0.227 0.018231 20000 1.000000
241.316000 39.888900 -6.845 -3.615 0.174 0.226 0.038744 20000 1.000000
241.841000 39.212300 -5.622 -3.104 0.228 0.291 0.064097 20000 1.000000
246.706000 41.856800 -6.832 -4.554 0.178 0.235 0.100497 20000 1.000000
246.958000 39.345100 -5.855 -3.975 0.172 0.218 0.061559 20000 1.000000
246.988000 41.817300 -7.478 -4.706 0.17 0.223 0.058719 20000 1.000000
246.722000 40.671300 -6.24 -4.068 0.174 0.225 0.061802 20000 1.000000
240.400000 39.499200 -7.245 -2.544 0.186 0.23 0.102729 20000 1.000000
240.931000 39.486100 -6.684 -3.195 0.175 0.224 0.055094 20000 1.000000
241.550000 39.133900 -6.174 -3.138 0.17 0.219 0.067029 20000 1.000000
241.062000 39.268000 -6.686 -3.046 0.189 0.242 0.043893 20000 1.000000
241.649000 39.454700 -6.631 -3.709 0.173 0.221 0.113400 20000 1.000000
241.995000 38.728800 -6.328 -3.712 0.212 0.265 0.061143 20000 1.000000
241.540000 38.724600 -5.87 -3.025 0.171 0.221 0.060289 20000 1.000000
241.070000 38.980900 -6.854 -2.409 0.179 0.236 0.065623 20000 1.000000
240.985000 38.704600 -6.676 -2.564 0.176 0.224 -0.001973 20000 1.000000
240.541000 38.761400 -6.053 -1.64 0.181 0.224 -0.013787 20000 1.000000
240.523000 40.779800 -6.749 -3.484 0.186 0.233 0.138477 20000 1.000000
240.990000 40.242200 -6.609 -2.81 0.191 0.229 -0.006875 20000 1.000000
240.278000 39.908200 -7.229 -2.802 0.175 0.226 0.113089 20000 1.000000
239.307000 38.829200 -8.189 -1.52 0.193 0.226 0.157566 20000 1.000000
239.614000 39.046600 -7.75 -1.404 0.192 0.239 -0.020046 20000 1.000000
240.189000 39.123500 -7.395 -1.476 0.172 0.223 -0.000293 20000 1.000000
239.107000 39.466700 -8.139 -2.065 0.197 0.24 0.147128 20000 1.000000
240.376000 41.357700 -6.744 -3.876 0.169 0.225 0.053690 20000 1.000000
239.716000 39.937400 -6.8 -2.504 0.165 0.215 0.048755 20000 1.000000
239.194000 40.418600 -5.357 -1.782 0.181 0.225 0.052749 20000 1.000000
239.923000 40.288900 -6.352 -3.004 0.171 0.223 0.069368 20000 1.000000
235.692000 40.247500 -11.536 5.06 0.166 0.218 0.052883 20000 1.000000
235.867000 40.551300 -6.834 2.49 0.168 0.22 0.040612 20000 1.000000
235.787000 40.637400 -5.436 2.504 0.187 0.248 0.027998 20000 1.000000
235.943000 40.219600 -9.875 2.256 0.174 0.229 0.055505 20000 1.000000
236.307000 40.119300 -9.447 0.379 0.181 0.241 0.104161 20000 1.000000
238.207000 36.485500 -14.078 8.876 0.166 0.208 0.049261 20000 1.000000
238.710000 35.945700 -13.901 6.771 0.174 0.217 0.107931 20000 1.000000
238.949000 36.302100 -14.492 6.057 0.169 0.212 0.049696 20000 1.000000
238.865000 36.425900 -14.467 6.844 0.194 0.239 0.084418 20000 1.000000
237.668000 37.534500 -12.568 4.634 0.198 0.226 -0.017559 20000 1.000000
237.623000 37.914500 -11.493 3.774 0.177 0.225 0.062089 20000 1.000000
236.819000 38.495000 -12.387 5.673 0.169 0.22 -0.007633 20000 1.000000
236.291000 39.117200 -12.279 4.942 0.178 0.231 0.048085 20000 1.000000
236.652000 38.987400 -11.686 3.593 0.179 0.226 0.127049 20000 1.000000
236.796000 39.242000 -10.962 0.418 0.172 0.224 0.068456 20000 1.000000
236.368000 42.275400 -3.074 -2.286 0.192 0.256 0.043943 20000 1.000000
236.895000 39.319700 -10.357 -0.298 0.175 0.224 0.070741 20000 1.000000
237.041000 38.664700 -11.238 3.379 0.193 0.265 0.115050 20000 1.000000
237.233000 38.428600 -12.492 2.83 0.171 0.222 0.074054 20000 1.000000
237.548000 38.239800 -10.667 1.332 0.172 0.22 0.052582 20000 1.000000
237.083000 38.866100 -14.232 0.981 0.165 0.212 0.043343 20000 1.000000
237.037000 39.398100 -10.682 2.875 0.206 0.255 -0.010756 20000 1.000000
237.424000 38.777800 -8.39 0.525 0.178 0.239 0.047376 20000 1.000000
237.281000 39.260000 -8.368 -4.532 0.168 0.217 0.082681 20000 1.000000
237.696000 39.109300 -8.64 -2.699 0.175 0.225 0.047848 20000 1.000000
237.873000 37.069200 -13.459 5.632 0.199 0.246 0.218317 20000 1.000000
238.137000 36.962000 -13.49 5.97 0.195 0.23 0.018233 20000 1.000000
238.009000 37.201700 -11.46 4.945 0.197 0.242 -0.019665 20000 1.000000
238.203000 37.001000 -13.471 6.419 0.255 0.286 0.125041 20000 1.000000
238.274000 37.002400 -13.307 4.357 0.181 0.237 0.079675 20000 1.000000
238.349000 37.104500 -11.771 2.551 0.204 0.245 -0.050258 20000 1.000000
238.286000 37.203500 -12.342 1.472 0.178 0.219 0.103319 20000 1.000000
237.786000 37.329900 -12.92 6.221 0.168 0.212 0.063364 20000 1.000000
237.901000 37.336900 -12.519 3.841 0.172 0.224 0.044009 20000 1.000000
237.900000 37.722000 -10.762 0.922 0.167 0.211 0.048121 20000 1.000000
237.781000 37.863900 -9.276 0.858 0.181 0.232 0.002502 20000 1.000000
237.942000 37.713900 -10.782 0.609 0.183 0.23 0.011594 20000 1.000000
238.174000 37.336800 -14.536 1.303 0.173 0.223 0.062649 20000 1.000000
238.210000 37.533000 -9.046 -0.32 0.17 0.214 0.064101 20000 1.000000
238.313000 37.601800 -9.074 -0.749 0.177 0.22 0.112029 20000 1.000000
238.022000 37.749400 -10.211 0.125 0.17 0.214 0.044650 20000 1.000000
238.214000 37.819000 -9.985 -2.172 0.172 0.217 0.055455 20000 1.000000
238.095000 36.621700 -14.761 6.61 0.17 0.214 0.045091 20000 1.000000
238.421000 36.724000 -16.09 6.138 0.174 0.218 0.027640 20000 1.000000
238.580000 36.800400 -11.183 4.186 0.169 0.212 0.035983 20000 1.000000
238.409000 36.858500 -14.864 5.537 0.17 0.214 0.031398 20000 1.000000
238.459000 36.814300 -14.853 6.89 0.175 0.215 0.064981 20000 1.000000
238.445000 36.903500 -12.526 3.125 0.173 0.213 0.027439 20000 1.000000
238.613000 36.637000 -15.96 7.168 0.178 0.224 0.007617 20000 1.000000
238.458000 37.007800 -11.179 3.061 0.17 0.216 0.057094 20000 1.000000
238.426000 37.213000 -9.54 -0.493 0.171 0.213 0.049691 20000 1.000000
238.665000 36.918200 -9.374 -2.371 0.168 0.211 0.056027 20000 1.000000
238.645000 37.010800 -7.904 -2.172 0.188 0.232 0.011664 20000 1.000000
240.294000 37.713100 -8.63 -4.638 0.176 0.224 0.034784 20000 1.000000
238.812000 36.559500 -13.809 8.364 0.171 0.213 0.052931 20000 1.000000
238.131000 37.975600 -8.742 -1.652 0.17 0.215 0.069278 20000 1.000000
238.936000 36.611600 -6.694 0.208 0.166 0.207 0.048947 20000 1.000000
238.732000 36.950000 -9.091 -2.28 0.181 0.224 0.075045 20000 1.000000
238.652000 36.811400 -8.934 -1.084 0.171 0.214 0.046430 20000 1.000000
238.942000 37.169600 -8.4 -2.08 0.177 0.222 0.066648 20000 1.000000
238.347000 37.478400 -8.818 -0.44 0.182 0.231 0.054116 20000 1.000000
238.531000 37.489600 -8.122 -1.98 0.166 0.212 0.042079 20000 1.000000
238.675000 37.581900 -7.453 -0.711 0.172 0.219 0.038073 20000 1.000000
238.395000 37.932000 -9.577 -1.906 0.169 0.215 0.054709 20000 1.000000
238.536000 37.755300 -7.278 -3.572 0.172 0.217 0.048733 20000 1.000000
238.717000 37.385400 -8.92 -0.627 0.174 0.225 0.066352 20000 1.000000
237.782000 38.153000 -10.358 1.907 0.167 0.214 0.032393 20000 1.000000
237.904000 38.025100 -9.88 0.79 0.171 0.221 0.002483 20000 1.000000
237.805000 38.444200 -9.088 -1.651 0.179 0.24 0.062581 20000 1.000000
237.645000 38.999500 -8.267 -1.946 0.208 0.235 0.138363 20000 1.000000
238.905000 38.645300 -8.721 -1.948 0.168 0.215 0.054782 20000 1.000000
239.652000 35.544100 -12.179 5.25 0.176 0.216 0.048772 20000 1.000000
239.611000 35.841100 -10.301 4.244 0.177 0.218 0.033951 20000 1.000000
239.655000 35.837800 -9.569 2.189 0.174 0.218 0.042499 20000 1.000000
239.715000 35.806700 -8.999 2.697 0.186 0.228 0.048730 20000 1.000000
239.093000 35.933300 -13.225 6.168 0.168 0.211 0.046083 20000 1.000000
239.019000 36.417200 -8.286 -0.411 0.17 0.216 0.062381 20000 1.000000
239.147000 36.515900 -7.155 -1.341 0.176 0.224 0.035813 20000 1.000000
239.302000 36.024800 -13.586 5.979 0.169 0.215 0.044008 20000 1.000000
239.121000 36.140200 -13.726 6.703 0.171 0.212 0.047086 20000 1.000000
239.251000 36.106800 -13.225 6.485 0.166 0.207 0.052251 20000 1.000000
239.272000 36.178900 -7.653 -0.915 0.167 0.207 0.051826 20000 1.000000
239.355000 35.922800 -12.992 6.187 0.169 0.21 0.038326 20000 1.000000
239.525000 36.007500 -5.889 0.967 0.185 0.222 0.055275 20000 1.000000
239.457000 36.089400 -11.502 -0.9 0.167 0.208 0.048453 20000 1.000000
239.560000 36.123200 -7.308 -0.183 0.168 0.209 0.053058 20000 1.000000
239.158000 35.697100 -13.951 6.33 0.173 0.21 0.091014 20000 1.000000
239.637000 36.051700 -7.751 0.701 0.171 0.209 0.050527 20000 1.000000
239.448000 35.974100 -13.014 6.139 0.187 0.223 0.008458 20000 1.000000
239.706000 36.015800 -7.512 0.785 0.171 0.211 0.043648 20000 1.000000
239.723000 36.304400 -1.071 1.504 0.173 0.215 0.048139 20000 1.000000
239.257000 36.806300 -6.819 -1.742 0.169 0.214 0.051923 20000 1.000000
239.803000 37.352200 -8.213 -1.986 0.182 0.232 0.052851 20000 1.000000
239.356000 37.795200 -8.154 -2.271 0.185 0.225 0.060077 20000 1.000000
240.160000 37.901100 -6.297 0.265 0.19 0.227 -0.039258 20000 1.000000
239.049000 38.090000 -10.211 -1.965 0.174 0.222 0.047947 20000 1.000000
239.666000 38.735600 -7.904 -2.17 0.183 0.221 0.074841 20000 1.000000
241.480000 37.177600 -5.947 -1.346 0.167 0.209 0.061541 20000 1.000000
236.283000 39.863600 -12.725 1.35 0.205 0.262 -0.044036 20000 1.000000
236.448000 39.905700 -11.536 -0.775 0.192 0.261 0.009465 20000 1.000000
236.628000 39.452400 -11.109 -0.563 0.169 0.221 0.055046 20000 1.000000
236.705000 39.707100 -11.475 -2.704 0.186 0.242 -0.036543 20000 1.000000
236.813000 39.492800 -10.298 -0.834 0.184 0.259 0.085885 20000 1.000000
236.817000 39.962100 -9.526 -2.95 0.167 0.22 0.004547 20000 1.000000
236.344000 40.256800 -9.776 -1.382 0.168 0.223 0.065445 20000 1.000000
236.117000 41.151700 -5.175 -0.63 0.169 0.223 0.061636 20000 1.000000
236.301000 40.575300 -7.664 -1.213 0.177 0.232 0.093171 20000 1.000000
236.427000 40.478900 -8.321 -1.079 0.207 0.269 0.265327 20000 1.000000
236.548000 40.082200 -10.306 -1.28 0.165 0.217 0.052594 20000 1.000000
236.864000 40.324100 -9.315 -3.154 0.165 0.218 0.043574 20000 1.000000
236.676000 40.732900 -8.821 -2.015 0.166 0.22 0.018408 20000 1.000000
236.826000 40.546700 -9.147 -2.368 0.17 0.226 0.026482 20000 1.000000
237.024000 39.621400 -9.372 -2.413 0.178 0.222 0.096150 20000 1.000000
237.264000 39.493600 -9.1 -4.341 0.169 0.217 0.043932 20000 1.000000
237.126000 39.726200 -9.491 -3.607 0.17 0.223 0.096259 20000 1.000000
237.077000 40.747600 -8.188 -2.462 0.175 0.228 0.035951 20000 1.000000
237.332000 40.034100 -8.397 -3.15 0.171 0.221 0.042501 20000 1.000000
237.393000 40.650700 -8.731 -3.261 0.174 0.234 0.011297 20000 1.000000
236.666000 40.887100 -8.16 -0.99 0.164 0.217 0.043029 20000 1.000000
237.729000 40.271200 -9.281 -2.463 0.177 0.231 -0.015139 20000 1.000000
239.132000 39.794700 -8.63 -1.542 0.168 0.223 0.015901 20000 1.000000
239.052000 41.183300 -6.841 -3.49 0.169 0.226 0.032208 20000 1.000000
237.681000 40.731100 -7.816 -3.128 0.204 0.248 0.072839 20000 1.000000
235.774000 42.209100 -5.154 -1.135 0.172 0.223 0.037551 20000 1.000000
235.946000 42.860100 -3.865 -1.314 0.192 0.255 0.121070 20000 1.000000
236.617000 42.503500 -5.785 -0.806 0.169 0.227 0.050253 20000 1.000000
237.344000 42.191000 -5.044 -2.31 0.172 0.232 0.018170 20000 1.000000
238.220000 42.259700 -5.207 -3.176 0.168 0.221 0.045174 20000 1.000000
239.622000 42.468800 -5.261 -4.368 0.171 0.23 0.022874 20000 1.000000
241.588000 42.254600 -6.081 -4.621 0.165 0.221 0.046660 20000 1.000000
243.371000 36.071300 -6.002 -4.168 0.18 0.227 0.126639 20000 1.000000
242.835000 36.022500 -6.851 -2.891 0.179 0.214 0.034671 20000 1.000000
242.590000 36.159000 -7.226 -2.603 0.181 0.223 0.102872 20000 1.000000
241.868000 36.466800 -7.36 -0.916 0.189 0.242 -0.140795 20000 1.000000
242.211000 36.531200 -6.596 -2.327 0.166 0.209 0.053626 20000 1.000000
241.909000 36.570200 -7.381 -1.88 0.19 0.222 0.000426 20000 1.000000
241.882000 36.975700 -6.653 -1.765 0.166 0.208 0.055863 20000 1.000000
242.064000 37.231400 -6.3 -2.517 0.174 0.215 0.097863 20000 1.000000
242.606000 34.462400 -9.074 1.136 0.181 0.215 0.047461 20000 1.000000
242.459000 33.562100 -13.115 4.988 0.172 0.207 0.084684 20000 1.000000
242.895000 32.889200 -14.466 4.912 0.174 0.207 0.042908 20000 1.000000
243.050000 32.733800 -14.673 4.631 0.168 0.201 0.054441 20000 1.000000
242.756000 32.666400 -14.971 5.669 0.187 0.213 0.148118 20000 1.000000
242.810000 33.439600 -13.232 3.833 0.171 0.205 0.060084 20000 1.000000
242.928000 33.235700 -13.897 5.399 0.184 0.211 0.106618 20000 1.000000
243.217000 33.493300 -12.559 3.385 0.171 0.205 0.051631 20000 1.000000
243.651000 32.976000 -13.518 5.1 0.174 0.207 0.063097 20000 1.000000
243.989000 32.822200 -13.869 4.193 0.173 0.206 0.024885 20000 1.000000
243.329000 33.240200 -13.046 4.672 0.191 0.225 0.058134 20000 1.000000
243.431000 33.059200 -14.065 4.086 0.17 0.202 0.046509 20000 1.000000
243.379000 33.375600 -12.901 3.005 0.175 0.209 0.104008 20000 1.000000
243.591000 33.210200 -13.373 3.187 0.185 0.221 0.063313 20000 1.000000
243.817000 33.213500 -11.578 2.274 0.172 0.205 0.059770 20000 1.000000
243.921000 33.201000 -11.702 1.338 0.171 0.204 0.060929 20000 1.000000
243.888000 33.296200 -10.399 1.173 0.175 0.209 0.009695 20000 1.000000
243.574000 33.523500 -10.144 2.3 0.184 0.211 0.137381 20000 1.000000
243.773000 33.574700 -9.531 0.706 0.179 0.222 0.075964 20000 1.000000
244.031000 32.887000 -12.829 3.699 0.175 0.207 0.054723 20000 1.000000
244.175000 32.954700 -12.249 2.279 0.173 0.205 0.052994 20000 1.000000
244.268000 32.759700 -12.242 3.096 0.182 0.22 0.080650 20000 1.000000
244.404000 32.750600 -10.748 3.348 0.181 0.212 0.062851 20000 1.000000
244.423000 32.834700 -9.604 1.336 0.179 0.21 0.064098 20000 1.000000
244.430000 32.898400 -9.062 1.154 0.184 0.216 0.087247 20000 1.000000
244.700000 32.690000 -5.785 -2.281 0.172 0.204 0.057351 20000 1.000000
244.602000 32.875800 -5.3 -2.713 0.182 0.215 0.079281 20000 1.000000
244.578000 32.982500 -5.738 -3.804 0.179 0.216 0.089730 20000 1.000000
244.280000 32.948900 -10.797 1.69 0.177 0.208 0.056526 20000 1.000000
244.234000 33.516400 -6.995 -3.256 0.181 0.215 0.127867 20000 1.000000
244.313000 33.423900 -6.54 -3.217 0.18 0.215 0.105943 20000 1.000000
244.571000 33.247800 -6.368 -4.016 0.178 0.212 0.054431 20000 1.000000
244.657000 33.143600 -6.566 -3.101 0.178 0.211 0.008549 20000 1.000000
244.704000 33.886900 -6.392 -3.484 0.181 0.211 0.066449 20000 1.000000
240.305000 37.562600 -7.113 0.624 0.189 0.222 0.160901 20000 1.000000
239.350000 34.907300 -14.915 6.116 0.167 0.205 0.053870 20000 1.000000
239.590000 35.010700 -14.857 5.578 0.175 0.214 0.048478 20000 1.000000
239.760000 34.870600 -13.977 5.648 0.171 0.208 0.070746 20000 1.000000
239.617000 35.106200 -13.905 6.13 0.179 0.217 0.129589 20000 1.000000
241.822000 34.376400 -12.029 3.468 0.172 0.21 0.058545 20000 1.000000
239.925000 35.020000 -13.34 6.457 0.168 0.206 0.048572 20000 1.000000
240.208000 34.507800 -14.147 5.075 0.176 0.207 0.041903 20000 1.000000
240.384000 34.630500 -13.996 4.627 0.167 0.204 0.054302 20000 1.000000
240.185000 34.888600 -14.665 3.911 0.167 0.204 0.057239 20000 1.000000
240.464000 35.086600 -11.105 1.815 0.17 0.209 0.073911 20000 1.000000
239.192000 35.425800 -14.846 6.576 0.169 0.208 0.035653 20000 1.000000
239.455000 35.327800 -13.469 6.16 0.174 0.216 0.109720 20000 1.000000
239.646000 35.440500 -13.051 5.259 0.171 0.21 0.047934 20000 1.000000
239.520000 35.624800 -12.577 7.603 0.17 0.211 0.064296 20000 1.000000
239.463000 35.792700 -13.461 5.513 0.172 0.215 0.082671 20000 1.000000
239.733000 35.633800 -11.768 4.595 0.176 0.212 0.088722 20000 1.000000
239.629000 35.747900 -10.844 4.421 0.175 0.216 0.061890 20000 1.000000
237.762000 37.061200 -14.164 6.439 0.17 0.215 0.069380 20000 1.000000
239.899000 35.235100 -12.617 5.143 0.193 0.225 0.096240 20000 1.000000
239.975000 35.279800 -12.869 4.418 0.178 0.222 0.020099 20000 1.000000
240.065000 35.316800 -11.967 4.736 0.182 0.227 0.061584 20000 1.000000
239.887000 35.534200 -11.382 3.67 0.212 0.256 0.044668 20000 1.000000
239.818000 35.702700 -10.424 1.968 0.169 0.209 0.055081 20000 1.000000
239.869000 35.801300 -8.692 1.171 0.178 0.214 0.068377 20000 1.000000
239.999000 35.686700 -9.095 0.647 0.174 0.212 0.012016 20000 1.000000
239.707000 35.688900 -11.781 4.633 0.17 0.21 0.046829 20000 1.000000
240.287000 35.319000 -9.921 2.009 0.187 0.232 0.050097 20000 1.000000
240.091000 35.934700 -8.367 0.144 0.17 0.21 0.057836 20000 1.000000
240.496000 34.466800 -14.78 4.148 0.167 0.204 0.055915 20000 1.000000
240.674000 34.599600 -14.292 2.311 0.178 0.221 0.132792 20000 1.000000
240.885000 34.660100 -13.003 2.602 0.178 0.214 0.117644 20000 1.000000
240.845000 34.856200 -11.089 3.271 0.241 0.348 -0.039623 20000 1.000000
239.755000 35.686700 -11.583 4.276 0.171 0.209 0.041286 20000 1.000000
241.121000 34.835100 -11.274 0.853 0.171 0.207 0.065864 20000 1.000000
241.152000 34.792300 -11.125 3.23 0.176 0.219 0.063682 20000 1.000000
241.331000 34.695000 -12.039 1.452 0.179 0.218 0.133196 20000 1.000000
241.454000 34.771100 -10.926 2.962 0.171 0.211 0.053142 20000 1.000000
241.344000 34.944400 -9.582 0.854 0.176 0.217 0.027244 20000 1.000000
241.388000 35.138600 -9.168 0.544 0.171 0.209 0.031304 20000 1.000000
241.459000 34.821800 -9.83 0.462 0.183 0.219 0.080104 20000 1.000000
241.811000 34.982100 -7.397 0.713 0.17 0.207 0.055009 20000 1.000000
241.876000 35.378000 -9.547 -0.801 0.172 0.209 0.042687 20000 1.000000
241.740000 35.667300 -8.965 -1.272 0.178 0.213 0.057449 20000 1.000000
241.233000 36.231400 -6.904 -1.811 0.177 0.213 0.120013 20000 1.000000
241.045000 36.585500 -8.487 -1.44 0.167 0.21 0.057205 20000 1.000000
241.740000 36.093100 -7.5 -1.496 0.172 0.21 0.052241 20000 1.000000
241.994000 35.038800 -7.905 0.464 0.17 0.208 0.061022 20000 1.000000
242.271000 34.509700 -9.633 1.699 0.172 0.208 0.046690 20000 1.000000
242.451000 34.634300 -8.898 0.952 0.176 0.214 0.046547 20000 1.000000
242.457000 34.987000 -7.437 -0.423 0.174 0.212 0.095573 20000 1.000000
243.048000 33.892600 -10.612 1.919 0.182 0.217 0.053541 20000 1.000000
243.454000 34.019300 -8.643 0.585 0.171 0.205 0.048618 20000 1.000000
242.719000 34.534800 -8.983 0.269 0.196 0.217 -0.037233 20000 1.000000
241.969000 34.332200 -12.772 2.345 0.176 0.214 0.065810 20000 1.000000
242.635000 35.116800 -6.991 -0.583 0.173 0.21 0.045995 20000 1.000000
241.983000 35.152400 -7.833 0.274 0.171 0.21 0.061585 20000 1.000000
242.697000 35.238500 -7.004 -0.928 0.173 0.209 0.067493 20000 1.000000
242.795000 35.387900 -6.259 -1.056 0.167 0.206 0.061057 20000 1.000000
242.610000 35.896700 -6.671 -2.782 0.186 0.23 0.050424 20000 1.000000
242.597000 35.697600 -6.85 -1.078 0.17 0.209 0.054302 20000 1.000000
243.111000 35.998200 -6.228 -2.367 0.179 0.212 0.051567 20000 1.000000
243.112000 35.710600 -6.163 -2.55 0.168 0.209 0.056642 20000 1.000000
243.290000 34.192500 -8.006 0.034 0.175 0.208 0.033656 20000 1.000000
243.463000 34.217200 -7.475 -0.674 0.174 0.207 0.063351 20000 1.000000
243.788000 33.865800 -8.057 -1.479 0.17 0.205 0.069743 20000 1.000000
243.920000 33.959300 -6.41 -2.159 0.172 0.205 0.057817 20000 1.000000
239.772000 35.729200 -9.563 2.604 0.172 0.211 0.073593 20000 1.000000
243.971000 34.716900 -6.138 -3.595 0.177 0.212 0.027386 20000 1.000000
243.329000 34.936800 -6.717 -2.334 0.172 0.211 0.063539 20000 1.000000
242.063000 34.341100 -11.72 2.307 0.184 0.224 0.037763 20000 1.000000
243.120000 34.462100 -8.159 -0.465 0.171 0.206 0.053437 20000 1.000000
244.179000 33.741000 -6.876 -3.078 0.181 0.216 0.067075 20000 1.000000
243.107000 34.062700 -9.591 1.133 0.187 0.224 0.026420 20000 1.000000
244.236000 34.425700 -5.367 -3.498 0.214 0.229 0.083038 20000 1.000000
244.350000 35.204800 -6.028 -4.156 0.176 0.212 0.034885 20000 1.000000
242.685000 34.187400 -11.311 0.815 0.174 0.212 0.103396 20000 1.000000
242.950000 34.196200 -7.671 1.993 0.206 0.217 0.127449 20000 1.000000
244.750000 34.731800 -6.478 -3.494 0.211 0.262 0.133821 20000 1.000000
243.237000 35.204600 -6.836 -2.105 0.171 0.208 0.062635 20000 1.000000
242.107000 35.424600 -8.228 -0.515 0.172 0.212 0.054572 20000 1.000000
243.428000 35.320600 -6.69 -2.345 0.17 0.21 0.044936 20000 1.000000
243.896000 35.141900 -5.552 -3.562 0.182 0.212 0.034953 20000 1.000000
243.878000 35.526000 -5.014 -3.242 0.172 0.212 0.051740 20000 1.000000
243.855000 35.785400 -7.087 -3.552 0.17 0.21 0.046178 20000 1.000000
244.456000 35.472800 -5.883 -3.319 0.171 0.212 0.065683 20000 1.000000
244.634000 35.163000 -5.756 -3.396 0.179 0.219 0.045957 20000 1.000000
245.401000 34.188900 -5.833 -3.46 0.177 0.213 0.072084 20000 1.000000
245.035000 34.844400 -5.884 -3.847 0.176 0.211 0.057110 20000 1.000000
244.762000 35.291100 -6.35 -4.105 0.172 0.211 0.061627 20000 1.000000
241.621000 37.973100 -5.519 -2.063 0.168 0.215 0.028274 20000 1.000000
241.000000 37.613000 -6.373 1.232 0.174 0.217 0.011601 20000 1.000000
241.084000 37.605300 -6.938 -6.369 0.177 0.233 0.018568 20000 1.000000
240.914000 37.785700 -10.252 0.579 0.242 0.286 -0.039278 20000 1.000000
240.967000 37.913500 -8.009 1.205 0.167 0.211 0.055170 20000 1.000000
240.974000 37.696600 -10.278 -0.926 0.201 0.237 0.175627 20000 1.000000
240.862000 37.839300 -9.565 -1.465 0.186 0.225 0.072585 20000 1.000000
240.853000 37.962800 -8.851 -0.727 0.169 0.211 0.054547 20000 1.000000
240.916000 37.914100 -8.633 0.203 0.17 0.213 0.057084 20000 1.000000
241.056000 37.734300 -8.913 4.087 0.17 0.215 0.062346 20000 1.000000
241.131000 37.654600 -2.179 -4.279 0.17 0.217 0.055400 20000 1.000000
241.040000 37.891700 -5.942 1.704 0.178 0.219 0.039928 20000 1.000000
241.148000 37.878200 -4.556 1.006 0.169 0.213 0.042605 20000 1.000000
241.183000 37.591400 -4.641 -4.031 0.173 0.228 0.103997 20000 1.000000
241.302000 37.561600 -7.029 -2.724 0.174 0.237 0.030200 20000 1.000000
241.316000 37.495400 -6.375 -3.343 0.166 0.209 0.057000 20000 1.000000
241.406000 37.541300 -5.24 -2.345 0.169 0.213 0.058623 20000 1.000000
241.180000 37.677000 -0.577 -1.729 0.169 0.213 0.058544 20000 1.000000
241.232000 37.754400 -3.139 0.423 0.199 0.259 0.113073 20000 1.000000
240.981000 37.800000 -8.848 1.196 0.171 0.214 0.083620 20000 1.000000
241.264000 37.903500 -4.912 0.279 0.173 0.218 0.042711 20000 1.000000
241.445000 37.891300 -5.155 -1.308 0.179 0.22 0.117486 20000 1.000000
241.762000 37.589200 -5.822 -2.824 0.168 0.212 0.054828 20000 1.000000
241.528000 37.737500 -5.403 -2.935 0.176 0.219 0.081670 20000 1.000000
240.850000 38.057900 -7.525 -2.361 0.176 0.218 0.062396 20000 1.000000
237.706000 41.381200 -7.368 -3.272 0.177 0.226 0.105512 20000 1.000000
237.809000 41.479200 -6.956 -3.386 0.167 0.233 0.008141 20000 1.000000
237.687000 41.463600 -5.533 -3.181 0.17 0.235 -0.003899 20000 1.000000
237.847000 41.531900 -6.634 -3.075 0.208 0.246 0.096827 20000 1.000000
238.493000 41.711600 -4.619 -4.084 0.232 0.314 0.050264 20000 1.000000
246.132000 42.878900 -5.817 -4.416 0.167 0.225 0.045295 20000 1.000000
241.275000 37.380400 -6.377 -0.67 0.237 0.271 0.228598 20000 1.000000
241.439000 37.439500 -6.713 -2.327 0.183 0.224 0.062130 20000 1.000000
240.254000 37.088900 -7.836 -1.518 0.175 0.218 0.114519 20000 1.000000
241.853000 37.280500 -6.196 -2.643 0.171 0.214 0.073011 20000 1.000000
239.172000 41.359200 -6.568 -3.481 0.177 0.233 -0.018731 20000 1.000000
239.527000 41.332500 -6.08 -3.293 0.171 0.224 0.057866 20000 1.000000
235.587000 42.442000 -3.461 -1.634 0.169 0.231 -0.008632 20000 1.000000
235.707000 42.076600 -4.488 -0.986 0.175 0.228 0.070364 20000 1.000000
238.120000 42.579800 -5.344 -3.29 0.171 0.225 0.037303 20000 1.000000
237.390000 42.727100 -4.754 -3.191 0.219 0.267 0.187883 20000 1.000000
240.341000 42.546100 -5.528 -3.95 0.167 0.226 0.044646 20000 1.000000
242.275000 42.020200 -6.919 -4.95 0.169 0.224 0.057747 20000 1.000000
243.404000 33.598200 -11.649 2.973 0.244 0.303 -0.055426 20000 1.000000
243.397000 33.495500 -12.762 3.326 0.178 0.213 0.061836 20000 1.000000
244.492000 32.829400 -8.309 0.53 0.174 0.205 0.051587 20000 1.000000
238.928000 37.699000 -7.605 -1.666 0.175 0.222 0.035162 20000 1.000000
239.784000 35.693800 -11.411 1.549 0.194 0.23 0.098757 20000 1.000000
237.579000 41.830800 -4.105 -2.634 0.182 0.247 0.096380 20000 1.000000
236.019000 41.845500 -4.018 -0.958 0.187 0.277 -0.043326 20000 1.000000
238.521000 36.744300 -10.857 7.349 0.187 0.228 0.113511 20000 1.000000
239.528000 35.946600 -9.017 3.459 0.188 0.226 0.111262 20000 1.000000
239.485000 35.929100 -12.451 5.012 0.235 0.312 0.039676 20000 1.000000
236.427000 40.478800 -8.676 -1.26 0.203 0.267 0.252570 20000 1.000000
237.036000 39.845700 -8.978 -3.198 0.165 0.217 0.027780 20000 1.000000
243.852000 34.508100 -5.682 -3.049 0.169 0.205 0.057027 20000 1.000000
245.241000 32.497900 -4.927 -4.285 0.175 0.206 0.052298 20000 1.000000
243.407000 33.537300 -11.652 2.315 0.183 0.22 0.105441 20000 1.000000
241.651000 34.021700 -12.745 5.892 0.178 0.222 0.083923 20000 1.000000
243.936000 31.559100 -15.12 5.868 0.178 0.205 0.126811 20000 1.000000
238.728000 35.709000 -14.688 6.228 0.193 0.238 0.030947 20000 1.000000
242.077000 34.508200 -10.774 2.154 0.179 0.216 0.061256 20000 1.000000
244.450000 32.490100 -11.016 4.25 0.175 0.214 0.012702 20000 1.000000
242.305000 34.925400 -7.814 -0.105 0.177 0.216 0.016837 20000 1.000000
244.116000 32.417000 -15.452 5.083 0.171 0.202 0.059752 20000 1.000000
239.522000 35.919900 -15.794 3.999 0.178 0.221 0.094031 20000 1.000000
242.818000 33.835700 -12.371 3.593 0.193 0.221 0.056315 20000 1.000000
243.506000 33.819200 -8.876 0.812 0.179 0.214 0.056632 20000 1.000000
242.193000 34.091800 -12.587 3.507 0.179 0.225 0.037188 20000 1.000000
244.165000 31.313100 -15.581 6.319 0.171 0.201 0.048643 20000 1.000000
244.543000 32.377900 -11.307 4.816 0.17 0.201 0.054590 20000 1.000000
241.596000 33.743300 -13.708 3.817 0.171 0.205 0.053989 20000 1.000000
241.628000 33.779500 -14.388 5.302 0.209 0.256 0.068472 20000 1.000000
238.863000 36.161100 -13.887 7.028 0.179 0.217 0.084281 20000 1.000000
241.755000 34.628700 -9.863 0.934 0.192 0.235 0.011277 20000 1.000000
239.056000 39.974600 -8.085 -1.294 0.18 0.235 0.013779 20000 1.000000
242.317000 35.338700 -6.936 -0.235 0.171 0.209 0.059181 20000 1.000000
240.280000 34.500000 -14.911 4.721 0.173 0.212 0.042727 20000 1.000000
243.375000 34.643900 -7.476 -1.434 0.172 0.206 0.046891 20000 1.000000
241.974000 34.019100 -13.25 4.652 0.192 0.232 -0.007971 20000 1.000000
242.445000 33.485800 -13.912 5.187 0.18 0.213 0.098159 20000 1.000000
239.475000 35.900000 -22.836 7.81 0.182 0.227 0.022459 20000 1.000000
241.807000 34.875100 -8.062 0.736 0.182 0.22 0.069513 20000 1.000000
240.816000 34.541500 -13.874 3.372 0.195 0.233 0.123032 20000 1.000000
244.877000 40.617200 -5.938 -4.476 0.171 0.227 0.063169 20000 1.000000
243.350000 36.316300 -5.976 -2.271 0.216 0.272 0.086434 20000 1.000000
238.442000 37.666500 -8.683 -1.521 0.17 0.215 0.038399 20000 1.000000
241.245000 34.459800 -12.505 4.175 0.191 0.238 0.065849 20000 1.000000
242.138000 34.205600 -12 2.726 0.219 0.23 -0.025846 20000 1.000000
239.775000 40.591700 -6.563 -2.683 0.176 0.233 0.034838 20000 1.000000
240.984000 41.868400 -6.032 -3.662 0.18 0.236 0.133782 20000 1.000000
243.701000 35.971300 -6.363 -3.794 0.18 0.214 0.012315 20000 1.000000
241.521000 34.438600 -12.487 3.652 0.2 0.244 0.034546 20000 1.000000
240.116000 39.314300 -6.019 -3.201 0.168 0.22 0.030076 20000 1.000000
244.022000 33.292200 -8.815 0.68 0.179 0.21 0.072855 20000 1.000000
240.476000 33.247900 -18.571 7.699 0.175 0.217 0.038806 20000 1.000000
240.936000 34.319900 -14.046 4.885 0.17 0.207 0.059078 20000 1.000000
241.354000 34.059300 -14.828 3.582 0.189 0.227 0.021084 20000 1.000000
242.151000 33.992700 -13.167 3.818 0.183 0.217 0.064222 20000 1.000000
239.935000 34.004300 -15.081 7.029 0.177 0.212 0.048002 20000 1.000000
239.640000 35.917400 -11.709 -0.485 0.199 0.243 0.118853 20000 1.000000
241.585000 35.158200 -7.77 -0.235 0.169 0.208 0.057285 20000 1.000000
243.923000 33.650600 -8.091 -0.754 0.177 0.213 0.086702 20000 1.000000
243.770000 36.934800 -5.464 -3.184 0.178 0.223 0.072233 20000 1.000000
239.867000 34.483500 -15.151 6.74 0.178 0.223 0.038835 20000 1.000000
243.839000 33.641200 -12.084 0.846 0.195 0.221 0.051361 20000 1.000000
242.951000 39.542200 -5.729 -4.016 0.178 0.222 0.144688 20000 1.000000
242.816000 38.097200 -5.935 -3.236 0.169 0.213 0.048446 20000 1.000000
241.669000 33.797800 -14.141 4.65 0.179 0.215 0.042777 20000 1.000000
241.163000 34.248000 -13.896 4.762 0.177 0.212 0.111747 20000 1.000000
235.849000 41.053900 -10.565 -5.294 0.175 0.224 0.007740 20000 1.000000
241.558000 34.069100 -14.356 3.43 0.191 0.22 0.095233 20000 1.000000
240.156000 34.413300 -16.307 5.75 0.197 0.223 -0.040329 20000 1.000000
241.198000 39.627100 -6.839 -4.044 0.171 0.22 0.071106 20000 1.000000
241.715000 34.024000 -9.498 12.033 0.249 0.295 0.184339 20000 1.000000
243.915000 33.030100 -13.051 3.157 0.173 0.206 0.059736 20000 1.000000
240.516000 34.851500 -12.388 3.54 0.187 0.225 0.061228 20000 1.000000
238.053000 38.394500 -7.691 -2.771 0.173 0.222 0.015626 20000 1.000000
241.780000 34.178600 -12.634 4.231 0.226 0.24 0.156257 20000 1.000000
241.486000 34.126400 -13.783 4.17 0.17 0.207 0.069493 20000 1.000000
241.516000 34.293200 -13.039 3.392 0.177 0.211 0.059612 20000 1.000000
239.384000 34.556300 -15.708 6.904 0.169 0.206 0.059011 20000 1.000000
241.879000 34.501500 -12.756 2.65 0.186 0.221 0.047995 20000 1.000000
241.706000 33.712600 -13.861 5.075 0.175 0.212 0.041074 20000 1.000000
242.807000 33.225000 -13.755 5.009 0.171 0.205 0.074669 20000 1.000000
241.346000 37.664300 -4.403 -1.371 0.179 0.229 0.064671 20000 1.000000
241.016000 35.010800 -9.941 3.01 0.194 0.234 0.032324 20000 1.000000
243.608000 33.934800 -8.817 -0.541 0.212 0.248 0.017175 20000 1.000000
241.258000 34.568500 -12.066 2.084 0.187 0.224 0.183979 20000 1.000000
241.586000 34.259400 -13.134 4.098 0.202 0.248 0.025306 20000 1.000000
243.068000 34.669000 -8.219 -0.259 0.189 0.227 -0.053469 20000 1.000000
241.572000 33.958200 -14.743 5.32 0.24 0.26 -0.261661 20000 1.000000
243.346000 33.955300 -8.974 1.204 0.18 0.214 0.028421 20000 1.000000
243.111000 35.425200 -6.206 -3.786 0.189 0.23 0.049820 20000 1.000000
243.920000 35.287000 -5.576 -2.021 0.18 0.22 0.060857 20000 1.000000
