242.907000 34.116400 -12.935 -1.255 0.912 0.563 -0.068040 20000 1.000000
242.555000 33.274300 -12.489 6.905 0.175 0.202 -0.006676 20000 1.000000
242.555000 33.274300 -12.33 6.839 0.17 0.196 -0.005385 20000 1.000000
243.571000 34.594300 -5.806 0.285 0.167 0.197 -0.005035 20000 1.000000
242.675000 33.341900 -12.333 6.976 0.167 0.195 0.012373 20000 1.000000
242.524000 33.381100 -12.485 7.157 0.169 0.195 -0.001047 20000 1.000000
242.103000 34.126000 -9.726 6.065 0.222 0.243 -0.049526 20000 1.000000
242.795000 40.412800 -5.497 -1.766 0.165 0.209 -0.012522 20000 1.000000
240.970000 33.480500 -14.889 8.763 0.188 0.211 -0.037918 20000 1.000000
243.116000 34.264300 -7.877 1.32 0.194 0.227 0.032095 20000 1.000000
243.379000 37.039900 -4.851 -1.221 0.18 0.218 0.022288 20000 1.000000
244.002000 34.000500 -6.102 -0.572 0.17 0.198 -0.026108 20000 1.000000
242.935000 33.578200 -11.367 5.928 0.179 0.207 -0.029604 20000 1.000000
243.920000 35.287000 -5.018 -0.4 0.172 0.204 -0.013590 20000 1.000000
245.285000 33.610400 0.927 1.463 2.133 1.187 -0.029860 20000 1.000000
243.947000 34.251400 -5.671 -0.478 0.171 0.2 -0.016042 20000 1.000000
241.723000 34.184900 -11.741 4.904 0.195 0.226 0.018188 20000 1.000000
242.988000 34.918600 -7.095 1.021 0.169 0.201 0.010589 20000 1.000000
241.812000 34.292800 -12.708 6.142 0.264 0.274 -0.322863 20000 1.000000
242.156000 42.779500 -4.993 -1.285 0.176 0.231 -0.012816 20000 1.000000
240.653000 35.157300 -9.969 2.509 0.172 0.209 0.012485 20000 1.000000
235.437000 42.836100 -0.558 -0.226 0.162 0.212 -0.018451 20000 1.000000
244.010000 33.655100 -7.087 1.281 0.175 0.206 0.014822 20000 1.000000
239.566000 35.939400 -8.964 2.245 0.168 0.202 -0.020858 20000 1.000000
239.569000 35.888400 -8.322 4.431 0.19 0.22 -0.009874 20000 1.000000
241.666000 33.311600 -12.642 7.784 0.167 0.194 0.004128 20000 1.000000
241.517000 33.445800 -12.409 8.172 0.169 0.199 -0.024323 20000 1.000000
241.370000 34.138600 -13.101 6.478 0.211 0.225 0.089553 20000 1.000000
242.329000 35.565300 -7.659 1.224 0.174 0.212 -0.010160 20000 1.000000
243.664000 34.829500 -5.486 -0.971 0.183 0.208 -0.027356 20000 1.000000
241.974000 34.333400 -12.805 3.203 1.023 0.54 0.003185 20000 1.000000
242.172000 34.640500 -8.204 2.632 0.177 0.213 0.036386 20000 1.000000
241.063000 34.109600 -12.267 7.816 0.183 0.221 0.005528 20000 1.000000
241.873000 34.136700 -10.388 8.846 0.194 0.222 0.031173 20000 1.000000
242.576000 34.271200 -14.609 6.449 0.17 0.195 -0.009999 20000 1.000000
242.521000 34.313800 -9.676 4.862 0.897 0.525 0.048025 20000 1.000000
241.856000 34.530300 -6.531 5.928 0.183 0.207 -0.112133 20000 1.000000
242.291000 34.109900 -8.976 4.349 0.941 0.531 -0.035600 20000 1.000000
245.126000 40.558400 -5.502 -1.466 0.18 0.213 0.033979 20000 1.000000
244.877000 32.863500 -4.542 -1.844 0.923 0.542 -0.044393 20000 1.000000
244.272000 32.850500 -10.27 6.054 1.043 0.544 0.002516 20000 1.000000
240.120000 34.414900 -11.676 9.099 0.169 0.198 -0.018129 20000 1.000000
242.427000 35.071700 -7.35 2.321 0.174 0.204 0.036858 20000 1.000000
239.249000 35.791600 -12.908 8.199 0.175 0.207 -0.020900 20000 1.000000
242.900000 34.039100 -10.823 3.405 0.812 0.507 -0.009623 20000 1.000000
240.275000 35.242100 -10.207 4.429 0.164 0.195 0.000840 20000 1.000000
244.265000 33.069800 -9.343 4.064 0.173 0.199 -0.000697 20000 1.000000
240.961000 34.168400 -11.107 7.401 0.17 0.201 0.010103 20000 1.000000
241.743000 33.861500 -12.055 6.291 0.954 0.537 -0.034929 20000 1.000000
241.476000 34.253600 -11.569 6.957 1.162 0.596 0.020036 20000 1.000000
240.629000 34.408100 -12.195 5.896 0.195 0.233 -0.012514 20000 1.000000
241.387000 34.516500 -9.771 5.121 0.176 0.204 -0.027039 20000 1.000000
243.630000 34.124100 -6.849 1.52 0.187 0.22 -0.078064 20000 1.000000
242.098000 34.082000 -4.624 3.328 1.068 0.552 -0.055754 20000 1.000000
241.603000 34.334000 -9.963 5.178 0.263 0.258 -0.170170 20000 1.000000
244.212000 33.389800 -8.013 0.708 0.18 0.207 -0.015425 20000 1.000000
242.154000 35.267500 -5.379 2.561 0.889 0.52 -0.026527 20000 1.000000
242.140000 34.413400 -10.401 4.63 0.17 0.214 -0.007615 20000 1.000000
241.873000 33.938300 -13.377 6.523 0.933 0.514 -0.005447 20000 1.000000
242.588000 33.647700 -12.082 6.263 0.165 0.193 -0.004717 20000 1.000000
241.170000 34.946200 -10.211 0.63 0.176 0.213 -0.002587 20000 1.000000
245.061000 39.345200 -5.237 -1.371 0.169 0.21 -0.009614 20000 1.000000
244.183000 40.914700 -6.516 -1.465 0.162 0.209 -0.010461 20000 1.000000
242.574000 33.649100 -9.604 6.234 0.949 0.527 -0.045670 20000 1.000000
241.574000 34.703100 -9.279 7.369 0.845 0.557 -0.041780 20000 1.000000
242.474000 34.104200 -10.676 5.059 0.199 0.231 -0.014274 20000 1.000000
239.991000 34.733000 -13.063 6.923 0.171 0.199 0.019852 20000 1.000000
243.064000 34.093600 -9.048 0.071 0.19 0.272 0.067205 20000 1.000000
241.116000 34.356300 -11.796 6.736 0.171 0.198 -0.002244 20000 1.000000
246.195000 39.369400 -5.177 -1.236 0.174 0.212 -0.025001 20000 1.000000
244.200000 32.945000 -15.324 4.837 1.513 0.752 -0.019791 20000 1.000000
241.107000 34.800200 -9.845 3.017 0.179 0.211 0.005687 20000 1.000000
240.644000 40.416500 -6.56 -2.201 0.169 0.217 -0.041763 20000 1.000000
244.479000 33.274800 -5.705 -2.088 0.176 0.2 -0.010759 20000 1.000000
243.617000 34.291400 -4.901 0.616 0.958 0.537 -0.020167 20000 1.000000
245.173000 33.051100 -3.842 -0.457 0.173 0.201 -0.065505 20000 1.000000
244.340000 34.784000 -4.881 -1.631 0.195 0.234 -0.063306 20000 1.000000
245.810000 34.308600 -4.473 -0.89 0.172 0.199 -0.025917 20000 1.000000
245.820000 40.640200 -5.652 -2.692 0.167 0.21 0.014678 20000 1.000000
239.584000 36.399000 -7.037 -0.187 0.206 0.243 -0.039045 20000 1.000000
241.887000 34.047400 -12.262 5.162 1.006 0.548 -0.014930 20000 1.000000
242.701000 35.011500 -5.701 1.312 0.971 0.54 0.009962 20000 1.000000
243.570000 34.754800 -5.93 -0.46 0.169 0.2 0.001151 20000 1.000000
242.999000 33.708100 -9.964 4.455 1.352 0.739 -0.028813 20000 1.000000
244.365000 33.705000 -5.531 -1.629 0.193 0.232 -0.040493 20000 1.000000
239.520000 35.866700 -12.002 7.103 0.202 0.258 0.012525 20000 1.000000
242.155000 34.458200 -9.845 3.156 0.976 0.55 -0.044546 20000 1.000000
239.598000 35.880800 -8.686 3.229 0.183 0.216 0.071846 20000 1.000000
240.812000 34.441200 -11.338 6.431 0.179 0.211 0.000707 20000 1.000000
244.089000 34.727300 -5.258 -1.514 0.173 0.206 0.001000 20000 1.000000
243.779000 33.796800 -7.933 2.078 0.172 0.202 0.020191 20000 1.000000
244.855000 34.157600 -5.359 -1.012 0.168 0.199 0.016148 20000 1.000000
241.526000 35.662300 -7.198 1.606 0.176 0.209 -0.077085 20000 1.000000
242.045000 34.449100 -9.411 4.575 0.166 0.201 -0.017226 20000 1.000000
240.992000 34.398500 -9.03 5.007 0.171 0.203 -0.014377 20000 1.000000
243.827000 33.925400 -6.564 0.096 0.195 0.223 -0.007856 20000 1.000000
243.241000 33.236000 -19.09 2.366 1.634 0.85 0.005464 20000 1.000000
242.165000 34.485500 -8.731 3.017 0.742 0.488 -0.041143 20000 1.000000
242.609000 33.744200 -11.294 5.334 0.185 0.211 0.067295 20000 1.000000
242.555000 33.817400 -10.476 6.126 1.222 0.688 -0.047435 20000 1.000000
243.060000 35.090200 -5.98 0.825 0.174 0.203 -0.014044 20000 1.000000
239.553000 34.691000 -13.696 9.135 1.005 0.54 -0.038019 20000 1.000000
242.246000 34.133300 -11.51 5.251 0.172 0.201 0.010173 20000 1.000000
239.406000 35.828700 -12.494 8.01 0.173 0.208 0.009489 20000 1.000000
242.454000 34.314900 -9.407 3.512 0.191 0.226 0.056598 20000 1.000000
241.970000 34.527100 -9.895 3.404 0.175 0.212 -0.046068 20000 1.000000
240.896000 34.733600 -13.174 3.317 0.931 0.552 -0.051148 20000 1.000000
239.557000 35.832600 -11.106 6.983 0.169 0.202 -0.002294 20000 1.000000
242.563000 33.856800 -11.171 5.737 0.171 0.196 -0.017059 20000 1.000000
238.778000 42.418300 -5.309 -2.079 0.242 0.339 0.015187 20000 1.000000
244.021000 36.632500 -4.61 -0.786 0.168 0.204 0.032184 20000 1.000000
239.649000 34.038300 -13.394 9.367 0.173 0.204 -0.035018 20000 1.000000
243.904000 40.148400 -4.562 -0.723 0.173 0.22 -0.087404 20000 1.000000
242.682000 33.918400 -11.013 5.613 0.17 0.197 0.001073 20000 1.000000
239.566000 35.969500 -7.966 1.23 0.178 0.203 -0.045967 20000 1.000000
244.588000 40.710700 -5.288 -2.215 0.169 0.225 -0.021512 20000 1.000000
241.122000 34.295500 -12.768 6.972 0.193 0.221 0.011647 20000 1.000000
243.352000 34.038500 -6.409 2.959 0.195 0.232 0.093034 20000 1.000000
245.381000 34.767700 -5.853 -0.876 0.18 0.214 -0.015898 20000 1.000000
242.491000 39.685600 -5.503 -1.218 0.17 0.213 -0.014457 20000 1.000000
240.859000 34.498700 -10.607 4.358 0.169 0.198 -0.004884 20000 1.000000
243.932000 34.141000 -6.208 0.008 0.169 0.198 0.009869 20000 1.000000
242.653000 33.240700 -13.014 6.508 0.195 0.209 -0.135856 20000 1.000000
244.082000 34.369900 -5.134 -1.007 0.17 0.203 -0.042556 20000 1.000000
243.708000 34.533000 -5.785 0.126 0.181 0.207 -0.021785 20000 1.000000
243.185000 34.674900 -6.64 0.531 0.181 0.215 0.086578 20000 1.000000
240.647000 34.683400 -12.299 6.296 0.207 0.239 -0.030137 20000 1.000000
242.814000 39.521100 -5.176 -1.497 0.168 0.208 -0.014172 20000 1.000000
245.995000 32.722500 -4.535 -1.159 0.175 0.2 0.028000 20000 1.000000
244.721000 39.910200 -4.868 -1.676 0.183 0.217 -0.003023 20000 1.000000
245.543000 36.154200 -4.816 -1.42 0.168 0.2 -0.014977 20000 1.000000
245.180000 41.724200 -5.779 -1.444 0.166 0.213 -0.034258 20000 1.000000
242.670000 41.428700 -5.267 -2.008 0.165 0.213 0.001527 20000 1.000000
235.925000 40.876300 -2.288 1.866 0.218 0.269 0.045149 20000 1.000000
236.274000 38.928300 -10.387 9.804 0.165 0.205 -0.011013 20000 1.000000
237.585000 40.997600 -6.733 -3.656 0.193 0.255 -0.079623 20000 1.000000
243.830000 32.616500 -13.541 6.843 0.168 0.194 -0.015587 20000 1.000000
238.997000 35.551800 -12.597 9.757 0.17 0.205 0.014580 20000 1.000000
242.015000 39.305600 -5.978 -1.704 0.171 0.216 -0.044585 20000 1.000000
242.395000 39.287900 -6.178 -1.516 0.17 0.208 -0.019560 20000 1.000000
243.576000 39.500500 -5.236 -1.619 0.164 0.211 0.008845 20000 1.000000
243.950000 39.546400 -5.38 -1.853 0.169 0.207 0.014809 20000 1.000000
244.111000 39.374200 -5.482 -1.063 0.165 0.207 0.007657 20000 1.000000
244.487000 39.536100 -5.157 -1.713 0.167 0.212 -0.009085 20000 1.000000
244.568000 39.388600 -4.081 -1.567 0.161 0.203 -0.006849 20000 1.000000
242.120000 40.433400 -5.403 -1.73 0.167 0.211 0.016343 20000 1.000000
245.308000 39.255200 -4.872 -1.135 0.172 0.209 0.041390 20000 1.000000
245.723000 39.119400 -6.216 -1.895 0.167 0.212 -0.009913 20000 1.000000
246.129000 39.067300 -4.187 -2.96 0.238 0.292 -0.032585 20000 1.000000
246.495000 39.268900 -4.948 -1.677 0.164 0.21 0.005877 20000 1.000000
242.532000 40.320600 -5.689 -1.078 0.172 0.214 -0.052487 20000 1.000000
246.946000 40.494000 -4.719 -1.442 0.163 0.209 0.011162 20000 1.000000
243.264000 40.495500 -5.109 -1.949 0.175 0.219 -0.056750 20000 1.000000
243.721000 40.363200 -4.956 -1.109 0.165 0.21 0.012416 20000 1.000000
240.200000 39.572800 -8.544 -1.692 0.167 0.209 -0.018878 20000 1.000000
242.469000 36.614300 -6.354 -0.573 0.165 0.198 -0.007180 20000 1.000000
242.593000 36.804200 -5.815 -1.314 0.162 0.197 -0.005711 20000 1.000000
242.006000 36.606000 -7.36 0.158 0.174 0.205 0.076664 20000 1.000000
242.296000 37.200800 -5.997 -1.486 0.167 0.203 -0.003006 20000 1.000000
240.463000 39.698400 -8.478 -0.971 0.177 0.22 -0.015546 20000 1.000000
240.694000 39.795600 -7.035 -1.686 0.174 0.225 0.039380 20000 1.000000
241.126000 39.838800 -6.947 -1.607 0.178 0.219 -0.037033 20000 1.000000
241.316000 39.888900 -6.879 -1.987 0.169 0.214 -0.022883 20000 1.000000
241.841000 39.212300 -5.033 -0.946 0.162 0.203 0.002087 20000 1.000000
246.706000 41.856800 -5.906 -2.219 0.175 0.225 0.009573 20000 1.000000
246.958000 39.345100 -5.14 -1.345 0.168 0.209 -0.012173 20000 1.000000
246.988000 41.817300 -5.387 -1.884 0.166 0.213 -0.015048 20000 1.000000
246.722000 40.671300 -5.105 -0.817 0.168 0.214 -0.015470 20000 1.000000
240.400000 39.499200 -7.801 -1.083 0.183 0.219 0.037296 20000 1.000000
240.931000 39.486100 -7.722 -1.559 0.17 0.212 -0.006693 20000 1.000000
241.550000 39.133900 -6.498 -1.309 0.166 0.207 -0.002195 20000 1.000000
241.062000 39.268000 -7.444 -1.532 0.166 0.207 -0.019871 20000 1.000000
241.649000 39.454700 -5.446 -1.294 0.169 0.21 0.036937 20000 1.000000
241.995000 38.728800 -5.753 -1.052 0.167 0.206 -0.001271 20000 1.000000
241.540000 38.724600 -6.283 -1.146 0.173 0.219 -0.008675 20000 1.000000
241.070000 38.980900 -7.036 -0.989 0.163 0.208 -0.002926 20000 1.000000
240.985000 38.704600 -12.087 -8.43 0.186 0.224 -0.018081 20000 1.000000
240.541000 38.761400 -8.026 -0.814 0.182 0.215 -0.087947 20000 1.000000
240.523000 40.779800 -7.425 -1.958 0.183 0.221 0.070412 20000 1.000000
240.990000 40.242200 -7.563 -1.374 0.188 0.219 -0.084855 20000 1.000000
240.278000 39.908200 -8.592 -2.096 0.168 0.213 0.023457 20000 1.000000
239.307000 38.829200 -6.668 0.807 0.187 0.213 0.089214 20000 1.000000
239.614000 39.046600 -6.885 0.785 0.323 0.391 -0.049153 20000 1.000000
240.189000 39.123500 -8.876 0.075 0.171 0.213 -0.073800 20000 1.000000
240.376000 41.357700 -6.609 -2.116 0.165 0.213 -0.004226 20000 1.000000
239.716000 39.937400 -7.116 -0.853 0.161 0.203 -0.010297 20000 1.000000
239.194000 40.418600 -7.962 -2.113 0.214 0.256 0.063755 20000 1.000000
239.923000 40.288900 -7.535 -1.699 0.167 0.212 0.000263 20000 1.000000
235.692000 40.247500 -9.383 8.124 0.164 0.208 -0.003027 20000 1.000000
235.867000 40.551300 -2.714 3.385 0.175 0.223 -0.009251 20000 1.000000
235.787000 40.637400 -1.78 3.681 0.195 0.245 -0.006708 20000 1.000000
235.943000 40.219600 -7.94 3.705 0.17 0.215 0.006837 20000 1.000000
236.307000 40.119300 -7.165 0.96 0.18 0.231 0.024671 20000 1.000000
238.207000 36.485500 -13.338 10.763 0.168 0.201 -0.005663 20000 1.000000
238.710000 35.945700 -12.429 8.651 0.17 0.203 0.033517 20000 1.000000
238.949000 36.302100 -12.005 8.847 0.167 0.202 -0.006431 20000 1.000000
238.865000 36.425900 -11.728 8.696 0.166 0.2 0.004992 20000 1.000000
237.668000 37.534500 -9.494 5.764 0.212 0.223 -0.102993 20000 1.000000
237.623000 37.914500 -9.21 5.511 0.174 0.212 0.004219 20000 1.000000
236.819000 38.495000 -9.552 8.155 0.169 0.211 -0.065253 20000 1.000000
236.291000 39.117200 -10.989 5.979 0.168 0.213 -0.003241 20000 1.000000
236.652000 38.987400 -10.632 6.596 0.176 0.213 0.067076 20000 1.000000
236.796000 39.242000 -7.061 2.083 0.166 0.206 -0.007713 20000 1.000000
236.368000 42.275400 -2.182 -0.716 0.172 0.218 -0.005202 20000 1.000000
236.895000 39.319700 -8.377 0.639 0.172 0.212 0.033784 20000 1.000000
237.041000 38.664700 -8.848 4.831 0.223 0.276 0.138933 20000 1.000000
237.233000 38.428600 -7.213 6.271 0.168 0.21 0.000946 20000 1.000000
237.548000 38.239800 -7.197 3.419 0.171 0.211 -0.001825 20000 1.000000
237.083000 38.866100 -5.853 3.463 0.163 0.204 -0.005513 20000 1.000000
237.037000 39.398100 -5.2 -1.114 0.557 0.655 -0.049461 20000 1.000000
237.424000 38.777800 -5.885 3.397 0.17 0.221 -0.045791 20000 1.000000
237.281000 39.260000 -8.865 3.73 0.168 0.208 0.026863 20000 1.000000
237.696000 39.109300 -6.031 -0.842 0.172 0.213 -0.017291 20000 1.000000
237.873000 37.069200 -12.898 8.815 0.207 0.241 0.206328 20000 1.000000
238.137000 36.962000 -12.171 7.324 0.194 0.221 -0.039984 20000 1.000000
238.009000 37.201700 -9.29 6.547 0.198 0.232 -0.075230 20000 1.000000
238.203000 37.001000 -11.21 6.039 0.265 0.287 0.091809 20000 1.000000
238.274000 37.002400 -10.022 5.691 0.18 0.225 0.020965 20000 1.000000
238.349000 37.104500 -9.52 4.392 0.203 0.226 -0.126992 20000 1.000000
238.286000 37.203500 -11.305 3.467 0.173 0.206 0.039261 20000 1.000000
237.786000 37.329900 -10.618 10.137 0.166 0.202 0.006817 20000 1.000000
237.901000 37.336900 -9.05 8.206 0.345 0.447 -0.011000 20000 1.000000
237.900000 37.722000 -8.65 3.528 0.165 0.201 -0.004468 20000 1.000000
237.781000 37.863900 -7.573 2.591 0.174 0.219 0.015780 20000 1.000000
237.942000 37.713900 -8.576 5.355 0.191 0.229 -0.085328 20000 1.000000
238.174000 37.336800 -6.92 6.203 0.167 0.203 -0.012049 20000 1.000000
238.210000 37.533000 -7.125 2.147 0.175 0.213 0.005461 20000 1.000000
238.313000 37.601800 -6.896 0.883 0.17 0.206 0.033586 20000 1.000000
238.022000 37.749400 -6.899 2.675 0.168 0.204 -0.011642 20000 1.000000
238.214000 37.819000 -5.392 1.135 0.173 0.208 0.001168 20000 1.000000
238.095000 36.621700 -12.29 8.889 0.168 0.204 -0.020637 20000 1.000000
238.421000 36.724000 -12.093 7.546 0.167 0.201 -0.009345 20000 1.000000
238.580000 36.800400 -8.323 5.889 0.166 0.201 -0.011330 20000 1.000000
238.409000 36.858500 -11.374 7.495 0.167 0.203 -0.024080 20000 1.000000
238.459000 36.814300 -11.171 8.19 0.17 0.203 -0.004176 20000 1.000000
238.445000 36.903500 -10.383 6.246 0.17 0.203 -0.022427 20000 1.000000
238.613000 36.637000 -12.391 8.043 0.179 0.213 -0.068272 20000 1.000000
238.458000 37.007800 -8.92 4.226 0.168 0.214 0.012041 20000 1.000000
238.426000 37.213000 -8.341 0.234 0.168 0.202 -0.001205 20000 1.000000
238.665000 36.918200 -7.05 0.952 0.164 0.2 -0.003255 20000 1.000000
238.645000 37.010800 -7.534 1.126 0.176 0.217 -0.036381 20000 1.000000
240.294000 37.713100 -5.422 0.916 0.173 0.212 -0.024449 20000 1.000000
238.812000 36.559500 -12.809 6.676 0.164 0.198 -0.008578 20000 1.000000
238.131000 37.975600 -6.277 0.387 0.165 0.203 0.000076 20000 1.000000
238.936000 36.611600 -13.56 -1.476 0.164 0.198 -0.004491 20000 1.000000
238.732000 36.950000 -6.38 0.389 0.167 0.202 0.013047 20000 1.000000
238.652000 36.811400 -6.716 2.043 0.166 0.202 -0.016785 20000 1.000000
238.942000 37.169600 -7.688 0.04 0.17 0.206 -0.004006 20000 1.000000
238.347000 37.478400 -6.804 0.984 0.184 0.223 -0.000632 20000 1.000000
238.531000 37.489600 -4.232 -3.563 0.165 0.202 -0.012333 20000 1.000000
238.675000 37.581900 -7.017 0.328 0.168 0.207 -0.021136 20000 1.000000
238.395000 37.932000 -5.962 0.717 0.165 0.204 -0.006696 20000 1.000000
238.536000 37.755300 -6.816 0.826 0.167 0.205 -0.007803 20000 1.000000
238.717000 37.385400 -6.254 -0.001 0.17 0.21 -0.020105 20000 1.000000
237.782000 38.153000 -4.901 -0.448 0.165 0.204 -0.023697 20000 1.000000
237.904000 38.025100 -5.319 3.842 0.172 0.212 -0.066853 20000 1.000000
237.805000 38.444200 -6.451 1.777 0.177 0.23 -0.003919 20000 1.000000
237.645000 38.999500 -6.506 -3.303 0.225 0.251 0.062752 20000 1.000000
238.905000 38.645300 -5.262 0.972 0.164 0.203 -0.011727 20000 1.000000
239.652000 35.544100 -10.872 8.402 0.171 0.203 -0.011502 20000 1.000000
239.611000 35.841100 -11.374 5.919 0.173 0.205 -0.029008 20000 1.000000
239.655000 35.837800 -7.65 3.977 0.171 0.207 0.010565 20000 1.000000
239.715000 35.806700 -6.58 4.207 0.175 0.209 -0.007201 20000 1.000000
239.093000 35.933300 -9.597 10.045 0.165 0.199 -0.006578 20000 1.000000
239.019000 36.417200 -6.344 2.08 0.165 0.199 -0.003893 20000 1.000000
239.147000 36.515900 -7.355 1.257 0.171 0.209 -0.012663 20000 1.000000
239.302000 36.024800 -12.888 8.647 0.166 0.207 0.004091 20000 1.000000
239.121000 36.140200 -12.137 7.209 0.169 0.202 -0.005073 20000 1.000000
239.251000 36.106800 -12.315 7.699 0.164 0.197 -0.003820 20000 1.000000
239.272000 36.178900 -6.474 0.671 0.164 0.197 0.000454 20000 1.000000
239.355000 35.922800 -12.791 8.465 0.165 0.198 -0.013671 20000 1.000000
239.525000 36.007500 -13.078 -0.139 0.202 0.221 -0.033549 20000 1.000000
239.457000 36.089400 -8.594 -0.883 0.165 0.199 -0.003229 20000 1.000000
239.560000 36.123200 -6.399 1.395 0.165 0.199 -0.004382 20000 1.000000
239.158000 35.697100 -12.163 9.323 0.172 0.2 0.038613 20000 1.000000
239.637000 36.051700 -6.904 2.041 0.169 0.199 -0.008819 20000 1.000000
239.448000 35.974100 -11.423 8.147 0.182 0.21 -0.054360 20000 1.000000
239.706000 36.015800 -6.806 1.787 0.166 0.199 -0.011674 20000 1.000000
239.723000 36.304400 -8.325 0.291 0.167 0.202 -0.005215 20000 1.000000
239.257000 36.806300 -6.99 1.263 0.167 0.205 -0.007383 20000 1.000000
239.803000 37.352200 -5.977 0.452 0.174 0.211 -0.017186 20000 1.000000
239.356000 37.795200 -6.176 0.836 0.173 0.207 -0.015761 20000 1.000000
240.160000 37.901100 -6.24 1.354 0.189 0.214 -0.106042 20000 1.000000
239.049000 38.090000 -6.345 0.568 0.168 0.208 -0.015440 20000 1.000000
239.666000 38.735600 -7.795 0.602 0.192 0.218 0.041941 20000 1.000000
241.480000 37.177600 -9.179 -1.047 0.165 0.201 0.000236 20000 1.000000
236.283000 39.863600 -10.278 3.308 0.221 0.271 -0.104679 20000 1.000000
236.448000 39.905700 -6.633 1.582 0.201 0.261 -0.044872 20000 1.000000
236.628000 39.452400 -7.995 1.857 0.168 0.214 0.012438 20000 1.000000
236.705000 39.707100 -8.44 -0.466 0.179 0.222 -0.061059 20000 1.000000
236.813000 39.492800 -8.164 1.338 0.179 0.244 0.031430 20000 1.000000
236.817000 39.962100 -7.694 -2.724 0.165 0.209 -0.053337 20000 1.000000
236.344000 40.256800 -6.554 0.531 0.169 0.215 0.017409 20000 1.000000
236.117000 41.151700 -3.296 -0.673 0.172 0.218 0.013164 20000 1.000000
236.301000 40.575300 -6.326 -1.973 0.176 0.221 0.062852 20000 1.000000
236.427000 40.478900 -6.391 -0.254 0.206 0.257 0.191402 20000 1.000000
236.548000 40.082200 -8.067 -0.297 0.163 0.207 -0.000896 20000 1.000000
236.864000 40.324100 -9.01 -1.121 0.179 0.228 -0.019475 20000 1.000000
236.676000 40.732900 -6.489 -2.11 0.164 0.208 -0.034454 20000 1.000000
236.826000 40.546700 -7.145 -1.399 0.17 0.218 -0.030031 20000 1.000000
237.024000 39.621400 -7.308 -0.013 0.179 0.212 0.049536 20000 1.000000
237.264000 39.493600 -6.085 0.163 0.164 0.204 -0.018209 20000 1.000000
237.126000 39.726200 -7.709 -0.161 0.179 0.225 0.042228 20000 1.000000
237.077000 40.747600 -5.425 -1.06 0.172 0.218 -0.024217 20000 1.000000
236.666000 40.887100 -6.352 -1.558 0.162 0.208 -0.006284 20000 1.000000
237.729000 40.271200 -7.267 -0.338 0.179 0.22 -0.084053 20000 1.000000
239.132000 39.794700 -13.4 -9.239 0.183 0.231 -0.035001 20000 1.000000
239.052000 41.183300 -6.391 -3.087 0.166 0.216 -0.037004 20000 1.000000
237.681000 40.731100 -8.671 0.628 0.202 0.234 0.040492 20000 1.000000
235.774000 42.209100 0.879 -0.822 0.172 0.215 0.000610 20000 1.000000
236.617000 42.503500 -1.431 -1.141 0.166 0.216 -0.006239 20000 1.000000
237.344000 42.191000 -2.798 -1.86 0.171 0.222 -0.041267 20000 1.000000
238.220000 42.259700 -6.474 -2.153 0.165 0.21 -0.015984 20000 1.000000
239.622000 42.468800 -6.275 -1.634 0.164 0.217 -0.036300 20000 1.000000
241.588000 42.254600 -4.721 -1.82 0.161 0.21 -0.013359 20000 1.000000
243.371000 36.071300 -5.201 -1.277 0.175 0.214 0.048393 20000 1.000000
242.835000 36.022500 -5.867 0.263 0.175 0.203 -0.014210 20000 1.000000
242.590000 36.159000 -6.229 0.257 0.177 0.21 0.034326 20000 1.000000
241.868000 36.466800 -8.911 0.602 0.19 0.234 -0.210211 20000 1.000000
242.211000 36.531200 -7.452 -0.584 0.162 0.198 -0.010823 20000 1.000000
241.909000 36.570200 -8.306 1.406 0.187 0.211 -0.069532 20000 1.000000
241.882000 36.975700 -7.643 -0.104 0.165 0.201 -0.003171 20000 1.000000
242.064000 37.231400 -6.848 -0.518 0.183 0.216 0.045955 20000 1.000000
242.606000 34.462400 -8.241 2.562 0.179 0.206 0.004133 20000 1.000000
242.459000 33.562100 -11.504 6.645 0.167 0.194 0.013819 20000 1.000000
242.895000 32.889200 -12.881 6.233 0.173 0.197 -0.017649 20000 1.000000
243.050000 32.733800 -12.093 7.209 0.165 0.191 -0.009893 20000 1.000000
242.756000 32.666400 -12.851 7.604 0.178 0.198 0.064694 20000 1.000000
242.810000 33.439600 -11.327 5.81 0.167 0.195 0.009046 20000 1.000000
242.928000 33.235700 -11.941 6.759 0.179 0.2 0.039545 20000 1.000000
243.217000 33.493300 -10.947 5.678 0.168 0.195 -0.006515 20000 1.000000
243.651000 32.976000 -13.373 7.38 0.171 0.198 -0.002331 20000 1.000000
243.989000 32.822200 -11.56 5.996 0.173 0.197 -0.057711 20000 1.000000
243.329000 33.240200 -11.629 5.851 0.176 0.2 -0.005888 20000 1.000000
243.431000 33.059200 -11.967 6.331 0.167 0.192 -0.015884 20000 1.000000
243.379000 33.375600 -11.098 5.929 0.171 0.198 0.027124 20000 1.000000
243.591000 33.210200 -12.059 4.466 0.181 0.211 -0.000077 20000 1.000000
243.817000 33.213500 -11.44 4.6 0.168 0.194 -0.010972 20000 1.000000
243.921000 33.201000 -10.95 4.131 0.169 0.195 -0.002674 20000 1.000000
243.888000 33.296200 -9.713 3.037 0.171 0.198 -0.060877 20000 1.000000
243.574000 33.523500 -10.582 2.013 0.18 0.203 0.045660 20000 1.000000
243.773000 33.574700 -8.87 2.366 0.176 0.211 0.006631 20000 1.000000
244.031000 32.887000 -11.981 5.886 0.171 0.197 -0.005573 20000 1.000000
244.175000 32.954700 -10.935 5.196 0.168 0.194 -0.013336 20000 1.000000
244.268000 32.759700 -11.098 6.701 0.176 0.205 -0.002641 20000 1.000000
244.404000 32.750600 -10.615 4.835 0.186 0.205 -0.011227 20000 1.000000
244.423000 32.834700 -8.946 4.609 0.174 0.2 -0.004571 20000 1.000000
244.430000 32.898400 -8.527 3.447 0.176 0.201 0.008356 20000 1.000000
244.700000 32.690000 -5.288 -0.06 0.168 0.194 -0.015081 20000 1.000000
244.602000 32.875800 -4.912 -0.77 0.175 0.202 0.002811 20000 1.000000
244.578000 32.982500 -5.304 -0.916 0.174 0.199 0.015114 20000 1.000000
244.280000 32.948900 -9.939 4.257 0.172 0.198 -0.005880 20000 1.000000
244.234000 33.516400 -6.667 -0.051 0.208 0.24 0.046035 20000 1.000000
244.313000 33.423900 -6.414 -0.682 0.175 0.202 0.034518 20000 1.000000
244.571000 33.247800 -5.586 -0.919 0.173 0.2 -0.012808 20000 1.000000
244.657000 33.143600 -4.959 -1.482 0.17 0.197 -0.017372 20000 1.000000
244.704000 33.886900 -5.609 -1.114 0.177 0.2 0.003113 20000 1.000000
240.305000 37.562600 -7.23 0.584 0.182 0.208 0.093269 20000 1.000000
239.350000 34.907300 -12.382 9.814 0.165 0.195 -0.007912 20000 1.000000
239.590000 35.010700 -13.104 7.571 0.17 0.199 -0.003252 20000 1.000000
239.760000 34.870600 -12.082 7.529 0.168 0.197 0.011935 20000 1.000000
239.617000 35.106200 -11.337 9.231 0.176 0.204 0.069254 20000 1.000000
241.822000 34.376400 -11.558 4.436 0.189 0.217 -0.026411 20000 1.000000
239.925000 35.020000 -14.251 5.657 0.165 0.195 -0.004333 20000 1.000000
240.208000 34.507800 -14.39 5.85 0.173 0.196 -0.006317 20000 1.000000
240.384000 34.630500 -11.449 4.558 0.165 0.194 -0.000533 20000 1.000000
240.185000 34.888600 -15.992 5.413 0.163 0.193 -0.000342 20000 1.000000
240.464000 35.086600 -9.719 3.689 0.164 0.194 -0.001198 20000 1.000000
239.192000 35.425800 -12.367 8.443 0.166 0.198 -0.012197 20000 1.000000
239.455000 35.327800 -11.537 8.517 0.17 0.204 0.049648 20000 1.000000
239.520000 35.624800 -11.99 7.732 0.167 0.2 0.002824 20000 1.000000
239.463000 35.792700 -11.795 7.948 0.167 0.201 0.002265 20000 1.000000
239.733000 35.633800 -10.997 6.604 0.169 0.198 0.014169 20000 1.000000
239.629000 35.747900 -10.076 7.446 0.17 0.202 -0.004128 20000 1.000000
237.762000 37.061200 -11.464 8.692 0.168 0.203 -0.007694 20000 1.000000
239.899000 35.235100 -11.915 6.768 0.188 0.214 0.043150 20000 1.000000
239.975000 35.279800 -11.684 6.669 0.171 0.206 -0.033815 20000 1.000000
240.065000 35.316800 -10.253 5.626 0.168 0.2 -0.008773 20000 1.000000
239.887000 35.534200 -9.992 5.075 0.166 0.199 -0.007512 20000 1.000000
239.818000 35.702700 -7.736 4.241 0.179 0.213 0.004932 20000 1.000000
239.869000 35.801300 -6.759 2.634 0.176 0.204 0.003092 20000 1.000000
239.999000 35.686700 -7.16 3.167 0.171 0.201 -0.045047 20000 1.000000
239.707000 35.688900 -10.695 7.066 0.166 0.198 -0.011832 20000 1.000000
240.287000 35.319000 -8.694 3.236 0.174 0.208 -0.017549 20000 1.000000
240.091000 35.934700 -6.532 1.778 0.168 0.2 0.000353 20000 1.000000
240.496000 34.466800 -11.065 7.664 0.165 0.194 -0.001169 20000 1.000000
240.885000 34.660100 -12.414 5.141 0.173 0.201 0.048395 20000 1.000000
240.845000 34.856200 -9.436 4.814 0.247 0.332 -0.119585 20000 1.000000
239.755000 35.686700 -10.658 6.896 0.168 0.198 -0.008945 20000 1.000000
241.121000 34.835100 -9.727 3.494 0.168 0.197 0.011159 20000 1.000000
241.152000 34.792300 -9.514 4.216 0.173 0.208 -0.004085 20000 1.000000
241.331000 34.695000 -9.702 1.599 0.174 0.206 0.049508 20000 1.000000
241.454000 34.771100 -9.985 4.169 0.17 0.201 0.001232 20000 1.000000
241.344000 34.944400 -7.809 2.228 0.175 0.206 -0.054543 20000 1.000000
241.388000 35.138600 -7.856 2.295 0.167 0.198 -0.030464 20000 1.000000
241.459000 34.821800 -8.731 3.717 0.178 0.205 -0.018006 20000 1.000000
241.876000 35.378000 -8 1.165 0.169 0.198 -0.017855 20000 1.000000
241.740000 35.667300 -8.425 1.27 0.175 0.203 0.010424 20000 1.000000
241.233000 36.231400 -6.658 2.15 0.172 0.202 0.050889 20000 1.000000
241.045000 36.585500 -6.287 1.91 0.164 0.199 -0.008026 20000 1.000000
241.740000 36.093100 -7.623 1.291 0.171 0.202 -0.022928 20000 1.000000
241.994000 35.038800 -7.111 2.199 0.169 0.199 0.003644 20000 1.000000
242.271000 34.509700 -8.528 2.701 0.168 0.198 -0.013424 20000 1.000000
242.451000 34.634300 -7.841 2.371 0.167 0.198 -0.022045 20000 1.000000
242.457000 34.987000 -6.521 1.983 0.172 0.201 0.031096 20000 1.000000
243.048000 33.892600 -9.541 3.821 0.165 0.193 -0.004840 20000 1.000000
243.454000 34.019300 -8.088 1.097 0.167 0.195 -0.019460 20000 1.000000
242.719000 34.534800 -7.746 1.94 0.194 0.207 -0.112792 20000 1.000000
241.969000 34.332200 -11.277 4.975 0.17 0.2 0.007238 20000 1.000000
242.635000 35.116800 -6.341 2.027 0.167 0.197 -0.017240 20000 1.000000
241.983000 35.152400 -6.405 2.408 0.168 0.199 -0.009600 20000 1.000000
242.697000 35.238500 -6.359 1.322 0.169 0.198 -0.004494 20000 1.000000
242.795000 35.387900 -5.952 1.183 0.164 0.195 0.000308 20000 1.000000
242.610000 35.896700 -6.488 -0.179 0.182 0.218 -0.032854 20000 1.000000
242.597000 35.697600 -6.956 1.16 0.167 0.199 -0.010597 20000 1.000000
243.111000 35.998200 -6.135 -0.205 0.177 0.202 -0.015990 20000 1.000000
243.112000 35.710600 -5.021 -0.735 0.165 0.199 -0.001794 20000 1.000000
243.290000 34.192500 -6.502 1.826 0.171 0.197 -0.013125 20000 1.000000
243.463000 34.217200 -6.984 1.565 0.17 0.196 0.006574 20000 1.000000
243.788000 33.865800 -7.523 1.72 0.166 0.195 0.005213 20000 1.000000
243.920000 33.959300 -6.292 -0.06 0.169 0.195 -0.005206 20000 1.000000
239.772000 35.729200 -8.501 4.172 0.168 0.199 0.002537 20000 1.000000
243.971000 34.716900 -5.605 -1.569 0.18 0.207 -0.048322 20000 1.000000
243.329000 34.936800 -6.046 -0.486 0.172 0.206 0.006946 20000 1.000000
242.063000 34.341100 -12.034 4.208 0.182 0.22 -0.007776 20000 1.000000
243.120000 34.462100 -7.088 1.572 0.167 0.196 -0.013164 20000 1.000000
244.179000 33.741000 -6.203 -0.827 0.188 0.214 -0.014110 20000 1.000000
243.107000 34.062700 -8.976 2.428 0.184 0.217 -0.038581 20000 1.000000
244.236000 34.425700 -4.712 -1.447 0.204 0.219 0.023866 20000 1.000000
244.350000 35.204800 -4.93 -1.085 0.173 0.203 -0.044922 20000 1.000000
242.685000 34.187400 -9.831 0.271 0.17 0.201 0.036850 20000 1.000000
242.950000 34.196200 -13.123 -0.879 0.199 0.205 0.072025 20000 1.000000
244.750000 34.731800 -4.646 -1.091 0.215 0.252 -0.042850 20000 1.000000
243.237000 35.204600 -6.506 0.725 0.167 0.197 -0.001258 20000 1.000000
242.107000 35.424600 -7.17 2.219 0.166 0.197 -0.013192 20000 1.000000
243.428000 35.320600 -5.4 -0.474 0.169 0.203 -0.004627 20000 1.000000
243.896000 35.141900 -4.644 -1.258 0.179 0.202 -0.041058 20000 1.000000
243.878000 35.526000 -5.267 -0.999 0.168 0.201 -0.020344 20000 1.000000
243.855000 35.785400 -4.949 -1.338 0.167 0.2 -0.020317 20000 1.000000
244.456000 35.472800 -4.281 -0.867 0.167 0.203 -0.007805 20000 1.000000
244.634000 35.163000 -5.152 -0.992 0.171 0.203 -0.047843 20000 1.000000
245.401000 34.188900 -4.694 -1.077 0.17 0.2 -0.011534 20000 1.000000
245.035000 34.844400 -4.854 -1.133 0.17 0.199 -0.026321 20000 1.000000
244.762000 35.291100 -4.73 -1.82 0.168 0.2 -0.013999 20000 1.000000
241.621000 37.973100 -7.093 -2.468 0.165 0.204 -0.037281 20000 1.000000
241.000000 37.613000 -8.803 -2.52 0.169 0.205 -0.044157 20000 1.000000
241.084000 37.605300 -9.343 -4.466 0.173 0.223 -0.030359 20000 1.000000
240.914000 37.785700 -8.539 0.045 0.205 0.231 -0.124677 20000 1.000000
240.967000 37.913500 -8.368 0.336 0.163 0.2 -0.006377 20000 1.000000
240.974000 37.696600 -9.172 0.952 0.251 0.28 0.113268 20000 1.000000
240.862000 37.839300 -9.289 0.568 0.183 0.214 0.006762 20000 1.000000
240.853000 37.962800 -9.377 0.545 0.167 0.202 -0.020051 20000 1.000000
240.916000 37.914100 -7.833 0.068 0.168 0.204 -0.005656 20000 1.000000
241.056000 37.734300 -8.798 1.773 0.166 0.204 -0.011820 20000 1.000000
241.131000 37.654600 -6.721 -0.546 0.166 0.206 -0.013724 20000 1.000000
241.040000 37.891700 -8.075 0.425 0.173 0.207 -0.016729 20000 1.000000
241.148000 37.878200 -7.32 0.407 0.168 0.204 -0.022397 20000 1.000000
241.183000 37.591400 -9.272 -3.047 0.171 0.221 0.062646 20000 1.000000
241.302000 37.561600 -6.743 -0.709 0.172 0.228 -0.014829 20000 1.000000
241.316000 37.495400 -9.635 -1.22 0.162 0.199 -0.008061 20000 1.000000
241.406000 37.541300 -7.866 -0.761 0.166 0.203 -0.003534 20000 1.000000
241.180000 37.677000 -6.618 -1.03 0.165 0.203 -0.004928 20000 1.000000
241.232000 37.754400 -6.675 0.35 0.172 0.218 0.030177 20000 1.000000
240.981000 37.800000 -8.762 0.372 0.168 0.205 0.034863 20000 1.000000
241.264000 37.903500 -6.899 0.475 0.167 0.205 -0.018383 20000 1.000000
241.445000 37.891300 -6.664 -0.518 0.176 0.208 0.060247 20000 1.000000
241.762000 37.589200 -6.882 -1.356 0.165 0.203 -0.010886 20000 1.000000
241.528000 37.737500 -6.843 -0.514 0.172 0.206 0.016532 20000 1.000000
237.804000 41.344800 -75.015 -326.798 0.363 0.497 0.048607 20000 1.000000
237.706000 41.381200 -5.57 -3.19 0.175 0.215 0.052366 20000 1.000000
237.809000 41.479200 -5.704 -3.547 0.445 0.616 -0.051815 20000 1.000000
237.687000 41.463600 -5.521 -2.948 0.167 0.224 -0.049635 20000 1.000000
237.847000 41.531900 -4.446 -2.255 0.416 0.466 0.056952 20000 1.000000
238.493000 41.711600 -6.147 -2.795 0.164 0.211 -0.011606 20000 1.000000
246.132000 42.878900 -5.484 -1.263 0.163 0.216 -0.025053 20000 1.000000
241.275000 37.380400 -13.438 -1.364 0.301 0.333 0.133120 20000 1.000000
241.439000 37.439500 -8.079 -1.061 0.177 0.21 -0.016852 20000 1.000000
240.254000 37.088900 -6.572 1.166 0.169 0.205 0.038892 20000 1.000000
241.853000 37.280500 -7.373 -1.287 0.168 0.205 0.003791 20000 1.000000
239.172000 41.359200 -6.775 -1.774 0.219 0.273 -0.074725 20000 1.000000
239.527000 41.332500 -6.249 -2.046 0.169 0.215 -0.004742 20000 1.000000
235.587000 42.442000 -0.607 0.439 0.17 0.22 -0.078330 20000 1.000000
235.707000 42.076600 -2.108 -0.311 0.173 0.216 0.003339 20000 1.000000
238.120000 42.579800 -4.863 -2.148 0.169 0.215 -0.021848 20000 1.000000
242.275000 42.020200 -4.388 -1.647 0.167 0.216 -0.011822 20000 1.000000
243.404000 33.598200 -8.633 2.821 0.239 0.283 -0.109767 20000 1.000000
243.397000 33.495500 -9.272 3.825 0.173 0.203 0.004178 20000 1.000000
244.492000 32.829400 -8.015 3.887 0.171 0.197 -0.006305 20000 1.000000
237.579000 41.830800 -7.503 -3.569 0.173 0.224 0.027233 20000 1.000000
236.019000 41.845500 -1.86 0.874 0.185 0.267 -0.069384 20000 1.000000
238.521000 36.744300 -12.172 7.711 0.183 0.214 0.050316 20000 1.000000
239.528000 35.946600 -6.883 3.857 0.188 0.216 0.053443 20000 1.000000
239.485000 35.929100 -11.149 8.48 0.224 0.274 -0.000857 20000 1.000000
236.427000 40.478800 -6.955 -0.556 0.228 0.285 0.207087 20000 1.000000
237.036000 39.845700 -9.667 -3.731 0.165 0.209 -0.031919 20000 1.000000
243.852000 34.508100 -5.337 -0.353 0.166 0.195 -0.009184 20000 1.000000
245.241000 32.497900 -4.86 -0.873 0.178 0.198 -0.006391 20000 1.000000
243.407000 33.537300 -10.084 5.945 0.18 0.212 0.048634 20000 1.000000
241.651000 34.021700 -11.814 5.956 0.176 0.212 0.018998 20000 1.000000
241.379000 34.836000 -8.366 2.627 0.171 0.201 -0.004058 20000 1.000000
241.983000 35.152400 -6.483 2.435 0.171 0.203 -0.012679 20000 1.000000
241.983000 35.152500 -5.717 2.34 0.17 0.202 -0.003074 20000 1.000000
235.946000 42.861900 -0.766 -0.347 0.192 0.237 0.145305 20000 1.000000
242.968000 33.389000 -7.329 7.569 1.231 0.666 0.020250 20000 1.000000
243.936000 31.559100 -12.263 7.668 0.175 0.195 0.062771 20000 1.000000
238.728000 35.709000 -12.594 9.666 0.188 0.22 -0.019242 20000 1.000000
242.077000 34.508200 -9.261 3.461 0.175 0.203 0.004726 20000 1.000000
239.241000 36.186900 -4.546 4.854 0.174 0.203 0.045893 20000 1.000000
239.233000 36.180500 -12.314 8.133 0.171 0.203 0.004484 20000 1.000000
244.450000 32.490100 -10.589 6.248 0.171 0.204 -0.041244 20000 1.000000
242.305000 34.925400 -6.597 2.345 0.171 0.202 -0.042890 20000 1.000000
244.116000 32.417000 -13.878 6.772 0.208 0.234 -0.005768 20000 1.000000
243.076000 33.687100 -12.767 5.046 1.032 0.578 -0.005557 20000 1.000000
239.522000 35.919900 -11.225 5.053 0.171 0.204 0.021971 20000 1.000000
242.818000 33.835700 -10.078 4.922 0.188 0.211 -0.012100 20000 1.000000
242.193000 34.091800 -11.956 5.374 0.619 0.382 0.010401 20000 1.000000
244.165000 31.313100 -13.449 6.505 0.168 0.191 -0.017550 20000 1.000000
241.596000 33.743300 -11.233 6.545 0.927 0.513 -0.028189 20000 1.000000
241.628000 33.779500 -12.787 8.012 1.368 0.729 -0.003034 20000 1.000000
238.863000 36.161100 -11.424 10.285 0.171 0.203 0.010801 20000 1.000000
239.056000 39.974600 -11.245 -2.56 0.202 0.25 -0.057228 20000 1.000000
243.849000 34.683200 -5.574 -1.859 0.168 0.198 -0.012561 20000 1.000000
242.317000 35.338700 -6.264 1.499 0.168 0.199 -0.003983 20000 1.000000
240.280000 34.500000 -12.999 10.377 0.172 0.203 -0.004932 20000 1.000000
242.413000 33.444100 -14.192 8.366 0.192 0.216 0.009604 20000 1.000000
243.375000 34.643900 -6.439 0.26 0.171 0.198 -0.027767 20000 1.000000
241.974000 34.019100 -11.925 7.163 0.189 0.219 -0.039724 20000 1.000000
242.391000 33.674100 -3.761 0.901 0.99 0.542 -0.009571 20000 1.000000
242.445000 33.485800 -12.429 7.437 0.172 0.198 0.030502 20000 1.000000
239.475000 35.900000 -16.977 10.476 0.176 0.213 -0.024399 20000 1.000000
241.807000 34.875100 -7.961 3.159 0.179 0.208 -0.001264 20000 1.000000
240.816000 34.541500 -13.532 7.078 0.188 0.22 0.060093 20000 1.000000
244.877000 40.617200 -5.67 -1.104 0.168 0.218 0.002856 20000 1.000000
238.442000 37.666500 -7.01 0.657 0.167 0.204 -0.011356 20000 1.000000
241.245000 34.459800 -12.251 2.175 0.188 0.225 -0.019441 20000 1.000000
239.775000 40.591700 -7.361 -2.242 0.172 0.22 -0.033509 20000 1.000000
240.984000 41.868400 -5.425 -2.052 0.18 0.229 0.048981 20000 1.000000
243.701000 35.971300 -3.609 -0.386 0.175 0.204 -0.041388 20000 1.000000
241.521000 34.438600 -11.655 5.436 0.205 0.232 -0.065223 20000 1.000000
240.116000 39.314300 -9.575 -1.686 0.167 0.214 -0.034806 20000 1.000000
244.022000 33.292200 -8.645 2.721 0.171 0.197 -0.003169 20000 1.000000
240.936000 34.319900 -12.763 7.701 0.165 0.195 -0.001021 20000 1.000000
242.151000 33.992700 -11.861 5.635 0.178 0.205 0.003835 20000 1.000000
239.935000 34.004300 -13.518 8.453 0.178 0.204 -0.008700 20000 1.000000
239.930000 34.607300 -11.902 8.157 1.034 0.549 -0.030277 20000 1.000000
239.640000 35.917400 -10.356 1.2 0.188 0.215 0.042258 20000 1.000000
241.585000 35.158200 -7.616 1.793 0.166 0.199 -0.007848 20000 1.000000
243.923000 33.650600 -6.906 1.502 0.171 0.201 0.023196 20000 1.000000
242.233000 33.549600 -11.009 7.618 0.195 0.209 -0.028043 20000 1.000000
243.770000 36.934800 -4.738 -1.658 0.164 0.199 0.012200 20000 1.000000
239.867000 34.483500 -13.126 8.108 0.176 0.21 -0.009718 20000 1.000000
243.839000 33.641200 -8.326 1.625 0.198 0.226 0.008177 20000 1.000000
246.368000 31.335500 -4.025 -1.232 0.17 0.19 -0.022414 20000 1.000000
242.951000 39.542200 -4.792 -2.04 0.174 0.21 0.073541 20000 1.000000
242.816000 38.097200 -4.197 -1.647 0.165 0.204 -0.011943 20000 1.000000
241.669000 33.797800 -13 7.286 0.92 0.571 0.028429 20000 1.000000
241.163000 34.248000 -13.008 7.316 0.174 0.202 0.051936 20000 1.000000
241.771000 34.878900 -8.12 2.149 1.002 0.551 -0.042642 20000 1.000000
235.849000 41.053900 -1.215 1.11 0.183 0.233 -0.024370 20000 1.000000
241.198000 39.627100 -6.981 -1.423 0.163 0.205 0.002173 20000 1.000000
241.723000 34.019500 -14.19 4.304 0.165 0.194 -0.002672 20000 1.000000
243.915000 33.030100 -11.575 5.545 0.168 0.194 -0.011282 20000 1.000000
238.053000 38.394500 -6.092 0.844 0.171 0.211 -0.017675 20000 1.000000
241.780000 34.178600 -12.689 5.335 0.218 0.234 0.059818 20000 1.000000
241.486000 34.126400 -11.71 7.361 0.168 0.197 0.019922 20000 1.000000
241.516000 34.293200 -11.555 5.476 0.172 0.2 -0.007179 20000 1.000000
239.384000 34.556300 -12.327 9.489 0.168 0.198 0.000549 20000 1.000000
241.879000 34.501500 -12.776 5.398 0.886 0.539 -0.023393 20000 1.000000
241.706000 33.712600 -12.24 7.047 0.978 0.548 -0.022908 20000 1.000000
242.807000 33.225000 -12.562 6.659 0.166 0.193 0.008339 20000 1.000000
241.346000 37.664300 -5.108 -1.36 0.185 0.227 -0.017993 20000 1.000000
241.016000 35.010800 -8.222 2.547 0.185 0.221 -0.042150 20000 1.000000
241.648000 35.695000 -5.711 2.221 0.933 0.547 -0.029121 20000 1.000000
241.258000 34.568500 -10.587 4.991 0.184 0.213 0.118708 20000 1.000000
241.586000 34.259400 -13.33 6.967 1.442 0.761 -0.025506 20000 1.000000
244.418000 33.038300 -5.807 1.351 1.094 0.58 -0.033593 20000 1.000000
243.068000 34.669000 -6.819 1.136 0.185 0.218 -0.120808 20000 1.000000
241.758000 35.695600 -6.194 3.431 1.428 0.779 0.114404 20000 1.000000
241.572000 33.958200 -11.545 6.498 1.131 0.6 -0.185362 20000 1.000000
244.421000 33.278800 -6.262 -2.108 1.127 0.609 -0.035252 20000 1.000000
243.346000 33.955300 -7.742 2.792 0.342 0.284 -0.013295 20000 1.000000
243.111000 35.425200 -5.116 0.447 0.184 0.217 -0.025079 20000 1.000000
243.532000 36.840400 -5.066 -1.189 0.163 0.199 0.007108 20000 1.000000
243.920000 35.287000 -5.018 -0.399 0.172 0.204 -0.013590 20000 1.000000
