242.907000 34.116400 -8.206 1.638 0.184 0.225 -0.009783 20000 1.000000
242.555000 33.274300 -12.35 4.488 0.175 0.202 0.019077 20000 1.000000
243.571000 34.594300 -5.201 -1.742 0.171 0.2 0.022745 20000 1.000000
241.305000 34.824500 -9.233 0.906 0.185 0.217 0.002971 20000 1.000000
242.675000 33.341900 -12.317 4.266 0.172 0.2 0.028172 20000 1.000000
242.524000 33.381100 -12.052 4.5 0.173 0.198 0.017258 20000 1.000000
242.103000 34.126000 -11.788 2.31 0.247 0.262 0.108971 20000 1.000000
240.970000 33.480500 -14.015 6.208 0.192 0.215 -0.018742 20000 1.000000
243.116000 34.264300 -7.425 0.786 0.195 0.231 0.070085 20000 1.000000
240.594000 34.920500 -10.445 1.783 0.172 0.203 -0.001877 20000 1.000000
243.379000 37.039900 -3.971 -3.175 0.203 0.244 0.039064 20000 1.000000
244.002000 34.000500 -4.9 -2.3 0.174 0.202 -0.002863 20000 1.000000
242.935000 33.578200 -11.491 3.666 0.185 0.211 0.007418 20000 1.000000
243.920000 35.287000 -4.479 -2.792 0.175 0.206 0.016495 20000 1.000000
245.285000 33.610400 -3.57 -3.685 0.173 0.2 -0.000077 20000 1.000000
243.947000 34.251400 -4.692 -2.9 0.175 0.203 0.018014 20000 1.000000
241.723000 34.184900 -11.909 2.612 0.197 0.228 0.049232 20000 1.000000
242.988000 34.918600 -6.246 -1.483 0.18 0.21 -0.017333 20000 1.000000
241.812000 34.292800 -11.728 3.657 0.265 0.27 -0.309108 20000 1.000000
242.156000 42.779500 -5.07 -3.584 0.171 0.227 0.012100 20000 1.000000
240.653000 35.157300 -8.698 0.447 0.176 0.211 0.035712 20000 1.000000
235.437000 42.836100 -4.045 0.147 0.175 0.232 0.005298 20000 1.000000
244.010000 33.655100 -6.103 -2.207 0.184 0.215 0.038349 20000 1.000000
239.566000 35.939400 -8.815 0.5 0.17 0.206 0.000625 20000 1.000000
239.569000 35.888400 -12.036 3.474 0.196 0.229 0.032476 20000 1.000000
241.666000 33.311600 -12.847 5.316 0.17 0.197 0.024694 20000 1.000000
241.517000 33.445800 -13.356 5.085 0.174 0.204 0.001795 20000 1.000000
241.370000 34.138600 -12.668 3.906 0.211 0.227 0.105733 20000 1.000000
242.329000 35.565300 -6.795 -0.923 0.178 0.214 0.021940 20000 1.000000
240.987000 34.806400 -9.908 1.406 0.321 0.413 -0.084553 20000 1.000000
243.664000 34.829500 -4.682 -3.808 0.188 0.213 0.010760 20000 1.000000
242.035000 34.244000 -11.281 3.122 0.202 0.248 -0.092229 20000 1.000000
241.974000 34.333400 -11.691 1.362 0.192 0.215 0.075153 20000 1.000000
242.172000 34.640500 -7.809 0.019 0.183 0.22 0.076221 20000 1.000000
241.063000 34.109600 -12.767 5.03 0.186 0.224 0.038035 20000 1.000000
241.873000 34.136700 -13.165 2.432 0.21 0.236 0.037394 20000 1.000000
242.576000 34.271200 -9.335 2.693 0.171 0.197 0.012445 20000 1.000000
242.521000 34.313800 -9.588 0.036 0.187 0.216 0.106151 20000 1.000000
241.856000 34.530300 -9.607 1.062 0.196 0.217 -0.119067 20000 1.000000
242.291000 34.109900 -10.889 1.406 0.183 0.212 -0.014642 20000 1.000000
245.126000 40.558400 -4.357 -3.355 0.184 0.217 0.048122 20000 1.000000
244.877000 32.863500 -4.361 -4.148 0.179 0.202 0.012298 20000 1.000000
244.272000 32.850500 -9.541 3.532 0.179 0.205 -0.008136 20000 1.000000
240.120000 34.414900 -13.604 5.269 0.176 0.206 -0.015269 20000 1.000000
242.427000 35.071700 -6.201 -0.791 0.178 0.208 0.059717 20000 1.000000
239.249000 35.791600 -11.735 5.58 0.178 0.212 0.002412 20000 1.000000
240.275000 35.242100 -9.641 1.049 0.176 0.207 0.017748 20000 1.000000
244.265000 33.069800 -7.183 1.031 0.183 0.209 0.020184 20000 1.000000
240.961000 34.168400 -13.233 5.257 0.174 0.204 0.039126 20000 1.000000
241.743000 33.861500 -12.298 4.134 0.177 0.208 0.009974 20000 1.000000
241.476000 34.253600 -12.46 3.952 0.18 0.211 0.050775 20000 1.000000
240.629000 34.408100 -13.279 3.322 0.197 0.234 -0.000014 20000 1.000000
241.387000 34.516500 -10.779 2.554 0.179 0.207 0.006082 20000 1.000000
243.630000 34.124100 -5.207 -1.857 0.192 0.222 -0.045579 20000 1.000000
242.098000 34.082000 -13.043 3.642 0.19 0.219 -0.034297 20000 1.000000
241.603000 34.334800 -8.066 9.723 0.336 0.343 -0.140884 20000 1.000000
241.603000 34.334000 -12.012 3.118 0.268 0.258 -0.152129 20000 1.000000
244.212000 33.389800 -7.11 -1.396 0.182 0.209 0.008342 20000 1.000000
242.154000 35.267500 -6.106 -0.661 0.26 0.296 -0.127491 20000 1.000000
242.140000 34.413400 -10.186 0.834 0.173 0.217 0.013619 20000 1.000000
241.873000 33.938300 -12.04 2.824 0.173 0.202 0.023016 20000 1.000000
242.588000 33.647700 -11.063 3.833 0.169 0.196 0.017272 20000 1.000000
241.170000 34.946200 -9.993 -2.048 0.179 0.216 0.011873 20000 1.000000
245.061000 39.345200 -5.408 -3.465 0.176 0.216 -0.004560 20000 1.000000
244.183000 40.914700 -4.774 -3.713 0.169 0.215 0.013617 20000 1.000000
241.871000 33.583500 -14.469 3.089 0.179 0.207 0.036720 20000 1.000000
242.574000 33.649100 -10.9 3.471 0.177 0.206 -0.013010 20000 1.000000
241.574000 34.703100 -12.348 -2.14 0.173 0.203 0.022821 20000 1.000000
242.474000 34.104200 -10.987 2.471 0.2 0.233 0.016205 20000 1.000000
239.991000 34.733000 -13.628 4.483 0.174 0.203 0.038622 20000 1.000000
243.064000 34.093600 -8.609 0.427 0.194 0.277 0.089881 20000 1.000000
241.116000 34.356300 -12.788 5.297 0.176 0.203 0.018801 20000 1.000000
246.195000 39.369400 -4.696 -3.903 0.176 0.215 0.000634 20000 1.000000
241.760000 34.733900 -6.642 0.594 0.177 0.207 0.009688 20000 1.000000
244.200000 32.945000 -11.128 3.017 0.202 0.216 0.025878 20000 1.000000
241.107000 34.800200 -9.666 0.316 0.181 0.212 0.020468 20000 1.000000
240.644000 40.416500 -5.928 -3.637 0.171 0.22 -0.022054 20000 1.000000
240.136000 35.189400 -12.008 3.189 0.176 0.212 0.014081 20000 1.000000
244.479000 33.274800 -5.247 -3.58 0.178 0.203 0.007432 20000 1.000000
243.617000 34.291400 -4.499 -1.899 0.177 0.206 -0.003427 20000 1.000000
245.173000 33.051100 -3.064 -2.697 0.215 0.24 -0.046856 20000 1.000000
244.340000 34.784000 -4.804 -3.556 0.197 0.232 -0.020948 20000 1.000000
245.810000 34.308600 -4.289 -4.462 0.179 0.205 0.012190 20000 1.000000
243.111000 35.425200 -4.467 -3.988 0.174 0.206 0.003460 20000 1.000000
245.820000 40.640200 -4.9 -3.761 0.169 0.213 0.022115 20000 1.000000
239.584000 36.399000 -4.761 0.571 0.208 0.246 -0.007168 20000 1.000000
241.887000 34.047400 -11.79 3.152 0.176 0.207 0.046130 20000 1.000000
242.701000 35.011500 -5.622 -0.822 0.172 0.203 0.016633 20000 1.000000
241.714000 33.783600 -13.711 5.129 0.201 0.234 -0.062186 20000 1.000000
243.570000 34.754800 -5.029 -3.076 0.174 0.203 0.037959 20000 1.000000
238.530000 40.815900 -4.501 -2.274 0.17 0.219 0.004065 20000 1.000000
242.999000 33.708100 -11.174 2.66 0.175 0.203 0.026807 20000 1.000000
244.365000 33.705000 -4.288 -4.077 0.194 0.233 -0.001314 20000 1.000000
239.520000 35.866700 -10.995 5.043 0.197 0.252 0.038914 20000 1.000000
242.155000 34.458200 -8.877 2.354 0.176 0.208 0.003043 20000 1.000000
239.598000 35.880800 -8.64 1.847 0.183 0.217 0.082867 20000 1.000000
240.812000 34.441200 -12.709 2.919 0.185 0.22 0.022547 20000 1.000000
244.089000 34.727300 -4.053 -3.757 0.177 0.209 0.032563 20000 1.000000
243.779000 33.796800 -7.287 -0.12 0.178 0.208 0.051067 20000 1.000000
244.855000 34.157600 -4.243 -3.525 0.172 0.202 0.044150 20000 1.000000
241.526000 35.662300 -7.852 -0.513 0.182 0.219 -0.032476 20000 1.000000
242.045000 34.449100 -9.619 3.04 0.169 0.206 -0.000375 20000 1.000000
240.992000 34.398500 -12.341 2.839 0.177 0.209 0.017712 20000 1.000000
243.827000 33.925400 -6.176 -0.967 0.183 0.208 0.024365 20000 1.000000
243.241000 33.236000 -15.117 4.337 0.199 0.223 0.097569 20000 1.000000
242.165000 34.485500 -8.507 1.219 0.171 0.201 0.014518 20000 1.000000
242.609000 33.744200 -10.776 3.2 0.188 0.213 0.093096 20000 1.000000
242.555000 33.817400 -11.216 2.923 0.177 0.206 0.030834 20000 1.000000
243.060000 35.090200 -4.565 -1.088 0.177 0.205 0.020775 20000 1.000000
239.553000 34.691000 -13.976 5.579 0.175 0.204 0.018545 20000 1.000000
242.246000 34.133300 -11.115 2.697 0.178 0.206 0.038533 20000 1.000000
239.406000 35.828700 -12.061 5.394 0.178 0.214 0.039393 20000 1.000000
242.454000 34.314900 -7.784 1.057 0.193 0.227 0.097366 20000 1.000000
241.970000 34.527100 -8.565 1.774 0.18 0.215 -0.028438 20000 1.000000
240.896000 34.733600 -10.918 1.897 0.178 0.214 0.027470 20000 1.000000
239.557000 35.832600 -11.064 4.677 0.173 0.207 0.018857 20000 1.000000
242.563000 33.856800 -10.895 3.237 0.175 0.2 0.013718 20000 1.000000
238.778000 42.418300 -4.759 -2.899 0.236 0.322 -0.000051 20000 1.000000
239.241000 36.186900 -5.569 -0.753 0.175 0.208 0.059142 20000 1.000000
239.233000 36.180500 -12.837 5.344 0.176 0.208 0.019067 20000 1.000000
244.021000 36.632500 -4.031 -3.964 0.171 0.206 0.039075 20000 1.000000
239.649000 34.038300 -14.213 6.354 0.176 0.207 -0.021635 20000 1.000000
241.874000 34.136800 -10.663 1.328 0.173 0.201 0.036359 20000 1.000000
243.904000 40.148400 -3.917 -4.457 0.175 0.223 -0.061703 20000 1.000000
242.682000 33.918400 -10.583 3.04 0.174 0.201 0.030656 20000 1.000000
239.566000 35.969500 -7.54 0.363 0.179 0.206 -0.028044 20000 1.000000
244.588000 40.710700 -4.653 -3.558 0.172 0.228 -0.008168 20000 1.000000
241.122000 34.295500 -12.598 4.381 0.194 0.223 0.018681 20000 1.000000
243.352000 34.038500 -6.027 0.091 0.205 0.241 0.123719 20000 1.000000
242.790000 34.230800 -8.64 0.549 0.264 0.265 0.239867 20000 1.000000
241.755000 34.055200 -13.496 2.839 0.256 0.245 0.270840 20000 1.000000
245.381000 34.767700 -4.337 -3.589 0.189 0.221 0.020046 20000 1.000000
242.491000 39.685600 -4.932 -3.377 0.174 0.218 0.005503 20000 1.000000
240.859000 34.498700 -12.565 2.283 0.171 0.2 0.011090 20000 1.000000
243.932000 34.141000 -5.112 -2.476 0.173 0.201 0.032168 20000 1.000000
242.653000 33.240700 -12.663 3.986 0.194 0.211 -0.108376 20000 1.000000
244.082000 34.369900 -3.897 -3.076 0.174 0.205 -0.012224 20000 1.000000
243.708000 34.533000 -4.891 -2.522 0.185 0.209 0.000424 20000 1.000000
243.185000 34.674900 -5.976 -1.716 0.184 0.214 0.107379 20000 1.000000
241.793000 34.128800 -12.247 3.019 0.171 0.201 0.008149 20000 1.000000
240.647000 34.683400 -12.916 2.587 0.215 0.258 -0.009155 20000 1.000000
242.814000 39.521100 -4.532 -3.722 0.184 0.227 0.012678 20000 1.000000
245.995000 32.722500 -2.667 -3.683 0.181 0.205 0.061327 20000 1.000000
244.721000 39.910200 -4.756 -3.453 0.189 0.221 0.017934 20000 1.000000
245.543000 36.154200 -3.571 -3.53 0.176 0.207 0.013278 20000 1.000000
245.180000 41.724200 -4.06 -4.572 0.171 0.219 -0.026307 20000 1.000000
242.670000 41.428700 -4.906 -3.554 0.179 0.23 0.017046 20000 1.000000
242.935000 42.981700 -4.669 -3.804 0.166 0.218 0.004979 20000 1.000000
235.925000 40.876300 -3.999 1.089 0.218 0.271 0.056511 20000 1.000000
236.274000 38.928300 -13.241 3.914 0.238 0.299 0.002262 20000 1.000000
237.585000 40.997600 -3.777 -1.962 0.195 0.26 -0.079282 20000 1.000000
243.830000 32.616500 -13.04 4.595 0.172 0.196 0.009308 20000 1.000000
238.997000 35.551800 -13.203 6.21 0.172 0.207 0.023234 20000 1.000000
242.015000 39.305600 -4.869 -3.417 0.18 0.229 -0.020351 20000 1.000000
242.395000 39.287900 -4.579 -4.214 0.178 0.22 0.001755 20000 1.000000
243.576000 39.500500 -4.707 -4.168 0.168 0.216 0.026437 20000 1.000000
243.950000 39.546400 -4.455 -3.668 0.173 0.211 0.026877 20000 1.000000
244.111000 39.374200 -4.598 -3.855 0.169 0.211 0.023887 20000 1.000000
244.487000 39.536100 -4.496 -3.786 0.173 0.217 0.007973 20000 1.000000
244.568000 39.388600 -5.487 -4.256 0.165 0.207 0.010721 20000 1.000000
242.120000 40.433400 -4.802 -4.001 0.171 0.216 0.036772 20000 1.000000
245.308000 39.255200 -4.988 -3.555 0.174 0.212 0.062080 20000 1.000000
245.723000 39.119400 -6.375 -4.925 0.174 0.22 0.015691 20000 1.000000
246.129000 39.067300 -4.356 -3.205 0.17 0.211 -0.000383 20000 1.000000
246.495000 39.268900 -4.083 -3.757 0.168 0.213 0.018971 20000 1.000000
242.532000 40.320600 -3.672 -4.101 0.175 0.218 -0.027034 20000 1.000000
246.946000 40.494000 -4.273 -3.258 0.168 0.213 0.023844 20000 1.000000
243.264000 40.495500 -4.135 -3.532 0.175 0.22 -0.015597 20000 1.000000
243.721000 40.363200 -4.702 -3.666 0.167 0.213 0.027557 20000 1.000000
240.200000 39.572800 -5.638 -2.314 0.17 0.214 0.000525 20000 1.000000
242.469000 36.614300 -4.902 -2.585 0.171 0.205 0.004772 20000 1.000000
242.593000 36.804200 -4.465 -2.361 0.166 0.201 0.011006 20000 1.000000
242.006000 36.606000 -6.123 -2.209 0.178 0.209 0.094737 20000 1.000000
242.296000 37.200800 -5.849 -3.574 0.17 0.207 0.012257 20000 1.000000
240.463000 39.698400 -6.181 -2.794 0.177 0.221 0.007967 20000 1.000000
240.694000 39.795600 -6.273 -3.251 0.214 0.277 0.064930 20000 1.000000
241.126000 39.838800 -5.653 -3.431 0.182 0.223 -0.020298 20000 1.000000
241.316000 39.888900 -5.714 -3.304 0.173 0.219 -0.003871 20000 1.000000
246.706000 41.856800 -4.456 -4.499 0.176 0.229 0.043338 20000 1.000000
246.958000 39.345100 -4.653 -3.481 0.173 0.213 0.006240 20000 1.000000
246.988000 41.817300 -5.824 -3.682 0.17 0.217 0.004207 20000 1.000000
246.722000 40.671300 -4.499 -3.447 0.173 0.218 0.000177 20000 1.000000
240.931000 39.486100 -5.229 -3.65 0.172 0.216 0.010469 20000 1.000000
241.550000 39.133900 -5.353 -2.78 0.168 0.211 0.017631 20000 1.000000
241.062000 39.268000 -5.894 -2.915 0.237 0.299 0.015416 20000 1.000000
241.649000 39.454700 -5.164 -3.497 0.171 0.214 0.057016 20000 1.000000
241.995000 38.728800 -5.287 -3.63 0.169 0.209 0.016007 20000 1.000000
241.540000 38.724600 -5.186 -2.997 0.185 0.229 0.023116 20000 1.000000
241.070000 38.980900 -5.705 -2.35 0.166 0.213 0.016330 20000 1.000000
240.541000 38.761400 -4.923 -2.459 0.181 0.218 -0.064649 20000 1.000000
240.523000 40.779800 -5.422 -2.677 0.186 0.226 0.087077 20000 1.000000
240.990000 40.242200 -5.446 -2.87 0.192 0.223 -0.059383 20000 1.000000
240.278000 39.908200 -6.68 -2.416 0.18 0.228 0.051550 20000 1.000000
239.307000 38.829200 -7.458 -2.122 0.195 0.224 0.106846 20000 1.000000
239.614000 39.046600 -8.237 -2.454 0.19 0.23 -0.040879 20000 1.000000
240.189000 39.123500 -7.189 -1.44 0.173 0.218 -0.048050 20000 1.000000
239.107000 39.466700 -7.993 -2.463 0.194 0.238 0.098328 20000 1.000000
240.376000 41.357700 -5.108 -3.273 0.169 0.218 0.012751 20000 1.000000
239.716000 39.937400 -6.135 -3.375 0.163 0.208 0.005653 20000 1.000000
239.194000 40.418600 -6.464 -2.046 0.209 0.253 0.037908 20000 1.000000
239.923000 40.288900 -5.796 -2.567 0.171 0.217 0.021363 20000 1.000000
235.692000 40.247500 -10.599 4.217 0.166 0.212 0.004295 20000 1.000000
235.867000 40.551300 -5.713 1.883 0.167 0.214 -0.001836 20000 1.000000
235.787000 40.637400 -4.569 2.632 0.194 0.246 0.029865 20000 1.000000
235.943000 40.219600 -9.095 2.982 0.17 0.218 0.021453 20000 1.000000
236.307000 40.119300 -7.474 0.418 0.18 0.235 0.050278 20000 1.000000
238.207000 36.485500 -12.933 6.48 0.166 0.202 0.006935 20000 1.000000
238.710000 35.945700 -12.623 6.279 0.173 0.209 0.055333 20000 1.000000
238.949000 36.302100 -13.258 5.911 0.17 0.207 0.020164 20000 1.000000
238.865000 36.425900 -12.98 5.887 0.174 0.211 0.045178 20000 1.000000
237.668000 37.534500 -9.234 3.868 0.222 0.238 -0.070693 20000 1.000000
237.623000 37.914500 -10.159 3.827 0.175 0.217 0.018859 20000 1.000000
236.819000 38.495000 -11.61 5.125 0.171 0.216 -0.049466 20000 1.000000
236.291000 39.117200 -12.999 4.652 0.17 0.216 0.016596 20000 1.000000
236.652000 38.987400 -12.444 3.582 0.179 0.22 0.083633 20000 1.000000
236.796000 39.242000 -10.261 1.186 0.169 0.213 0.009680 20000 1.000000
236.368000 42.275400 -3.804 0.649 0.176 0.227 0.009062 20000 1.000000
236.895000 39.319700 -9.633 -0.057 0.176 0.219 0.031467 20000 1.000000
237.041000 38.664700 -10.182 3.727 0.202 0.266 0.096495 20000 1.000000
237.233000 38.428600 -9.679 3.196 0.17 0.215 0.022515 20000 1.000000
237.548000 38.239800 -9.26 1.118 0.172 0.215 0.009264 20000 1.000000
237.083000 38.866100 -8.529 0.143 0.165 0.208 0.002864 20000 1.000000
237.037000 39.398100 -7.259 2.3 0.243 0.3 -0.041668 20000 1.000000
237.424000 38.777800 -7.469 0.643 0.174 0.229 -0.029302 20000 1.000000
237.281000 39.260000 -7.576 -4.506 0.169 0.212 0.046609 20000 1.000000
237.696000 39.109300 -7.052 -1.747 0.175 0.219 0.002751 20000 1.000000
237.873000 37.069200 -13.061 5.281 0.201 0.239 0.186796 20000 1.000000
238.137000 36.962000 -13.192 6.253 0.194 0.222 -0.033764 20000 1.000000
238.009000 37.201700 -10.583 4.189 0.198 0.233 -0.052789 20000 1.000000
238.203000 37.001000 -13.752 4.434 0.255 0.281 0.097540 20000 1.000000
238.274000 37.002400 -11.696 4.144 0.183 0.227 0.032598 20000 1.000000
238.349000 37.104500 -10.313 2.902 0.206 0.23 -0.100240 20000 1.000000
238.286000 37.203500 -7.147 2.648 0.177 0.211 0.058826 20000 1.000000
237.786000 37.329900 -11.501 5.954 0.168 0.206 0.020983 20000 1.000000
237.901000 37.336900 -11.35 4.557 0.174 0.22 -0.005199 20000 1.000000
237.900000 37.722000 -9.498 0.603 0.167 0.206 0.004536 20000 1.000000
237.781000 37.863900 -8.915 0.574 0.173 0.218 -0.000267 20000 1.000000
237.942000 37.713900 -9.036 1.406 0.187 0.226 -0.045422 20000 1.000000
238.174000 37.336800 -9.993 3.496 0.171 0.214 0.019497 20000 1.000000
238.210000 37.533000 -7.321 -0.503 0.17 0.209 0.022898 20000 1.000000
238.313000 37.601800 -6.598 -0.798 0.174 0.211 0.055663 20000 1.000000
238.022000 37.749400 -7.359 -0.457 0.17 0.209 0.002942 20000 1.000000
238.214000 37.819000 -6.964 -2.589 0.174 0.212 0.018353 20000 1.000000
238.095000 36.621700 -13.187 6.293 0.17 0.208 -0.002861 20000 1.000000
238.421000 36.724000 -13.293 5.782 0.171 0.208 -0.003093 20000 1.000000
238.580000 36.800400 -10.141 4.182 0.168 0.204 0.002375 20000 1.000000
238.409000 36.858500 -12.523 5.432 0.171 0.209 -0.011885 20000 1.000000
238.459000 36.814300 -12.548 6.948 0.17 0.205 0.012509 20000 1.000000
238.445000 36.903500 -10.796 3.131 0.171 0.207 -0.008059 20000 1.000000
238.613000 36.637000 -13.578 6.258 0.182 0.22 -0.042797 20000 1.000000
238.458000 37.007800 -9.506 2.222 0.17 0.213 0.013736 20000 1.000000
238.426000 37.213000 -8.939 -0.611 0.17 0.206 0.011480 20000 1.000000
238.665000 36.918200 -8.093 -0.821 0.167 0.204 0.008867 20000 1.000000
238.645000 37.010800 -8.095 -1.336 0.179 0.221 -0.020358 20000 1.000000
240.294000 37.713100 -7.574 -3.826 0.176 0.216 -0.006066 20000 1.000000
238.812000 36.559500 -12.388 7.564 0.167 0.203 0.002417 20000 1.000000
238.131000 37.975600 -6.609 -2.114 0.169 0.21 0.024920 20000 1.000000
238.936000 36.611600 -7.814 -0.155 0.166 0.202 0.003155 20000 1.000000
238.732000 36.950000 -6.973 -1.31 0.17 0.207 0.034250 20000 1.000000
238.652000 36.811400 -8.319 0.591 0.17 0.207 -0.002166 20000 1.000000
238.942000 37.169600 -7.345 -1.852 0.176 0.214 0.028949 20000 1.000000
238.347000 37.478400 -8.1 -1.105 0.186 0.226 0.015410 20000 1.000000
238.531000 37.489600 -6.24 -2.356 0.166 0.205 0.002417 20000 1.000000
238.675000 37.581900 -6.461 -0.98 0.173 0.215 -0.000158 20000 1.000000
238.395000 37.932000 -7.947 -1.883 0.169 0.209 0.005389 20000 1.000000
238.536000 37.755300 -6.658 -3.241 0.171 0.21 -0.006196 20000 1.000000
238.717000 37.385400 -7.109 -1.32 0.174 0.217 0.009072 20000 1.000000
237.782000 38.153000 -7.134 0.021 0.167 0.208 -0.013303 20000 1.000000
237.904000 38.025100 -7.718 0.469 0.174 0.218 -0.050805 20000 1.000000
237.805000 38.444200 -7.625 -1.573 0.178 0.233 0.014059 20000 1.000000
237.645000 38.999500 -6.852 -1.755 0.204 0.227 0.085365 20000 1.000000
238.905000 38.645300 -6.847 -1.699 0.168 0.209 0.008391 20000 1.000000
239.652000 35.544100 -10.303 5.146 0.176 0.21 0.010921 20000 1.000000
239.611000 35.841100 -9.725 3.339 0.178 0.21 -0.011194 20000 1.000000
239.655000 35.837800 -8.336 1.541 0.176 0.214 0.007335 20000 1.000000
239.715000 35.806700 -8.067 2.332 0.185 0.22 0.007348 20000 1.000000
239.093000 35.933300 -12.373 5.6 0.169 0.205 0.010289 20000 1.000000
239.019000 36.417200 -7.512 -0.586 0.176 0.216 0.022729 20000 1.000000
239.147000 36.515900 -7.229 -1.006 0.176 0.215 -0.004514 20000 1.000000
239.302000 36.024800 -12.26 5.63 0.169 0.211 0.005934 20000 1.000000
239.121000 36.140200 -12.415 6.412 0.171 0.205 0.008940 20000 1.000000
239.251000 36.106800 -12.042 5.69 0.166 0.201 0.010594 20000 1.000000
239.272000 36.178900 -6.549 -1.03 0.168 0.203 0.010891 20000 1.000000
239.355000 35.922800 -11.855 5.491 0.169 0.203 0.000702 20000 1.000000
239.525000 36.007500 -7.804 -0.603 0.191 0.216 0.013814 20000 1.000000
239.457000 36.089400 -7.551 -3.116 0.167 0.203 0.007595 20000 1.000000
239.560000 36.123200 -5.937 -0.19 0.168 0.203 0.007947 20000 1.000000
239.158000 35.697100 -12.441 6.559 0.174 0.204 0.048487 20000 1.000000
239.637000 36.051700 -6.136 1.15 0.172 0.202 0.005990 20000 1.000000
239.448000 35.974100 -11.209 5.751 0.187 0.217 -0.033261 20000 1.000000
239.706000 36.015800 -6.391 1.399 0.17 0.204 0.000208 20000 1.000000
239.723000 36.304400 0.122 1.263 0.171 0.208 0.003834 20000 1.000000
239.257000 36.806300 -6.17 -0.498 0.169 0.207 0.009785 20000 1.000000
239.803000 37.352200 -7.286 -1.573 0.181 0.223 -0.013603 20000 1.000000
239.356000 37.795200 -6.984 -1.884 0.185 0.218 0.014227 20000 1.000000
240.160000 37.901100 -5.314 0.272 0.191 0.218 -0.084653 20000 1.000000
239.049000 38.090000 -8.437 -1.215 0.216 0.26 0.004065 20000 1.000000
239.666000 38.735600 -8.085 -2.048 0.188 0.217 0.047874 20000 1.000000
241.480000 37.177600 -5.709 -1.48 0.168 0.203 0.013897 20000 1.000000
236.283000 39.863600 -12.271 1.852 0.209 0.265 -0.063375 20000 1.000000
236.448000 39.905700 -9.998 -0.102 0.194 0.252 -0.036433 20000 1.000000
236.628000 39.452400 -9.852 0.077 0.17 0.216 0.019859 20000 1.000000
236.705000 39.707100 -10.052 -1.379 0.179 0.224 -0.053495 20000 1.000000
236.813000 39.492800 -9.868 0.626 0.184 0.251 0.049136 20000 1.000000
236.817000 39.962100 -6.891 -0.8 0.184 0.233 -0.039434 20000 1.000000
236.344000 40.256800 -7.109 -0.455 0.168 0.217 0.019563 20000 1.000000
236.301000 40.575300 -5.307 -1.772 0.176 0.225 0.077555 20000 1.000000
236.427000 40.478900 -6.156 -1.52 0.205 0.261 0.203128 20000 1.000000
236.548000 40.082200 -7.818 0.642 0.165 0.211 0.008584 20000 1.000000
236.864000 40.324100 -5.179 -1.673 0.165 0.212 -0.000030 20000 1.000000
236.676000 40.732900 -3.895 -1.517 0.166 0.214 -0.017483 20000 1.000000
236.826000 40.546700 -5.072 -1.411 0.17 0.22 -0.013835 20000 1.000000
237.024000 39.621400 -8.344 -1.332 0.179 0.216 0.057374 20000 1.000000
237.126000 39.726200 -8.61 -1.666 0.171 0.218 0.046381 20000 1.000000
237.077000 40.747600 -4.763 -2.174 0.241 0.3 -0.004623 20000 1.000000
237.332000 40.034100 -5.858 -2.349 0.171 0.216 -0.001702 20000 1.000000
237.393000 40.650700 -4.531 -0.56 0.175 0.228 -0.034929 20000 1.000000
236.666000 40.887100 -4.389 -1.306 0.164 0.212 0.002325 20000 1.000000
237.729000 40.271200 -6.419 -1.928 0.258 0.317 -0.050977 20000 1.000000
239.132000 39.794700 -8.55 -3.038 0.168 0.218 -0.027609 20000 1.000000
239.052000 41.183300 -5.357 -2.534 0.168 0.219 -0.018929 20000 1.000000
237.681000 40.731100 -4.492 -0.217 0.199 0.233 0.053322 20000 1.000000
235.774000 42.209100 -5.518 -0.633 0.172 0.219 0.013572 20000 1.000000
235.946000 42.860100 -2.886 -1.185 0.193 0.25 0.073062 20000 1.000000
236.617000 42.503500 -5.215 0.099 0.169 0.222 0.012433 20000 1.000000
237.344000 42.191000 -3.572 -0.848 0.174 0.228 -0.027190 20000 1.000000
238.220000 42.259700 -3.31 -2.152 0.169 0.217 0.005326 20000 1.000000
239.622000 42.468800 -3.988 -2.711 0.17 0.224 -0.020300 20000 1.000000
243.371000 36.071300 -4.532 -3.263 0.185 0.223 0.069635 20000 1.000000
242.835000 36.022500 -5.857 -3.055 0.179 0.206 0.001728 20000 1.000000
242.590000 36.159000 -5.876 -2.451 0.186 0.22 0.066961 20000 1.000000
241.868000 36.466800 -5.297 -1.614 0.193 0.238 -0.186908 20000 1.000000
242.211000 36.531200 -5.709 -2.475 0.166 0.203 0.008813 20000 1.000000
241.909000 36.570200 -5.057 -1.688 0.191 0.216 -0.047254 20000 1.000000
241.882000 36.975700 -5.843 -2.284 0.166 0.203 0.015298 20000 1.000000
242.064000 37.231400 -5.115 -2.758 0.175 0.208 0.056474 20000 1.000000
242.606000 34.462400 -7.233 0.279 0.184 0.21 0.008568 20000 1.000000
242.459000 33.562100 -11.872 3.873 0.179 0.205 0.037646 20000 1.000000
242.895000 32.889200 -12.986 4.101 0.175 0.199 -0.001289 20000 1.000000
243.050000 32.733800 -13.077 4.586 0.169 0.194 0.013874 20000 1.000000
242.756000 32.666400 -13.153 4.709 0.188 0.204 0.102824 20000 1.000000
242.810000 33.439600 -11.857 3.446 0.17 0.197 0.023326 20000 1.000000
242.928000 33.235700 -12.442 4.535 0.181 0.201 0.059206 20000 1.000000
243.217000 33.493300 -10.895 2.94 0.171 0.198 0.017862 20000 1.000000
243.651000 32.976000 -12.771 4.261 0.174 0.201 0.018395 20000 1.000000
243.989000 32.822200 -11.846 3.542 0.175 0.199 -0.020604 20000 1.000000
243.329000 33.240200 -11.993 3.975 0.18 0.204 0.012560 20000 1.000000
243.431000 33.059200 -11.855 3.856 0.17 0.195 0.009505 20000 1.000000
243.379000 33.375600 -11.831 2.749 0.176 0.202 0.052086 20000 1.000000
243.591000 33.210200 -11.321 3.273 0.186 0.214 0.022029 20000 1.000000
243.817000 33.213500 -9.9 1.662 0.171 0.197 0.012799 20000 1.000000
243.921000 33.201000 -9.871 1.307 0.172 0.197 0.021511 20000 1.000000
243.888000 33.296200 -9.014 1.082 0.175 0.202 -0.038888 20000 1.000000
243.574000 33.523500 -9.708 1.243 0.183 0.203 0.087670 20000 1.000000
243.773000 33.574700 -8.459 0.331 0.18 0.215 0.033306 20000 1.000000
244.031000 32.887000 -10.875 3.373 0.174 0.199 0.019588 20000 1.000000
244.175000 32.954700 -10.432 2.661 0.182 0.205 0.016503 20000 1.000000
244.268000 32.759700 -10.133 3.326 0.18 0.206 0.018203 20000 1.000000
244.404000 32.750600 -9.576 2.502 0.182 0.204 0.018170 20000 1.000000
244.423000 32.834700 -8.091 1.661 0.18 0.205 0.015169 20000 1.000000
244.430000 32.898400 -7.641 1.021 0.213 0.242 0.029364 20000 1.000000
244.700000 32.690000 -4.726 -2.282 0.173 0.198 0.008071 20000 1.000000
244.602000 32.875800 -3.684 -2.681 0.182 0.208 0.028080 20000 1.000000
244.578000 32.982500 -4.225 -3.568 0.179 0.207 0.028968 20000 1.000000
244.280000 32.948900 -8.624 1.779 0.18 0.204 0.016986 20000 1.000000
244.234000 33.516400 -5.832 -2.923 0.181 0.207 0.068787 20000 1.000000
244.313000 33.423900 -5.538 -3.205 0.18 0.205 0.058631 20000 1.000000
244.571000 33.247800 -4.783 -3.465 0.18 0.206 0.001324 20000 1.000000
244.657000 33.143600 -4.291 -3.454 0.179 0.205 -0.030600 20000 1.000000
244.704000 33.886900 -5.039 -4.249 0.183 0.205 0.021388 20000 1.000000
240.305000 37.562600 -6.32 0.288 0.189 0.213 0.117830 20000 1.000000
239.350000 34.907300 -11.764 3.757 0.17 0.202 0.020237 20000 1.000000
239.590000 35.010700 -14.146 4.873 0.18 0.213 0.000182 20000 1.000000
239.760000 34.870600 -13.137 5.033 0.17 0.2 0.031074 20000 1.000000
239.617000 35.106200 -12.675 5.268 0.179 0.21 0.083649 20000 1.000000
241.822000 34.376400 -10.688 2.462 0.172 0.202 0.022555 20000 1.000000
239.925000 35.020000 -13.236 6.736 0.167 0.198 0.009817 20000 1.000000
240.208000 34.507800 -13.794 4.868 0.177 0.201 -0.002060 20000 1.000000
240.384000 34.630500 -12.867 3.599 0.167 0.198 0.010857 20000 1.000000
240.185000 34.888600 -13.948 4.064 0.167 0.198 0.015342 20000 1.000000
240.464000 35.086600 -9.965 1.586 0.173 0.205 0.049058 20000 1.000000
239.192000 35.425800 -14.373 5.47 0.171 0.203 -0.000052 20000 1.000000
239.455000 35.327800 -12.437 5.684 0.173 0.208 0.063521 20000 1.000000
239.646000 35.440500 -12.22 5.61 0.172 0.204 0.001230 20000 1.000000
239.520000 35.624800 -11.467 7.72 0.171 0.205 0.021575 20000 1.000000
239.463000 35.792700 -12.046 5.307 0.177 0.213 0.053006 20000 1.000000
239.733000 35.633800 -11.243 3.716 0.176 0.205 0.044034 20000 1.000000
239.629000 35.747900 -10.428 3.889 0.175 0.208 0.019264 20000 1.000000
237.762000 37.061200 -13.009 6.276 0.171 0.209 0.025357 20000 1.000000
239.899000 35.235100 -12.326 4.957 0.192 0.218 0.059216 20000 1.000000
239.975000 35.279800 -11.792 4.58 0.176 0.214 -0.013623 20000 1.000000
240.065000 35.316800 -10.157 3.473 0.177 0.213 0.017937 20000 1.000000
239.887000 35.534200 -9.771 2.915 0.186 0.223 0.024220 20000 1.000000
239.818000 35.702700 -8.248 2.48 0.17 0.203 0.015548 20000 1.000000
239.869000 35.801300 -7.616 0.727 0.178 0.207 0.031358 20000 1.000000
239.999000 35.686700 -7.795 0.518 0.175 0.206 -0.034097 20000 1.000000
239.707000 35.688900 -10.38 4.035 0.17 0.204 -0.000561 20000 1.000000
240.287000 35.319000 -8.897 1.106 0.181 0.217 0.008045 20000 1.000000
240.091000 35.934700 -7.252 0.406 0.171 0.203 0.011815 20000 1.000000
240.496000 34.466800 -12.234 3.788 0.167 0.197 0.013824 20000 1.000000
240.674000 34.599600 -12.662 3.859 0.176 0.212 0.084468 20000 1.000000
240.885000 34.660100 -11.826 2.4 0.177 0.206 0.072606 20000 1.000000
240.845000 34.856200 -10.279 1.802 0.249 0.336 -0.065151 20000 1.000000
239.755000 35.686700 -10.772 4.398 0.173 0.203 0.006488 20000 1.000000
241.121000 34.835100 -9.489 0.983 0.171 0.201 0.024150 20000 1.000000
241.152000 34.792300 -9.539 1.233 0.176 0.212 0.022099 20000 1.000000
241.331000 34.695000 -9.389 0.196 0.178 0.21 0.072975 20000 1.000000
241.454000 34.771100 -8.892 1.438 0.172 0.205 0.018371 20000 1.000000
241.344000 34.944400 -7.528 -0.031 0.177 0.21 -0.030322 20000 1.000000
241.388000 35.138600 -7.599 -0.261 0.171 0.202 -0.011613 20000 1.000000
241.459000 34.821800 -8 1.723 0.18 0.207 0.008404 20000 1.000000
241.811000 34.982100 -6.157 0.445 0.171 0.2 0.013443 20000 1.000000
241.876000 35.378000 -7.785 -1.1 0.172 0.202 0.001364 20000 1.000000
241.740000 35.667300 -7.12 -1.154 0.178 0.206 0.024281 20000 1.000000
241.233000 36.231400 -6.256 -2.043 0.176 0.206 0.072557 20000 1.000000
241.045000 36.585500 -7.324 -0.937 0.168 0.204 0.008839 20000 1.000000
241.740000 36.093100 -6.248 -1.393 0.172 0.204 -0.000092 20000 1.000000
241.994000 35.038800 -6.081 0.241 0.171 0.201 0.022030 20000 1.000000
242.271000 34.509700 -8.297 0.314 0.172 0.201 0.011592 20000 1.000000
242.451000 34.634300 -7.158 0.042 0.17 0.201 0.013499 20000 1.000000
242.457000 34.987000 -5.977 -0.614 0.175 0.206 0.050131 20000 1.000000
243.048000 33.892600 -8.671 1.801 0.169 0.196 0.016309 20000 1.000000
243.454000 34.019300 -7.206 1.044 0.171 0.199 0.003142 20000 1.000000
242.719000 34.534800 -7.327 -0.354 0.198 0.211 -0.089930 20000 1.000000
241.969000 34.332200 -11.233 2.212 0.174 0.204 0.028744 20000 1.000000
242.635000 35.116800 -5.931 -0.781 0.179 0.209 -0.002216 20000 1.000000
241.983000 35.152400 -6.204 -0.146 0.171 0.203 0.007537 20000 1.000000
242.697000 35.238500 -5.846 -0.713 0.175 0.204 0.026271 20000 1.000000
242.795000 35.387900 -5.02 -1.155 0.167 0.199 0.018046 20000 1.000000
242.610000 35.896700 -5.629 -3.231 0.186 0.22 -0.011756 20000 1.000000
242.597000 35.697600 -5.641 -1.15 0.171 0.202 0.013678 20000 1.000000
243.111000 35.998200 -5.404 -3.033 0.181 0.206 0.004534 20000 1.000000
243.112000 35.710600 -4.228 -2.391 0.169 0.202 0.019548 20000 1.000000
243.290000 34.192500 -6.988 -0.374 0.174 0.2 0.010395 20000 1.000000
243.463000 34.217200 -5.707 -0.446 0.174 0.202 0.034489 20000 1.000000
243.788000 33.865800 -6.319 -2.081 0.17 0.198 0.029766 20000 1.000000
243.920000 33.959300 -4.86 -2.015 0.172 0.199 0.018195 20000 1.000000
239.772000 35.729200 -9.189 2.008 0.215 0.251 0.028630 20000 1.000000
243.971000 34.716900 -4.135 -3.729 0.178 0.205 -0.014848 20000 1.000000
243.329000 34.936800 -5.826 -2.577 0.174 0.206 0.030194 20000 1.000000
242.063000 34.341100 -10.896 1.57 0.187 0.222 0.015569 20000 1.000000
243.120000 34.462100 -6.834 -0.677 0.171 0.2 0.012087 20000 1.000000
244.179000 33.741000 -5.337 -3.015 0.184 0.212 0.028330 20000 1.000000
243.107000 34.062700 -7.82 0.825 0.188 0.219 -0.024181 20000 1.000000
244.236000 34.425700 -4.465 -3.022 0.21 0.222 0.049480 20000 1.000000
244.350000 35.204800 -4.514 -4.093 0.176 0.205 -0.013219 20000 1.000000
242.685000 34.187400 -10.036 0.252 0.173 0.203 0.057170 20000 1.000000
242.950000 34.196200 -8.495 -1.014 0.202 0.207 0.085840 20000 1.000000
244.750000 34.731800 -4.171 -4.029 0.218 0.253 0.048646 20000 1.000000
243.237000 35.204600 -5.266 -1.919 0.17 0.2 0.022565 20000 1.000000
242.107000 35.424600 -6.609 -0.164 0.174 0.205 0.011498 20000 1.000000
243.428000 35.320600 -4.889 -2.9 0.169 0.203 0.008203 20000 1.000000
243.896000 35.141900 -4.539 -3.736 0.183 0.206 -0.019198 20000 1.000000
243.878000 35.526000 -3.731 -2.767 0.172 0.204 0.003799 20000 1.000000
243.855000 35.785400 -4.954 -4.277 0.17 0.203 0.003165 20000 1.000000
244.456000 35.472800 -4.209 -4.339 0.171 0.206 0.021720 20000 1.000000
244.634000 35.163000 -3.689 -4.599 0.181 0.215 0.003645 20000 1.000000
245.401000 34.188900 -3.874 -3.665 0.177 0.206 0.020916 20000 1.000000
245.035000 34.844400 -4.047 -3.843 0.177 0.205 0.005424 20000 1.000000
244.762000 35.291100 -3.929 -3.934 0.171 0.203 0.014873 20000 1.000000
241.621000 37.973100 -4.472 -2.667 0.177 0.219 -0.017806 20000 1.000000
241.000000 37.613000 -3.858 5.022 0.172 0.21 -0.026948 20000 1.000000
241.084000 37.605300 -5.343 -2.39 0.178 0.227 -0.007341 20000 1.000000
240.914000 37.785700 -6.834 -0.894 0.207 0.235 -0.097917 20000 1.000000
240.967000 37.913500 -5.33 -0.637 0.184 0.226 0.011199 20000 1.000000
240.974000 37.696600 -7.176 -1.426 0.201 0.231 0.122911 20000 1.000000
240.862000 37.839300 -6.415 -0.932 0.182 0.215 0.036193 20000 1.000000
240.853000 37.962800 -7.851 -0.932 0.173 0.21 0.009683 20000 1.000000
240.916000 37.914100 -6.287 -1.017 0.17 0.206 0.012252 20000 1.000000
241.056000 37.734300 -7.149 1.125 0.169 0.207 0.012120 20000 1.000000
241.131000 37.654600 -3.886 -2.05 0.17 0.21 0.007700 20000 1.000000
241.040000 37.891700 -6.543 -0.075 0.177 0.211 0.001501 20000 1.000000
241.148000 37.878200 -5.732 -0.345 0.169 0.207 -0.003513 20000 1.000000
241.183000 37.591400 -4.055 -0.866 0.174 0.221 0.069261 20000 1.000000
241.302000 37.561600 -5.789 -2.123 0.175 0.232 -0.002849 20000 1.000000
241.316000 37.495400 -5.53 -1.988 0.168 0.206 0.009864 20000 1.000000
241.406000 37.541300 -4.697 -2.323 0.17 0.208 0.011104 20000 1.000000
241.180000 37.677000 -3.618 -0.654 0.168 0.207 0.012393 20000 1.000000
241.232000 37.754400 -3.891 -0.295 0.176 0.222 0.058002 20000 1.000000
240.981000 37.800000 -7.338 -0.821 0.171 0.209 0.044948 20000 1.000000
241.264000 37.903500 -5.206 -1.287 0.171 0.21 -0.002537 20000 1.000000
241.445000 37.891300 -4.606 -1.707 0.178 0.212 0.070383 20000 1.000000
241.762000 37.589200 -6.469 -2.044 0.168 0.206 0.008484 20000 1.000000
241.528000 37.737500 -5.141 -2.222 0.199 0.235 0.026623 20000 1.000000
240.850000 38.057900 -7.808 -2.424 0.178 0.214 0.014962 20000 1.000000
237.804000 41.344800 -121.517 222.613 0.269 0.37 0.049993 20000 1.000000
237.706000 41.381200 -3.667 -2.595 0.179 0.221 0.067699 20000 1.000000
237.809000 41.479200 -4.275 -1.677 0.175 0.24 -0.032829 20000 1.000000
237.687000 41.463600 -3.58 -2.618 0.17 0.23 -0.035532 20000 1.000000
237.847000 41.531900 -5.537 -2.48 0.233 0.269 0.053896 20000 1.000000
238.493000 41.711600 -4.834 -2.271 0.167 0.217 0.004676 20000 1.000000
246.132000 42.878900 -4.023 -3.195 0.166 0.219 0.000482 20000 1.000000
241.275000 37.380400 -3.814 -0.207 0.237 0.259 0.158684 20000 1.000000
241.439000 37.439500 -5.413 -2.299 0.181 0.216 0.012659 20000 1.000000
240.254000 37.088900 -6.861 -1.943 0.173 0.209 0.055042 20000 1.000000
241.853000 37.280500 -5.301 -2.549 0.17 0.208 0.022009 20000 1.000000
239.172000 41.359200 -5.352 -2.806 0.201 0.253 -0.060199 20000 1.000000
239.527000 41.332500 -4.69 -2.865 0.169 0.217 0.011647 20000 1.000000
235.587000 42.442000 -3.823 -0.7 0.171 0.227 -0.055758 20000 1.000000
235.707000 42.076600 -1.125 -0.533 0.178 0.223 0.027286 20000 1.000000
238.120000 42.579800 -4.111 -2.207 0.171 0.22 -0.012633 20000 1.000000
237.390000 42.727100 -3.357 -2.885 0.187 0.231 0.120656 20000 1.000000
242.275000 42.020200 -4.848 -3.626 0.169 0.219 0.007308 20000 1.000000
243.404000 33.598200 -11.11 0.857 0.249 0.286 -0.116083 20000 1.000000
243.397000 33.495500 -10.676 2.485 0.177 0.206 0.020727 20000 1.000000
244.492000 32.829400 -6.606 1.9 0.175 0.198 0.007399 20000 1.000000
239.784000 35.693800 -10.574 2.044 0.192 0.222 0.071838 20000 1.000000
237.579000 41.830800 -1.824 -0.237 0.18 0.234 0.046218 20000 1.000000
236.019000 41.845500 -3.536 -1.213 0.188 0.273 -0.055879 20000 1.000000
238.521000 36.744300 -11.299 6.598 0.182 0.216 0.053297 20000 1.000000
239.528000 35.946600 -6.723 2.43 0.191 0.22 0.074176 20000 1.000000
239.485000 35.929100 -11.352 4.85 0.224 0.28 0.038691 20000 1.000000
236.427000 40.478800 -5.794 -1.578 0.202 0.258 0.202847 20000 1.000000
237.036000 39.845700 -5.089 -0.511 0.167 0.213 -0.019649 20000 1.000000
243.852000 34.508100 -4.147 -2.89 0.173 0.203 0.015717 20000 1.000000
245.241000 32.497900 -4.238 -4.288 0.181 0.201 0.018653 20000 1.000000
243.407000 33.537300 -10.077 1.715 0.185 0.214 0.069307 20000 1.000000
241.651000 34.021700 -11.836 3.912 0.178 0.215 0.037211 20000 1.000000
241.379000 34.836000 -8.47 0.874 0.174 0.205 0.014453 20000 1.000000
241.983000 35.152400 -6.662 0.284 0.174 0.206 0.010143 20000 1.000000
241.983000 35.152500 -6.478 -0.391 0.174 0.205 0.017052 20000 1.000000
242.968000 33.389000 -14.445 0.752 0.179 0.207 0.054901 20000 1.000000
243.936000 31.559100 -13.911 4.976 0.179 0.198 0.076300 20000 1.000000
238.728000 35.709000 -13.726 6.226 0.189 0.227 -0.004909 20000 1.000000
242.077000 34.508200 -9.219 1.299 0.177 0.207 0.029091 20000 1.000000
244.450000 32.490100 -9.158 3.829 0.176 0.208 -0.023984 20000 1.000000
242.305000 34.925400 -6.489 -0.012 0.176 0.207 -0.020976 20000 1.000000
244.116000 32.417000 -12.681 4.38 0.171 0.195 0.012389 20000 1.000000
243.076000 33.687100 -9.226 1.284 0.169 0.196 0.013435 20000 1.000000
239.522000 35.919900 -6.032 11.552 0.176 0.211 0.047269 20000 1.000000
242.818000 33.835700 -10.656 3.264 0.193 0.214 0.017662 20000 1.000000
243.506000 33.819200 -7.704 0.339 0.219 0.254 0.018045 20000 1.000000
242.193000 34.091800 -11.606 2.803 0.176 0.216 0.017468 20000 1.000000
244.543000 32.377900 -9.522 4.186 0.17 0.193 0.005086 20000 1.000000
241.596000 33.743300 -12.261 3.782 0.173 0.202 0.004716 20000 1.000000
241.628000 33.779500 -13.043 4.041 0.186 0.207 0.097656 20000 1.000000
238.863000 36.161100 -12.205 6.373 0.177 0.21 0.031801 20000 1.000000
241.755000 34.628700 -9.001 1.054 0.196 0.229 -0.028622 20000 1.000000
239.056000 39.974600 -7.017 -1.47 0.185 0.234 -0.027900 20000 1.000000
243.849000 34.683200 -4.379 -3.332 0.171 0.2 0.019577 20000 1.000000
242.317000 35.338700 -5.83 -1.188 0.17 0.202 0.017074 20000 1.000000
240.280000 34.500000 -13.299 4.058 0.174 0.205 0.011217 20000 1.000000
243.375000 34.643900 -5.912 -1.572 0.175 0.201 -0.010411 20000 1.000000
241.974000 34.019100 -12.179 4.399 0.192 0.223 -0.019193 20000 1.000000
242.391000 33.674100 -12.205 2.704 0.183 0.211 0.035585 20000 1.000000
242.445000 33.485800 -12.214 4.196 0.183 0.209 0.059478 20000 1.000000
239.475000 35.900000 -21.032 7.022 0.183 0.223 -0.011257 20000 1.000000
241.807000 34.875100 -7.03 0.847 0.182 0.212 0.041687 20000 1.000000
240.816000 34.541500 -12.52 2.02 0.191 0.223 0.083472 20000 1.000000
244.877000 40.617200 -4.351 -3.867 0.172 0.223 0.026920 20000 1.000000
238.442000 37.666500 -7.35 -1.51 0.169 0.208 -0.000769 20000 1.000000
241.245000 34.459800 -11.286 2.992 0.192 0.227 0.008442 20000 1.000000
244.274000 32.649300 -9.988 3.679 0.518 0.543 -0.080561 20000 1.000000
239.775000 40.591700 -5.531 -2.687 0.174 0.224 -0.011650 20000 1.000000
240.984000 41.868400 -4.845 -2.998 0.182 0.233 0.083537 20000 1.000000
243.701000 35.971300 -4.139 -3.858 0.182 0.21 -0.038061 20000 1.000000
241.521000 34.438600 -10.973 2.746 0.207 0.237 -0.018599 20000 1.000000
243.746000 33.192600 -10.184 3.244 0.172 0.198 0.011626 20000 1.000000
244.022000 33.292200 -7.573 0.643 0.176 0.2 0.021126 20000 1.000000
240.476000 33.247900 -14.088 6.706 0.177 0.217 -0.007863 20000 1.000000
240.936000 34.319900 -13.268 4.196 0.19 0.221 0.019055 20000 1.000000
241.354000 34.059300 -12.812 3.381 0.18 0.207 -0.026630 20000 1.000000
242.151000 33.992700 -11.524 3.097 0.182 0.209 0.031235 20000 1.000000
239.935000 34.004300 -14.001 6.227 0.179 0.206 0.000071 20000 1.000000
239.930000 34.607300 -15.48 5.302 0.179 0.225 -0.010352 20000 1.000000
239.640000 35.917400 -11.448 -2.606 0.199 0.223 0.094310 20000 1.000000
241.585000 35.158200 -6.894 -0.507 0.17 0.202 0.012821 20000 1.000000
243.923000 33.650600 -6.194 -0.832 0.175 0.204 0.051032 20000 1.000000
242.233000 33.549600 -12.383 4.513 0.202 0.218 -0.005165 20000 1.000000
243.770000 36.934800 -3.702 -3.292 0.167 0.203 0.029614 20000 1.000000
239.867000 34.483500 -13.736 5.742 0.176 0.21 0.007617 20000 1.000000
243.839000 33.641200 -7.454 0.942 0.185 0.209 0.032161 20000 1.000000
246.368000 31.335500 -3.882 -4.22 0.175 0.193 -0.005479 20000 1.000000
242.951000 39.542200 -4.447 -3.771 0.176 0.214 0.084972 20000 1.000000
242.816000 38.097200 -4.97 -3.22 0.168 0.207 0.005130 20000 1.000000
241.669000 33.797800 -12.96 4.384 0.183 0.211 0.009308 20000 1.000000
241.163000 34.248000 -12.062 4.606 0.177 0.205 0.066487 20000 1.000000
241.771000 34.878900 -7.431 1.224 0.181 0.216 -0.047052 20000 1.000000
235.849000 41.053900 -3.66 0.342 0.173 0.222 -0.016961 20000 1.000000
241.558000 34.069100 -12.34 3.956 0.249 0.273 0.040552 20000 1.000000
241.198000 39.627100 -5.672 -4.22 0.172 0.216 0.019505 20000 1.000000
241.723000 34.019500 -14.44 -0.14 0.169 0.197 0.013231 20000 1.000000
243.915000 33.030100 -11.174 3.077 0.171 0.197 0.016944 20000 1.000000
240.516000 34.851500 -9.833 3.396 0.321 0.372 0.033425 20000 1.000000
238.053000 38.394500 -6.932 -1.58 0.171 0.214 -0.004084 20000 1.000000
241.780000 34.178600 -11.213 3.096 0.218 0.232 0.092596 20000 1.000000
241.486000 34.126400 -12.41 4.198 0.172 0.201 0.045547 20000 1.000000
241.516000 34.293200 -11.58 3.284 0.174 0.201 0.015276 20000 1.000000
239.384000 34.556300 -13.979 6.409 0.17 0.201 0.019313 20000 1.000000
241.879000 34.501500 -10.933 2.184 0.188 0.214 0.034958 20000 1.000000
241.706000 33.712600 -12.436 4.756 0.18 0.208 -0.000524 20000 1.000000
242.807000 33.225000 -12.06 4.536 0.17 0.196 0.027862 20000 1.000000
241.443000 35.738400 -5.349 -6.474 0.368 0.44 0.309539 20000 1.000000
241.346000 37.664300 -4.493 -0.978 0.181 0.224 0.016772 20000 1.000000
241.016000 35.010800 -8.513 2.246 0.189 0.224 -0.019425 20000 1.000000
241.648000 35.695000 -6.735 -0.942 0.187 0.222 -0.020484 20000 1.000000
243.608000 33.934800 -7.204 0.727 0.185 0.213 0.025834 20000 1.000000
241.258000 34.568500 -9.795 1.757 0.187 0.215 0.141496 20000 1.000000
241.586000 34.259400 -11.824 3.103 0.204 0.239 -0.008487 20000 1.000000
244.418000 33.038300 -6.153 -3.621 0.177 0.203 0.010219 20000 1.000000
243.068000 34.669000 -6.642 -1.085 0.188 0.219 -0.085952 20000 1.000000
241.758000 35.695600 -6.341 0.165 0.261 0.308 0.166876 20000 1.000000
241.572000 33.958200 -11.943 3.4 0.241 0.256 -0.276236 20000 1.000000
244.421000 33.278800 -5.542 -4.416 0.185 0.211 0.027877 20000 1.000000
243.346000 33.955300 -6.741 1.411 0.174 0.202 0.014313 20000 1.000000
243.111000 35.425200 -4.644 -3.979 0.188 0.22 0.022851 20000 1.000000
243.920000 35.287000 -4.478 -2.792 0.175 0.206 0.016495 20000 1.000000
