242.907000 34.116400 -8.77 1.659 0.32 0.398 0.042253 20000 1.000000
243.571000 34.594300 -4.197 -0.485 0.17 0.21 0.056452 20000 1.000000
241.305000 34.824500 -9.101 3.678 0.178 0.221 0.048661 20000 1.000000
242.103000 34.126000 -10.305 3.893 0.249 0.278 0.162444 20000 1.000000
242.795000 40.412800 -3.985 -2.945 0.168 0.221 0.042380 20000 1.000000
240.970000 33.480500 -11.571 7.219 0.189 0.224 0.025857 20000 1.000000
243.116000 34.264300 -6.939 1.917 0.194 0.238 0.131775 20000 1.000000
240.594000 34.920500 -9.246 4.526 0.171 0.211 0.029216 20000 1.000000
244.002000 34.000500 -4.373 -1.792 0.172 0.21 0.042793 20000 1.000000
242.935000 33.578200 -10.062 4.77 0.186 0.222 0.034818 20000 1.000000
243.920000 35.287000 -4.555 -2.585 0.173 0.215 0.055186 20000 1.000000
245.285000 33.610400 -2.983 -2.452 0.172 0.208 0.050009 20000 1.000000
243.947000 34.251400 -3.58 -1.669 0.174 0.212 0.046177 20000 1.000000
241.723000 34.184900 -13.148 4.671 0.196 0.239 0.097845 20000 1.000000
242.988000 34.918600 -5.446 0.223 0.173 0.214 0.067385 20000 1.000000
241.812000 34.292800 -9.72 4.615 0.256 0.273 -0.286842 20000 1.000000
242.156000 42.779500 -3.448 -2.176 0.17 0.233 0.045135 20000 1.000000
240.653000 35.157300 -8.406 2.498 0.175 0.221 0.067911 20000 1.000000
235.437000 42.836100 -0.682 0.7 0.178 0.243 0.021905 20000 1.000000
244.010000 33.655100 -4.972 -0.717 0.176 0.215 0.077910 20000 1.000000
239.566000 35.939400 -6.098 3.104 0.169 0.213 0.024163 20000 1.000000
239.569000 35.888400 -9.324 6.042 0.193 0.235 0.037491 20000 1.000000
241.666000 33.311600 -11.94 7.713 0.169 0.206 0.052482 20000 1.000000
241.517000 33.445800 -11.638 8.015 0.173 0.213 0.027762 20000 1.000000
241.370000 34.138600 -11.908 5.559 0.206 0.239 0.145698 20000 1.000000
242.329000 35.565300 -5.589 0.128 0.177 0.221 0.044504 20000 1.000000
240.987000 34.806400 -10.528 5.592 0.187 0.251 -0.072547 20000 1.000000
243.664000 34.829500 -4.62 -1.808 0.185 0.22 0.051525 20000 1.000000
242.035000 34.244000 -10.277 4.974 0.201 0.254 -0.061334 20000 1.000000
241.974000 34.333400 -10.113 4.222 0.191 0.224 0.129957 20000 1.000000
242.172000 34.640500 -6.824 2.424 0.178 0.223 0.087015 20000 1.000000
241.063000 34.109600 -11.948 6.415 0.185 0.236 0.091301 20000 1.000000
241.873000 34.136700 -4.566 5.434 0.208 0.249 0.059580 20000 1.000000
242.576000 34.271200 -7.808 2 0.168 0.203 0.050879 20000 1.000000
242.521000 34.313800 -7.842 2.492 0.186 0.225 0.163262 20000 1.000000
242.291000 34.109900 -10.198 4.626 0.177 0.216 0.030087 20000 1.000000
245.126000 40.558400 -4.168 -2.813 0.183 0.225 0.094561 20000 1.000000
244.272000 32.850500 -8.534 3.001 0.174 0.208 0.063524 20000 1.000000
240.120000 34.414900 -11.374 7.399 0.177 0.217 0.009667 20000 1.000000
242.427000 35.071700 -5.835 0.984 0.177 0.217 0.094832 20000 1.000000
239.249000 35.791600 -10.904 8.183 0.178 0.222 0.025421 20000 1.000000
242.900000 34.039100 -7.498 2.787 0.173 0.208 0.083856 20000 1.000000
244.265000 33.069800 -7.01 2.127 0.18 0.217 0.061423 20000 1.000000
240.961000 34.168400 -12.01 6.74 0.174 0.213 0.058592 20000 1.000000
241.743000 33.861500 -11.448 5.823 0.177 0.215 0.040118 20000 1.000000
241.476000 34.253600 -10.992 6.122 0.179 0.22 0.101563 20000 1.000000
240.629000 34.408100 -11.593 5.623 0.196 0.244 0.039476 20000 1.000000
241.387000 34.516500 -10.163 3.893 0.177 0.216 0.035895 20000 1.000000
243.630000 34.124100 -4.679 -0.035 0.186 0.224 0.013964 20000 1.000000
242.098000 34.082000 -10.53 4.934 0.184 0.224 -0.004660 20000 1.000000
241.603000 34.334800 -16.131 4.675 0.323 0.318 -0.061243 20000 1.000000
241.603000 34.334000 -10.048 4.999 0.277 0.271 -0.111643 20000 1.000000
244.212000 33.389800 -5.675 -0.865 0.184 0.222 0.051160 20000 1.000000
242.140000 34.413400 -9.604 3.313 0.172 0.224 0.044924 20000 1.000000
241.873000 33.938300 -11.286 6.247 0.17 0.208 0.070920 20000 1.000000
242.588000 33.647700 -10.681 5.487 0.168 0.206 0.055844 20000 1.000000
241.170000 34.946200 -7.436 3.563 0.179 0.224 0.042117 20000 1.000000
245.061000 39.345200 -3.952 -2.022 0.173 0.221 0.050350 20000 1.000000
244.183000 40.914700 -4.468 -3.058 0.166 0.221 0.049168 20000 1.000000
241.871000 33.583500 -9.655 6.472 0.182 0.22 0.078012 20000 1.000000
241.574000 34.703100 -5.211 2.463 0.175 0.218 0.058414 20000 1.000000
242.474000 34.104200 -10.026 3.898 0.195 0.244 0.083819 20000 1.000000
239.991000 34.733000 -11.853 7.306 0.173 0.212 0.067022 20000 1.000000
243.064000 34.093600 -4.965 1.19 0.195 0.296 0.161045 20000 1.000000
241.116000 34.356300 -11.563 6.987 0.175 0.212 0.050672 20000 1.000000
246.195000 39.369400 -3.965 -2.322 0.174 0.221 0.047206 20000 1.000000
244.200000 32.945000 -8.564 3.575 0.197 0.221 0.051496 20000 1.000000
241.107000 34.800200 -5.173 3.305 0.188 0.23 0.047517 20000 1.000000
240.644000 40.416500 -4.322 -2.087 0.171 0.227 0.009515 20000 1.000000
240.136000 35.189400 -10.496 5.104 0.173 0.218 0.050440 20000 1.000000
244.479000 33.274800 -4.199 -3.453 0.178 0.213 0.050840 20000 1.000000
245.173000 33.051100 -3.091 -2.937 0.223 0.256 -0.045356 20000 1.000000
244.340000 34.784000 -3.71 -2.551 0.197 0.244 0.034814 20000 1.000000
245.810000 34.308600 -2.93 -2.628 0.178 0.215 0.063626 20000 1.000000
243.111000 35.425200 -4.018 0.875 0.173 0.214 0.034267 20000 1.000000
245.820000 40.640200 -5.788 -3.098 0.169 0.22 0.058203 20000 1.000000
239.584000 36.399000 -5.833 -0.486 0.205 0.256 0.021222 20000 1.000000
241.887000 34.047400 -11.157 5.004 0.171 0.211 0.084254 20000 1.000000
241.714000 33.783600 -11.629 7.486 0.196 0.245 -0.003981 20000 1.000000
243.570000 34.754800 -4.988 -1.755 0.173 0.213 0.072854 20000 1.000000
238.530000 40.815900 -7.263 -2.423 0.167 0.225 0.036293 20000 1.000000
244.365000 33.705000 -3.901 -2.922 0.191 0.243 0.047172 20000 1.000000
239.520000 35.866700 -9.669 6.683 0.198 0.263 0.048030 20000 1.000000
242.155000 34.458200 -8.618 2.565 0.192 0.233 0.013545 20000 1.000000
239.598000 35.880800 -7.593 2.731 0.182 0.228 0.131561 20000 1.000000
240.812000 34.441200 -11.617 5 0.186 0.233 0.059909 20000 1.000000
244.089000 34.727300 -3.798 -2.491 0.175 0.217 0.074248 20000 1.000000
243.779000 33.796800 -6.627 0.632 0.178 0.219 0.101511 20000 1.000000
244.855000 34.157600 -3.804 -2.669 0.17 0.209 0.086256 20000 1.000000
241.526000 35.662300 -6.74 0.126 0.179 0.226 0.012505 20000 1.000000
240.992000 34.398500 -11.299 4.72 0.175 0.216 0.041452 20000 1.000000
243.827000 33.925400 -4.674 0.216 0.181 0.218 0.068792 20000 1.000000
243.060000 35.090200 -5.19 -0.217 0.174 0.214 0.053663 20000 1.000000
242.246000 34.133300 -10.412 4.177 0.178 0.216 0.070971 20000 1.000000
239.406000 35.828700 -10.836 7.111 0.177 0.223 0.067238 20000 1.000000
242.454000 34.314900 -10.305 2.74 0.198 0.247 0.149784 20000 1.000000
240.896000 34.733600 -9.66 3.225 0.173 0.215 0.045090 20000 1.000000
239.557000 35.832600 -9.971 6.063 0.173 0.216 0.047831 20000 1.000000
242.563000 33.856800 -10.273 4.834 0.173 0.21 0.051030 20000 1.000000
238.778000 42.418300 -4.126 -1.754 0.239 0.329 -0.005951 20000 1.000000
239.241000 36.186900 -6.118 0.795 0.175 0.216 0.095614 20000 1.000000
239.233000 36.180500 -11.315 8.362 0.173 0.216 0.048952 20000 1.000000
239.649000 34.038300 -12.877 8.898 0.174 0.215 -0.000625 20000 1.000000
241.874000 34.136800 -9.681 6.096 0.174 0.212 0.068098 20000 1.000000
243.904000 40.148400 -4.333 -3.296 0.174 0.23 -0.011525 20000 1.000000
242.682000 33.918400 -9.229 4.961 0.175 0.211 0.065170 20000 1.000000
239.566000 35.969500 -6.327 2.405 0.178 0.214 0.001055 20000 1.000000
244.588000 40.710700 -4.464 -3.273 0.173 0.237 0.032862 20000 1.000000
241.122000 34.295500 -11.677 6.048 0.193 0.23 0.052247 20000 1.000000
242.118000 34.175200 -8.987 4.664 0.237 0.263 -0.242845 20000 1.000000
243.352000 34.038500 -3.712 1.888 0.189 0.233 0.184509 20000 1.000000
242.790000 34.230800 -7.277 2.61 0.237 0.257 0.230334 20000 1.000000
241.755000 34.055200 -11.091 5.353 0.226 0.236 0.207936 20000 1.000000
245.381000 34.767700 -3.603 -2.653 0.185 0.227 0.059877 20000 1.000000
242.491000 39.685600 -4.202 -2.506 0.174 0.226 0.042339 20000 1.000000
240.859000 34.498700 -10.911 4.442 0.169 0.209 0.045649 20000 1.000000
243.932000 34.141000 -4.137 -1.379 0.174 0.212 0.082616 20000 1.000000
242.653000 33.240700 -10.896 7.132 0.18 0.212 -0.000643 20000 1.000000
244.082000 34.369900 -3.679 -2.738 0.174 0.215 0.013494 20000 1.000000
243.695000 34.427700 -3.804 -0.683 0.177 0.22 0.028519 20000 1.000000
243.708000 34.533000 -3.91 -0.558 0.182 0.217 0.041737 20000 1.000000
243.185000 34.674900 -5.468 0.235 0.171 0.212 0.065978 20000 1.000000
241.793000 34.128800 -11.488 4.948 0.17 0.209 0.043567 20000 1.000000
240.647000 34.683400 -11.363 4.309 0.206 0.26 0.007210 20000 1.000000
242.814000 39.521100 -4.476 -2.881 0.171 0.22 0.058669 20000 1.000000
245.995000 32.722500 -3.068 -2.588 0.181 0.215 0.111151 20000 1.000000
244.721000 39.910200 -4.104 -2.71 0.222 0.272 0.064639 20000 1.000000
245.543000 36.154200 -4.131 -2.396 0.173 0.213 0.054766 20000 1.000000
245.180000 41.724200 -4.317 -2.211 0.171 0.225 0.015638 20000 1.000000
242.670000 41.428700 -3.783 -3.227 0.169 0.227 0.063683 20000 1.000000
242.935000 42.981700 -3.83 -2.565 0.167 0.229 0.021083 20000 1.000000
235.925000 40.876300 -2.028 2.157 0.222 0.286 0.097417 20000 1.000000
236.274000 38.928300 -10.229 8.71 0.166 0.216 0.025945 20000 1.000000
237.585000 40.997600 -4.231 -2.357 0.192 0.271 -0.046172 20000 1.000000
235.986000 42.967400 -2.179 -1.388 0.172 0.241 0.071452 20000 1.000000
243.830000 32.616500 -12.806 4.781 0.242 0.289 0.040141 20000 1.000000
238.997000 35.551800 -11.666 8.743 0.171 0.216 0.044812 20000 1.000000
242.015000 39.305600 -4.368 -2.376 0.178 0.233 0.024224 20000 1.000000
242.395000 39.287900 -5.213 -3.063 0.201 0.26 0.042979 20000 1.000000
243.576000 39.500500 -4.049 -2.703 0.167 0.224 0.064986 20000 1.000000
243.950000 39.546400 -4.622 -3.326 0.173 0.219 0.071170 20000 1.000000
244.111000 39.374200 -4.927 -2.735 0.17 0.221 0.066529 20000 1.000000
244.487000 39.536100 -3.289 -2.813 0.169 0.221 0.053149 20000 1.000000
244.568000 39.388600 -2.255 -2.094 0.164 0.215 0.052290 20000 1.000000
242.120000 40.433400 -4.171 -2.627 0.171 0.226 0.081641 20000 1.000000
245.308000 39.255200 -4.054 -2.534 0.175 0.221 0.104063 20000 1.000000
245.723000 39.119400 -3.699 -3.024 0.173 0.228 0.062551 20000 1.000000
246.129000 39.067300 -4.09 -2.853 0.169 0.22 0.043840 20000 1.000000
242.532000 40.320600 -3.913 -1.989 0.176 0.227 0.006194 20000 1.000000
246.946000 40.494000 -4.356 -2.99 0.167 0.221 0.064814 20000 1.000000
243.264000 40.495500 -4.697 -3.071 0.177 0.23 0.014262 20000 1.000000
243.721000 40.363200 -4.152 -3.765 0.167 0.22 0.066036 20000 1.000000
240.200000 39.572800 -7.3 -1.889 0.169 0.222 0.039596 20000 1.000000
242.469000 36.614300 -4.316 -1.514 0.169 0.211 0.041590 20000 1.000000
242.593000 36.804200 -4.575 -2.344 0.165 0.21 0.048687 20000 1.000000
242.006000 36.606000 -4.968 -0.635 0.182 0.223 0.134545 20000 1.000000
242.296000 37.200800 -3.586 -2.045 0.17 0.217 0.050417 20000 1.000000
240.463000 39.698400 -6.45 -2.694 0.177 0.232 0.058557 20000 1.000000
240.694000 39.795600 -4.684 -1.008 0.185 0.25 0.115897 20000 1.000000
241.126000 39.838800 -4.787 -2.682 0.176 0.227 0.015048 20000 1.000000
241.316000 39.888900 -4.712 -1.828 0.172 0.227 0.024226 20000 1.000000
241.841000 39.212300 -4.551 -1.967 0.163 0.213 0.051761 20000 1.000000
246.706000 41.856800 -4.9 -2.116 0.178 0.237 0.098093 20000 1.000000
246.958000 39.345100 -3.416 -2.253 0.172 0.22 0.059936 20000 1.000000
246.988000 41.817300 -3.061 -2.828 0.168 0.223 0.048854 20000 1.000000
246.722000 40.671300 -4.147 -2.493 0.172 0.226 0.054999 20000 1.000000
240.400000 39.499200 -6.16 -1.845 0.186 0.232 0.094797 20000 1.000000
240.931000 39.486100 -5.025 -1.356 0.173 0.225 0.042758 20000 1.000000
241.550000 39.133900 -5.016 -2.327 0.169 0.221 0.056372 20000 1.000000
241.062000 39.268000 -5.07 -0.574 0.2 0.259 0.040125 20000 1.000000
241.649000 39.454700 -4.656 -2.478 0.171 0.223 0.097941 20000 1.000000
241.995000 38.728800 -4.111 -1.729 0.246 0.309 0.038716 20000 1.000000
241.540000 38.724600 -5.443 -2.366 0.17 0.223 0.047247 20000 1.000000
241.070000 38.980900 -4.894 -1.69 0.165 0.219 0.056617 20000 1.000000
240.985000 38.704600 -6.007 -1.43 0.174 0.225 -0.000612 20000 1.000000
240.541000 38.761400 -5.105 -0.243 0.179 0.226 -0.022920 20000 1.000000
240.523000 40.779800 -5.93 -3.303 0.185 0.235 0.126304 20000 1.000000
240.990000 40.242200 -4.543 -2.84 0.189 0.231 -0.015778 20000 1.000000
240.278000 39.908200 -6.85 -2.807 0.173 0.228 0.100464 20000 1.000000
239.307000 38.829200 -5.709 -0.448 0.219 0.265 0.174646 20000 1.000000
239.614000 39.046600 -6.299 -1.277 0.189 0.239 -0.029078 20000 1.000000
240.189000 39.123500 -6.657 0.215 0.197 0.26 -0.001944 20000 1.000000
239.107000 39.466700 -5.986 -1.356 0.184 0.232 0.141950 20000 1.000000
240.376000 41.357700 -5.206 -2.846 0.168 0.228 0.041825 20000 1.000000
239.716000 39.937400 -5.103 -1.223 0.162 0.214 0.040837 20000 1.000000
239.194000 40.418600 -5.357 -2.383 0.184 0.232 0.060915 20000 1.000000
239.923000 40.288900 -5.224 -1.522 0.17 0.225 0.060983 20000 1.000000
235.692000 40.247500 -9.326 8.069 0.165 0.22 0.038168 20000 1.000000
235.867000 40.551300 -3.361 3.539 0.169 0.224 0.032617 20000 1.000000
235.787000 40.637400 -2.039 4.052 0.191 0.251 0.031210 20000 1.000000
235.943000 40.219600 -7.764 3.79 0.17 0.226 0.052814 20000 1.000000
236.307000 40.119300 -7.956 1.215 0.181 0.244 0.086335 20000 1.000000
238.207000 36.485500 -10.49 9.276 0.166 0.211 0.038620 20000 1.000000
238.710000 35.945700 -11.99 8.14 0.173 0.219 0.094089 20000 1.000000
238.949000 36.302100 -11.578 8.054 0.168 0.214 0.049939 20000 1.000000
238.865000 36.425900 -11.87 7.958 0.173 0.218 0.076835 20000 1.000000
237.668000 37.534500 -10.583 5.464 0.197 0.229 -0.021869 20000 1.000000
237.623000 37.914500 -8.792 3.823 0.175 0.227 0.049389 20000 1.000000
236.819000 38.495000 -8.937 7.689 0.169 0.222 -0.022877 20000 1.000000
236.291000 39.117200 -9.74 6.646 0.168 0.22 0.042309 20000 1.000000
236.652000 38.987400 -9.451 4.825 0.179 0.228 0.114858 20000 1.000000
236.796000 39.242000 -8.563 2.391 0.169 0.222 0.050349 20000 1.000000
236.368000 42.275400 -1.861 -1.851 0.175 0.238 0.043144 20000 1.000000
236.895000 39.319700 -7.733 1.121 0.173 0.225 0.056929 20000 1.000000
237.041000 38.664700 -7.995 5.052 0.194 0.268 0.106415 20000 1.000000
237.233000 38.428600 -5.865 5.923 0.172 0.226 0.069930 20000 1.000000
237.548000 38.239800 -7.265 3.138 0.171 0.223 0.034184 20000 1.000000
237.083000 38.866100 -9.536 2.097 0.164 0.214 0.030743 20000 1.000000
237.037000 39.398100 -7.872 -1.405 0.226 0.283 -0.007620 20000 1.000000
237.424000 38.777800 -6.241 1.129 0.175 0.239 0.031329 20000 1.000000
237.281000 39.260000 -5.926 -1.187 0.168 0.22 0.069595 20000 1.000000
237.696000 39.109300 -6.505 -0.979 0.173 0.227 0.031633 20000 1.000000
237.873000 37.069200 -10.76 8.122 0.199 0.249 0.207107 20000 1.000000
238.137000 36.962000 -11.049 7.14 0.192 0.229 0.013429 20000 1.000000
238.009000 37.201700 -10.344 5.712 0.196 0.243 -0.019957 20000 1.000000
238.203000 37.001000 -10.146 5.533 0.254 0.29 0.132629 20000 1.000000
238.274000 37.002400 -9.908 5.753 0.188 0.249 0.063949 20000 1.000000
238.349000 37.104500 -9.554 4.817 0.203 0.247 -0.051028 20000 1.000000
238.286000 37.203500 -8.881 4.92 0.177 0.221 0.090771 20000 1.000000
237.786000 37.329900 -9.629 5.983 0.169 0.215 0.049239 20000 1.000000
237.901000 37.336900 -10.659 5.18 0.172 0.227 0.029478 20000 1.000000
237.900000 37.722000 -7.354 2.61 0.168 0.214 0.031414 20000 1.000000
237.781000 37.863900 -6.37 4.832 0.168 0.218 -0.007579 20000 1.000000
237.942000 37.713900 -7.009 2.485 0.18 0.233 -0.009763 20000 1.000000
238.174000 37.336800 -8.191 4.651 0.173 0.226 0.051530 20000 1.000000
238.210000 37.533000 -6.144 1.598 0.169 0.216 0.048358 20000 1.000000
238.313000 37.601800 -6.36 -0.459 0.177 0.223 0.092131 20000 1.000000
238.022000 37.749400 -7.558 1.732 0.171 0.217 0.034459 20000 1.000000
238.214000 37.819000 -6.304 0.6 0.172 0.219 0.038699 20000 1.000000
238.095000 36.621700 -11.612 8.346 0.17 0.216 0.034175 20000 1.000000
238.421000 36.724000 -10.941 8.551 0.175 0.222 0.017212 20000 1.000000
238.580000 36.800400 -8.149 4.942 0.169 0.215 0.027602 20000 1.000000
238.409000 36.858500 -11.948 7.334 0.171 0.218 0.026763 20000 1.000000
238.459000 36.814300 -11.194 7.526 0.188 0.232 0.061972 20000 1.000000
238.445000 36.903500 -10.144 4.976 0.173 0.216 0.021607 20000 1.000000
238.613000 36.637000 -10.916 7.821 0.177 0.227 0.002004 20000 1.000000
238.458000 37.007800 -9.063 3.488 0.17 0.219 0.047663 20000 1.000000
238.426000 37.213000 -7.019 0.96 0.17 0.214 0.040566 20000 1.000000
238.665000 36.918200 -5.968 0.321 0.168 0.213 0.044874 20000 1.000000
238.645000 37.010800 -7.828 -0.143 0.188 0.234 0.006919 20000 1.000000
240.294000 37.713100 -5.002 1.38 0.175 0.225 0.025864 20000 1.000000
238.812000 36.559500 -11.95 7.422 0.18 0.226 0.039866 20000 1.000000
238.131000 37.975600 -6.459 0.779 0.171 0.218 0.059820 20000 1.000000
238.936000 36.611600 -4.803 0.18 0.165 0.21 0.036139 20000 1.000000
238.732000 36.950000 -6.134 0.135 0.178 0.225 0.070538 20000 1.000000
238.652000 36.811400 -6.109 1.356 0.172 0.218 0.034585 20000 1.000000
238.942000 37.169600 -6.428 0.015 0.176 0.223 0.053462 20000 1.000000
238.347000 37.478400 -6.298 0.562 0.181 0.232 0.043873 20000 1.000000
238.531000 37.489600 -6.811 0.228 0.166 0.213 0.030196 20000 1.000000
238.675000 37.581900 -6.807 -0.807 0.171 0.221 0.021107 20000 1.000000
238.395000 37.932000 -5.364 -0.165 0.169 0.219 0.039128 20000 1.000000
238.536000 37.755300 -7.159 0.364 0.169 0.217 0.029377 20000 1.000000
238.717000 37.385400 -5.366 -0.556 0.172 0.226 0.051276 20000 1.000000
237.782000 38.153000 -6.806 1.211 0.167 0.216 0.017239 20000 1.000000
237.904000 38.025100 -6.932 2.087 0.173 0.226 -0.018493 20000 1.000000
237.805000 38.444200 -6.619 0.238 0.178 0.242 0.058637 20000 1.000000
237.645000 38.999500 -5.362 -1.18 0.206 0.237 0.138866 20000 1.000000
238.905000 38.645300 -6.248 -1.061 0.168 0.218 0.043842 20000 1.000000
239.652000 35.544100 -10.581 6.247 0.174 0.217 0.038742 20000 1.000000
239.611000 35.841100 -9.56 6.305 0.175 0.219 0.032631 20000 1.000000
239.655000 35.837800 -7.295 3.117 0.173 0.221 0.030296 20000 1.000000
239.715000 35.806700 -7.397 2.927 0.183 0.229 0.030577 20000 1.000000
239.093000 35.933300 -11.516 7.951 0.168 0.213 0.035672 20000 1.000000
239.019000 36.417200 -6.187 0.95 0.17 0.218 0.055805 20000 1.000000
239.147000 36.515900 -5.851 -0.616 0.175 0.225 0.028162 20000 1.000000
239.302000 36.024800 -10.785 7.936 0.169 0.218 0.037547 20000 1.000000
239.121000 36.140200 -10.74 8.082 0.17 0.213 0.035363 20000 1.000000
239.251000 36.106800 -11.316 7.852 0.166 0.209 0.040375 20000 1.000000
239.272000 36.178900 -4.73 0.823 0.166 0.209 0.037412 20000 1.000000
239.355000 35.922800 -10.608 7.471 0.168 0.212 0.027840 20000 1.000000
239.525000 36.007500 -6.703 3.053 0.184 0.223 0.048721 20000 1.000000
239.457000 36.089400 -2.443 0.442 0.166 0.21 0.038356 20000 1.000000
239.560000 36.123200 -5.563 1.684 0.167 0.211 0.037914 20000 1.000000
239.158000 35.697100 -11.214 7.602 0.173 0.212 0.074717 20000 1.000000
239.637000 36.051700 -5.852 1.25 0.171 0.211 0.037184 20000 1.000000
239.448000 35.974100 -10.275 6.606 0.186 0.225 0.002468 20000 1.000000
239.706000 36.015800 -6.029 1.333 0.17 0.213 0.029362 20000 1.000000
239.723000 36.304400 -5.874 0.579 0.172 0.217 0.034142 20000 1.000000
239.257000 36.806300 -6.7 0.218 0.169 0.216 0.037985 20000 1.000000
239.803000 37.352200 -6.097 0.179 0.18 0.233 0.041531 20000 1.000000
239.356000 37.795200 -6.669 -0.499 0.183 0.226 0.054707 20000 1.000000
240.160000 37.901100 -7.225 -0.662 0.184 0.227 -0.033238 20000 1.000000
239.049000 38.090000 -5.356 -0.67 0.173 0.223 0.028828 20000 1.000000
239.666000 38.735600 -6.69 -0.759 0.184 0.223 0.056496 20000 1.000000
241.480000 37.177600 -6.571 -1.826 0.167 0.212 0.048209 20000 1.000000
236.283000 39.863600 -9.974 2.802 0.205 0.264 -0.040484 20000 1.000000
236.448000 39.905700 -8.302 1.098 0.192 0.264 -0.008576 20000 1.000000
236.628000 39.452400 -8.1 1.508 0.168 0.222 0.039155 20000 1.000000
236.705000 39.707100 -8.539 -1.232 0.181 0.236 -0.037137 20000 1.000000
236.813000 39.492800 -8.54 0.36 0.183 0.263 0.066342 20000 1.000000
236.817000 39.962100 -7.622 -1.467 0.166 0.222 -0.007168 20000 1.000000
236.344000 40.256800 -6.857 0.801 0.168 0.226 0.052483 20000 1.000000
236.117000 41.151700 -2.512 0.757 0.169 0.227 0.053361 20000 1.000000
236.301000 40.575300 -4.734 -0.077 0.178 0.235 0.082433 20000 1.000000
236.427000 40.478900 -6.084 -0.773 0.205 0.271 0.252489 20000 1.000000
236.548000 40.082200 -7.763 0.325 0.165 0.22 0.043446 20000 1.000000
236.864000 40.324100 -6.941 -0.534 0.164 0.219 0.031440 20000 1.000000
236.676000 40.732900 -4.791 1.328 0.165 0.222 0.011191 20000 1.000000
236.826000 40.546700 -6.779 0.321 0.169 0.228 0.014364 20000 1.000000
237.024000 39.621400 -5.78 -1.045 0.179 0.225 0.089435 20000 1.000000
237.264000 39.493600 -5.257 -0.08 0.191 0.245 0.022420 20000 1.000000
237.126000 39.726200 -5.966 -1.21 0.169 0.226 0.081580 20000 1.000000
237.077000 40.747600 -5.242 -1.327 0.173 0.23 0.024757 20000 1.000000
237.332000 40.034100 -6.438 -2.366 0.171 0.224 0.025372 20000 1.000000
237.393000 40.650700 -6.668 -2.978 0.172 0.235 0.003244 20000 1.000000
236.666000 40.887100 -4.131 0.665 0.164 0.22 0.031175 20000 1.000000
237.729000 40.271200 -6.614 -1.351 0.174 0.232 -0.017669 20000 1.000000
239.132000 39.794700 -4.502 -1.102 0.167 0.225 0.006676 20000 1.000000
239.052000 41.183300 -5.027 -2.135 0.169 0.229 0.025631 20000 1.000000
237.681000 40.731100 -6.004 -1.298 0.2 0.249 0.069937 20000 1.000000
235.774000 42.209100 -0.056 -0.119 0.171 0.224 0.023024 20000 1.000000
235.946000 42.860100 -2.042 -1.064 0.191 0.258 0.098412 20000 1.000000
236.617000 42.503500 -3.001 -0.846 0.168 0.23 0.041057 20000 1.000000
237.344000 42.191000 -2.952 -0.84 0.173 0.234 0.002036 20000 1.000000
238.220000 42.259700 -5.533 -2.017 0.168 0.224 0.035577 20000 1.000000
239.622000 42.468800 -6.052 -3.242 0.171 0.234 0.007974 20000 1.000000
241.588000 42.254600 -3.371 -2.162 0.165 0.224 0.038394 20000 1.000000
243.371000 36.071300 -4.087 -2.924 0.18 0.228 0.122122 20000 1.000000
242.835000 36.022500 -4.325 -1.451 0.179 0.216 0.031891 20000 1.000000
242.590000 36.159000 -4.306 -1.024 0.18 0.225 0.101634 20000 1.000000
241.868000 36.466800 -7.407 0.336 0.189 0.245 -0.137922 20000 1.000000
242.211000 36.531200 -4.869 -0.857 0.166 0.212 0.045218 20000 1.000000
241.909000 36.570200 -5.586 -0.875 0.189 0.226 -0.003258 20000 1.000000
241.882000 36.975700 -5.325 -1.347 0.166 0.212 0.045433 20000 1.000000
242.064000 37.231400 -4.482 -2.274 0.173 0.217 0.082779 20000 1.000000
242.606000 34.462400 -6.675 1.6 0.182 0.217 0.041832 20000 1.000000
242.459000 33.562100 -11.149 5.724 0.171 0.209 0.077875 20000 1.000000
242.895000 32.889200 -11.956 6.281 0.175 0.21 0.041496 20000 1.000000
243.050000 32.733800 -11.659 6.317 0.168 0.203 0.048163 20000 1.000000
242.756000 32.666400 -12.15 6.473 0.189 0.216 0.146232 20000 1.000000
242.810000 33.439600 -11.497 5.857 0.175 0.214 0.054684 20000 1.000000
242.928000 33.235700 -10.808 5.17 0.183 0.213 0.100934 20000 1.000000
243.217000 33.493300 -10.119 4.604 0.171 0.207 0.052762 20000 1.000000
243.651000 32.976000 -12.255 4.942 0.173 0.208 0.060536 20000 1.000000
243.989000 32.822200 -10.559 5.039 0.173 0.208 0.024549 20000 1.000000
243.329000 33.240200 -10.042 5.557 0.18 0.216 0.055080 20000 1.000000
243.431000 33.059200 -11.081 5.599 0.17 0.205 0.044317 20000 1.000000
243.379000 33.375600 -10.077 4.435 0.175 0.211 0.093288 20000 1.000000
243.591000 33.210200 -9.827 5.443 0.184 0.223 0.064136 20000 1.000000
243.817000 33.213500 -8.687 3.871 0.172 0.208 0.053704 20000 1.000000
243.921000 33.201000 -9.165 2.542 0.17 0.205 0.058797 20000 1.000000
243.888000 33.296200 -8.673 1.454 0.174 0.212 0.011759 20000 1.000000
243.574000 33.523500 -8.131 2.123 0.184 0.213 0.131563 20000 1.000000
243.773000 33.574700 -6.727 1.906 0.178 0.223 0.067990 20000 1.000000
244.031000 32.887000 -9.989 4.724 0.174 0.208 0.056097 20000 1.000000
244.175000 32.954700 -9.422 3.791 0.173 0.207 0.053961 20000 1.000000
244.268000 32.759700 -9.97 4.425 0.181 0.222 0.064617 20000 1.000000
244.404000 32.750600 -8.015 2.527 0.181 0.214 0.058245 20000 1.000000
244.423000 32.834700 -7.661 2.767 0.178 0.213 0.061609 20000 1.000000
244.430000 32.898400 -6.98 1.935 0.18 0.214 0.078462 20000 1.000000
244.700000 32.690000 -2.92 -1.378 0.171 0.207 0.051931 20000 1.000000
244.602000 32.875800 -3.248 -2.925 0.19 0.227 0.073310 20000 1.000000
244.578000 32.982500 -3.618 -2.419 0.177 0.218 0.078397 20000 1.000000
244.280000 32.948900 -7.799 2.966 0.175 0.211 0.057081 20000 1.000000
244.234000 33.516400 -4.939 -2.143 0.18 0.217 0.119580 20000 1.000000
244.313000 33.423900 -4.883 -2.103 0.179 0.217 0.096970 20000 1.000000
244.571000 33.247800 -3.42 -2.904 0.177 0.213 0.048976 20000 1.000000
244.657000 33.143600 -3.173 -3.495 0.176 0.213 0.010333 20000 1.000000
244.704000 33.886900 -3.449 -2.697 0.181 0.213 0.064915 20000 1.000000
240.305000 37.562600 -7.596 -1.607 0.187 0.223 0.152439 20000 1.000000
239.350000 34.907300 -12.417 7.857 0.167 0.208 0.039232 20000 1.000000
239.590000 35.010700 -11.194 8.525 0.174 0.216 0.034265 20000 1.000000
239.760000 34.870600 -12.484 7.401 0.171 0.211 0.060084 20000 1.000000
239.617000 35.106200 -11.899 7.794 0.18 0.222 0.118852 20000 1.000000
241.822000 34.376400 -9.993 3.463 0.171 0.212 0.057882 20000 1.000000
239.925000 35.020000 -11.637 6.136 0.168 0.208 0.033329 20000 1.000000
240.208000 34.507800 -12.082 6.63 0.175 0.209 0.037801 20000 1.000000
240.384000 34.630500 -12.828 5.466 0.167 0.207 0.041344 20000 1.000000
240.185000 34.888600 -11.102 6.579 0.167 0.207 0.044248 20000 1.000000
240.464000 35.086600 -8.861 3.554 0.17 0.213 0.064322 20000 1.000000
239.192000 35.425800 -10.812 8.216 0.169 0.211 0.024995 20000 1.000000
239.455000 35.327800 -11.231 7.941 0.174 0.218 0.094376 20000 1.000000
239.646000 35.440500 -11.258 6.928 0.17 0.212 0.032777 20000 1.000000
239.520000 35.624800 -11.537 6.437 0.17 0.213 0.044968 20000 1.000000
239.463000 35.792700 -10.571 6.366 0.171 0.217 0.068496 20000 1.000000
239.733000 35.633800 -10.035 5.484 0.177 0.215 0.083506 20000 1.000000
239.629000 35.747900 -10.149 6.287 0.173 0.217 0.048490 20000 1.000000
237.762000 37.061200 -11.566 8.156 0.169 0.217 0.052853 20000 1.000000
239.899000 35.235100 -11.27 6.174 0.193 0.228 0.087639 20000 1.000000
239.975000 35.279800 -10.496 5.56 0.176 0.223 0.014940 20000 1.000000
240.065000 35.316800 -9.75 4.412 0.252 0.321 0.045027 20000 1.000000
239.887000 35.534200 -9.426 4.322 0.173 0.218 0.037506 20000 1.000000
239.818000 35.702700 -8.215 3.294 0.169 0.211 0.042355 20000 1.000000
239.869000 35.801300 -6.673 1.989 0.177 0.215 0.053702 20000 1.000000
239.999000 35.686700 -7.389 2.115 0.173 0.214 0.003706 20000 1.000000
239.707000 35.688900 -9.411 5.037 0.169 0.212 0.033804 20000 1.000000
240.287000 35.319000 -8.421 2.909 0.187 0.234 0.043634 20000 1.000000
240.091000 35.934700 -5.784 1.162 0.169 0.212 0.045085 20000 1.000000
240.496000 34.466800 -11.887 5.133 0.167 0.206 0.042675 20000 1.000000
240.674000 34.599600 -11.447 5.765 0.177 0.222 0.121638 20000 1.000000
240.885000 34.660100 -11.082 4.266 0.178 0.217 0.112213 20000 1.000000
240.845000 34.856200 -9.417 2.702 0.235 0.348 -0.033801 20000 1.000000
239.755000 35.686700 -8.873 4.58 0.17 0.211 0.032750 20000 1.000000
241.121000 34.835100 -9.215 2.988 0.17 0.21 0.053571 20000 1.000000
241.152000 34.792300 -9.638 2.18 0.175 0.222 0.054683 20000 1.000000
241.331000 34.695000 -8.814 3.64 0.177 0.219 0.124303 20000 1.000000
241.454000 34.771100 -6.62 1.955 0.171 0.213 0.045745 20000 1.000000
241.344000 34.944400 -7.244 1.721 0.175 0.219 0.019611 20000 1.000000
241.388000 35.138600 -6.56 1.024 0.17 0.211 0.027960 20000 1.000000
241.459000 34.821800 -6.813 2.646 0.18 0.219 0.058396 20000 1.000000
241.811000 34.982100 -5.612 0.857 0.17 0.209 0.052183 20000 1.000000
241.876000 35.378000 -5.255 0.804 0.171 0.211 0.039873 20000 1.000000
241.740000 35.667300 -6.05 0.44 0.176 0.214 0.046703 20000 1.000000
241.233000 36.231400 -6.707 0.868 0.176 0.215 0.104800 20000 1.000000
241.045000 36.585500 -5.678 0.186 0.167 0.212 0.043208 20000 1.000000
241.740000 36.093100 -5.43 -0.462 0.171 0.212 0.041665 20000 1.000000
241.994000 35.038800 -5.222 1.201 0.17 0.211 0.053859 20000 1.000000
242.271000 34.509700 -7.32 2.515 0.171 0.21 0.047284 20000 1.000000
242.451000 34.634300 -6.37 1.622 0.185 0.228 0.025342 20000 1.000000
242.457000 34.987000 -5.611 1.236 0.173 0.214 0.084833 20000 1.000000
243.048000 33.892600 -8.044 3.072 0.169 0.207 0.050968 20000 1.000000
243.454000 34.019300 -6.245 1.037 0.17 0.208 0.052347 20000 1.000000
242.719000 34.534800 -6.572 1.434 0.195 0.219 -0.038697 20000 1.000000
241.969000 34.332200 -9.875 3.77 0.175 0.215 0.058541 20000 1.000000
242.635000 35.116800 -5.408 0.564 0.172 0.212 0.043155 20000 1.000000
241.983000 35.152400 -4.967 1.432 0.169 0.21 0.049653 20000 1.000000
242.697000 35.238500 -4.507 0.189 0.173 0.212 0.060248 20000 1.000000
242.795000 35.387900 -4.194 -0.105 0.167 0.208 0.057124 20000 1.000000
242.610000 35.896700 -5.395 -0.253 0.184 0.231 0.041726 20000 1.000000
242.597000 35.697600 -5.775 -0.122 0.17 0.211 0.052337 20000 1.000000
243.111000 35.998200 -4.427 -1.274 0.179 0.215 0.045827 20000 1.000000
243.112000 35.710600 -3.986 -1.243 0.168 0.211 0.055908 20000 1.000000
243.290000 34.192500 -6.099 1.371 0.174 0.211 0.036878 20000 1.000000
243.463000 34.217200 -5.69 1.242 0.174 0.21 0.069199 20000 1.000000
243.788000 33.865800 -5.213 0.298 0.17 0.208 0.064549 20000 1.000000
243.920000 33.959300 -4.662 -1.274 0.171 0.208 0.055715 20000 1.000000
239.772000 35.729200 -8.013 3.575 0.171 0.211 0.068254 20000 1.000000
243.971000 34.716900 -3.947 -2.779 0.175 0.213 0.036545 20000 1.000000
243.329000 34.936800 -4.493 -1.092 0.171 0.213 0.058751 20000 1.000000
242.063000 34.341100 -9.374 3.242 0.181 0.226 0.034598 20000 1.000000
243.120000 34.462100 -5.732 0.669 0.171 0.209 0.052463 20000 1.000000
244.179000 33.741000 -4.169 -1.708 0.179 0.217 0.063601 20000 1.000000
243.107000 34.062700 -6.221 2.526 0.187 0.227 0.023890 20000 1.000000
244.236000 34.425700 -3.483 -2.66 0.211 0.232 0.083644 20000 1.000000
244.350000 35.204800 -3.611 -2.269 0.176 0.214 0.027155 20000 1.000000
242.685000 34.187400 -8.306 1.985 0.173 0.213 0.097058 20000 1.000000
242.950000 34.196200 -6.088 3.644 0.206 0.219 0.130488 20000 1.000000
244.750000 34.731800 -3.44 -2.588 0.212 0.266 0.122433 20000 1.000000
243.237000 35.204600 -5.152 -0.39 0.17 0.21 0.063988 20000 1.000000
242.107000 35.424600 -4.915 0.227 0.17 0.211 0.049798 20000 1.000000
243.428000 35.320600 -3.749 -1.726 0.17 0.213 0.042772 20000 1.000000
243.896000 35.141900 -4.058 -2.392 0.181 0.214 0.033263 20000 1.000000
243.878000 35.526000 -4.956 -2.605 0.173 0.215 0.041683 20000 1.000000
243.855000 35.785400 -3.208 -2.275 0.169 0.212 0.049160 20000 1.000000
244.456000 35.472800 -3.887 -2.947 0.171 0.215 0.065159 20000 1.000000
244.634000 35.163000 -3.328 -2.993 0.178 0.221 0.040243 20000 1.000000
245.401000 34.188900 -3.389 -2.959 0.176 0.215 0.068952 20000 1.000000
245.035000 34.844400 -3.703 -2.79 0.175 0.214 0.050326 20000 1.000000
244.762000 35.291100 -3.314 -2.781 0.172 0.213 0.056576 20000 1.000000
241.621000 37.973100 -4.362 -1.425 0.167 0.217 0.020015 20000 1.000000
241.000000 37.613000 -7.178 -5.312 0.173 0.218 0.006328 20000 1.000000
241.084000 37.605300 -6.749 -6.866 0.177 0.234 0.005586 20000 1.000000
240.914000 37.785700 -9.803 0.625 0.205 0.245 -0.052300 20000 1.000000
240.967000 37.913500 -8.835 0 0.167 0.214 0.043981 20000 1.000000
240.974000 37.696600 -8.37 -0.662 0.199 0.236 0.167417 20000 1.000000
240.862000 37.839300 -7.866 0.29 0.182 0.224 0.064302 20000 1.000000
240.853000 37.962800 -7.787 -0.112 0.169 0.214 0.044026 20000 1.000000
240.916000 37.914100 -9.567 0.177 0.17 0.216 0.047169 20000 1.000000
241.056000 37.734300 -7.113 2.743 0.168 0.216 0.044105 20000 1.000000
241.131000 37.654600 -3.045 -2.664 0.169 0.219 0.043136 20000 1.000000
241.040000 37.891700 -4.207 0.934 0.178 0.221 0.032620 20000 1.000000
241.148000 37.878200 -4.953 0.628 0.168 0.215 0.036085 20000 1.000000
241.183000 37.591400 -7.086 -5.99 0.172 0.23 0.089759 20000 1.000000
241.302000 37.561600 -4.831 -2.332 0.174 0.238 0.010524 20000 1.000000
241.316000 37.495400 -7.829 -2.84 0.166 0.212 0.044292 20000 1.000000
241.406000 37.541300 -5.789 -1.116 0.169 0.216 0.050826 20000 1.000000
241.232000 37.754400 -3.407 0.056 0.204 0.267 0.110779 20000 1.000000
240.981000 37.800000 -8.066 -0.306 0.17 0.217 0.072606 20000 1.000000
241.264000 37.903500 -4.27 0.263 0.172 0.22 0.033503 20000 1.000000
241.762000 37.589200 -3.881 -1.786 0.168 0.215 0.045243 20000 1.000000
241.528000 37.737500 -4.254 -1.417 0.175 0.222 0.064532 20000 1.000000
240.850000 38.057900 -9.362 -2.282 0.177 0.223 0.048102 20000 1.000000
237.706000 41.381200 -4.795 -0.878 0.176 0.227 0.094022 20000 1.000000
237.809000 41.479200 -4.123 -2.776 0.166 0.235 0.001281 20000 1.000000
237.687000 41.463600 -3.769 -1.268 0.17 0.237 -0.006977 20000 1.000000
237.847000 41.531900 -4.384 -0.576 0.205 0.248 0.093143 20000 1.000000
246.132000 42.878900 -4.337 -2.832 0.167 0.228 0.035456 20000 1.000000
241.275000 37.380400 -9.313 -3.971 0.233 0.271 0.216525 20000 1.000000
241.439000 37.439500 -6.501 -1.091 0.181 0.226 0.057292 20000 1.000000
240.254000 37.088900 -5.799 -0.032 0.174 0.22 0.103327 20000 1.000000
241.853000 37.280500 -5.069 -1.708 0.17 0.217 0.062600 20000 1.000000
239.172000 41.359200 -4.64 -1.855 0.189 0.248 -0.024099 20000 1.000000
239.527000 41.332500 -4.37 -1.74 0.171 0.228 0.052347 20000 1.000000
235.587000 42.442000 -1.247 0.242 0.169 0.233 -0.019364 20000 1.000000
235.707000 42.076600 -2.385 -0.017 0.175 0.231 0.048331 20000 1.000000
238.120000 42.579800 -3.003 -1.606 0.173 0.232 0.026285 20000 1.000000
237.390000 42.727100 -3.603 0.261 0.214 0.272 0.174416 20000 1.000000
240.341000 42.546100 -4.521 -2.755 0.168 0.229 0.036286 20000 1.000000
242.275000 42.020200 -3.151 -2.822 0.17 0.228 0.049019 20000 1.000000
243.404000 33.598200 -8.166 2.7 0.247 0.312 -0.075877 20000 1.000000
243.397000 33.495500 -9.126 3.257 0.176 0.215 0.059761 20000 1.000000
244.492000 32.829400 -5.357 2.857 0.173 0.207 0.048214 20000 1.000000
238.928000 37.699000 -6.959 -0.188 0.175 0.223 0.019556 20000 1.000000
239.784000 35.693800 -8.346 4.125 0.191 0.23 0.093335 20000 1.000000
237.579000 41.830800 -4.064 -1.017 0.181 0.25 0.088535 20000 1.000000
236.019000 41.845500 -1.595 0.216 0.187 0.277 -0.046502 20000 1.000000
238.521000 36.744300 -12.169 8.705 0.186 0.231 0.111122 20000 1.000000
239.528000 35.946600 -6.618 2.802 0.189 0.23 0.103878 20000 1.000000
239.485000 35.929100 -10.01 7.531 0.303 0.413 0.055204 20000 1.000000
236.427000 40.478800 -6.167 0.099 0.2 0.267 0.245198 20000 1.000000
237.036000 39.845700 -6.227 -0.842 0.165 0.219 0.015852 20000 1.000000
243.852000 34.508100 -3.581 -1.782 0.169 0.208 0.056281 20000 1.000000
245.241000 32.497900 -2.412 -2.458 0.176 0.209 0.053632 20000 1.000000
243.407000 33.537300 -8.669 3.52 0.184 0.225 0.102043 20000 1.000000
241.651000 34.021700 -11.087 6.161 0.179 0.226 0.090250 20000 1.000000
241.379000 34.836000 -7.229 2.624 0.172 0.212 0.046642 20000 1.000000
241.983000 35.152400 -5.721 -0.326 0.172 0.213 0.051026 20000 1.000000
241.983000 35.152500 -5.093 1.252 0.171 0.212 0.050571 20000 1.000000
243.936000 31.559100 -12.258 7.101 0.178 0.208 0.119538 20000 1.000000
238.728000 35.709000 -11.795 9.076 0.189 0.236 0.022091 20000 1.000000
242.077000 34.508200 -8.461 2.901 0.177 0.216 0.060133 20000 1.000000
244.450000 32.490100 -8.014 5.271 0.173 0.214 0.005768 20000 1.000000
242.305000 34.925400 -5.029 1.674 0.173 0.212 0.020154 20000 1.000000
244.116000 32.417000 -12.311 6.71 0.17 0.204 0.052877 20000 1.000000
239.522000 35.919900 -8.624 4.274 0.175 0.22 0.079674 20000 1.000000
242.818000 33.835700 -9.067 4.587 0.191 0.223 0.051885 20000 1.000000
243.506000 33.819200 -6.892 2.093 0.194 0.234 0.037333 20000 1.000000
242.193000 34.091800 -10.28 4.473 0.178 0.226 0.036413 20000 1.000000
244.165000 31.313100 -12.852 7.424 0.17 0.203 0.042710 20000 1.000000
244.543000 32.377900 -9.026 5.923 0.17 0.204 0.050712 20000 1.000000
241.596000 33.743300 -12.323 7.353 0.171 0.207 0.063098 20000 1.000000
238.863000 36.161100 -12.032 7.993 0.18 0.22 0.079725 20000 1.000000
241.755000 34.628700 -8.514 2.857 0.188 0.233 0.006544 20000 1.000000
239.056000 39.974600 -7.183 -1.517 0.178 0.234 0.004332 20000 1.000000
242.317000 35.338700 -4.81 0.668 0.17 0.212 0.057178 20000 1.000000
240.280000 34.500000 -12.297 5.992 0.172 0.214 0.034270 20000 1.000000
243.375000 34.643900 -4.821 -0.029 0.173 0.209 0.044770 20000 1.000000
241.974000 34.019100 -10.801 4.595 0.194 0.237 -0.002981 20000 1.000000
242.445000 33.485800 -10.727 5.899 0.178 0.212 0.093539 20000 1.000000
239.475000 35.900000 -6.205 7.823 0.177 0.222 0.023230 20000 1.000000
241.807000 34.875100 -6.45 2.451 0.18 0.22 0.068713 20000 1.000000
240.816000 34.541500 -11.346 4.438 0.191 0.235 0.117722 20000 1.000000
244.877000 40.617200 -4.265 -2.773 0.171 0.23 0.058363 20000 1.000000
243.350000 36.316300 -4.15 -3.193 0.248 0.316 0.045263 20000 1.000000
238.442000 37.666500 -6.663 0.193 0.17 0.217 0.022446 20000 1.000000
241.245000 34.459800 -10.855 4.744 0.191 0.241 0.061450 20000 1.000000
242.138000 34.205600 -11.036 4.495 0.217 0.231 -0.033385 20000 1.000000
239.775000 40.591700 -4.859 -2.494 0.174 0.235 0.028804 20000 1.000000
240.984000 41.868400 -4.241 -2.398 0.18 0.242 0.123834 20000 1.000000
243.701000 35.971300 -3.636 -2.226 0.18 0.218 0.013270 20000 1.000000
241.521000 34.438600 -9.895 3.702 0.201 0.247 0.027942 20000 1.000000
240.116000 39.314300 -6.252 -0.866 0.182 0.242 0.020899 20000 1.000000
244.022000 33.292200 -6.248 1.706 0.176 0.21 0.063550 20000 1.000000
240.476000 33.247900 -10.426 7.06 0.173 0.218 0.021405 20000 1.000000
240.936000 34.319900 -11.369 6.198 0.169 0.208 0.052392 20000 1.000000
241.354000 34.059300 -11.775 7.508 0.175 0.212 0.019841 20000 1.000000
242.151000 33.992700 -10.47 4.455 0.184 0.221 0.050258 20000 1.000000
239.935000 34.004300 -12.1 7.834 0.18 0.218 0.051202 20000 1.000000
239.640000 35.917400 -5.568 4.34 0.195 0.241 0.126344 20000 1.000000
241.585000 35.158200 -6.174 1.075 0.168 0.21 0.045995 20000 1.000000
243.923000 33.650600 -3.293 1.604 0.173 0.211 0.093137 20000 1.000000
242.233000 33.549600 -11.215 6.044 0.192 0.217 0.041978 20000 1.000000
243.770000 36.934800 -3.873 -2.516 0.166 0.209 0.074845 20000 1.000000
239.867000 34.483500 -11.95 8.215 0.176 0.222 0.030587 20000 1.000000
243.839000 33.641200 -4.671 -0.311 0.178 0.215 0.056248 20000 1.000000
242.951000 39.542200 -4.479 -2.769 0.177 0.224 0.130519 20000 1.000000
242.816000 38.097200 -4.421 -3.035 0.168 0.216 0.038842 20000 1.000000
241.669000 33.797800 -10.863 6.92 0.176 0.214 0.045228 20000 1.000000
241.163000 34.248000 -11.782 6.199 0.176 0.215 0.105044 20000 1.000000
235.849000 41.053900 -0.298 3.107 0.186 0.236 -0.031228 20000 1.000000
241.558000 34.069100 -10.399 6.191 0.191 0.219 0.100881 20000 1.000000
240.156000 34.413300 -7.838 7.76 0.195 0.222 -0.036664 20000 1.000000
241.198000 39.627100 -5.203 -1.635 0.168 0.22 0.059567 20000 1.000000
241.715000 34.024000 -11.212 6.175 0.24 0.273 0.128793 20000 1.000000
243.915000 33.030100 -9.838 4.853 0.172 0.209 0.055546 20000 1.000000
240.516000 34.851500 -11.531 4.611 0.185 0.226 0.055168 20000 1.000000
238.053000 38.394500 -7 0.985 0.169 0.219 0.031729 20000 1.000000
241.780000 34.178600 -10.591 4.56 0.223 0.243 0.160827 20000 1.000000
241.486000 34.126400 -11.482 5.952 0.17 0.21 0.069679 20000 1.000000
241.516000 34.293200 -11.647 6.111 0.176 0.213 0.062804 20000 1.000000
239.384000 34.556300 -11.32 8.41 0.167 0.207 0.043952 20000 1.000000
241.879000 34.501500 -4.979 8.157 0.185 0.223 0.063235 20000 1.000000
241.706000 33.712600 -12.524 6.426 0.174 0.212 0.036443 20000 1.000000
242.807000 33.225000 -11.712 5.632 0.168 0.204 0.067722 20000 1.000000
241.346000 37.664300 -3.278 -1.232 0.376 0.515 0.069121 20000 1.000000
241.016000 35.010800 -7.511 1.762 0.195 0.237 0.041778 20000 1.000000
243.608000 33.934800 -6.277 0.659 0.192 0.232 0.039430 20000 1.000000
241.258000 34.568500 -10.879 3.565 0.186 0.226 0.178186 20000 1.000000
241.586000 34.259400 -10.964 4.924 0.2 0.247 0.027335 20000 1.000000
243.068000 34.669000 -4.996 0.676 0.188 0.228 -0.055191 20000 1.000000
241.572000 33.958200 -12.208 6.468 0.241 0.262 -0.266975 20000 1.000000
243.346000 33.955300 -5.987 1.651 0.175 0.21 0.045700 20000 1.000000
243.111000 35.425200 -4.096 0.764 0.187 0.228 0.042767 20000 1.000000
243.920000 35.287000 -4.555 -2.585 0.173 0.215 0.055186 20000 1.000000
