242.907000 34.116400 -13.798 0.62 0.244 0.265 -0.089444 20000 1.000000
243.571000 34.594300 -7.965 -2.06 0.173 0.209 0.011019 20000 1.000000
241.305000 34.824500 -11.187 0.591 0.183 0.223 0.008566 20000 1.000000
245.068000 36.319100 -6.694 -3.484 0.193 0.236 0.076788 20000 1.000000
242.103000 34.126000 -15.228 1.705 0.267 0.303 -0.051886 20000 1.000000
242.795000 40.412800 -6.992 -4.217 0.166 0.216 0.017431 20000 1.000000
240.970000 33.480500 -14.916 5.71 0.192 0.219 -0.028345 20000 1.000000
243.116000 34.264300 -9.084 1.119 0.188 0.23 0.045846 20000 1.000000
240.594000 34.920500 -12.864 1.272 0.177 0.214 0.003475 20000 1.000000
243.379000 37.039900 -6.367 -3.793 0.172 0.215 0.033196 20000 1.000000
244.002000 34.000500 -7.362 -2.999 0.169 0.203 0.010764 20000 1.000000
242.935000 33.578200 -13.47 3.714 0.175 0.207 0.009261 20000 1.000000
243.920000 35.287000 -7.317 -3.944 0.244 0.28 -0.022410 20000 1.000000
245.285000 33.610400 -6.232 -3.135 0.17 0.204 0.033910 20000 1.000000
243.947000 34.251400 -6.572 -3.103 0.176 0.209 -0.001643 20000 1.000000
243.015000 33.962700 -10.898 1.815 0.18 0.213 0.037072 20000 1.000000
241.723000 34.184900 -14.349 3.334 0.21 0.247 0.005692 20000 1.000000
242.988000 34.918600 -8.553 -1.583 0.171 0.209 0.025826 20000 1.000000
241.812000 34.292800 -14.791 3.745 0.252 0.264 -0.306602 20000 1.000000
243.128000 36.917600 -6.975 -3.835 0.189 0.228 0.051687 20000 1.000000
242.156000 42.779500 -6.238 -3.645 0.168 0.228 0.017538 20000 1.000000
240.653000 35.157300 -10.616 0.286 0.172 0.211 0.022177 20000 1.000000
235.437000 42.836100 -2.599 -0.568 0.169 0.228 -0.025815 20000 1.000000
244.010000 33.655100 -9.008 -0.995 0.257 0.313 0.042194 20000 1.000000
239.566000 35.939400 -10.701 -1.238 0.222 0.259 -0.066242 20000 1.000000
239.569000 35.888400 -13.567 3.187 0.183 0.218 -0.006417 20000 1.000000
241.666000 33.311600 -14.731 5.267 0.167 0.201 0.014786 20000 1.000000
241.370000 34.138600 -15.172 3.941 0.191 0.226 0.081943 20000 1.000000
242.329000 35.565300 -9.242 -1.296 0.18 0.219 0.019244 20000 1.000000
241.789000 33.876300 -16.933 5.369 0.185 0.223 0.073548 20000 1.000000
240.987000 34.806400 -13.507 1.959 0.232 0.302 -0.104338 20000 1.000000
243.664000 34.829500 -7.693 -3.779 0.182 0.212 0.014021 20000 1.000000
242.035000 34.244000 -10.146 6.443 0.2 0.251 -0.122825 20000 1.000000
237.881000 37.724100 -12.574 3.946 0.188 0.232 -0.030304 20000 1.000000
241.974000 34.333400 -12.785 1.654 0.197 0.235 0.031266 20000 1.000000
243.234000 36.746500 -7.32 -3.511 0.189 0.229 0.069580 20000 1.000000
242.172000 34.640500 -7.638 -2.389 0.195 0.232 -0.069805 20000 1.000000
241.063000 34.109600 -12.047 4.803 0.187 0.236 0.033182 20000 1.000000
242.521000 34.313800 -10.658 2.377 0.196 0.228 0.145668 20000 1.000000
242.291000 34.109900 -13.813 2.609 0.189 0.224 -0.011222 20000 1.000000
245.126000 40.558400 -6.409 -4.415 0.181 0.222 0.066561 20000 1.000000
240.120000 34.414900 -14.557 5.249 0.174 0.21 -0.025556 20000 1.000000
242.427000 35.071700 -8.938 -0.396 0.174 0.211 0.047732 20000 1.000000
243.431000 36.807700 -7.006 -3.741 0.217 0.255 0.078093 20000 1.000000
239.249000 35.791600 -14.472 5.778 0.174 0.215 -0.044572 20000 1.000000
242.900000 34.039100 -11.233 0.219 0.173 0.207 0.049377 20000 1.000000
244.265000 33.069800 -10.253 1.727 0.174 0.206 0.031566 20000 1.000000
240.961000 34.168400 -14.525 5.421 0.169 0.204 0.010403 20000 1.000000
241.743000 33.861500 -15.434 4.167 0.197 0.238 0.025642 20000 1.000000
241.476000 34.253600 -13.851 4.258 0.18 0.22 0.068281 20000 1.000000
240.629000 34.408100 -14.744 3.382 0.19 0.233 -0.019711 20000 1.000000
241.387000 34.516500 -12.845 2.544 0.175 0.209 -0.014727 20000 1.000000
243.630000 34.124100 -7.755 -0.906 0.18 0.215 -0.011618 20000 1.000000
242.098000 34.082000 -14.991 3.232 0.223 0.266 -0.028431 20000 1.000000
241.603000 34.334800 -10.914 2.909 0.28 0.293 -0.229814 20000 1.000000
241.603000 34.334000 -21.315 -2.33 0.298 0.279 -0.087437 20000 1.000000
244.212000 33.389800 -9.86 -0.877 0.287 0.346 0.021435 20000 1.000000
242.140000 34.413400 -12.948 2.111 0.178 0.228 0.038486 20000 1.000000
241.874000 33.938000 -11.254 4.64 0.229 0.297 -0.026999 20000 1.000000
242.588000 33.647700 -13.829 3.895 0.167 0.201 0.014898 20000 1.000000
241.170000 34.946200 -12.235 2.563 0.178 0.217 -0.000364 20000 1.000000
245.061000 39.345200 -7.443 -3.415 0.174 0.222 0.026279 20000 1.000000
244.183000 40.914700 -7.867 -3.723 0.166 0.218 0.031227 20000 1.000000
242.474000 34.104200 -13.229 2.668 0.185 0.226 0.008315 20000 1.000000
239.991000 34.733000 -15.761 4.13 0.171 0.205 0.032377 20000 1.000000
241.116000 34.356300 -14.284 4.034 0.17 0.204 0.011529 20000 1.000000
246.195000 39.369400 -6.827 -3.832 0.174 0.22 0.024314 20000 1.000000
241.641000 34.080600 -14.244 3.768 0.206 0.247 -0.032050 20000 1.000000
241.107000 34.800200 -12.01 0.881 0.181 0.219 0.062552 20000 1.000000
240.644000 40.416500 -7.694 -3.878 0.175 0.229 -0.019319 20000 1.000000
240.136000 35.189400 -13.224 3.124 0.177 0.221 0.009772 20000 1.000000
244.479000 33.274800 -7.817 -3.923 0.177 0.208 0.015245 20000 1.000000
245.173000 33.051100 -6.751 -3.667 0.25 0.267 -0.082188 20000 1.000000
244.340000 34.784000 -7.233 -4.359 0.192 0.236 -0.011478 20000 1.000000
245.810000 34.308600 -6.498 -3.736 0.184 0.217 0.028046 20000 1.000000
243.111000 35.425200 -6.786 -3.82 0.178 0.218 0.012997 20000 1.000000
245.820000 40.640200 -5.551 -4.751 0.167 0.217 0.035169 20000 1.000000
241.887000 34.047400 -13.776 3.755 0.175 0.211 0.043054 20000 1.000000
239.318000 34.469400 -16.667 3.196 0.166 0.202 0.025992 20000 1.000000
241.714000 33.783600 -14.521 5.687 0.184 0.219 0.011130 20000 1.000000
243.570000 34.754800 -8.651 -3.148 0.17 0.207 0.023053 20000 1.000000
238.530000 40.815900 -8.728 -3.353 0.164 0.217 -0.000370 20000 1.000000
244.365000 33.705000 -7.149 -3.942 0.184 0.224 -0.004283 20000 1.000000
239.520000 35.866700 -14.141 4.423 0.187 0.226 0.018975 20000 1.000000
242.155000 34.458200 -10.748 3.029 0.184 0.224 0.013819 20000 1.000000
239.598000 35.880800 -9.48 0.607 0.178 0.217 0.079570 20000 1.000000
240.812000 34.441200 -14.123 3.034 0.176 0.214 0.014945 20000 1.000000
244.089000 34.727300 -6.546 -3.802 0.172 0.209 0.027860 20000 1.000000
244.855000 34.157600 -6.793 -4.178 0.172 0.208 0.056156 20000 1.000000
241.526000 35.662300 -9.029 -1.101 0.184 0.226 -0.050823 20000 1.000000
243.901000 36.458800 -6.912 -3.573 0.192 0.235 0.112803 20000 1.000000
240.992000 34.398500 -12.244 2.14 0.177 0.214 0.002636 20000 1.000000
243.827000 33.925400 -8.934 -1.86 0.175 0.208 0.040859 20000 1.000000
241.694000 33.927900 -13.889 4.027 0.184 0.217 0.018762 20000 1.000000
243.692000 36.745900 -7.235 -4.288 0.191 0.231 0.046217 20000 1.000000
242.165000 34.485500 -11.36 1.675 0.174 0.211 0.021003 20000 1.000000
243.060000 35.090200 -6.901 -2.75 0.172 0.208 0.012774 20000 1.000000
239.406000 35.828700 -14.954 6.123 0.17 0.209 0.013694 20000 1.000000
240.896000 34.733600 -13.666 2.009 0.178 0.22 0.011496 20000 1.000000
239.557000 35.832600 -13.878 4.659 0.167 0.206 0.002403 20000 1.000000
242.563000 33.856800 -13.494 3.342 0.17 0.203 0.004728 20000 1.000000
238.778000 42.418300 -6.483 -4.161 0.214 0.29 -0.025322 20000 1.000000
239.241000 36.186900 -7.156 0.615 0.173 0.211 0.054908 20000 1.000000
239.233000 36.180500 -14.922 5.823 0.183 0.225 0.018843 20000 1.000000
244.021000 36.632500 -6.136 -3.068 0.182 0.227 0.078140 20000 1.000000
239.649000 34.038300 -15.953 6.159 0.172 0.208 -0.029064 20000 1.000000
243.904000 40.148400 -6.397 -3.473 0.173 0.225 -0.039796 20000 1.000000
242.682000 33.918400 -12.974 2.95 0.174 0.206 0.017888 20000 1.000000
239.566000 35.969500 -10.932 -2.612 0.179 0.212 -0.045104 20000 1.000000
244.588000 40.710700 -6.913 -3.648 0.172 0.233 0.017313 20000 1.000000
241.122000 34.295500 -13.899 -4.507 0.207 0.237 -0.052163 20000 1.000000
242.790000 34.230800 -12.279 -2.445 0.203 0.231 0.133659 20000 1.000000
243.852000 34.508600 -6.47 -4.445 0.188 0.224 0.011962 20000 1.000000
245.381000 34.767700 -6.391 -3.62 0.177 0.213 0.017357 20000 1.000000
242.491000 39.685600 -8.11 -3.29 0.276 0.345 0.011860 20000 1.000000
240.859000 34.498700 -13.989 1.4 0.168 0.204 0.002802 20000 1.000000
243.932000 34.141000 -6.923 -2.99 0.171 0.207 0.034438 20000 1.000000
244.082000 34.369900 -5.931 -3.34 0.175 0.211 0.010958 20000 1.000000
243.695000 34.427700 -6.697 -2.381 0.175 0.213 -0.026193 20000 1.000000
243.708000 34.533000 -7.303 -2.977 0.176 0.209 0.011878 20000 1.000000
243.185000 34.674900 -8.412 -1.01 0.169 0.205 0.017048 20000 1.000000
241.793000 34.128800 -13.898 3.722 0.174 0.211 0.016881 20000 1.000000
240.647000 34.683400 -14.879 4.205 0.191 0.227 -0.007125 20000 1.000000
242.814000 39.521100 -7.495 -3.534 0.169 0.217 0.017952 20000 1.000000
245.995000 32.722500 -6.056 -3.754 0.174 0.205 0.046703 20000 1.000000
244.721000 39.910200 -7.278 -4.394 0.187 0.226 0.032240 20000 1.000000
245.543000 36.154200 -5.756 -3.969 0.172 0.209 0.021667 20000 1.000000
245.180000 41.724200 -7.625 -3.56 0.168 0.221 0.005710 20000 1.000000
242.670000 41.428700 -7.243 -3.721 0.166 0.221 0.022789 20000 1.000000
235.925000 40.876300 -5.062 0.631 0.216 0.261 0.024443 20000 1.000000
236.274000 38.928300 -15.147 5.931 0.165 0.212 -0.013125 20000 1.000000
237.585000 40.997600 -10.051 -3.868 0.194 0.261 -0.097987 20000 1.000000
235.986000 42.967400 -3.988 -1.458 0.17 0.234 0.016238 20000 1.000000
243.830000 32.616500 -14.695 4.148 0.171 0.202 0.006320 20000 1.000000
238.997000 35.551800 -14.766 7.664 0.168 0.206 0.006236 20000 1.000000
242.015000 39.305600 -6.712 -3.849 0.171 0.224 -0.010070 20000 1.000000
242.395000 39.287900 -6.806 -4.509 0.172 0.217 0.016985 20000 1.000000
243.576000 39.500500 -6.982 -3.946 0.167 0.22 0.045901 20000 1.000000
243.950000 39.546400 -6.529 -3.544 0.171 0.216 0.039585 20000 1.000000
244.111000 39.374200 -6.64 -3.639 0.167 0.215 0.034234 20000 1.000000
244.487000 39.536100 -7.027 -3.943 0.168 0.217 0.025669 20000 1.000000
242.120000 40.433400 -7.131 -4.042 0.169 0.22 0.046564 20000 1.000000
245.308000 39.255200 -6.705 -3.566 0.173 0.217 0.069814 20000 1.000000
245.723000 39.119400 -6.059 -3.129 0.171 0.222 0.030912 20000 1.000000
246.129000 39.067300 -7.015 -3.772 0.17 0.218 0.017302 20000 1.000000
246.495000 39.268900 -6.489 -4.216 0.167 0.218 0.036611 20000 1.000000
242.532000 40.320600 -6.743 -4.451 0.174 0.223 -0.032756 20000 1.000000
246.946000 40.494000 -6.613 -3.92 0.167 0.218 0.048652 20000 1.000000
243.264000 40.495500 -6.079 -3.951 0.174 0.223 -0.003021 20000 1.000000
243.721000 40.363200 -6.59 -4.018 0.167 0.218 0.037931 20000 1.000000
240.200000 39.572800 -6.573 -3.724 0.167 0.217 0.013864 20000 1.000000
242.469000 36.614300 -7.661 -2.776 0.167 0.207 0.018712 20000 1.000000
242.593000 36.804200 -6.778 -3.285 0.164 0.206 0.018684 20000 1.000000
242.006000 36.606000 -8.375 -2.246 0.176 0.214 0.094729 20000 1.000000
242.296000 37.200800 -7.615 -4.154 0.168 0.211 0.025368 20000 1.000000
240.463000 39.698400 -8.435 -2.45 0.173 0.225 0.015354 20000 1.000000
240.694000 39.795600 -8.434 -3.238 0.174 0.226 0.061454 20000 1.000000
241.126000 39.838800 -7.887 -3.366 0.176 0.223 -0.021360 20000 1.000000
241.316000 39.888900 -7.603 -4.027 0.17 0.22 0.006488 20000 1.000000
241.841000 39.212300 -6.903 -4.043 0.164 0.211 0.021324 20000 1.000000
246.706000 41.856800 -7.696 -2.897 0.175 0.233 0.058199 20000 1.000000
246.988000 41.817300 -7.963 -3.355 0.168 0.221 0.024629 20000 1.000000
246.722000 40.671300 -6.391 -3.694 0.171 0.223 0.011805 20000 1.000000
240.400000 39.499200 -8.39 -3.165 0.183 0.224 0.053253 20000 1.000000
240.931000 39.486100 -7.595 -4.127 0.211 0.265 -0.009183 20000 1.000000
241.550000 39.133900 -7.618 -3.789 0.167 0.215 0.030522 20000 1.000000
241.062000 39.268000 -7.949 -2.809 0.169 0.217 0.002346 20000 1.000000
241.649000 39.454700 -6.945 -3.581 0.169 0.218 0.060976 20000 1.000000
241.995000 38.728800 -7.664 -3.837 0.169 0.214 0.023950 20000 1.000000
241.540000 38.724600 -7.188 -2.75 0.169 0.216 0.015711 20000 1.000000
241.070000 38.980900 -8.18 -2.915 0.164 0.215 0.017619 20000 1.000000
240.985000 38.704600 -7.954 -2.545 0.17 0.217 -0.013581 20000 1.000000
240.541000 38.761400 -8.339 -2.703 0.176 0.22 -0.060354 20000 1.000000
240.523000 40.779800 -7.402 -3.889 0.181 0.228 0.083364 20000 1.000000
240.990000 40.242200 -7.639 -3.337 0.188 0.228 -0.052303 20000 1.000000
240.278000 39.908200 -7.535 -2.827 0.169 0.22 0.048527 20000 1.000000
239.307000 38.829200 -8.96 -2.681 0.212 0.247 0.095279 20000 1.000000
239.614000 39.046600 -9.02 -4.17 0.191 0.238 -0.081693 20000 1.000000
239.107000 39.466700 -9.709 -2.585 0.181 0.226 0.104023 20000 1.000000
239.716000 39.937400 -8.343 -2.905 0.163 0.212 0.006802 20000 1.000000
239.194000 40.418600 -8.686 -2.261 0.173 0.219 -0.009361 20000 1.000000
235.692000 40.247500 -11.068 4.061 0.165 0.216 -0.003448 20000 1.000000
235.867000 40.551300 -7.141 1.515 0.165 0.217 -0.015462 20000 1.000000
235.787000 40.637400 -6.307 1.696 0.184 0.234 -0.028789 20000 1.000000
235.943000 40.219600 -10.176 4.112 0.168 0.22 0.014469 20000 1.000000
236.307000 40.119300 -9.423 0.174 0.174 0.233 0.032677 20000 1.000000
238.207000 36.485500 -14.679 7.805 0.165 0.206 -0.000646 20000 1.000000
238.949000 36.302100 -14.313 6.588 0.167 0.208 0.001467 20000 1.000000
238.865000 36.425900 -14.819 6.079 0.17 0.21 0.016566 20000 1.000000
237.668000 37.534500 -11.612 3.954 0.185 0.218 -0.057696 20000 1.000000
237.623000 37.914500 -11.184 2.101 0.173 0.219 0.001311 20000 1.000000
236.819000 38.495000 -13.183 5.557 0.17 0.219 -0.062789 20000 1.000000
236.291000 39.117200 -13.857 4.524 0.169 0.218 -0.006221 20000 1.000000
236.652000 38.987400 -13.831 4.347 0.176 0.222 0.067039 20000 1.000000
236.796000 39.242000 -11.446 0.698 0.167 0.216 -0.005419 20000 1.000000
236.368000 42.275400 -5.396 -1.106 0.174 0.233 0.003744 20000 1.000000
236.895000 39.319700 -10.483 -0.324 0.174 0.222 0.018013 20000 1.000000
237.041000 38.664700 -10.885 3.784 0.179 0.248 -0.007914 20000 1.000000
237.233000 38.428600 -12.241 2.955 0.167 0.213 0.003051 20000 1.000000
237.548000 38.239800 -9.876 0.731 0.17 0.215 -0.002286 20000 1.000000
237.083000 38.866100 -8.96 0.574 0.164 0.211 -0.007835 20000 1.000000
237.037000 39.398100 -10.043 -0.107 0.189 0.234 -0.028913 20000 1.000000
237.424000 38.777800 -9.711 1.27 0.177 0.233 -0.017067 20000 1.000000
237.696000 39.109300 -8.492 -2.114 0.173 0.221 -0.003597 20000 1.000000
237.873000 37.069200 -14.861 4.83 0.189 0.236 0.132759 20000 1.000000
238.137000 36.962000 -14.75 5.531 0.19 0.226 -0.039678 20000 1.000000
238.009000 37.201700 -12.592 4.601 0.194 0.236 -0.070654 20000 1.000000
238.203000 37.001000 -14.027 2.568 0.401 0.468 0.017985 20000 1.000000
238.274000 37.002400 -13.493 3.985 0.178 0.229 0.020143 20000 1.000000
238.349000 37.104500 -12.089 1.82 0.186 0.226 -0.058568 20000 1.000000
238.286000 37.203500 -14.379 0.391 0.173 0.215 0.055766 20000 1.000000
237.786000 37.329900 -13.676 5.106 0.166 0.209 0.008187 20000 1.000000
237.901000 37.336900 -12.111 4.78 0.17 0.222 0.008083 20000 1.000000
237.900000 37.722000 -11.25 1.025 0.166 0.209 -0.000808 20000 1.000000
237.781000 37.863900 -10.402 1.017 0.167 0.213 -0.037871 20000 1.000000
237.942000 37.713900 -10.695 1.787 0.175 0.218 -0.024813 20000 1.000000
238.174000 37.336800 -11.014 3.649 0.172 0.218 0.014824 20000 1.000000
238.210000 37.533000 -10.093 -2.133 0.167 0.21 0.010729 20000 1.000000
238.313000 37.601800 -9.479 -1.185 0.183 0.227 0.052333 20000 1.000000
238.022000 37.749400 -10.605 -0.407 0.167 0.211 0.001059 20000 1.000000
238.214000 37.819000 -9.623 -3.433 0.171 0.215 -0.006544 20000 1.000000
238.095000 36.621700 -14.791 7.732 0.169 0.211 -0.003229 20000 1.000000
238.421000 36.724000 -15.359 5.181 0.168 0.209 -0.005402 20000 1.000000
238.580000 36.800400 -10.967 4.654 0.167 0.208 -0.003103 20000 1.000000
238.409000 36.858500 -14.468 5.078 0.169 0.211 -0.012162 20000 1.000000
238.459000 36.814300 -14.361 6.666 0.17 0.21 0.009765 20000 1.000000
238.445000 36.903500 -12.335 3.082 0.17 0.21 -0.011647 20000 1.000000
238.613000 36.637000 -15.315 6.342 0.177 0.22 -0.048172 20000 1.000000
238.458000 37.007800 -11.707 2.327 0.166 0.208 0.001560 20000 1.000000
238.426000 37.213000 -9.958 -1.651 0.167 0.208 0.001799 20000 1.000000
238.665000 36.918200 -8.183 -3.421 0.317 0.33 -0.011102 20000 1.000000
238.645000 37.010800 -9.708 -1.98 0.177 0.22 -0.027470 20000 1.000000
238.812000 36.559500 -14.814 5.846 0.165 0.207 -0.002999 20000 1.000000
238.131000 37.975600 -9.023 -2.043 0.168 0.213 0.015413 20000 1.000000
238.936000 36.611600 -11.941 -4.128 0.165 0.205 0.002131 20000 1.000000
238.732000 36.950000 -9.436 -1.496 0.172 0.213 0.028335 20000 1.000000
238.652000 36.811400 -9.418 -0.243 0.169 0.211 0.000403 20000 1.000000
238.942000 37.169600 -9.077 -2.579 0.174 0.216 0.019556 20000 1.000000
238.347000 37.478400 -9.699 -2.564 0.179 0.225 -0.018551 20000 1.000000
238.531000 37.489600 -8.352 -3.173 0.165 0.209 0.001213 20000 1.000000
238.675000 37.581900 -8.638 -1.039 0.169 0.214 -0.003432 20000 1.000000
238.395000 37.932000 -9.214 -2.08 0.168 0.213 0.005209 20000 1.000000
238.536000 37.755300 -7.864 -2.9 0.169 0.214 -0.004051 20000 1.000000
238.717000 37.385400 -8.403 -3.084 0.22 0.269 -0.075759 20000 1.000000
237.782000 38.153000 -8.766 -0.432 0.166 0.212 -0.015973 20000 1.000000
237.904000 38.025100 -9.453 0.605 0.17 0.217 -0.041640 20000 1.000000
237.805000 38.444200 -9.315 -0.969 0.175 0.232 0.011550 20000 1.000000
238.905000 38.645300 -8.986 -1.307 0.166 0.212 0.004059 20000 1.000000
239.652000 35.544100 -13.354 5.58 0.171 0.21 0.006989 20000 1.000000
239.611000 35.841100 -13.358 4.481 0.171 0.209 -0.001737 20000 1.000000
239.655000 35.837800 -9.567 1.562 0.172 0.212 -0.001974 20000 1.000000
239.715000 35.806700 -9.129 1.602 0.176 0.216 -0.006672 20000 1.000000
239.093000 35.933300 -13.766 6.183 0.167 0.207 -0.000953 20000 1.000000
239.019000 36.417200 -9.207 -0.541 0.167 0.209 0.016556 20000 1.000000
239.147000 36.515900 -9.321 -0.34 0.171 0.215 0.001154 20000 1.000000
239.302000 36.024800 -14.185 6.632 0.168 0.212 0.001771 20000 1.000000
239.121000 36.140200 -14.427 5.734 0.168 0.207 -0.001962 20000 1.000000
239.251000 36.106800 -14.618 5.428 0.165 0.205 0.004431 20000 1.000000
239.272000 36.178900 -8.792 -1.523 0.165 0.205 0.003058 20000 1.000000
239.355000 35.922800 -14.068 5.656 0.167 0.207 -0.003417 20000 1.000000
239.457000 36.089400 -8.127 0.16 0.167 0.206 0.009848 20000 1.000000
239.560000 36.123200 -8.063 -0.467 0.166 0.206 0.006565 20000 1.000000
239.158000 35.697100 -15.044 5.913 0.177 0.213 0.041780 20000 1.000000
239.637000 36.051700 -8.343 1.007 0.169 0.207 0.007500 20000 1.000000
239.448000 35.974100 -14.367 5.744 0.235 0.275 -0.040045 20000 1.000000
239.706000 36.015800 -7.991 1.594 0.169 0.208 0.003764 20000 1.000000
239.723000 36.304400 -7.492 -0.918 0.176 0.217 -0.021716 20000 1.000000
239.257000 36.806300 -7.996 -1.728 0.168 0.212 0.010156 20000 1.000000
239.803000 37.352200 -9.034 -1.867 0.177 0.223 0.009664 20000 1.000000
239.356000 37.795200 -9.2 -1.966 0.174 0.215 0.001533 20000 1.000000
239.049000 38.090000 -8.518 -2.335 0.171 0.217 -0.001814 20000 1.000000
239.666000 38.735600 -8.886 -1.723 0.176 0.219 0.020617 20000 1.000000
236.283000 39.863600 -13.167 1.122 0.201 0.253 -0.069368 20000 1.000000
236.448000 39.905700 -11.469 -0.906 0.183 0.244 -0.006516 20000 1.000000
236.628000 39.452400 -13.648 0.467 0.202 0.254 -0.050651 20000 1.000000
236.705000 39.707100 -11.427 -3.612 0.176 0.225 -0.067345 20000 1.000000
236.344000 40.256800 -8.923 -0.773 0.167 0.221 0.008212 20000 1.000000
236.117000 41.151700 -6.656 -1.828 0.167 0.221 0.005522 20000 1.000000
236.301000 40.575300 -8.425 -2.992 0.174 0.226 0.056206 20000 1.000000
236.548000 40.082200 -10.552 -0.975 0.164 0.215 -0.001616 20000 1.000000
236.864000 40.324100 -9.61 -2.571 0.208 0.275 -0.012856 20000 1.000000
236.826000 40.546700 -9.699 -2.898 0.169 0.221 -0.021032 20000 1.000000
237.024000 39.621400 -12.199 -5.615 0.261 0.319 -0.036259 20000 1.000000
237.264000 39.493600 -10.137 -4.637 0.165 0.212 -0.007247 20000 1.000000
237.077000 40.747600 -7.562 -3.132 0.172 0.225 -0.016349 20000 1.000000
237.332000 40.034100 -8.492 -2.45 0.168 0.218 -0.017678 20000 1.000000
237.393000 40.650700 -8.441 -1.109 0.174 0.232 -0.044247 20000 1.000000
236.666000 40.887100 -9.766 -4.314 0.165 0.217 0.006507 20000 1.000000
237.729000 40.271200 -9.428 -3.121 0.185 0.239 -0.055334 20000 1.000000
239.052000 41.183300 -8.435 -3.77 0.167 0.224 -0.000784 20000 1.000000
237.681000 40.731100 -9.953 -2.843 0.2 0.239 0.023300 20000 1.000000
235.774000 42.209100 -5.753 -0.628 0.168 0.22 -0.017699 20000 1.000000
235.946000 42.860100 -3.653 -1.683 0.187 0.244 0.061445 20000 1.000000
236.617000 42.503500 -4.595 -1.537 0.167 0.226 0.009817 20000 1.000000
237.344000 42.191000 -5.46 -1.791 0.17 0.229 -0.021515 20000 1.000000
238.220000 42.259700 -6.617 -3.238 0.167 0.221 0.000436 20000 1.000000
239.622000 42.468800 -6.377 -2.104 0.167 0.227 -0.010307 20000 1.000000
243.371000 36.071300 -7.106 -3.819 0.178 0.223 0.069886 20000 1.000000
242.835000 36.022500 -8.092 -2.802 0.178 0.211 0.008762 20000 1.000000
242.590000 36.159000 -7.729 -2.479 0.181 0.22 0.062699 20000 1.000000
241.868000 36.466800 -8.547 -1.57 0.19 0.237 -0.178425 20000 1.000000
242.211000 36.531200 -9.119 -2.538 0.168 0.211 0.010035 20000 1.000000
241.909000 36.570200 -8.368 -1.326 0.186 0.219 -0.035280 20000 1.000000
241.882000 36.975700 -8.33 -2.99 0.165 0.207 0.016702 20000 1.000000
242.064000 37.231400 -7.924 -3.014 0.173 0.214 0.064735 20000 1.000000
242.606000 34.462400 -10.308 -0.175 0.179 0.212 0.004760 20000 1.000000
242.459000 33.562100 -13.917 4.436 0.169 0.203 0.034316 20000 1.000000
242.895000 32.889200 -14.822 4.231 0.171 0.201 0.004868 20000 1.000000
243.050000 32.733800 -14.802 4.473 0.168 0.2 0.010800 20000 1.000000
242.756000 32.666400 -14.675 5.056 0.181 0.207 0.086825 20000 1.000000
242.810000 33.439600 -13.781 4.239 0.169 0.202 0.014370 20000 1.000000
242.928000 33.235700 -14.978 4.191 0.177 0.206 0.052307 20000 1.000000
243.217000 33.493300 -13.321 3.107 0.169 0.202 0.014526 20000 1.000000
243.651000 32.976000 -15.533 4.369 0.173 0.205 0.025651 20000 1.000000
243.989000 32.822200 -13.515 4.036 0.173 0.204 -0.020788 20000 1.000000
243.329000 33.240200 -13.221 4.221 0.177 0.209 0.014537 20000 1.000000
243.431000 33.059200 -14.764 3.965 0.168 0.2 0.010424 20000 1.000000
243.379000 33.375600 -13.911 3.248 0.173 0.206 0.049804 20000 1.000000
243.591000 33.210200 -13.272 3.433 0.185 0.218 0.031633 20000 1.000000
243.817000 33.213500 -12.55 2.03 0.17 0.202 0.019305 20000 1.000000
243.921000 33.201000 -12.584 1.57 0.17 0.202 0.023629 20000 1.000000
243.888000 33.296200 -11.44 0.15 0.174 0.207 -0.037871 20000 1.000000
243.574000 33.523500 -13.642 0.141 0.179 0.207 0.086768 20000 1.000000
243.773000 33.574700 -11.107 0.442 0.176 0.216 0.048986 20000 1.000000
244.031000 32.887000 -13.588 3.253 0.174 0.205 0.014521 20000 1.000000
244.175000 32.954700 -13.136 2.552 0.17 0.202 0.015242 20000 1.000000
244.268000 32.759700 -12.656 4.568 0.18 0.211 0.024169 20000 1.000000
244.404000 32.750600 -13.987 6.417 0.175 0.204 0.029698 20000 1.000000
244.423000 32.834700 -11.283 3.07 0.177 0.207 0.021098 20000 1.000000
244.430000 32.898400 -10.155 2.353 0.177 0.207 0.033182 20000 1.000000
244.700000 32.690000 -6.2 -3.218 0.17 0.201 0.026527 20000 1.000000
244.602000 32.875800 -7.34 -2.695 0.177 0.208 0.037327 20000 1.000000
244.578000 32.982500 -7.132 -2.28 0.177 0.21 0.049721 20000 1.000000
244.280000 32.948900 -11.786 2.615 0.175 0.205 0.012659 20000 1.000000
244.234000 33.516400 -8.416 -3.259 0.177 0.21 0.069894 20000 1.000000
244.313000 33.423900 -7.607 -3.494 0.177 0.21 0.058369 20000 1.000000
244.571000 33.247800 -7.342 -3.8 0.176 0.208 0.010350 20000 1.000000
244.657000 33.143600 -6.924 -3.861 0.176 0.208 -0.032421 20000 1.000000
244.704000 33.886900 -7.235 -3.966 0.18 0.209 0.023104 20000 1.000000
239.350000 34.907300 -15.247 6.133 0.166 0.202 0.001566 20000 1.000000
239.590000 35.010700 -15.408 4.825 0.171 0.207 0.007579 20000 1.000000
239.760000 34.870600 -14.974 5.896 0.169 0.205 0.018693 20000 1.000000
239.617000 35.106200 -11.605 6.904 0.83 0.92 0.034158 20000 1.000000
240.208000 34.507800 -15.999 3.481 0.173 0.205 -0.002347 20000 1.000000
239.409000 35.166100 -14.422 6.357 0.167 0.204 0.008309 20000 1.000000
239.192000 35.425800 -15.635 6.26 0.167 0.205 -0.008745 20000 1.000000
239.455000 35.327800 -14.251 5.543 0.172 0.211 0.047390 20000 1.000000
239.520000 35.624800 -12.915 7.034 0.168 0.208 0.012981 20000 1.000000
239.463000 35.792700 -13.902 5.465 0.168 0.207 0.009598 20000 1.000000
239.733000 35.633800 -13.35 3.864 0.171 0.207 0.026162 20000 1.000000
239.629000 35.747900 -11.104 4.936 0.17 0.208 0.013990 20000 1.000000
237.762000 37.061200 -14.115 5.975 0.168 0.212 0.016193 20000 1.000000
239.899000 35.235100 -14.426 4.523 0.189 0.22 0.054995 20000 1.000000
239.975000 35.279800 -14.196 4.218 0.174 0.214 -0.018534 20000 1.000000
240.065000 35.316800 -12.3 3.34 0.172 0.211 0.010485 20000 1.000000
239.887000 35.534200 -12.361 3.017 0.172 0.211 -0.001557 20000 1.000000
239.818000 35.702700 -10.472 2.355 0.168 0.206 0.012323 20000 1.000000
239.869000 35.801300 -9.019 0.942 0.177 0.211 0.009992 20000 1.000000
239.999000 35.686700 -9.831 0.394 0.171 0.208 -0.020877 20000 1.000000
240.287000 35.319000 -10.22 2.044 0.18 0.222 0.007782 20000 1.000000
240.091000 35.934700 -9.386 -0.995 0.17 0.208 0.013250 20000 1.000000
240.674000 34.599600 -14.346 2.832 0.177 0.218 0.097473 20000 1.000000
240.885000 34.660100 -13.988 2.794 0.175 0.21 0.055672 20000 1.000000
240.845000 34.856200 -11.856 2.332 0.229 0.344 -0.054626 20000 1.000000
241.121000 34.835100 -12.238 1.563 0.169 0.205 0.021548 20000 1.000000
241.152000 34.792300 -10.844 1.023 0.173 0.215 0.013757 20000 1.000000
241.454000 34.771100 -11.174 2.116 0.17 0.207 0.004978 20000 1.000000
241.344000 34.944400 -9.714 -0.171 0.175 0.213 -0.031133 20000 1.000000
241.388000 35.138600 -9.723 -0.422 0.168 0.206 -0.007036 20000 1.000000
241.382000 34.838900 -10.926 0.935 0.175 0.212 0.007653 20000 1.000000
241.459000 34.821800 -10.736 -0.59 0.18 0.223 0.019577 20000 1.000000
241.811000 34.982100 -9.025 0.307 0.168 0.205 0.011536 20000 1.000000
241.876000 35.378000 -10.456 -1.162 0.169 0.206 0.004372 20000 1.000000
241.740000 35.667300 -9.556 -0.813 0.176 0.21 0.021308 20000 1.000000
241.233000 36.231400 -9.064 -1.418 0.173 0.21 0.065471 20000 1.000000
241.045000 36.585500 -8.643 -1.201 0.166 0.207 0.008580 20000 1.000000
241.994000 35.038800 -8.413 0 0.169 0.206 0.015102 20000 1.000000
242.271000 34.509700 -11.05 0.874 0.17 0.206 0.009492 20000 1.000000
242.457000 34.987000 -8.746 -0.757 0.171 0.208 0.049764 20000 1.000000
243.048000 33.892600 -11.403 1.88 0.169 0.203 0.007746 20000 1.000000
243.454000 34.019300 -8.509 -0.901 0.169 0.204 0.011129 20000 1.000000
242.719000 34.534800 -9.656 -0.86 0.194 0.215 -0.075690 20000 1.000000
241.983000 35.152400 -8.734 -0.619 0.171 0.208 0.017107 20000 1.000000
242.697000 35.238500 -8.298 -0.784 0.17 0.206 0.022762 20000 1.000000
242.795000 35.387900 -7.58 -1.428 0.166 0.204 0.021797 20000 1.000000
242.610000 35.896700 -7.207 -2.027 0.182 0.224 0.005920 20000 1.000000
242.597000 35.697600 -8.497 -1.58 0.167 0.206 0.021185 20000 1.000000
243.112000 35.710600 -7.505 -2.701 0.2 0.246 0.026922 20000 1.000000
243.290000 34.192500 -9.453 -0.68 0.174 0.205 -0.006646 20000 1.000000
243.463000 34.217200 -8.213 0.013 0.173 0.206 0.024930 20000 1.000000
243.788000 33.865800 -8.917 -1.966 0.168 0.203 0.028939 20000 1.000000
243.920000 33.959300 -7.064 -2.077 0.171 0.203 0.016867 20000 1.000000
243.971000 34.716900 -7.054 -3.963 0.173 0.207 0.006490 20000 1.000000
243.120000 34.462100 -9.18 -1.103 0.169 0.205 0.014523 20000 1.000000
244.179000 33.741000 -7.485 -3.507 0.176 0.209 0.007952 20000 1.000000
243.107000 34.062700 -10.132 0.788 0.228 0.251 -0.029412 20000 1.000000
244.236000 34.425700 -6.806 -4.188 0.211 0.224 0.054538 20000 1.000000
244.350000 35.204800 -6.852 -4.235 0.174 0.21 -0.007248 20000 1.000000
242.685000 34.187400 -12.034 0.619 0.172 0.208 0.054210 20000 1.000000
242.950000 34.196200 -13.245 -1.576 0.205 0.213 0.084032 20000 1.000000
244.750000 34.731800 -6.449 -4.009 0.198 0.244 0.075438 20000 1.000000
243.237000 35.204600 -8.151 -2.318 0.169 0.206 0.022946 20000 1.000000
242.107000 35.424600 -9.141 -0.403 0.169 0.207 0.010573 20000 1.000000
243.428000 35.320600 -7.562 -2.557 0.169 0.208 0.007383 20000 1.000000
243.896000 35.141900 -6.607 -3.884 0.181 0.211 -0.008160 20000 1.000000
244.456000 35.472800 -7.238 -4.292 0.17 0.211 0.031771 20000 1.000000
244.634000 35.163000 -6.382 -4.156 0.174 0.211 -0.016602 20000 1.000000
245.401000 34.188900 -6.396 -3.702 0.173 0.209 0.023218 20000 1.000000
245.035000 34.844400 -6.294 -3.631 0.175 0.211 0.017116 20000 1.000000
244.762000 35.291100 -6.706 -3.693 0.171 0.209 0.019771 20000 1.000000
241.621000 37.973100 -7.86 -2.536 0.166 0.212 -0.001237 20000 1.000000
241.000000 37.613000 -7.96 -0.875 0.173 0.214 -0.023697 20000 1.000000
241.084000 37.605300 -8.583 -2.082 0.177 0.23 -0.004669 20000 1.000000
240.914000 37.785700 -8.021 -0.661 0.202 0.235 -0.091609 20000 1.000000
240.974000 37.696600 -8.53 -1.565 0.186 0.225 0.098191 20000 1.000000
240.862000 37.839300 -9.148 -1.062 0.182 0.221 0.034012 20000 1.000000
240.853000 37.962800 -9.547 -1.598 0.167 0.21 0.011339 20000 1.000000
241.131000 37.654600 -8.261 -0.959 0.169 0.214 0.011850 20000 1.000000
241.040000 37.891700 -9.143 -2.035 0.178 0.218 0.008712 20000 1.000000
241.183000 37.591400 -8.539 -1.931 0.173 0.226 0.079781 20000 1.000000
241.302000 37.561600 -6.509 -2.073 0.174 0.236 -0.007337 20000 1.000000
241.316000 37.495400 -8.363 -3.085 0.165 0.207 0.016816 20000 1.000000
241.180000 37.677000 -9.853 -2.647 0.169 0.213 0.025302 20000 1.000000
240.981000 37.800000 -8.426 -0.953 0.168 0.212 0.030088 20000 1.000000
241.264000 37.903500 -7.602 -2.111 0.17 0.215 0.000136 20000 1.000000
241.445000 37.891300 -8.028 -2.864 0.172 0.215 0.053807 20000 1.000000
241.762000 37.589200 -8.173 -3.462 0.166 0.21 0.017626 20000 1.000000
241.528000 37.737500 -8.423 -3.257 0.174 0.216 0.038704 20000 1.000000
237.706000 41.381200 -8.084 -4.642 0.174 0.223 0.051932 20000 1.000000
237.809000 41.479200 -8.525 -1.148 0.179 0.249 -0.026036 20000 1.000000
237.687000 41.463600 -8.939 -5.073 0.171 0.234 -0.037315 20000 1.000000
237.847000 41.531900 -8.093 -4.46 0.202 0.242 0.048854 20000 1.000000
238.493000 41.711600 -7.889 -2.633 0.165 0.221 0.004789 20000 1.000000
246.132000 42.878900 -5.212 -3.02 0.312 0.414 0.022976 20000 1.000000
240.254000 37.088900 -8.68 -2.034 0.172 0.213 0.055585 20000 1.000000
241.853000 37.280500 -7.826 -3.341 0.169 0.212 0.026630 20000 1.000000
239.172000 41.359200 -7.34 -3.738 0.171 0.228 -0.056265 20000 1.000000
239.527000 41.332500 -8.069 -3.756 0.169 0.222 0.013945 20000 1.000000
235.707000 42.076600 -4.219 -0.949 0.172 0.224 0.014137 20000 1.000000
243.404000 33.598200 -11.583 1.233 0.223 0.272 -0.078158 20000 1.000000
243.397000 33.495500 -11.665 0.562 0.41 0.42 -0.157345 20000 1.000000
244.492000 32.829400 -12.243 3.507 0.171 0.202 0.021885 20000 1.000000
242.077000 34.508200 -11.926 1.647 0.173 0.208 0.022656 20000 1.000000
243.314000 36.901800 -7.332 -3.401 0.181 0.219 0.045696 20000 1.000000
242.305000 34.925400 -8.638 -0.057 0.178 0.217 -0.000625 20000 1.000000
243.880000 36.579600 -6.996 -3.86 0.193 0.234 0.018727 20000 1.000000
239.522000 35.919900 -15.041 7.095 0.183 0.225 0.029108 20000 1.000000
242.818000 33.835700 -12.842 3.283 0.189 0.214 -0.008087 20000 1.000000
243.506000 33.819200 -9.857 1.61 0.177 0.209 0.027189 20000 1.000000
242.193000 34.091800 -14.012 2.619 0.175 0.22 0.002832 20000 1.000000
241.596000 33.743300 -14.377 3.996 0.172 0.207 0.030129 20000 1.000000
241.628000 33.779500 -15.51 4.523 0.222 0.272 0.015930 20000 1.000000
238.863000 36.161100 -14.435 6.784 0.172 0.211 0.019411 20000 1.000000
239.056000 39.974600 -14.048 -0.927 0.186 0.239 -0.030609 20000 1.000000
242.317000 35.338700 -7.768 -1.164 0.168 0.206 0.016613 20000 1.000000
240.280000 34.500000 -15.862 4.979 0.171 0.207 -0.009129 20000 1.000000
243.446000 36.715400 -6.658 -3.852 0.19 0.232 0.089676 20000 1.000000
241.974000 34.019100 -13.101 6.068 0.195 0.229 -0.027653 20000 1.000000
239.475000 35.900000 -19.72 4.187 0.173 0.212 -0.010940 20000 1.000000
241.807000 34.875100 -9.348 0.137 0.248 0.28 -0.050806 20000 1.000000
240.816000 34.541500 -16.021 4.641 0.192 0.229 0.084077 20000 1.000000
244.877000 40.617200 -6.869 -3.807 0.168 0.224 0.020145 20000 1.000000
243.350000 36.316300 -6.971 -3.963 0.17 0.21 0.016027 20000 1.000000
241.245000 34.459800 -14.129 -0.161 0.186 0.233 0.000527 20000 1.000000
241.890000 34.090000 -12.981 3.161 0.22 0.231 0.107786 20000 1.000000
239.775000 40.591700 -8.151 -3.485 0.171 0.227 0.003668 20000 1.000000
240.984000 41.868400 -7.209 -3.811 0.174 0.233 0.073516 20000 1.000000
243.701000 35.971300 -6.88 -4.331 0.177 0.212 -0.000838 20000 1.000000
243.789000 36.730500 -6.696 -3.896 0.187 0.229 0.076962 20000 1.000000
241.521000 34.438600 -15.278 3.565 0.187 0.222 -0.053444 20000 1.000000
240.116000 39.314300 -9.551 -3.103 0.18 0.234 -0.035394 20000 1.000000
244.022000 33.292200 -10.029 0.335 0.174 0.205 0.016710 20000 1.000000
244.412000 36.319600 -5.918 -3.428 0.184 0.221 0.025551 20000 1.000000
240.476000 33.247900 -15.845 6.24 0.173 0.208 0.033908 20000 1.000000
240.936000 34.319900 -14.665 5.032 0.173 0.208 0.009118 20000 1.000000
241.354000 34.059300 -15.516 2.897 0.175 0.209 -0.010618 20000 1.000000
242.151000 33.992700 -14.459 4.168 0.181 0.214 -0.013329 20000 1.000000
239.935000 34.004300 -15.682 7.72 0.176 0.209 -0.006239 20000 1.000000
243.662000 36.644600 -6.35 -3.618 0.181 0.222 0.048610 20000 1.000000
243.426000 36.931600 -6.767 -3.132 0.181 0.222 0.061366 20000 1.000000
239.640000 35.917400 -11.394 -2.922 0.185 0.224 0.002413 20000 1.000000
241.585000 35.158200 -8.945 -0.47 0.166 0.204 0.011919 20000 1.000000
243.770000 36.934800 -6.896 -4.465 0.178 0.218 0.081994 20000 1.000000
239.867000 34.483500 -15.896 4.561 0.176 0.213 -0.031313 20000 1.000000
242.951000 39.542200 -6.908 -3.699 0.175 0.22 0.099036 20000 1.000000
242.816000 38.097200 -6.487 -3.655 0.167 0.212 0.009591 20000 1.000000
241.163000 34.248000 -13.788 5.208 0.171 0.206 0.039628 20000 1.000000
235.849000 41.053900 -3.982 -0.039 0.168 0.221 -0.036765 20000 1.000000
243.470000 34.840000 -8.02 -2.797 0.183 0.231 0.035472 20000 1.000000
241.558000 34.069100 -15.016 3.454 0.187 0.218 0.039690 20000 1.000000
240.156000 34.413300 -14.831 5.076 0.21 0.235 -0.062099 20000 1.000000
241.198000 39.627100 -7.598 -3.789 0.174 0.227 0.025839 20000 1.000000
241.715000 34.024000 -14.652 2.682 0.233 0.283 0.105289 20000 1.000000
243.915000 33.030100 -13.37 3.011 0.17 0.201 0.011585 20000 1.000000
240.516000 34.851500 -14.536 3.568 0.346 0.42 0.019258 20000 1.000000
241.780000 34.178600 -10.962 4.454 0.222 0.238 0.062357 20000 1.000000
241.486000 34.126400 -15.445 5.152 0.169 0.203 0.018139 20000 1.000000
241.516000 34.293200 -13.928 2.369 0.173 0.207 0.018718 20000 1.000000
239.384000 34.556300 -15.235 7.101 0.224 0.255 -0.030061 20000 1.000000
241.879000 34.501500 -13.729 2.261 0.19 0.221 -0.003796 20000 1.000000
241.706000 33.712600 -14.037 5.233 0.175 0.212 0.017864 20000 1.000000
242.010000 34.030000 -10.075 3.996 0.191 0.234 0.008805 20000 1.000000
241.346000 37.664300 -5.184 -2.277 0.29 0.328 -0.023516 20000 1.000000
241.016000 35.010800 -11.24 0.628 0.19 0.224 -0.045233 20000 1.000000
243.608000 33.934800 -10.545 -0.081 0.182 0.214 0.005004 20000 1.000000
241.258000 34.568500 -9.595 1.908 0.183 0.22 0.126724 20000 1.000000
241.586000 34.259400 -13.89 4.138 0.177 0.215 0.010841 20000 1.000000
243.068000 34.669000 -8.875 -1.165 0.186 0.219 -0.082865 20000 1.000000
241.572000 33.958200 -14.706 4.471 0.253 0.265 -0.317424 20000 1.000000
243.111000 35.425200 -6.772 -3.82 0.184 0.222 0.005803 20000 1.000000
243.532000 36.840400 -6.763 -3.9 0.185 0.229 0.082440 20000 1.000000
