242.907000 34.116400 -10.392 3.333 0.286 0.313 -0.137132 20000 1.000000
243.571000 34.594300 -5.513 0.725 0.178 0.208 -0.013544 20000 1.000000
241.305000 34.824500 -7.09 3.311 0.184 0.213 -0.017917 20000 1.000000
245.068000 36.319100 -3.007 -2.305 0.199 0.235 0.017746 20000 1.000000
242.103000 34.126000 -10.611 4.907 0.223 0.239 -0.096798 20000 1.000000
242.795000 40.412800 -4.804 -2.657 0.172 0.215 -0.017348 20000 1.000000
240.970000 33.480500 -12.128 8.629 0.2 0.218 -0.047393 20000 1.000000
243.116000 34.264300 -6.599 2.897 0.196 0.229 0.018294 20000 1.000000
240.594000 34.920500 -9.922 4.645 0.184 0.212 -0.025170 20000 1.000000
243.379000 37.039900 -4.145 -2.106 0.178 0.213 0.006903 20000 1.000000
244.002000 34.000500 -4.36 -0.646 0.176 0.201 -0.014558 20000 1.000000
242.935000 33.578200 -10.361 5.989 0.18 0.203 -0.017303 20000 1.000000
243.920000 35.287000 -3.903 -2.143 0.287 0.315 -0.022961 20000 1.000000
245.285000 33.610400 -3.416 -1.599 0.18 0.207 -0.021823 20000 1.000000
243.947000 34.251400 -3.591 -0.804 0.179 0.207 -0.020911 20000 1.000000
243.015000 33.962700 -9.333 3.792 0.188 0.213 -0.005216 20000 1.000000
241.723000 34.184900 -11.071 5.868 0.233 0.255 -0.051599 20000 1.000000
242.988000 34.918600 -5.455 0.908 0.178 0.208 0.002299 20000 1.000000
241.812000 34.292800 -10.08 5.138 0.26 0.266 -0.306343 20000 1.000000
243.128000 36.917600 -4.266 -2.358 0.199 0.229 0.009979 20000 1.000000
242.156000 42.779500 -4.023 -1.51 0.175 0.228 -0.005572 20000 1.000000
240.653000 35.157300 -7.992 2.175 0.177 0.208 0.009798 20000 1.000000
235.437000 42.836100 0.188 -0.676 0.198 0.256 -0.021288 20000 1.000000
244.010000 33.655100 -5.186 -0.114 0.183 0.212 0.006024 20000 1.000000
239.566000 35.939400 -6.157 0.828 0.211 0.245 -0.051797 20000 1.000000
239.569000 35.888400 -10.442 7.332 0.191 0.217 -0.013138 20000 1.000000
241.517000 33.445800 -11.158 8.186 0.189 0.215 -0.051477 20000 1.000000
241.666000 33.311600 -11.845 8.46 0.178 0.204 -0.004897 20000 1.000000
241.370000 34.138600 -11.344 7.244 0.197 0.225 0.025952 20000 1.000000
242.329000 35.565300 -5.981 1.234 0.184 0.215 -0.014479 20000 1.000000
241.789000 33.876300 -13.98 7.174 0.195 0.223 0.036061 20000 1.000000
240.987000 34.806400 -9.472 4.094 0.196 0.243 -0.114042 20000 1.000000
243.664000 34.829500 -4.285 -1.408 0.189 0.209 -0.029040 20000 1.000000
242.035000 34.244000 -8.47 4.846 0.216 0.262 -0.124113 20000 1.000000
237.881000 37.724100 -5.526 3.878 0.199 0.233 -0.036768 20000 1.000000
241.974000 34.333400 -10.138 5.299 0.205 0.234 -0.015965 20000 1.000000
243.234000 36.746500 -3.489 -2.092 0.198 0.228 0.033344 20000 1.000000
242.172000 34.640500 -7.689 3.756 0.193 0.221 -0.062737 20000 1.000000
241.063000 34.109600 -11.006 7.66 0.206 0.245 0.014572 20000 1.000000
241.873000 34.136700 -10.381 5.928 0.18 0.207 -0.002494 20000 1.000000
242.521000 34.313800 -7.882 3.45 0.2 0.228 0.096602 20000 1.000000
242.291000 34.109900 -10.633 6.174 0.197 0.223 -0.045100 20000 1.000000
245.126000 40.558400 -3.617 -2.957 0.233 0.275 0.030714 20000 1.000000
240.120000 34.414900 -11.508 7.253 0.181 0.208 -0.035074 20000 1.000000
242.427000 35.071700 -5.837 1.889 0.181 0.209 0.027613 20000 1.000000
243.431000 36.807700 -3.965 -2.372 0.225 0.252 0.043199 20000 1.000000
239.249000 35.791600 -11.053 7.639 0.184 0.215 -0.050472 20000 1.000000
242.900000 34.039100 -7.859 3.954 0.182 0.207 0.015769 20000 1.000000
244.265000 33.069800 -6.825 3.481 0.181 0.204 0.004214 20000 1.000000
240.961000 34.168400 -10.643 7.222 0.176 0.202 -0.008112 20000 1.000000
241.743000 33.861500 -12.909 6.945 0.199 0.229 -0.048817 20000 1.000000
241.476000 34.253600 -10.663 7.248 0.188 0.215 0.022710 20000 1.000000
240.629000 34.408100 -13.327 4.53 0.2 0.236 -0.033617 20000 1.000000
241.387000 34.516500 -10.26 4.635 0.181 0.206 -0.034156 20000 1.000000
243.630000 34.124100 -4.755 1.212 0.188 0.215 -0.039437 20000 1.000000
242.098000 34.082000 -12.113 6.078 0.195 0.223 -0.065243 20000 1.000000
241.603000 34.334800 -16.265 3.458 0.294 0.295 -0.251460 20000 1.000000
241.603000 34.334000 -9.292 5.263 0.309 0.286 -0.121072 20000 1.000000
244.212000 33.389800 -6.354 0.682 0.183 0.208 -0.016539 20000 1.000000
242.140000 34.413400 -8.51 4.001 0.19 0.234 -0.005044 20000 1.000000
241.874000 33.938000 -7.716 8.882 0.235 0.294 -0.057863 20000 1.000000
242.588000 33.647700 -10.851 6.427 0.174 0.2 -0.007622 20000 1.000000
241.170000 34.946200 -7.578 3.348 0.183 0.213 -0.009895 20000 1.000000
245.061000 39.345200 -4.25 -1.924 0.182 0.222 -0.034197 20000 1.000000
244.183000 40.914700 -5.189 -2.381 0.171 0.216 -0.005021 20000 1.000000
242.474000 34.104200 -9.72 5.019 0.192 0.224 -0.015883 20000 1.000000
239.991000 34.733000 -11.865 7.59 0.179 0.204 0.027350 20000 1.000000
241.116000 34.356300 -11.355 7.899 0.232 0.256 -0.022780 20000 1.000000
246.195000 39.369400 -3.84 -1.476 0.208 0.247 -0.016446 20000 1.000000
241.641000 34.080600 -12.451 6.466 0.215 0.246 -0.056692 20000 1.000000
241.107000 34.800200 -8.652 3.707 0.187 0.216 0.041398 20000 1.000000
240.644000 40.416500 -6.213 -1.555 0.263 0.328 -0.042275 20000 1.000000
240.136000 35.189400 -9.939 5.893 0.185 0.22 -0.021817 20000 1.000000
244.479000 33.274800 -4.451 -1.956 0.184 0.206 -0.016590 20000 1.000000
245.173000 33.051100 -3.639 -0.963 0.197 0.217 -0.087841 20000 1.000000
244.340000 34.784000 -3.154 -2.062 0.199 0.234 -0.056060 20000 1.000000
245.810000 34.308600 -3.27 -1.173 0.191 0.216 -0.005305 20000 1.000000
243.111000 35.425200 -4.814 -0.204 0.186 0.217 -0.020899 20000 1.000000
245.820000 40.640200 -4.021 -2.749 0.174 0.217 -0.008543 20000 1.000000
239.584000 36.399000 -6.128 0.441 0.214 0.247 -0.019189 20000 1.000000
241.887000 34.047400 -11.197 5.898 0.185 0.213 0.013902 20000 1.000000
241.714000 33.783600 -11.562 6.887 0.199 0.22 -0.036342 20000 1.000000
243.570000 34.754800 -5.211 -1.554 0.176 0.205 -0.001657 20000 1.000000
238.530000 40.815900 -5.805 -1.794 0.172 0.217 -0.009840 20000 1.000000
244.365000 33.705000 -4.294 -1.288 0.19 0.221 -0.040909 20000 1.000000
239.520000 35.866700 -9.308 7.128 0.201 0.235 -0.008627 20000 1.000000
242.155000 34.458200 -8.342 3.471 0.182 0.211 -0.026052 20000 1.000000
239.598000 35.880800 -6.357 2.036 0.205 0.24 0.049118 20000 1.000000
240.812000 34.441200 -11.257 5.907 0.185 0.214 0.001248 20000 1.000000
244.089000 34.727300 -3.903 -1.802 0.179 0.208 -0.003605 20000 1.000000
244.855000 34.157600 -3.719 -1.57 0.176 0.205 0.015887 20000 1.000000
241.526000 35.662300 -5.67 1.026 0.191 0.227 -0.057743 20000 1.000000
244.493000 32.829400 -6.685 5.783 0.197 0.212 0.008973 20000 1.000000
243.901000 36.458800 -3.838 -1.766 0.198 0.233 0.064870 20000 1.000000
240.992000 34.398500 -11.765 4.281 0.185 0.212 -0.018643 20000 1.000000
243.827000 33.925400 -5.073 -0.096 0.184 0.209 0.002202 20000 1.000000
241.694000 33.927900 -11.288 6.316 0.194 0.215 -0.054670 20000 1.000000
243.692000 36.745900 -3.899 -1.983 0.2 0.233 0.006160 20000 1.000000
242.165000 34.485500 -8.214 3.453 0.182 0.211 -0.021192 20000 1.000000
243.060000 35.090200 -4.214 1.414 0.178 0.205 -0.009664 20000 1.000000
242.246000 34.133300 -10.057 5 0.183 0.211 0.005508 20000 1.000000
239.406000 35.828700 -10.664 7.485 0.188 0.22 0.007245 20000 1.000000
240.896000 34.733600 -9.467 4.317 0.185 0.219 -0.013764 20000 1.000000
239.557000 35.832600 -11.238 7.226 0.207 0.242 -0.005992 20000 1.000000
242.563000 33.856800 -10.146 5.53 0.177 0.201 -0.015336 20000 1.000000
238.778000 42.418300 -3.73 -1.194 0.232 0.299 -0.013168 20000 1.000000
244.021000 36.632500 -4.146 -1.807 0.188 0.224 0.033416 20000 1.000000
239.649000 34.038300 -11.705 9.316 0.179 0.206 -0.040605 20000 1.000000
243.904000 40.148400 -5.161 -2.149 0.18 0.223 -0.067089 20000 1.000000
242.682000 33.918400 -9.061 5.645 0.198 0.223 -0.002038 20000 1.000000
239.566000 35.969500 -5.882 0.841 0.196 0.221 -0.053563 20000 1.000000
244.588000 40.710700 -4.404 -2.12 0.218 0.284 -0.008620 20000 1.000000
241.122000 34.295500 -11.226 7.434 0.191 0.216 -0.043687 20000 1.000000
242.790000 34.230800 -7.717 3.529 0.21 0.23 0.090484 20000 1.000000
243.852000 34.508600 -3.62 -0.754 0.194 0.222 -0.022017 20000 1.000000
242.491000 39.685600 -4.413 -2.47 0.195 0.233 -0.004774 20000 1.000000
240.859000 34.498700 -11.32 5.415 0.175 0.202 -0.018507 20000 1.000000
243.932000 34.141000 -4.452 1.195 0.198 0.225 -0.033594 20000 1.000000
244.082000 34.369900 -4.358 -3.835 0.18 0.208 -0.011694 20000 1.000000
243.695000 34.427700 -4.236 0.775 0.182 0.212 -0.047843 20000 1.000000
243.708000 34.533000 -4.534 0.75 0.185 0.209 -0.015330 20000 1.000000
243.185000 34.674900 -6.387 0.517 0.174 0.203 -0.008858 20000 1.000000
241.793000 34.128800 -11.15 5.655 0.185 0.213 -0.032581 20000 1.000000
240.647000 34.683400 -13.137 3.04 0.212 0.244 -0.019434 20000 1.000000
242.814000 39.521100 -4.936 -2.297 0.177 0.217 -0.015679 20000 1.000000
245.995000 32.722500 -4.078 -1.204 0.18 0.204 0.016811 20000 1.000000
244.721000 39.910200 -4.666 -2.744 0.195 0.225 0.002578 20000 1.000000
235.925000 40.876300 -0.448 2.272 0.218 0.26 0.019138 20000 1.000000
236.274000 38.928300 -8.965 9.615 0.172 0.21 -0.013555 20000 1.000000
237.585000 40.997600 -6.111 -1.571 0.201 0.258 -0.119026 20000 1.000000
235.986000 42.967400 -0.079 -0.859 0.176 0.232 0.001937 20000 1.000000
243.830000 32.616500 -11.777 6.923 0.176 0.2 -0.019562 20000 1.000000
238.997000 35.551800 -10.694 10.811 0.177 0.208 0.009123 20000 1.000000
242.015000 39.305600 -4.354 -2.743 0.215 0.266 -0.030891 20000 1.000000
242.395000 39.287900 -4.084 -2.867 0.178 0.215 -0.010443 20000 1.000000
243.576000 39.500500 -3.75 -2.239 0.172 0.22 0.014332 20000 1.000000
243.950000 39.546400 -4.125 -2.482 0.176 0.214 0.009538 20000 1.000000
244.111000 39.374200 -2.275 -5.516 0.174 0.214 -0.000026 20000 1.000000
244.487000 39.536100 -4.259 -2.533 0.175 0.217 -0.010351 20000 1.000000
245.723000 39.119400 -4.108 -1.815 0.176 0.22 -0.008151 20000 1.000000
246.129000 39.067300 -4.904 -2.15 0.174 0.215 -0.023480 20000 1.000000
246.495000 39.268900 -4.279 -2.052 0.172 0.217 -0.003726 20000 1.000000
246.946000 40.494000 -4.274 -2.427 0.172 0.217 0.006688 20000 1.000000
243.264000 40.495500 -3.927 -3.372 0.182 0.224 -0.030691 20000 1.000000
243.721000 40.363200 -4.515 -2.764 0.172 0.216 0.006594 20000 1.000000
242.296000 37.200800 -3.452 -2.572 0.258 0.307 0.000221 20000 1.000000
240.463000 39.698400 -5.432 -1.442 0.183 0.224 -0.007746 20000 1.000000
241.841000 39.212300 -3.924 -2.58 0.187 0.231 -0.001712 20000 1.000000
246.988000 41.817300 -4.627 -2.829 0.174 0.221 -0.017521 20000 1.000000
246.722000 40.671300 -4.79 -2.187 0.176 0.222 -0.033621 20000 1.000000
240.400000 39.499200 -5.734 -1.528 0.191 0.223 0.036418 20000 1.000000
240.931000 39.486100 -4.243 -1.921 0.233 0.285 -0.008038 20000 1.000000
241.062000 39.268000 -4.683 -1.975 0.208 0.254 -0.020750 20000 1.000000
241.995000 38.728800 -4.412 -2.583 0.198 0.238 0.002242 20000 1.000000
241.540000 38.724600 -4.249 -1.802 0.203 0.249 0.000239 20000 1.000000
241.070000 38.980900 -4.62 -1.609 0.2 0.251 0.000714 20000 1.000000
240.985000 38.704600 -5.117 -1.098 0.211 0.257 -0.046013 20000 1.000000
240.541000 38.761400 -6.652 -1.534 0.219 0.261 -0.073033 20000 1.000000
240.278000 39.908200 -5.381 -2.843 0.22 0.272 0.031142 20000 1.000000
239.307000 38.829200 -5.513 0.093 0.201 0.223 0.092117 20000 1.000000
239.614000 39.046600 -6.547 -1.14 0.201 0.236 -0.079696 20000 1.000000
240.376000 41.357700 -6.619 -1.024 0.38 0.469 -0.025015 20000 1.000000
239.194000 40.418600 -5.088 -1.719 0.18 0.217 -0.016587 20000 1.000000
235.692000 40.247500 -7.318 6.768 0.172 0.215 -0.000497 20000 1.000000
235.867000 40.551300 -1.532 3.07 0.176 0.219 -0.011697 20000 1.000000
235.787000 40.637400 -1.007 1.959 0.191 0.233 -0.013574 20000 1.000000
235.943000 40.219600 -5.866 4.393 0.176 0.219 0.016857 20000 1.000000
236.307000 40.119300 -8.106 0.764 0.182 0.232 0.038811 20000 1.000000
238.207000 36.485500 -11.625 8.335 0.172 0.204 -0.007009 20000 1.000000
238.865000 36.425900 -11.226 8.555 0.176 0.208 0.007829 20000 1.000000
237.623000 37.914500 -8.13 5.069 0.18 0.216 -0.006246 20000 1.000000
236.819000 38.495000 -8.209 7.88 0.178 0.218 -0.070417 20000 1.000000
236.652000 38.987400 -7.49 6.292 0.185 0.22 0.064721 20000 1.000000
236.796000 39.242000 -7.186 2.862 0.174 0.214 0.002457 20000 1.000000
236.895000 39.319700 -6.527 2.252 0.181 0.22 0.014480 20000 1.000000
237.233000 38.428600 -5.139 6.474 0.173 0.212 -0.008035 20000 1.000000
237.548000 38.239800 -6.031 3.35 0.179 0.217 -0.012486 20000 1.000000
237.424000 38.777800 -5.904 2.487 0.183 0.233 -0.022387 20000 1.000000
237.696000 39.109300 -5.573 -0.784 0.181 0.219 -0.023870 20000 1.000000
238.137000 36.962000 -10.26 7.782 0.198 0.223 -0.044672 20000 1.000000
238.009000 37.201700 -8.59 6.011 0.203 0.235 -0.078313 20000 1.000000
238.349000 37.104500 -8.767 4.896 0.192 0.223 -0.066491 20000 1.000000
238.286000 37.203500 -8.318 4.792 0.181 0.212 0.037101 20000 1.000000
237.781000 37.863900 -6.54 4.852 0.173 0.211 -0.038023 20000 1.000000
237.942000 37.713900 -6.458 3.238 0.181 0.215 -0.022372 20000 1.000000
238.174000 37.336800 -6.298 5.214 0.178 0.216 0.008016 20000 1.000000
238.210000 37.533000 -5.646 1.843 0.175 0.21 0.005710 20000 1.000000
238.313000 37.601800 -4.997 0.599 0.18 0.214 0.046061 20000 1.000000
238.022000 37.749400 -6.384 1.477 0.175 0.211 -0.011045 20000 1.000000
238.214000 37.819000 0.46 4.276 0.207 0.246 0.071861 20000 1.000000
238.580000 36.800400 -7.654 5.018 0.174 0.207 -0.016934 20000 1.000000
238.409000 36.858500 -10.603 7.224 0.176 0.211 -0.023911 20000 1.000000
238.458000 37.007800 -8.657 3.604 0.175 0.207 -0.002371 20000 1.000000
238.645000 37.010800 -6.114 0.581 0.183 0.219 -0.040150 20000 1.000000
238.812000 36.559500 -11.174 7.545 0.173 0.205 -0.012680 20000 1.000000
238.936000 36.611600 -5.246 0.221 0.171 0.204 -0.009254 20000 1.000000
238.942000 37.169600 -6.112 0.182 0.181 0.215 0.011303 20000 1.000000
238.675000 37.581900 -5.957 -0.425 0.177 0.215 -0.018062 20000 1.000000
238.395000 37.932000 -4.775 0.443 0.174 0.21 -0.004476 20000 1.000000
238.536000 37.755300 -6.13 0.035 0.176 0.212 -0.017776 20000 1.000000
238.916000 37.711200 -5.459 -0.253 0.176 0.212 0.001695 20000 1.000000
237.782000 38.153000 -6.826 1.143 0.186 0.226 -0.025690 20000 1.000000
237.904000 38.025100 -5.818 2.313 0.19 0.231 -0.045241 20000 1.000000
237.805000 38.444200 -4.909 1.137 0.183 0.233 -0.011090 20000 1.000000
238.905000 38.645300 -5.653 -0.259 0.176 0.214 -0.009470 20000 1.000000
239.652000 35.544100 -9.603 7.77 0.179 0.209 -0.010334 20000 1.000000
239.611000 35.841100 -10.59 8.268 0.18 0.209 -0.026687 20000 1.000000
239.655000 35.837800 -5.566 3.101 0.178 0.212 -0.005149 20000 1.000000
239.715000 35.806700 -5.63 2.732 0.184 0.215 -0.015442 20000 1.000000
239.093000 35.933300 -11.046 7.163 0.174 0.206 -0.015231 20000 1.000000
239.019000 36.417200 -5.653 1.571 0.175 0.21 0.001994 20000 1.000000
239.302000 36.024800 -10.741 7.983 0.175 0.21 -0.012154 20000 1.000000
239.121000 36.140200 -10.758 8.063 0.176 0.206 -0.011957 20000 1.000000
239.272000 36.178900 -4.632 0.752 0.172 0.203 -0.008098 20000 1.000000
239.457000 36.089400 -4.831 0.612 0.173 0.204 -0.002716 20000 1.000000
239.560000 36.123200 -5.24 1.365 0.172 0.204 -0.005301 20000 1.000000
239.158000 35.697100 -10.749 8.281 0.179 0.206 0.034899 20000 1.000000
239.637000 36.051700 -5.266 1.308 0.176 0.204 -0.010212 20000 1.000000
239.448000 35.974100 -11.355 8.818 0.19 0.214 -0.044484 20000 1.000000
239.706000 36.015800 -5.415 1.547 0.175 0.206 -0.011640 20000 1.000000
239.723000 36.304400 -5.886 -0.057 0.183 0.215 -0.037626 20000 1.000000
239.257000 36.806300 -5.964 0.69 0.175 0.21 -0.000670 20000 1.000000
239.803000 37.352200 -5.534 0.666 0.181 0.218 -0.021515 20000 1.000000
239.356000 37.795200 -5.651 0.185 0.18 0.213 -0.017575 20000 1.000000
239.049000 38.090000 -5.695 -0.333 0.178 0.215 -0.012948 20000 1.000000
239.666000 38.735600 -6.522 0.326 0.178 0.212 0.007084 20000 1.000000
236.283000 39.863600 -8.435 3.848 0.204 0.246 -0.082295 20000 1.000000
236.448000 39.905700 -5.792 2.221 0.192 0.242 -0.016871 20000 1.000000
236.628000 39.452400 -6.967 1.802 0.255 0.294 -0.043546 20000 1.000000
236.705000 39.707100 -7.67 -0.064 0.184 0.223 -0.069117 20000 1.000000
236.344000 40.256800 -5.015 0.755 0.174 0.219 0.007909 20000 1.000000
236.117000 41.151700 0.204 -0.324 0.194 0.247 0.000577 20000 1.000000
236.301000 40.575300 -4.502 -2.123 0.18 0.223 0.051318 20000 1.000000
236.826000 40.546700 -4.36 -1.448 0.175 0.22 -0.025385 20000 1.000000
237.077000 40.747600 -4.284 -1.342 0.179 0.225 -0.034270 20000 1.000000
237.393000 40.650700 -5.101 -0.868 0.182 0.23 -0.055736 20000 1.000000
237.729000 40.271200 -5.26 -0.771 0.182 0.225 -0.062869 20000 1.000000
237.681000 40.731100 -6.815 -0.191 0.204 0.235 0.008701 20000 1.000000
236.617000 42.503500 -2.104 -1.295 0.174 0.224 0.006915 20000 1.000000
237.344000 42.191000 -0.684 -0.94 0.178 0.23 -0.033920 20000 1.000000
238.220000 42.259700 -5.196 -1.505 0.174 0.219 -0.011183 20000 1.000000
239.622000 42.468800 -3.955 -1.323 0.176 0.228 -0.038969 20000 1.000000
242.590000 36.159000 -4.61 -0.764 0.185 0.218 0.035744 20000 1.000000
241.909000 36.570200 -3.746 -2.674 0.444 0.446 -0.145387 20000 1.000000
241.882000 36.975700 -5.425 -1.455 0.209 0.25 -0.007495 20000 1.000000
242.606000 34.462400 -6.953 2.67 0.185 0.209 -0.022804 20000 1.000000
242.459000 33.562100 -10.888 6.477 0.176 0.201 0.010550 20000 1.000000
242.895000 32.889200 -11.126 6.723 0.177 0.199 -0.013498 20000 1.000000
243.050000 32.733800 -11.219 6.994 0.173 0.197 -0.009868 20000 1.000000
242.810000 33.439600 -11.06 6.443 0.174 0.2 -0.010540 20000 1.000000
242.928000 33.235700 -10.764 6.253 0.181 0.203 0.022262 20000 1.000000
243.217000 33.493300 -9.921 5.397 0.175 0.2 -0.010342 20000 1.000000
243.651000 32.976000 -11.83 6.341 0.178 0.202 -0.002230 20000 1.000000
243.329000 33.240200 -11.178 5.695 0.185 0.209 -0.006658 20000 1.000000
243.431000 33.059200 -10.905 6.421 0.175 0.198 -0.013206 20000 1.000000
243.379000 33.375600 -10.014 5.58 0.179 0.204 0.025148 20000 1.000000
243.591000 33.210200 -10.601 6.647 0.346 0.358 -0.016099 20000 1.000000
243.574000 33.523500 -8.972 2.816 0.185 0.203 0.055071 20000 1.000000
243.773000 33.574700 -7.973 2.704 0.182 0.215 0.019690 20000 1.000000
244.268000 32.759700 -9.676 6.564 0.185 0.208 -0.001182 20000 1.000000
244.404000 32.750600 -12.438 8.112 0.182 0.202 0.005894 20000 1.000000
244.423000 32.834700 -7.874 5.398 0.184 0.206 -0.010302 20000 1.000000
244.430000 32.898400 -7.433 4.9 0.183 0.205 0.006044 20000 1.000000
244.700000 32.690000 -3.811 0.722 0.176 0.199 -0.001714 20000 1.000000
244.602000 32.875800 -3.4 -0.007 0.184 0.208 0.009604 20000 1.000000
244.578000 32.982500 -4.053 -0.747 0.183 0.209 0.022450 20000 1.000000
244.234000 33.516400 -5.278 -0.764 0.183 0.208 0.041116 20000 1.000000
244.313000 33.423900 -4.629 -0.681 0.194 0.216 0.026648 20000 1.000000
244.571000 33.247800 -4.205 -1.091 0.183 0.207 -0.018335 20000 1.000000
244.704000 33.886900 -3.663 -1.414 0.185 0.207 -0.004288 20000 1.000000
239.590000 35.010700 -12.761 7.964 0.179 0.206 0.001860 20000 1.000000
239.760000 34.870600 -11.946 7.845 0.177 0.205 0.012327 20000 1.000000
239.617000 35.106200 -11.941 7.762 0.185 0.213 0.060803 20000 1.000000
239.192000 35.425800 -11.747 8.032 0.176 0.205 -0.017755 20000 1.000000
239.455000 35.327800 -10.279 8.894 0.178 0.209 0.036604 20000 1.000000
239.646000 35.440500 -10.464 7.248 0.177 0.206 -0.013792 20000 1.000000
239.520000 35.624800 -11.158 7.24 0.176 0.207 0.003855 20000 1.000000
239.733000 35.633800 -9.054 6.532 0.179 0.206 0.019756 20000 1.000000
239.629000 35.747900 -8.974 7.492 0.177 0.206 0.002364 20000 1.000000
239.899000 35.235100 -10.685 6.738 0.197 0.218 0.040875 20000 1.000000
239.975000 35.279800 -9.435 6.513 0.18 0.213 -0.028769 20000 1.000000
240.065000 35.316800 -9.069 5.514 0.178 0.209 -0.002641 20000 1.000000
239.887000 35.534200 -8.943 5.757 0.178 0.209 -0.012525 20000 1.000000
239.818000 35.702700 -7.257 4.082 0.174 0.205 0.002090 20000 1.000000
239.869000 35.801300 -5.367 2.357 0.183 0.209 -0.010020 20000 1.000000
239.999000 35.686700 -6.543 2.29 0.177 0.206 -0.035032 20000 1.000000
240.287000 35.319000 -7.996 3.616 0.186 0.218 -0.005530 20000 1.000000
240.091000 35.934700 -5.351 1.868 0.176 0.206 -0.002335 20000 1.000000
240.674000 34.599600 -11.232 5.627 0.183 0.216 0.078034 20000 1.000000
240.845000 34.856200 -8.906 4.545 0.242 0.341 -0.086123 20000 1.000000
241.121000 34.835100 -8.649 3.242 0.175 0.203 0.003486 20000 1.000000
241.152000 34.792300 -8.986 3.451 0.18 0.213 -0.005187 20000 1.000000
241.454000 34.771100 -7.572 2.865 0.177 0.207 -0.009352 20000 1.000000
241.344000 34.944400 -7.318 2.727 0.181 0.211 -0.050573 20000 1.000000
241.388000 35.138600 -6.276 2.513 0.175 0.204 -0.025140 20000 1.000000
241.382000 34.838900 -7.418 3.451 0.183 0.211 -0.009372 20000 1.000000
241.459000 34.821800 -7.277 3.443 0.186 0.217 0.014569 20000 1.000000
241.811000 34.982100 -6.516 2.425 0.174 0.203 -0.009276 20000 1.000000
241.740000 35.667300 -6.251 1.141 0.184 0.208 0.008748 20000 1.000000
241.233000 36.231400 -5.665 1.301 0.18 0.208 0.050906 20000 1.000000
241.045000 36.585500 -5.823 0.565 0.172 0.206 -0.008493 20000 1.000000
241.994000 35.038800 -5.556 2.397 0.175 0.204 -0.002796 20000 1.000000
242.271000 34.509700 -7.068 3.346 0.176 0.204 -0.018579 20000 1.000000
242.457000 34.987000 -5.461 1.974 0.177 0.205 0.013272 20000 1.000000
243.048000 33.892600 -7.686 3.929 0.174 0.201 -0.012999 20000 1.000000
242.719000 34.534800 -8.294 3.121 0.2 0.213 -0.104542 20000 1.000000
241.983000 35.152400 -5.678 2.27 0.177 0.206 -0.008941 20000 1.000000
242.610000 35.896700 -4.966 -0.049 0.189 0.221 -0.022454 20000 1.000000
242.597000 35.697600 -5.72 0.548 0.174 0.204 -0.008242 20000 1.000000
243.463000 34.217200 -5.244 1.586 0.179 0.204 -0.001634 20000 1.000000
243.788000 33.865800 -5.424 1.343 0.174 0.2 0.002502 20000 1.000000
243.920000 33.959300 -4.218 -0.285 0.176 0.201 -0.010031 20000 1.000000
243.120000 34.462100 -6.6 1.531 0.176 0.203 -0.010390 20000 1.000000
244.179000 33.741000 -4.549 -1.012 0.174 0.2 -0.004151 20000 1.000000
243.107000 34.062700 -5.876 4.226 0.186 0.212 -0.061928 20000 1.000000
244.236000 34.425700 -3.705 -1.58 0.218 0.222 0.034234 20000 1.000000
244.350000 35.204800 -3.834 -2.276 0.185 0.212 -0.042387 20000 1.000000
242.685000 34.187400 -8.294 4.155 0.178 0.206 0.026863 20000 1.000000
243.237000 35.204600 -5.337 0.021 0.175 0.204 -0.004698 20000 1.000000
243.428000 35.320600 -4.602 -1.256 0.174 0.206 -0.019244 20000 1.000000
243.896000 35.141900 -4.28 -1.988 0.187 0.209 -0.041441 20000 1.000000
244.456000 35.472800 -4.372 -1.345 0.176 0.209 0.001387 20000 1.000000
244.634000 35.163000 -3.773 -2.227 0.181 0.21 -0.053020 20000 1.000000
245.401000 34.188900 -3.905 -1.743 0.179 0.207 -0.008670 20000 1.000000
244.762000 35.291100 -3.819 -2.55 0.177 0.209 -0.009586 20000 1.000000
241.621000 37.973100 -4.22 -1.576 0.2 0.243 -0.029698 20000 1.000000
241.000000 37.613000 -7.438 -4.003 0.225 0.266 -0.040430 20000 1.000000
240.914000 37.785700 -4.472 -0.352 0.234 0.255 -0.122178 20000 1.000000
241.302000 37.561600 -5.299 -0.721 0.21 0.274 -0.018402 20000 1.000000
241.180000 37.677000 -5.902 -1.755 0.188 0.227 -0.002131 20000 1.000000
241.264000 37.903500 -4.848 -0.971 0.196 0.236 -0.017000 20000 1.000000
241.445000 37.891300 -5.806 -1.039 0.18 0.214 0.038488 20000 1.000000
241.528000 37.737500 -5.38 -0.311 0.18 0.214 0.017019 20000 1.000000
238.493000 41.711600 -4.495 -1.728 0.172 0.219 -0.007161 20000 1.000000
246.132000 42.878900 -4.726 -2.655 0.172 0.226 -0.014303 20000 1.000000
240.254000 37.088900 -5.816 0.36 0.177 0.21 0.034930 20000 1.000000
241.853000 37.280500 -4.417 -1.843 0.225 0.268 0.004408 20000 1.000000
243.404000 33.598200 -6.946 4.121 0.253 0.284 -0.076826 20000 1.000000
243.397000 33.495500 -8.034 5.827 0.469 0.475 -0.196444 20000 1.000000
242.077000 34.508200 -6.927 3.845 0.189 0.22 -0.002180 20000 1.000000
243.314000 36.901800 -3.919 -1.723 0.187 0.218 0.010962 20000 1.000000
242.305000 34.925400 -5.707 1.836 0.186 0.215 -0.037066 20000 1.000000
241.850000 33.900000 -11.016 8.444 0.188 0.215 -0.027931 20000 1.000000
243.880000 36.579600 -3.629 -1.359 0.199 0.233 -0.021378 20000 1.000000
239.522000 35.919900 -10.434 6.185 0.192 0.225 -0.000038 20000 1.000000
242.818000 33.835700 -9.277 5.474 0.196 0.212 -0.012504 20000 1.000000
243.506000 33.819200 -7.141 2.548 0.184 0.209 -0.009739 20000 1.000000
242.193000 34.091800 -10.445 5.665 0.182 0.22 -0.009505 20000 1.000000
241.596000 33.743300 -12.051 7.326 0.182 0.209 -0.010622 20000 1.000000
241.628000 33.779500 -11.43 7.528 0.237 0.276 -0.015231 20000 1.000000
238.863000 36.161100 -11.378 8.411 0.183 0.211 0.022100 20000 1.000000
241.755000 34.628700 -8.596 1.55 0.231 0.268 -0.020949 20000 1.000000
239.056000 39.974600 -8.059 -4.349 0.18 0.223 -0.040538 20000 1.000000
242.317000 35.338700 -5.059 1.411 0.189 0.221 -0.028362 20000 1.000000
240.280000 34.500000 -11.465 7.058 0.176 0.204 -0.016241 20000 1.000000
243.375000 34.643900 -5.946 0.607 0.18 0.205 -0.034475 20000 1.000000
243.446000 36.715400 -4.033 -2.096 0.192 0.225 0.061420 20000 1.000000
241.974000 34.019100 -11.323 5.567 0.197 0.225 -0.041745 20000 1.000000
239.475000 35.900000 -12.403 6.617 0.193 0.228 -0.019794 20000 1.000000
241.807000 34.875100 -5.531 3.531 0.185 0.213 0.003638 20000 1.000000
240.816000 34.541500 -11.163 6.568 0.213 0.243 0.067972 20000 1.000000
244.877000 40.617200 -4.195 -2.151 0.179 0.23 -0.011090 20000 1.000000
243.350000 36.316300 -4.566 -2.024 0.177 0.209 -0.009726 20000 1.000000
241.245000 34.459800 -10.562 5.089 0.194 0.228 -0.023711 20000 1.000000
242.138000 34.205600 -9.726 4.597 0.237 0.244 -0.042504 20000 1.000000
241.890000 34.090000 -10.623 5.973 0.23 0.23 0.082620 20000 1.000000
239.775000 40.591700 -5.052 -2.245 0.179 0.225 -0.017777 20000 1.000000
240.984000 41.868400 -4.116 -2.065 0.22 0.273 0.083508 20000 1.000000
243.701000 35.971300 -3.236 -2.008 0.194 0.218 -0.046365 20000 1.000000
243.789000 36.730500 -3.976 -1.723 0.195 0.229 0.024946 20000 1.000000
241.521000 34.438600 -9.275 3.645 0.193 0.218 -0.080860 20000 1.000000
240.116000 39.314300 -9.758 -3.14 0.191 0.239 -0.056338 20000 1.000000
244.022000 33.292200 -6.251 2.82 0.18 0.203 -0.008134 20000 1.000000
244.412000 36.319600 -3.318 -1.803 0.189 0.22 -0.027085 20000 1.000000
240.476000 33.247900 -12.072 9.056 0.181 0.207 0.002484 20000 1.000000
240.936000 34.319900 -11.208 7.339 0.177 0.203 0.000084 20000 1.000000
241.354000 34.059300 -8.744 8.39 0.182 0.207 -0.041309 20000 1.000000
242.151000 33.992700 -11.071 6.169 0.184 0.209 -0.025766 20000 1.000000
243.662000 36.644600 -3.835 -2.725 0.189 0.222 0.015811 20000 1.000000
243.426000 36.931600 -3.973 -2.458 0.189 0.221 0.023522 20000 1.000000
239.640000 35.917400 -5.938 0.64 0.202 0.236 -0.008759 20000 1.000000
241.585000 35.158200 -6.265 2.027 0.18 0.212 -0.017211 20000 1.000000
243.770000 36.934800 -3.927 -2.327 0.184 0.217 0.041810 20000 1.000000
239.867000 34.483500 -11.448 6.635 0.184 0.212 -0.041374 20000 1.000000
242.951000 39.542200 -4.263 -1.178 0.182 0.219 0.079836 20000 1.000000
242.816000 38.097200 -4.157 -2.535 0.178 0.215 -0.010030 20000 1.000000
241.669000 33.797800 -11.269 7.269 0.187 0.213 -0.007260 20000 1.000000
241.163000 34.248000 -11.227 7.604 0.18 0.205 0.014015 20000 1.000000
235.849000 41.053900 0.589 1.747 0.176 0.22 -0.038635 20000 1.000000
243.470000 34.840000 -5.189 -0.792 0.199 0.239 -0.021650 20000 1.000000
241.558000 34.069100 -10.854 6.268 0.191 0.215 0.001338 20000 1.000000
240.156000 34.413300 -8.361 10.432 0.207 0.221 -0.096429 20000 1.000000
241.198000 39.627100 -5.077 -1.769 0.173 0.213 -0.001306 20000 1.000000
241.715000 34.024000 -9.981 5.662 0.236 0.278 0.046867 20000 1.000000
243.915000 33.030100 -10.529 6.02 0.175 0.199 -0.011305 20000 1.000000
240.516000 34.851500 -10.727 5.251 0.186 0.214 0.012604 20000 1.000000
241.780000 34.178600 -10.977 5.435 0.23 0.242 0.055857 20000 1.000000
241.486000 34.126400 -8.65 6.438 0.184 0.213 -0.007137 20000 1.000000
241.516000 34.293200 -11.185 6.149 0.183 0.207 0.005362 20000 1.000000
239.384000 34.556300 -13.159 8.655 0.281 0.307 -0.061231 20000 1.000000
241.879000 34.501500 -9.39 4.697 0.199 0.219 -0.053378 20000 1.000000
241.706000 33.712600 -11.746 6.916 0.183 0.211 -0.018105 20000 1.000000
242.010000 34.030000 -10.23 7.561 0.201 0.234 -0.039796 20000 1.000000
241.346000 37.664300 -5.598 -1.008 0.176 0.213 0.011218 20000 1.000000
241.016000 35.010800 -7.339 2.417 0.195 0.222 -0.042929 20000 1.000000
243.608000 33.934800 -6.03 3.197 0.191 0.214 -0.039248 20000 1.000000
241.258000 34.568500 -9.919 5.097 0.189 0.217 0.109299 20000 1.000000
241.586000 34.259400 -10.886 5.275 0.185 0.214 -0.032851 20000 1.000000
243.068000 34.669000 -6.881 1.303 0.194 0.218 -0.103602 20000 1.000000
241.572000 33.958200 -11.577 6.961 0.274 0.283 -0.337530 20000 1.000000
243.346000 33.955300 -6.762 3.218 0.19 0.214 -0.034114 20000 1.000000
243.111000 35.425200 -4.817 -0.139 0.191 0.22 -0.044268 20000 1.000000
243.532000 36.840400 -4.027 -1.945 0.186 0.222 0.038070 20000 1.000000
