242.907000 34.116400 -10.866 0.177 0.208 0.257 -0.033802 20000 1.000000
242.555000 33.274300 -12.768 5.547 0.17 0.194 -0.009419 20000 1.000000
242.555000 33.274300 -12.82 5.564 0.168 0.193 -0.008359 20000 1.000000
243.571000 34.594300 -6.552 -0.939 0.167 0.195 -0.007861 20000 1.000000
241.305000 34.824500 -10.3 4.34 0.186 0.214 -0.036406 20000 1.000000
242.675000 33.341900 -12.794 5.268 0.167 0.193 -0.003201 20000 1.000000
242.524000 33.381100 -13.024 5.666 0.168 0.192 -0.010868 20000 1.000000
242.103000 34.126000 -11.954 3.987 0.227 0.243 -0.031759 20000 1.000000
242.795000 40.412800 -5.322 -2.905 0.165 0.208 -0.021186 20000 1.000000
240.970000 33.480500 -17.257 7.167 0.187 0.208 -0.053428 20000 1.000000
243.116000 34.264300 -8.256 1.246 0.19 0.224 0.037770 20000 1.000000
240.594000 34.920500 -9.546 3.4 0.216 0.254 -0.027570 20000 1.000000
243.379000 37.039900 -5.594 -2.859 0.176 0.212 0.023168 20000 1.000000
244.002000 34.000500 -6.546 -1.989 0.169 0.195 -0.031932 20000 1.000000
242.935000 33.578200 -11.387 4.688 0.177 0.202 -0.010793 20000 1.000000
243.920000 35.287000 -5.175 -1.922 0.171 0.2 -0.011517 20000 1.000000
245.285000 33.610400 -5.176 -2.438 0.169 0.195 -0.030252 20000 1.000000
243.947000 34.251400 -5.951 -1.924 0.17 0.196 -0.017877 20000 1.000000
242.988000 34.918600 -6.891 -0.449 0.169 0.199 -0.001584 20000 1.000000
241.812000 34.292800 -13.033 5.622 0.265 0.268 -0.320425 20000 1.000000
242.156000 42.779500 -4.337 -1.664 0.168 0.22 -0.011891 20000 1.000000
240.653000 35.157300 -10.739 0.883 0.171 0.205 0.002270 20000 1.000000
235.437000 42.836100 1.67 -0.539 0.195 0.244 -0.022440 20000 1.000000
244.010000 33.655100 -7.273 -1.117 0.174 0.203 0.021379 20000 1.000000
239.566000 35.939400 -9.542 -0.612 0.168 0.2 -0.024425 20000 1.000000
239.569000 35.888400 -10.97 2.312 0.188 0.217 0.001631 20000 1.000000
241.666000 33.311600 -13.473 6.388 0.166 0.192 -0.004693 20000 1.000000
241.517000 33.445800 -14.259 2.321 0.245 0.274 -0.031726 20000 1.000000
241.370000 34.138600 -13.734 6.137 0.207 0.219 0.076887 20000 1.000000
242.329000 35.565300 -7.971 0.568 0.173 0.207 -0.017018 20000 1.000000
240.987000 34.806400 -11.388 1.104 0.182 0.235 -0.103179 20000 1.000000
243.664000 34.829500 -6.493 -2.298 0.182 0.206 -0.029317 20000 1.000000
242.035000 34.244000 -9.3 9.026 0.197 0.242 -0.121690 20000 1.000000
242.172000 34.640500 -8.971 1.569 0.177 0.212 0.034194 20000 1.000000
241.063000 34.109600 -13.077 7.738 0.183 0.218 -0.006554 20000 1.000000
241.873000 34.136700 -12.558 5.219 0.201 0.223 -0.004360 20000 1.000000
242.576000 34.271200 -8.012 5.988 0.17 0.195 -0.017012 20000 1.000000
242.521000 34.313800 -9.261 3.354 0.202 0.23 0.086946 20000 1.000000
241.856000 34.530300 -6.74 5.92 0.189 0.209 -0.145813 20000 1.000000
242.291000 34.109900 -11.327 2.878 0.179 0.206 -0.045735 20000 1.000000
245.126000 40.558400 -5.452 -2.789 0.178 0.211 0.021802 20000 1.000000
244.877000 32.863500 -5.079 -3.07 0.171 0.194 -0.023920 20000 1.000000
244.272000 32.850500 -10.587 4.221 0.172 0.196 -0.035918 20000 1.000000
240.120000 34.414900 -12.548 7.58 0.173 0.201 -0.040124 20000 1.000000
242.427000 35.071700 -8.002 1.155 0.174 0.202 0.029138 20000 1.000000
239.249000 35.791600 -12.257 8.01 0.173 0.204 -0.023031 20000 1.000000
240.275000 35.242100 -10.034 4.141 0.168 0.198 -0.009096 20000 1.000000
244.265000 33.069800 -9.252 2.258 0.176 0.202 -0.006579 20000 1.000000
240.961000 34.168400 -11.383 6.582 0.17 0.198 0.004679 20000 1.000000
241.743000 33.861500 -13.324 6.256 0.175 0.205 -0.025329 20000 1.000000
241.476000 34.253600 -12.434 5.526 0.177 0.206 0.022002 20000 1.000000
240.629000 34.408100 -12.282 5.53 0.191 0.228 -0.027609 20000 1.000000
241.387000 34.516500 -10.269 4.937 0.175 0.201 -0.030615 20000 1.000000
243.630000 34.124100 -7.452 -0.531 0.189 0.217 -0.077618 20000 1.000000
242.098000 34.082000 -10.628 4.048 0.184 0.211 -0.076410 20000 1.000000
241.603000 34.334800 -15.539 0.187 0.367 0.338 -0.011651 20000 1.000000
241.603000 34.334000 -11.42 3.402 0.262 0.253 -0.174568 20000 1.000000
244.212000 33.389800 -8.775 -0.356 0.188 0.216 -0.020995 20000 1.000000
242.140000 34.413400 -11.66 2.368 0.169 0.211 -0.005477 20000 1.000000
242.588000 33.647700 -12.869 4.84 0.165 0.191 -0.008759 20000 1.000000
241.170000 34.946200 -10.308 0.082 0.175 0.209 -0.014209 20000 1.000000
245.061000 39.345200 -3.249 -1.153 0.17 0.21 -0.025812 20000 1.000000
244.183000 40.914700 -5.827 -2.661 0.164 0.21 -0.013603 20000 1.000000
241.871000 33.583500 -13.086 7.707 0.182 0.207 0.019020 20000 1.000000
242.574000 33.649100 -10.258 6.963 0.172 0.199 -0.053028 20000 1.000000
241.574000 34.703100 -8.487 7.278 0.169 0.198 -0.008155 20000 1.000000
242.474000 34.104200 -11.644 4.358 0.195 0.227 -0.023964 20000 1.000000
239.991000 34.733000 -12.856 7.176 0.17 0.197 0.013382 20000 1.000000
243.064000 34.093600 -10.799 -0.816 0.189 0.27 0.059797 20000 1.000000
241.116000 34.356300 -12.526 6.237 0.17 0.196 -0.014758 20000 1.000000
246.195000 39.369400 -5.269 -2.382 0.173 0.21 -0.027373 20000 1.000000
241.760000 34.733900 -9.362 3.438 0.17 0.2 -0.023115 20000 1.000000
244.200000 32.945000 -11.538 3.759 0.192 0.207 -0.011874 20000 1.000000
241.107000 34.800200 -11.299 3.977 0.178 0.208 -0.001894 20000 1.000000
240.644000 40.416500 -6.92 -2.515 0.167 0.214 -0.048795 20000 1.000000
240.136000 35.189400 -12.051 5.312 0.171 0.205 -0.015270 20000 1.000000
244.479000 33.274800 -6.084 -3.431 0.174 0.197 -0.022960 20000 1.000000
243.617000 34.291400 -5.662 1.358 0.17 0.198 -0.044203 20000 1.000000
245.173000 33.051100 -6.6 -4.462 0.273 0.292 -0.100892 20000 1.000000
244.340000 34.784000 -5.276 -3.027 0.192 0.226 -0.071566 20000 1.000000
245.810000 34.308600 -4.745 -2.464 0.171 0.197 -0.020754 20000 1.000000
243.111000 35.425200 -3.608 -1.685 0.171 0.202 -0.028486 20000 1.000000
245.820000 40.640200 -5.236 -2.416 0.169 0.213 -0.001815 20000 1.000000
239.584000 36.399000 -8.444 -1.528 0.203 0.236 -0.046877 20000 1.000000
241.887000 34.047400 -12.339 4.547 0.177 0.209 0.043855 20000 1.000000
242.701000 35.011500 -8.515 -0.397 0.168 0.197 -0.016285 20000 1.000000
243.570000 34.754800 -5.964 -2.371 0.169 0.198 0.003454 20000 1.000000
238.530000 40.815900 -4.727 -2.039 0.165 0.21 -0.016686 20000 1.000000
242.999000 33.708100 -10.872 3.536 0.169 0.197 -0.018641 20000 1.000000
244.365000 33.705000 -6.054 -1.71 0.23 0.278 -0.043553 20000 1.000000
239.520000 35.866700 -11.623 5.228 0.203 0.255 0.032320 20000 1.000000
242.155000 34.458200 -9.744 2.934 0.177 0.207 -0.046923 20000 1.000000
239.598000 35.880800 -8.976 2.86 0.177 0.209 0.052711 20000 1.000000
240.812000 34.441200 -12.246 6.356 0.179 0.211 -0.009954 20000 1.000000
244.089000 34.727300 -5.88 -2.368 0.172 0.202 -0.000824 20000 1.000000
243.779000 33.796800 -9.168 1.698 0.173 0.201 0.012462 20000 1.000000
244.855000 34.157600 -5.83 -3.253 0.168 0.197 0.008838 20000 1.000000
241.526000 35.662300 -7.95 0.673 0.177 0.21 -0.084360 20000 1.000000
242.045000 34.449100 -9.438 2.819 0.166 0.201 -0.025469 20000 1.000000
240.992000 34.398500 -10.54 5.543 0.174 0.204 -0.017767 20000 1.000000
243.827000 33.925400 -7.321 -0.951 0.18 0.204 -0.007604 20000 1.000000
243.241000 33.236000 -21.079 -0.329 0.183 0.21 0.024616 20000 1.000000
242.165000 34.485500 -9.291 2.526 0.167 0.196 -0.013142 20000 1.000000
242.609000 33.744200 -12.276 4.495 0.186 0.209 0.052393 20000 1.000000
242.555000 33.817400 -11.206 4.943 0.169 0.195 -0.012698 20000 1.000000
243.060000 35.090200 -6.826 -0.939 0.172 0.2 -0.013207 20000 1.000000
239.553000 34.691000 0.772 24.948 0.171 0.197 -0.020692 20000 1.000000
242.246000 34.133300 -11.9 3.849 0.172 0.198 0.011435 20000 1.000000
239.406000 35.828700 -11.9 8.405 0.172 0.205 0.003542 20000 1.000000
242.454000 34.314900 -8.8 2.569 0.204 0.231 0.033991 20000 1.000000
241.970000 34.527100 -9.673 2.135 0.176 0.21 -0.059448 20000 1.000000
240.896000 34.733600 -11.844 4.159 0.172 0.204 0.002301 20000 1.000000
239.557000 35.832600 -10.477 6.156 0.167 0.199 -0.011161 20000 1.000000
242.563000 33.856800 -11.756 4.763 0.17 0.194 -0.025558 20000 1.000000
238.778000 42.418300 -4.076 -2.068 0.231 0.312 -0.029622 20000 1.000000
244.021000 36.632500 -5.219 -2.263 0.167 0.201 0.014259 20000 1.000000
239.649000 34.038300 -13.501 8.922 0.172 0.202 -0.055449 20000 1.000000
241.874000 34.136800 -12.107 4.199 0.17 0.196 0.007093 20000 1.000000
243.904000 40.148400 -5.378 -2.403 0.171 0.218 -0.084107 20000 1.000000
242.682000 33.918400 -11.318 4.365 0.169 0.194 -0.001144 20000 1.000000
239.566000 35.969500 -8.323 0.842 0.175 0.2 -0.052705 20000 1.000000
244.588000 40.710700 -5.524 -3.362 0.169 0.222 -0.022873 20000 1.000000
241.122000 34.295500 -12.533 6.807 0.189 0.214 -0.003928 20000 1.000000
242.118000 34.175200 -12.51 4.163 0.226 0.251 -0.284641 20000 1.000000
243.352000 34.038500 -8.782 1.992 0.185 0.217 0.089233 20000 1.000000
242.790000 34.230800 -11.304 -3.167 0.261 0.265 0.210658 20000 1.000000
245.381000 34.767700 -5.396 -2.589 0.181 0.212 -0.012301 20000 1.000000
242.491000 39.685600 -5.497 -2.64 0.171 0.212 -0.020188 20000 1.000000
240.859000 34.498700 -12.854 3.724 0.167 0.195 -0.018140 20000 1.000000
243.932000 34.141000 -6.078 -1.449 0.168 0.195 -0.002145 20000 1.000000
242.653000 33.240700 -13.404 9.626 0.19 0.206 -0.136373 20000 1.000000
244.082000 34.369900 -5.649 -2.928 0.17 0.2 -0.043109 20000 1.000000
243.695000 34.427700 -6.364 -0.904 0.172 0.205 -0.039785 20000 1.000000
243.708000 34.533000 -6.446 -1.883 0.179 0.203 -0.026786 20000 1.000000
243.185000 34.674900 -7.166 -0.784 0.179 0.208 0.065703 20000 1.000000
241.793000 34.128800 -11.958 4.956 0.168 0.195 -0.018583 20000 1.000000
240.647000 34.683400 -12.942 5.505 0.179 0.211 -0.025787 20000 1.000000
242.814000 39.521100 -5.568 -2.793 0.168 0.208 -0.016946 20000 1.000000
245.995000 32.722500 -3.724 -3.166 0.197 0.215 0.022763 20000 1.000000
244.721000 39.910200 -5.466 -2.569 0.183 0.215 -0.008436 20000 1.000000
245.543000 36.154200 -5.236 -2.946 0.168 0.198 -0.017708 20000 1.000000
245.180000 41.724200 -6.628 -3.171 0.174 0.219 -0.065622 20000 1.000000
242.670000 41.428700 -5.412 -2.668 0.174 0.224 -0.007082 20000 1.000000
242.935000 42.981700 -4.5 -2.983 0.161 0.212 -0.016137 20000 1.000000
235.925000 40.876300 -2.178 2.02 0.214 0.264 0.028116 20000 1.000000
236.274000 38.928300 -11.53 7.923 0.164 0.202 -0.020158 20000 1.000000
237.585000 40.997600 -3.911 -1.68 0.19 0.251 -0.102163 20000 1.000000
243.830000 32.616500 -13.904 5.321 0.172 0.196 -0.019438 20000 1.000000
238.997000 35.551800 -12.736 8.637 0.169 0.202 -0.009954 20000 1.000000
242.015000 39.305600 -6.04 -3.235 0.17 0.214 -0.050470 20000 1.000000
242.395000 39.287900 -5.188 -3.316 0.169 0.206 -0.024608 20000 1.000000
243.576000 39.500500 -5.645 -2.997 0.163 0.21 0.000822 20000 1.000000
243.950000 39.546400 -5.079 -3.049 0.168 0.205 0.003985 20000 1.000000
244.111000 39.374200 -5.582 -2.578 0.165 0.205 0.000454 20000 1.000000
244.487000 39.536100 -5.144 -3.027 0.169 0.212 -0.016140 20000 1.000000
244.568000 39.388600 -4.79 -2.754 0.161 0.201 -0.016262 20000 1.000000
242.120000 40.433400 -5.604 -2.407 0.166 0.209 0.012495 20000 1.000000
245.308000 39.255200 -4.841 -2.389 0.17 0.206 0.026325 20000 1.000000
245.723000 39.119400 -6.141 -2.428 0.166 0.211 -0.013567 20000 1.000000
246.129000 39.067300 -5.189 -2.27 0.167 0.207 -0.034335 20000 1.000000
242.532000 40.320600 -6.295 -2.264 0.172 0.212 -0.058476 20000 1.000000
246.946000 40.494000 -4.834 -2.627 0.163 0.208 0.000934 20000 1.000000
243.264000 40.495500 -4.846 -3.428 0.177 0.221 -0.056958 20000 1.000000
240.200000 39.572800 -5.726 -2.515 0.167 0.209 -0.023275 20000 1.000000
242.469000 36.614300 -6.51 -2.517 0.167 0.199 -0.018025 20000 1.000000
242.593000 36.804200 -6.625 -2.374 0.162 0.195 -0.013743 20000 1.000000
242.006000 36.606000 -7.951 -0.469 0.174 0.204 0.065128 20000 1.000000
242.296000 37.200800 -7.037 -2.502 0.166 0.201 -0.013033 20000 1.000000
240.463000 39.698400 -8.068 -2.619 0.174 0.216 -0.017709 20000 1.000000
240.694000 39.795600 -6.791 -3.056 0.173 0.221 0.024744 20000 1.000000
241.316000 39.888900 -6.629 -3.121 0.169 0.212 -0.027121 20000 1.000000
241.841000 39.212300 -5.466 -3.015 0.161 0.201 -0.013178 20000 1.000000
246.706000 41.856800 -6.471 -3.498 0.173 0.223 0.007623 20000 1.000000
246.958000 39.345100 -5.101 -2.5 0.168 0.207 -0.017150 20000 1.000000
246.988000 41.817300 -5.578 -2.875 0.165 0.211 -0.023878 20000 1.000000
246.722000 40.671300 -5.268 -2.681 0.169 0.214 -0.023753 20000 1.000000
240.400000 39.499200 -8.044 -3.338 0.214 0.256 0.030373 20000 1.000000
240.931000 39.486100 -7.32 -2.427 0.171 0.213 -0.014912 20000 1.000000
241.550000 39.133900 -6.534 -3.222 0.164 0.205 -0.007363 20000 1.000000
241.062000 39.268000 -7.513 -2.589 0.256 0.312 -0.017507 20000 1.000000
241.649000 39.454700 -6.049 -2.897 0.168 0.209 0.028770 20000 1.000000
241.995000 38.728800 -5.631 -3.161 0.166 0.204 -0.010118 20000 1.000000
241.070000 38.980900 -7.542 -3.448 0.163 0.207 -0.004315 20000 1.000000
240.985000 38.704600 -5.009 -4.504 0.182 0.219 -0.033459 20000 1.000000
240.541000 38.761400 -10.534 0.015 0.181 0.215 -0.099924 20000 1.000000
240.523000 40.779800 -6.89 -2.806 0.181 0.218 0.061087 20000 1.000000
240.990000 40.242200 -7.611 -3.093 0.188 0.219 -0.090100 20000 1.000000
240.278000 39.908200 -8.543 -3.374 0.167 0.21 0.021240 20000 1.000000
239.307000 38.829200 -7.131 -2.098 0.187 0.212 0.079814 20000 1.000000
239.614000 39.046600 -6.528 -0.389 0.187 0.227 -0.064194 20000 1.000000
240.189000 39.123500 -8.819 -1.904 0.171 0.213 -0.075796 20000 1.000000
239.107000 39.466700 -7.053 -2.001 0.198 0.233 0.077510 20000 1.000000
240.376000 41.357700 -5.091 -2.435 0.165 0.212 -0.010025 20000 1.000000
239.716000 39.937400 -6.865 -2.528 0.16 0.202 -0.017403 20000 1.000000
239.194000 40.418600 -8.103 -2.733 0.191 0.232 0.011522 20000 1.000000
239.923000 40.288900 -6.804 -2.741 0.167 0.21 -0.005843 20000 1.000000
235.692000 40.247500 -8.838 6.509 0.163 0.207 -0.007404 20000 1.000000
235.867000 40.551300 -3.27 2.833 0.175 0.224 -0.023807 20000 1.000000
235.787000 40.637400 -2.415 3.43 0.194 0.241 0.005507 20000 1.000000
235.943000 40.219600 -7.6 3.804 0.169 0.213 0.002685 20000 1.000000
236.307000 40.119300 -7.531 1.197 0.177 0.226 0.025422 20000 1.000000
238.207000 36.485500 -13.3 11.753 0.173 0.208 -0.017394 20000 1.000000
238.710000 35.945700 -12.684 8.276 0.169 0.202 0.023314 20000 1.000000
238.949000 36.302100 -11.732 8.536 0.166 0.2 -0.014832 20000 1.000000
238.865000 36.425900 -11.473 8.282 0.169 0.203 0.004522 20000 1.000000
237.668000 37.534500 -9.253 6 0.207 0.217 -0.111421 20000 1.000000
237.623000 37.914500 -8.737 4.271 0.172 0.21 -0.009227 20000 1.000000
236.819000 38.495000 -10.087 6.649 0.168 0.21 -0.071828 20000 1.000000
236.652000 38.987400 -12.087 5.556 0.176 0.212 0.062247 20000 1.000000
236.796000 39.242000 -7.305 1.449 0.165 0.206 -0.010904 20000 1.000000
236.368000 42.275400 -1.9 -0.673 0.171 0.218 -0.012759 20000 1.000000
236.895000 39.319700 -8.227 1.661 0.168 0.208 0.013717 20000 1.000000
237.041000 38.664700 -8.46 5.224 0.202 0.259 0.084862 20000 1.000000
237.233000 38.428600 -7.129 5.151 0.167 0.208 -0.002314 20000 1.000000
237.548000 38.239800 -6.788 3.444 0.169 0.209 -0.014992 20000 1.000000
237.083000 38.866100 -10.475 3.727 0.162 0.202 -0.019037 20000 1.000000
237.037000 39.398100 -6.989 -1.039 0.321 0.361 -0.074011 20000 1.000000
237.424000 38.777800 -6.072 1.505 0.171 0.221 -0.051996 20000 1.000000
237.281000 39.260000 -8.57 0.325 0.166 0.205 0.023304 20000 1.000000
237.696000 39.109300 -6.162 -1.946 0.171 0.21 -0.021062 20000 1.000000
237.873000 37.069200 -11.925 7.323 0.203 0.236 0.173563 20000 1.000000
238.137000 36.962000 -11.574 7.174 0.192 0.216 -0.045398 20000 1.000000
238.009000 37.201700 -9.438 6.594 0.196 0.228 -0.077333 20000 1.000000
238.203000 37.001000 -10.615 7.41 0.251 0.275 0.062543 20000 1.000000
238.274000 37.002400 -10.658 5.433 0.18 0.221 0.006547 20000 1.000000
238.349000 37.104500 -9.461 3.957 0.203 0.224 -0.134531 20000 1.000000
238.286000 37.203500 -11.501 2.748 0.172 0.204 0.029654 20000 1.000000
237.786000 37.329900 -9.843 7.792 0.165 0.2 -0.002854 20000 1.000000
237.901000 37.336900 -10.325 6.113 0.171 0.214 -0.031589 20000 1.000000
237.900000 37.722000 -8.641 2.775 0.165 0.2 -0.019148 20000 1.000000
237.781000 37.863900 -6.449 2.344 0.173 0.215 -0.016522 20000 1.000000
237.942000 37.713900 -8.808 4.505 0.187 0.222 -0.087511 20000 1.000000
238.174000 37.336800 -6.557 5.195 0.167 0.206 -0.011741 20000 1.000000
238.210000 37.533000 -6.9 0.368 0.165 0.201 -0.007464 20000 1.000000
238.313000 37.601800 -6.599 -1.736 0.17 0.204 0.031017 20000 1.000000
238.022000 37.749400 -5.908 2.247 0.167 0.203 -0.020941 20000 1.000000
238.214000 37.819000 -4.081 -0.232 0.171 0.205 -0.010070 20000 1.000000
238.095000 36.621700 -10.757 2.44 0.167 0.202 -0.031178 20000 1.000000
238.421000 36.724000 -11.979 7.645 0.166 0.2 -0.023444 20000 1.000000
238.580000 36.800400 -7.982 4.547 0.165 0.198 -0.019439 20000 1.000000
238.409000 36.858500 -11.753 6.782 0.166 0.2 -0.031967 20000 1.000000
238.459000 36.814300 -12.246 9.381 0.167 0.199 -0.012564 20000 1.000000
238.445000 36.903500 -8.8 5.468 0.168 0.2 -0.030179 20000 1.000000
238.613000 36.637000 -12.268 8.673 0.176 0.21 -0.075639 20000 1.000000
238.458000 37.007800 -11.653 0.416 0.311 0.38 0.024434 20000 1.000000
238.426000 37.213000 -8.597 -0.464 0.167 0.2 -0.013074 20000 1.000000
238.665000 36.918200 -6.322 0.497 0.164 0.198 -0.017341 20000 1.000000
238.645000 37.010800 -5.539 0.778 0.215 0.262 -0.052998 20000 1.000000
240.294000 37.713100 -6.057 -0.099 0.172 0.21 -0.035798 20000 1.000000
238.812000 36.559500 -13.376 5.654 0.164 0.197 -0.019885 20000 1.000000
238.131000 37.975600 -6.232 0.045 0.166 0.203 -0.006945 20000 1.000000
238.936000 36.611600 -15.908 -2.971 0.163 0.196 -0.018558 20000 1.000000
238.732000 36.950000 -6.554 -1.185 0.165 0.2 -0.004941 20000 1.000000
238.652000 36.811400 -6.442 1.465 0.166 0.2 -0.025635 20000 1.000000
238.942000 37.169600 -8.161 -0.972 0.17 0.205 -0.006490 20000 1.000000
238.347000 37.478400 -6.883 0.168 0.182 0.219 -0.011438 20000 1.000000
238.531000 37.489600 -5.254 -2.531 0.163 0.199 -0.021691 20000 1.000000
238.675000 37.581900 -6.78 -1.426 0.169 0.208 -0.027436 20000 1.000000
238.395000 37.932000 -5.354 -0.008 0.165 0.202 -0.018533 20000 1.000000
238.536000 37.755300 -7.691 0.756 0.165 0.201 -0.022871 20000 1.000000
238.717000 37.385400 -3.944 -3.264 0.169 0.21 -0.017454 20000 1.000000
237.782000 38.153000 -3.31 -2.09 0.164 0.202 -0.034994 20000 1.000000
237.904000 38.025100 -2.061 6.448 0.17 0.209 -0.069899 20000 1.000000
237.805000 38.444200 -6.147 0.703 0.174 0.225 -0.007707 20000 1.000000
237.645000 38.999500 -4.876 -1.549 0.199 0.219 0.064889 20000 1.000000
238.905000 38.645300 -6.054 -1.105 0.164 0.203 -0.012053 20000 1.000000
239.652000 35.544100 -10.252 6.805 0.169 0.2 -0.019625 20000 1.000000
239.611000 35.841100 -12.692 4.37 0.173 0.203 -0.035051 20000 1.000000
239.655000 35.837800 -8.027 3.671 0.169 0.204 -0.013262 20000 1.000000
239.715000 35.806700 -8.578 2.504 0.175 0.207 -0.017879 20000 1.000000
239.093000 35.933300 -9.524 11.901 0.165 0.198 -0.016159 20000 1.000000
239.019000 36.417200 -6.54 1.016 0.165 0.198 -0.016287 20000 1.000000
239.147000 36.515900 -7.191 0.596 0.171 0.207 -0.018450 20000 1.000000
239.302000 36.024800 -13.512 8.631 0.166 0.205 -0.017895 20000 1.000000
239.121000 36.140200 -11.788 6.821 0.166 0.198 -0.020576 20000 1.000000
239.251000 36.106800 -13.678 7.595 0.163 0.195 -0.015359 20000 1.000000
239.272000 36.178900 -6.854 -0.857 0.163 0.195 -0.015501 20000 1.000000
239.355000 35.922800 -11.449 8.206 0.165 0.196 -0.023219 20000 1.000000
239.525000 36.007500 -10.498 -2.858 0.19 0.213 -0.009308 20000 1.000000
239.457000 36.089400 -9.076 -1.884 0.165 0.197 -0.013533 20000 1.000000
239.560000 36.123200 -6.88 1.243 0.164 0.197 -0.018370 20000 1.000000
239.158000 35.697100 -11.375 8.512 0.171 0.198 0.027717 20000 1.000000
239.637000 36.051700 -7.526 1.625 0.168 0.197 -0.019157 20000 1.000000
239.448000 35.974100 -11.885 8.269 0.18 0.206 -0.051996 20000 1.000000
239.706000 36.015800 -6.435 0.732 0.166 0.198 -0.021805 20000 1.000000
239.723000 36.304400 -11.113 -1.23 0.167 0.2 -0.013685 20000 1.000000
239.257000 36.806300 -7.158 0.816 0.166 0.202 -0.015296 20000 1.000000
239.803000 37.352200 -7.183 0.847 0.172 0.21 -0.032990 20000 1.000000
239.356000 37.795200 -6.3 0.255 0.171 0.204 -0.020058 20000 1.000000
240.160000 37.901100 -6.74 -0.05 0.186 0.212 -0.112232 20000 1.000000
239.049000 38.090000 -6.856 -0.607 0.167 0.205 -0.017725 20000 1.000000
239.666000 38.735600 -6.678 -1.275 0.187 0.212 0.033593 20000 1.000000
241.480000 37.177600 -8.919 -2.248 0.165 0.199 -0.006267 20000 1.000000
236.283000 39.863600 -9.536 2.861 0.202 0.25 -0.109924 20000 1.000000
236.448000 39.905700 -7.489 1.76 0.192 0.249 -0.051861 20000 1.000000
236.628000 39.452400 -9.159 1.313 0.166 0.209 -0.000213 20000 1.000000
236.705000 39.707100 -8.761 -1.164 0.177 0.219 -0.066112 20000 1.000000
236.813000 39.492800 -9.222 1.073 0.195 0.265 0.030160 20000 1.000000
236.817000 39.962100 -6.379 -1.455 0.166 0.21 -0.058300 20000 1.000000
236.344000 40.256800 -6.432 1.118 0.167 0.213 0.005374 20000 1.000000
236.117000 41.151700 -1.08 -0.355 0.17 0.214 0.010763 20000 1.000000
236.301000 40.575300 -4.266 -1.209 0.174 0.219 0.059314 20000 1.000000
236.427000 40.478900 -5.17 -0.943 0.201 0.251 0.185329 20000 1.000000
236.548000 40.082200 -7.144 -0.022 0.162 0.205 -0.007722 20000 1.000000
236.864000 40.324100 -5.091 -0.256 0.162 0.205 -0.019622 20000 1.000000
236.676000 40.732900 -2.777 -0.925 0.162 0.206 -0.036393 20000 1.000000
236.826000 40.546700 -4.604 -0.38 0.166 0.212 -0.032666 20000 1.000000
237.024000 39.621400 -6.802 -0.659 0.176 0.209 0.039158 20000 1.000000
237.264000 39.493600 -6.363 -0.45 0.164 0.203 -0.025817 20000 1.000000
237.077000 40.747600 -3.458 -1.294 0.276 0.344 -0.025441 20000 1.000000
237.332000 40.034100 -6.305 -0.95 0.168 0.208 -0.022985 20000 1.000000
237.393000 40.650700 -4.632 -2.011 0.171 0.22 -0.056796 20000 1.000000
236.666000 40.887100 -2.961 -0.366 0.161 0.205 -0.015225 20000 1.000000
237.729000 40.271200 -5.457 -0.615 0.176 0.218 -0.083284 20000 1.000000
239.132000 39.794700 -8.174 -2.688 0.165 0.211 -0.048009 20000 1.000000
237.681000 40.731100 -5.373 -0.602 0.194 0.225 0.031155 20000 1.000000
235.774000 42.209100 -0.567 -0.444 0.17 0.212 -0.009283 20000 1.000000
235.946000 42.860100 -1.403 -0.994 0.189 0.24 0.047691 20000 1.000000
236.617000 42.503500 -2.321 -0.787 0.166 0.215 -0.006882 20000 1.000000
237.344000 42.191000 -2.487 -1.41 0.17 0.22 -0.042471 20000 1.000000
238.220000 42.259700 -4.792 -2.178 0.166 0.211 -0.023856 20000 1.000000
239.622000 42.468800 -5.02 -3.631 0.166 0.218 -0.043575 20000 1.000000
241.588000 42.254600 -4.756 -2.341 0.161 0.21 -0.020351 20000 1.000000
243.371000 36.071300 -6.353 -3.155 0.175 0.211 0.040242 20000 1.000000
242.835000 36.022500 -6.465 -1.261 0.174 0.201 -0.025458 20000 1.000000
242.590000 36.159000 -7.142 -1.078 0.187 0.22 0.032577 20000 1.000000
241.868000 36.466800 -7.446 -1.007 0.19 0.233 -0.208215 20000 1.000000
242.211000 36.531200 -8.406 -1.266 0.167 0.202 -0.018697 20000 1.000000
241.909000 36.570200 -10.817 -1.767 0.189 0.212 -0.079237 20000 1.000000
241.882000 36.975700 -8.402 -1.388 0.163 0.198 -0.009584 20000 1.000000
242.064000 37.231400 -7.809 -2.473 0.171 0.203 0.032565 20000 1.000000
242.606000 34.462400 -8.704 1.28 0.179 0.203 -0.016465 20000 1.000000
242.459000 33.562100 -11.569 4.596 0.18 0.205 0.001149 20000 1.000000
242.895000 32.889200 -13.634 4.887 0.171 0.194 -0.023548 20000 1.000000
243.050000 32.733800 -12.392 6.02 0.165 0.189 -0.015374 20000 1.000000
242.756000 32.666400 -13.056 5.777 0.181 0.198 0.064788 20000 1.000000
242.810000 33.439600 -12.267 4.531 0.166 0.192 -0.003314 20000 1.000000
242.928000 33.235700 -12.672 5.16 0.176 0.195 0.024810 20000 1.000000
243.217000 33.493300 -11.723 4.463 0.168 0.192 -0.011256 20000 1.000000
243.651000 32.976000 -12.924 5.415 0.171 0.196 -0.012220 20000 1.000000
243.989000 32.822200 -12.431 4.632 0.171 0.194 -0.054552 20000 1.000000
243.329000 33.240200 -12.343 4.655 0.175 0.198 -0.017195 20000 1.000000
243.431000 33.059200 -12.767 4.968 0.167 0.19 -0.016103 20000 1.000000
243.379000 33.375600 -11.977 4.208 0.171 0.197 0.020109 20000 1.000000
243.591000 33.210200 -13.465 3.297 0.182 0.21 -0.004433 20000 1.000000
243.817000 33.213500 -11.626 3.079 0.17 0.194 -0.019725 20000 1.000000
243.888000 33.296200 -11.051 1.008 0.172 0.198 -0.068017 20000 1.000000
243.574000 33.523500 -9.726 0.614 0.179 0.199 0.048727 20000 1.000000
243.773000 33.574700 -9.757 1.529 0.175 0.209 0.010431 20000 1.000000
244.031000 32.887000 -12.989 3.944 0.171 0.195 -0.015746 20000 1.000000
244.175000 32.954700 -9.772 2.193 0.203 0.222 -0.014948 20000 1.000000
244.268000 32.759700 -11.867 3.589 0.175 0.201 -0.009601 20000 1.000000
244.404000 32.750600 -8.609 2.153 0.256 0.284 -0.013574 20000 1.000000
244.423000 32.834700 -9.222 3.406 0.175 0.198 -0.017230 20000 1.000000
244.430000 32.898400 -8.558 2.72 0.175 0.198 -0.004488 20000 1.000000
244.700000 32.690000 -5.802 -0.985 0.168 0.192 -0.026023 20000 1.000000
244.602000 32.875800 -6.348 -2.289 0.176 0.201 0.000033 20000 1.000000
244.578000 32.982500 -5.871 -2.742 0.175 0.203 0.003804 20000 1.000000
244.280000 32.948900 -10.565 2.911 0.173 0.196 -0.013783 20000 1.000000
244.234000 33.516400 -7.74 -2.199 0.177 0.201 0.038058 20000 1.000000
244.313000 33.423900 -6.116 -2.849 0.175 0.2 0.022222 20000 1.000000
244.571000 33.247800 -5.923 -2.694 0.172 0.197 -0.024570 20000 1.000000
244.657000 33.143600 -5.403 -2.73 0.176 0.2 -0.078128 20000 1.000000
244.704000 33.886900 -5.871 -3.363 0.176 0.198 -0.006525 20000 1.000000
240.305000 37.562600 -7.245 -0.411 0.184 0.207 0.087549 20000 1.000000
239.350000 34.907300 -12.486 8.385 0.203 0.228 -0.010307 20000 1.000000
239.590000 35.010700 -12.743 6.829 0.168 0.196 -0.010144 20000 1.000000
239.760000 34.870600 -11.713 7.263 0.166 0.194 -0.000917 20000 1.000000
239.617000 35.106200 -11.707 9.081 0.176 0.202 0.060454 20000 1.000000
241.822000 34.376400 -12.086 3.354 0.169 0.197 -0.010640 20000 1.000000
239.925000 35.020000 -14.669 4.577 0.165 0.193 -0.013766 20000 1.000000
240.208000 34.507800 -16.133 5.226 0.17 0.193 -0.008058 20000 1.000000
240.384000 34.630500 -10.731 6.864 0.164 0.193 -0.014956 20000 1.000000
240.185000 34.888600 -17.065 4.42 0.163 0.192 -0.010887 20000 1.000000
240.464000 35.086600 -10.346 2.986 0.164 0.194 -0.013838 20000 1.000000
239.192000 35.425800 -11.123 7.226 0.167 0.196 -0.028667 20000 1.000000
239.455000 35.327800 -11.353 8.174 0.169 0.202 0.033961 20000 1.000000
239.646000 35.440500 -11.915 6.713 0.169 0.199 -0.024354 20000 1.000000
239.520000 35.624800 -12.389 6.318 0.165 0.197 -0.011418 20000 1.000000
239.463000 35.792700 -10.815 7.533 0.183 0.217 0.019196 20000 1.000000
239.733000 35.633800 -10.31 5.419 0.169 0.197 0.004280 20000 1.000000
239.629000 35.747900 -9.63 5.626 0.168 0.199 -0.006122 20000 1.000000
237.762000 37.061200 -11.812 7.326 0.173 0.206 -0.011499 20000 1.000000
239.899000 35.235100 -12.048 5.966 0.189 0.211 0.036625 20000 1.000000
239.975000 35.279800 -11.34 6.046 0.169 0.202 -0.031785 20000 1.000000
240.065000 35.316800 -10.925 5.188 0.167 0.197 -0.015136 20000 1.000000
239.887000 35.534200 -10.974 4.065 0.166 0.198 -0.017237 20000 1.000000
239.818000 35.702700 -8.504 3.349 0.165 0.196 -0.012032 20000 1.000000
239.869000 35.801300 -7.497 2.966 0.174 0.201 -0.005054 20000 1.000000
239.999000 35.686700 -8.249 1.857 0.172 0.201 -0.058635 20000 1.000000
239.707000 35.688900 -10.74 5.492 0.166 0.197 -0.023296 20000 1.000000
240.287000 35.319000 -8.94 2.542 0.175 0.206 -0.009288 20000 1.000000
240.091000 35.934700 -6.992 0.854 0.168 0.198 -0.007219 20000 1.000000
240.496000 34.466800 -11.013 8.995 0.165 0.192 -0.014531 20000 1.000000
240.674000 34.599600 -11.99 5.57 0.173 0.207 0.058315 20000 1.000000
240.885000 34.660100 -12.302 3.428 0.173 0.199 0.047224 20000 1.000000
240.845000 34.856200 -9.646 4.489 0.248 0.326 -0.117653 20000 1.000000
239.755000 35.686700 -10.333 5.683 0.167 0.196 -0.020164 20000 1.000000
241.121000 34.835100 -10.286 2.554 0.168 0.195 -0.002229 20000 1.000000
241.152000 34.792300 -9.941 3.274 0.172 0.205 -0.014311 20000 1.000000
241.331000 34.695000 -9.57 1.536 0.174 0.204 0.045945 20000 1.000000
241.454000 34.771100 -10.773 4.072 0.169 0.199 -0.010789 20000 1.000000
241.344000 34.944400 -6.151 1.754 0.174 0.205 -0.063830 20000 1.000000
241.388000 35.138600 -8.795 2.239 0.166 0.195 -0.036102 20000 1.000000
241.459000 34.821800 -7.076 0.165 0.178 0.203 -0.020314 20000 1.000000
241.811000 34.982100 -7.683 0.806 0.167 0.196 -0.015961 20000 1.000000
241.876000 35.378000 -7.988 0.498 0.169 0.197 -0.025767 20000 1.000000
241.740000 35.667300 -8.824 0.416 0.175 0.201 -0.005502 20000 1.000000
241.233000 36.231400 -7.912 1.172 0.172 0.2 0.043135 20000 1.000000
241.045000 36.585500 -6.286 1.14 0.164 0.199 -0.015135 20000 1.000000
241.740000 36.093100 -7.678 1.101 0.169 0.198 -0.024669 20000 1.000000
241.994000 35.038800 -7.753 1.829 0.169 0.197 -0.006015 20000 1.000000
242.271000 34.509700 -9.306 2.071 0.169 0.196 -0.017333 20000 1.000000
242.451000 34.634300 -8.703 1.52 0.167 0.196 -0.023964 20000 1.000000
242.457000 34.987000 -7.816 0.522 0.17 0.199 0.017812 20000 1.000000
243.048000 33.892600 -10.335 2.43 0.165 0.191 -0.011062 20000 1.000000
243.454000 34.019300 -8.255 -1.38 0.167 0.193 -0.023620 20000 1.000000
242.719000 34.534800 -7.693 -0.085 0.193 0.206 -0.125027 20000 1.000000
241.969000 34.332200 -11.858 4.9 0.22 0.258 -0.005217 20000 1.000000
242.635000 35.116800 -6.968 0.567 0.174 0.202 -0.033047 20000 1.000000
241.983000 35.152400 -6.922 1.449 0.168 0.198 -0.019969 20000 1.000000
242.697000 35.238500 -6.969 0.259 0.169 0.197 -0.005317 20000 1.000000
242.795000 35.387900 -6.221 -0.379 0.164 0.194 -0.006550 20000 1.000000
242.610000 35.896700 -7.879 -1.476 0.182 0.214 -0.045488 20000 1.000000
242.597000 35.697600 -6.975 -0.17 0.167 0.196 -0.012012 20000 1.000000
243.111000 35.998200 -6.401 -2.016 0.177 0.201 -0.022763 20000 1.000000
243.112000 35.710600 -5.576 -1.331 0.165 0.197 -0.008577 20000 1.000000
243.290000 34.192500 -6.282 0.259 0.17 0.195 -0.020924 20000 1.000000
243.463000 34.217200 -6.93 1.216 0.17 0.195 0.002181 20000 1.000000
243.788000 33.865800 -7.905 -0.709 0.166 0.192 -0.002322 20000 1.000000
243.920000 33.959300 -6.701 -1.374 0.168 0.193 -0.013775 20000 1.000000
239.772000 35.729200 -8.927 3.774 0.166 0.196 -0.007198 20000 1.000000
243.971000 34.716900 -6.686 -2.133 0.174 0.2 -0.048725 20000 1.000000
243.329000 34.936800 -7.053 -1.91 0.17 0.2 -0.002998 20000 1.000000
242.063000 34.341100 -12.189 3.961 0.183 0.217 -0.014299 20000 1.000000
243.120000 34.462100 -7.122 0.063 0.167 0.195 -0.013992 20000 1.000000
244.179000 33.741000 -7.119 -2.257 0.179 0.204 -0.015574 20000 1.000000
244.236000 34.425700 -5.213 -2.671 0.203 0.215 0.023648 20000 1.000000
244.350000 35.204800 -5.112 -2.787 0.172 0.2 -0.047113 20000 1.000000
242.685000 34.187400 -10.127 -0.518 0.17 0.198 0.020699 20000 1.000000
242.950000 34.196200 -11.959 -3.312 0.198 0.201 0.063872 20000 1.000000
244.750000 34.731800 -5.246 -2.472 0.212 0.245 -0.023121 20000 1.000000
243.237000 35.204600 -6.909 -0.929 0.166 0.195 -0.007839 20000 1.000000
242.107000 35.424600 -7.083 0.8 0.166 0.196 -0.017722 20000 1.000000
243.428000 35.320600 -5.674 -2.441 0.166 0.198 -0.014401 20000 1.000000
243.896000 35.141900 -5.116 -2.826 0.179 0.2 -0.048202 20000 1.000000
243.878000 35.526000 -5.494 -2.31 0.169 0.199 -0.025945 20000 1.000000
243.855000 35.785400 -5.777 -2.413 0.166 0.198 -0.026378 20000 1.000000
244.456000 35.472800 -4.915 -2.291 0.168 0.202 -0.000218 20000 1.000000
244.634000 35.163000 -5.097 -2.518 0.183 0.214 -0.019492 20000 1.000000
245.401000 34.188900 -5.219 -1.885 0.183 0.213 -0.011933 20000 1.000000
245.035000 34.844400 -3.586 -2.556 0.169 0.198 -0.023392 20000 1.000000
244.762000 35.291100 -5.096 -3.278 0.167 0.198 -0.012308 20000 1.000000
241.621000 37.973100 -7.75 -3.014 0.171 0.212 -0.038887 20000 1.000000
241.000000 37.613000 -8.768 -1.417 0.169 0.204 -0.046881 20000 1.000000
241.084000 37.605300 -9.261 -3.129 0.174 0.221 -0.030518 20000 1.000000
240.914000 37.785700 -6.327 -0.13 0.204 0.229 -0.142061 20000 1.000000
240.967000 37.913500 -8.559 0.073 0.164 0.2 -0.012495 20000 1.000000
240.862000 37.839300 -10.81 -0.778 0.181 0.211 0.007338 20000 1.000000
240.853000 37.962800 -10.068 -0.617 0.168 0.203 -0.024826 20000 1.000000
240.916000 37.914100 -7.254 -0.462 0.169 0.204 -0.015161 20000 1.000000
241.056000 37.734300 -9.167 0.465 0.166 0.202 -0.012858 20000 1.000000
241.131000 37.654600 -7.696 -1.344 0.167 0.205 -0.019582 20000 1.000000
241.040000 37.891700 -10.753 -0.582 0.215 0.25 -0.021752 20000 1.000000
241.148000 37.878200 -7.785 0.167 0.166 0.202 -0.025757 20000 1.000000
241.183000 37.591400 -9.087 -2.464 0.172 0.219 0.058736 20000 1.000000
241.302000 37.561600 -6.063 -2.436 0.172 0.225 -0.020780 20000 1.000000
241.316000 37.495400 -10.565 -1.356 0.163 0.198 -0.013902 20000 1.000000
241.406000 37.541300 -9.388 -2.018 0.167 0.203 -0.007900 20000 1.000000
241.180000 37.677000 -7.704 -1.359 0.166 0.203 -0.011065 20000 1.000000
241.232000 37.754400 -7.878 -0.282 0.173 0.217 0.024750 20000 1.000000
241.264000 37.903500 -8.055 -0.039 0.168 0.205 -0.026722 20000 1.000000
241.445000 37.891300 -8.566 -1.931 0.277 0.32 0.050575 20000 1.000000
241.762000 37.589200 -7.24 -1.881 0.164 0.2 -0.013636 20000 1.000000
241.528000 37.737500 -8.919 -1.945 0.175 0.21 0.004511 20000 1.000000
240.850000 38.057900 -10.964 -0.694 0.186 0.223 -0.011754 20000 1.000000
237.804000 41.344800 33.461 -362.758 0.395 0.522 0.005766 20000 1.000000
237.706000 41.381200 -2.577 -1.785 0.175 0.214 0.045983 20000 1.000000
237.809000 41.479200 -2.594 -3.98 0.164 0.222 -0.051827 20000 1.000000
237.687000 41.463600 -1.964 -2.256 0.166 0.223 -0.052831 20000 1.000000
237.847000 41.531900 -2.639 -2.329 0.283 0.327 0.058000 20000 1.000000
238.493000 41.711600 -4.523 -3.454 0.163 0.21 -0.015553 20000 1.000000
246.132000 42.878900 -5.364 -2.615 0.162 0.214 -0.028416 20000 1.000000
241.439000 37.439500 -9.503 -1.863 0.177 0.209 -0.011864 20000 1.000000
240.254000 37.088900 -6.656 -0.091 0.168 0.203 0.026527 20000 1.000000
241.853000 37.280500 -7.929 -1.911 0.167 0.203 -0.003240 20000 1.000000
239.172000 41.359200 -4.982 -2.085 0.2 0.25 -0.068519 20000 1.000000
239.527000 41.332500 -5.361 -2.556 0.167 0.212 -0.008518 20000 1.000000
235.587000 42.442000 -0.959 -0.127 0.166 0.217 -0.067862 20000 1.000000
235.707000 42.076600 -1.553 -0.445 0.17 0.213 0.002410 20000 1.000000
238.120000 42.579800 -3.737 -1.662 0.167 0.214 -0.023066 20000 1.000000
237.390000 42.727100 -2.037 -2.735 0.196 0.239 0.095710 20000 1.000000
242.275000 42.020200 -3.513 -1.457 0.166 0.213 -0.015310 20000 1.000000
243.404000 33.598200 -8.402 1.495 0.235 0.272 -0.122246 20000 1.000000
243.397000 33.495500 -8.899 2.546 0.172 0.199 -0.003247 20000 1.000000
244.492000 32.829400 -7.779 2.72 0.172 0.194 -0.016268 20000 1.000000
239.784000 35.693800 -10.041 3.754 0.181 0.21 0.025251 20000 1.000000
237.579000 41.830800 -4.767 -2.318 0.173 0.221 0.010939 20000 1.000000
236.019000 41.845500 -1.559 -0.187 0.184 0.263 -0.086204 20000 1.000000
238.521000 36.744300 -12.293 7.991 0.191 0.222 0.046211 20000 1.000000
239.528000 35.946600 -7.26 2.957 0.186 0.213 0.045669 20000 1.000000
239.485000 35.929100 -10.538 8.326 0.22 0.271 -0.001861 20000 1.000000
236.427000 40.478800 -5.115 -0.616 0.205 0.258 0.175194 20000 1.000000
237.036000 39.845700 -8.671 -1.813 0.164 0.206 -0.039897 20000 1.000000
243.852000 34.508100 -5.445 -2.687 0.165 0.193 -0.008882 20000 1.000000
245.241000 32.497900 -5.128 -2.684 0.176 0.195 -0.017845 20000 1.000000
243.407000 33.537300 -9.346 4.511 0.187 0.219 0.051683 20000 1.000000
241.651000 34.021700 -14.105 15.765 0.179 0.216 -0.017318 20000 1.000000
241.379000 34.836000 -11.116 4.121 0.17 0.199 -0.014436 20000 1.000000
241.983000 35.152400 -7.159 0.955 0.171 0.2 -0.020243 20000 1.000000
241.983000 35.152500 -6.087 1.952 0.17 0.201 -0.011503 20000 1.000000
242.968000 33.389000 -12.014 4.774 0.175 0.201 0.018934 20000 1.000000
243.936000 31.559100 -12.85 6.715 0.174 0.192 0.048530 20000 1.000000
238.728000 35.709000 -12.565 9.065 0.186 0.219 -0.028251 20000 1.000000
242.077000 34.508200 -10.044 2.47 0.173 0.2 -0.009019 20000 1.000000
239.241000 36.186900 -4.972 3.165 0.172 0.202 0.032669 20000 1.000000
239.233000 36.180500 -13.187 7.735 0.171 0.201 -0.007014 20000 1.000000
244.450000 32.490100 -11.402 4.798 0.171 0.202 -0.046242 20000 1.000000
242.305000 34.925400 -6.723 0.771 0.17 0.198 -0.040268 20000 1.000000
243.076000 33.687100 -14.865 3.276 0.165 0.19 -0.018690 20000 1.000000
239.522000 35.919900 -13.265 2.726 0.171 0.202 0.011297 20000 1.000000
242.818000 33.835700 -11.018 4.356 0.186 0.207 -0.024174 20000 1.000000
242.193000 34.091800 -12.25 3.718 0.171 0.209 -0.022192 20000 1.000000
241.596000 33.743300 -12.73 6.829 0.173 0.201 -0.037357 20000 1.000000
241.628000 33.779500 -13.066 7.032 0.183 0.204 0.044753 20000 1.000000
238.863000 36.161100 -11.82 10.177 0.171 0.201 0.003525 20000 1.000000
241.755000 34.628700 -9.862 3.044 0.192 0.225 -0.048610 20000 1.000000
239.056000 39.974600 -7.754 -2.716 0.18 0.222 -0.054767 20000 1.000000
243.849000 34.683200 -5.907 -3.729 0.165 0.194 -0.015311 20000 1.000000
242.317000 35.338700 -6.639 0.148 0.168 0.197 -0.010755 20000 1.000000
240.280000 34.500000 -13.057 9.36 0.17 0.199 -0.020525 20000 1.000000
243.375000 34.643900 -7.593 -0.387 0.172 0.196 -0.042961 20000 1.000000
241.974000 34.019100 -12.213 7.253 0.189 0.218 -0.054553 20000 1.000000
242.391000 33.674100 3.873 -3.678 0.176 0.202 0.013098 20000 1.000000
242.445000 33.485800 -12.696 6.133 0.174 0.198 0.025285 20000 1.000000
239.475000 35.900000 -15.313 9.65 0.174 0.208 -0.037051 20000 1.000000
241.807000 34.875100 -8.511 1.81 0.177 0.205 -0.000112 20000 1.000000
240.816000 34.541500 -14.222 6.781 0.187 0.217 0.054540 20000 1.000000
244.877000 40.617200 -5.812 -2.628 0.167 0.216 -0.007895 20000 1.000000
243.350000 36.316300 -6.161 -2.341 0.168 0.201 -0.000116 20000 1.000000
238.442000 37.666500 -5.752 -0.472 0.166 0.202 -0.024865 20000 1.000000
241.245000 34.459800 -12.185 2.938 0.188 0.221 -0.030743 20000 1.000000
242.138000 34.205600 -9.388 1.417 0.217 0.216 -0.089530 20000 1.000000
239.775000 40.591700 -5.878 -2.95 0.171 0.218 -0.039414 20000 1.000000
240.984000 41.868400 -4.91 -2.598 0.176 0.226 0.047426 20000 1.000000
243.701000 35.971300 -5.692 -3.582 0.177 0.204 -0.056762 20000 1.000000
241.521000 34.438600 -13.069 5.388 0.204 0.231 -0.068337 20000 1.000000
243.746000 33.192600 -11.175 3.82 0.169 0.194 -0.016719 20000 1.000000
240.116000 39.314300 -10.332 -2.415 0.166 0.212 -0.036892 20000 1.000000
244.022000 33.292200 -8.606 1.34 0.172 0.195 -0.010417 20000 1.000000
240.476000 33.247900 -14.871 9.174 0.175 0.21 -0.051543 20000 1.000000
240.936000 34.319900 -13.099 6.005 0.166 0.194 -0.012757 20000 1.000000
241.354000 34.059300 -13.057 6.281 0.173 0.197 -0.061662 20000 1.000000
242.151000 33.992700 -12.201 5.032 0.178 0.204 0.005174 20000 1.000000
239.935000 34.004300 -13.216 8.27 0.175 0.199 -0.022274 20000 1.000000
239.930000 34.607300 -21.362 -16.778 0.175 0.215 -0.041899 20000 1.000000
239.640000 35.917400 -8.847 0.18 0.191 0.214 0.068103 20000 1.000000
241.585000 35.158200 -7.595 1.143 0.166 0.196 -0.013994 20000 1.000000
243.923000 33.650600 -7.301 -0.056 0.17 0.198 0.019360 20000 1.000000
242.233000 33.549600 -11.059 5.964 0.191 0.205 -0.033660 20000 1.000000
243.770000 36.934800 -4.831 -3.611 0.167 0.201 0.004261 20000 1.000000
239.867000 34.483500 -12.569 8.42 0.174 0.206 -0.023061 20000 1.000000
243.839000 33.641200 -8.77 0.208 0.179 0.201 0.002052 20000 1.000000
246.368000 31.335500 -4.781 -2.951 0.17 0.188 -0.030988 20000 1.000000
242.951000 39.542200 -5.272 -3.197 0.172 0.208 0.058901 20000 1.000000
242.816000 38.097200 -5.243 -3.44 0.164 0.201 -0.021936 20000 1.000000
241.669000 33.797800 -13.413 6.546 0.186 0.212 -0.024460 20000 1.000000
241.163000 34.248000 -12.365 6.51 0.173 0.199 0.036794 20000 1.000000
241.771000 34.878900 -8.952 1.544 0.177 0.21 -0.084944 20000 1.000000
235.849000 41.053900 -1.304 1.143 0.169 0.214 -0.030555 20000 1.000000
241.198000 39.627100 -6.493 -3.249 0.17 0.212 -0.008860 20000 1.000000
241.723000 34.019500 -15.514 2.669 0.169 0.196 -0.017624 20000 1.000000
243.915000 33.030100 -12.339 4.135 0.168 0.193 -0.014575 20000 1.000000
240.516000 34.851500 -11.816 5.089 0.179 0.207 -0.001402 20000 1.000000
238.053000 38.394500 -6.411 -0.319 0.167 0.207 -0.023394 20000 1.000000
241.780000 34.178600 -13.872 4.585 0.215 0.225 0.055086 20000 1.000000
241.486000 34.126400 -12.872 7.215 0.167 0.194 0.006268 20000 1.000000
241.516000 34.293200 -12.641 5.062 0.171 0.196 -0.010618 20000 1.000000
239.384000 34.556300 -11.278 9.212 0.167 0.196 -0.012998 20000 1.000000
241.879000 34.501500 -11.849 4.19 0.183 0.206 0.001868 20000 1.000000
241.706000 33.712600 -12.636 6.769 0.174 0.201 -0.033471 20000 1.000000
242.807000 33.225000 -12.881 5.216 0.166 0.191 -0.003848 20000 1.000000
241.443000 35.738400 -7.802 -2.781 0.788 0.848 0.279495 20000 1.000000
241.346000 37.664300 -7.501 -1.588 0.175 0.214 -0.017864 20000 1.000000
241.016000 35.010800 -8.69 1.901 0.184 0.218 -0.052518 20000 1.000000
241.648000 35.695000 -7.965 -0.179 0.182 0.214 -0.061797 20000 1.000000
243.608000 33.934800 -9.098 1.341 0.18 0.208 -0.014497 20000 1.000000
241.258000 34.568500 -10.477 4.606 0.182 0.209 0.102207 20000 1.000000
241.586000 34.259400 -12.773 5.184 0.198 0.233 -0.030499 20000 1.000000
244.418000 33.038300 -11.46 1.32 0.17 0.195 -0.023255 20000 1.000000
243.068000 34.669000 -7.55 1.57 0.185 0.216 -0.121183 20000 1.000000
241.758000 35.695600 -7.182 0.828 0.261 0.303 0.137954 20000 1.000000
241.572000 33.958200 -13.346 6.975 0.244 0.257 -0.298563 20000 1.000000
244.421000 33.278800 -5.89 -1.593 0.177 0.2 0.000127 20000 1.000000
243.346000 33.955300 -8.859 1.686 0.171 0.196 -0.015623 20000 1.000000
243.111000 35.425200 -3.623 -1.608 0.184 0.215 -0.024219 20000 1.000000
243.920000 35.287000 -5.175 -1.921 0.171 0.2 -0.011517 20000 1.000000
