242.907000 34.116400 -8.352 0.972 0.182 0.223 -0.042226 20000 1.000000
242.555000 33.274300 -12.739 5.758 0.174 0.198 -0.018529 20000 1.000000
242.555000 33.274300 -12.721 5.637 0.173 0.197 -0.018984 20000 1.000000
243.571000 34.594300 -4.974 -1.283 0.168 0.197 -0.017407 20000 1.000000
241.305000 34.824500 -8.932 1.609 0.181 0.21 -0.027617 20000 1.000000
242.675000 33.341900 -12.119 5.346 0.169 0.195 -0.004924 20000 1.000000
242.524000 33.381100 -12.367 5.353 0.171 0.194 -0.021635 20000 1.000000
242.103000 34.126000 -10.96 3.63 0.225 0.239 -0.058495 20000 1.000000
242.795000 40.412800 -4.667 -4.235 0.167 0.209 -0.026219 20000 1.000000
240.970000 33.480500 -12.612 6.772 0.189 0.209 -0.050981 20000 1.000000
245.125000 42.605800 -8.786 -2.361 0.183 0.236 -0.023084 20000 1.000000
243.116000 34.264300 -7.37 0.971 0.191 0.223 0.031081 20000 1.000000
240.594000 34.920500 -11.584 3.491 0.169 0.197 -0.024998 20000 1.000000
243.379000 37.039900 -5.118 -3.433 0.175 0.211 0.006258 20000 1.000000
244.002000 34.000500 -5.287 -1.767 0.172 0.197 -0.039215 20000 1.000000
242.935000 33.578200 -11.899 4.028 0.181 0.205 -0.028185 20000 1.000000
243.920000 35.287000 -4.52 -4.463 0.174 0.204 -0.016796 20000 1.000000
245.285000 33.610400 -4.64 -3.344 0.172 0.197 -0.038427 20000 1.000000
243.947000 34.251400 -4.409 -2.269 0.172 0.199 -0.027773 20000 1.000000
241.723000 34.184900 -12.498 4.482 0.196 0.222 0.007161 20000 1.000000
242.988000 34.918600 -6.055 -1.027 0.17 0.201 -0.010866 20000 1.000000
241.812000 34.292800 -10.123 1.06 0.267 0.27 -0.331157 20000 1.000000
242.156000 42.779500 -5.684 -4.231 0.168 0.221 -0.014504 20000 1.000000
240.653000 35.157300 -9.931 1.275 0.173 0.206 0.005701 20000 1.000000
235.437000 42.836100 -2.463 1.534 0.202 0.267 -0.031709 20000 1.000000
244.010000 33.655100 -6.989 0.346 0.181 0.211 0.006465 20000 1.000000
239.566000 35.939400 -7.341 2.646 0.168 0.2 -0.025897 20000 1.000000
239.569000 35.888400 -10.16 5.633 0.192 0.221 -0.004280 20000 1.000000
241.666000 33.311600 -13.289 6.326 0.167 0.193 -0.011127 20000 1.000000
241.517000 33.445800 -13.325 6.528 0.176 0.209 -0.035106 20000 1.000000
241.370000 34.138600 -12.638 5.607 0.209 0.223 0.074390 20000 1.000000
242.329000 35.565300 -5.773 -0.43 0.175 0.211 -0.013949 20000 1.000000
243.664000 34.829500 -4.94 -2.108 0.186 0.209 -0.033503 20000 1.000000
242.035000 34.244000 -12.521 -0.072 0.2 0.242 -0.123754 20000 1.000000
241.974000 34.333400 -10.543 4.171 0.186 0.207 0.024134 20000 1.000000
242.172000 34.640500 -7.819 1.435 0.178 0.213 0.025059 20000 1.000000
241.063000 34.109600 -13.229 6.306 0.184 0.218 -0.008743 20000 1.000000
241.873000 34.136700 -13.821 1.03 0.207 0.227 -0.010679 20000 1.000000
242.576000 34.271200 11.252 1.143 0.171 0.194 -0.026105 20000 1.000000
242.521000 34.313800 -8.369 3.077 0.197 0.222 0.078519 20000 1.000000
241.856000 34.530300 -12.108 1.322 0.19 0.21 -0.155739 20000 1.000000
242.291000 34.109900 -11.988 4.726 0.18 0.206 -0.051219 20000 1.000000
245.126000 40.558400 -5.735 -3.028 0.18 0.212 0.019977 20000 1.000000
244.877000 32.863500 -3.432 -2.626 0.174 0.196 -0.025180 20000 1.000000
244.272000 32.850500 -11.271 3.112 0.176 0.198 -0.031970 20000 1.000000
240.120000 34.414900 -13.112 4.674 0.171 0.198 -0.039756 20000 1.000000
242.427000 35.071700 -6.114 0.409 0.175 0.203 0.022198 20000 1.000000
239.249000 35.791600 -11.966 6.814 0.176 0.206 -0.027452 20000 1.000000
242.900000 34.039100 -8.955 3.241 0.169 0.196 -0.010484 20000 1.000000
240.275000 35.242100 -10.439 1.135 0.165 0.194 -0.009128 20000 1.000000
244.265000 33.069800 -8.272 1.981 0.18 0.205 -0.020065 20000 1.000000
240.961000 34.168400 -14.527 6.585 0.17 0.198 -0.003544 20000 1.000000
241.743000 33.861500 -13.049 5.712 0.173 0.202 -0.028130 20000 1.000000
241.476000 34.253600 -12.346 4.725 0.175 0.204 0.032192 20000 1.000000
240.629000 34.408100 -13.918 5.094 0.195 0.229 -0.038983 20000 1.000000
241.387000 34.516500 -11.563 2.765 0.177 0.203 -0.038319 20000 1.000000
243.630000 34.124100 -6.158 -0.502 0.19 0.218 -0.089519 20000 1.000000
242.098000 34.082000 -11.037 3.554 0.184 0.213 -0.076230 20000 1.000000
241.603000 34.334800 -10.343 1.258 0.321 0.3 -0.041763 20000 1.000000
241.603000 34.334000 -12.141 3.574 0.261 0.252 -0.180617 20000 1.000000
244.212000 33.389800 -6.535 -0.227 0.179 0.204 -0.025244 20000 1.000000
242.154000 35.267500 -6.363 0.623 0.174 0.205 -0.029979 20000 1.000000
242.140000 34.413400 -10.579 1.862 0.17 0.213 -0.014429 20000 1.000000
241.873000 33.938300 -14.096 4.105 0.171 0.196 -0.020920 20000 1.000000
242.588000 33.647700 -12.291 5.05 0.167 0.192 -0.017968 20000 1.000000
241.170000 34.946200 -8.015 4.015 0.177 0.213 -0.017854 20000 1.000000
245.061000 39.345200 -5.401 -3.64 0.17 0.21 -0.034835 20000 1.000000
244.183000 40.914700 -4.838 -3.717 0.165 0.21 -0.017610 20000 1.000000
241.871000 33.583500 -14.641 5.305 0.2 0.227 0.007745 20000 1.000000
242.574000 33.649100 -13.276 5.147 0.173 0.201 -0.058466 20000 1.000000
241.574000 34.703100 -9.047 1.324 0.171 0.199 -0.009994 20000 1.000000
242.474000 34.104200 -11.048 3.332 0.2 0.23 -0.029629 20000 1.000000
241.558000 34.066600 -20.672 2.102 1.446 0.645 -0.124011 20000 1.000000
239.991000 34.733000 -13.658 6.234 0.172 0.198 0.009713 20000 1.000000
243.064000 34.093600 -7.046 1.1 0.19 0.271 0.055746 20000 1.000000
241.116000 34.356300 -12.952 4.928 0.172 0.197 -0.017584 20000 1.000000
246.195000 39.369400 -5.305 -3.518 0.173 0.211 -0.035970 20000 1.000000
241.760000 34.733900 -8.26 1.952 0.171 0.201 -0.017792 20000 1.000000
244.200000 32.945000 -10.349 3.367 0.194 0.208 -0.020917 20000 1.000000
241.107000 34.800200 -11.58 1.478 0.178 0.207 -0.003160 20000 1.000000
240.644000 40.416500 -4.395 -2.195 0.168 0.216 -0.052116 20000 1.000000
244.479000 33.274800 -4.634 -2.503 0.194 0.219 -0.029278 20000 1.000000
243.617000 34.291400 -5.577 -0.452 0.172 0.201 -0.053747 20000 1.000000
245.173000 33.051100 -4.157 -3.919 0.228 0.272 -0.095026 20000 1.000000
244.340000 34.784000 -4.555 -2.745 0.194 0.228 -0.069830 20000 1.000000
245.810000 34.308600 -4.321 -3.111 0.174 0.2 -0.028153 20000 1.000000
243.111000 35.425200 -4.552 -0.498 0.172 0.202 -0.034450 20000 1.000000
245.820000 40.640200 -6.84 -2.828 0.167 0.21 -0.014963 20000 1.000000
239.584000 36.399000 -7.269 -1.403 0.204 0.238 -0.062417 20000 1.000000
241.887000 34.047400 -12.594 4.18 0.171 0.199 0.009732 20000 1.000000
241.714000 33.783600 -12.288 5.111 0.193 0.22 -0.110438 20000 1.000000
243.570000 34.754800 -5.551 -1.683 0.172 0.2 -0.005454 20000 1.000000
242.999000 33.708100 -10.661 4.427 0.173 0.201 -0.011933 20000 1.000000
244.365000 33.705000 -5.594 -2.822 0.193 0.229 -0.043611 20000 1.000000
239.520000 35.866700 -11.077 6.055 0.197 0.246 -0.022914 20000 1.000000
242.155000 34.458200 -9.211 1.996 0.175 0.206 -0.030475 20000 1.000000
239.598000 35.880800 -9.074 2.051 0.18 0.21 0.060434 20000 1.000000
240.812000 34.441200 -12.782 3.496 0.183 0.215 -0.013005 20000 1.000000
244.089000 34.727300 -4.673 -3.471 0.176 0.205 -0.015030 20000 1.000000
243.779000 33.796800 -7.701 -0.564 0.175 0.202 0.012077 20000 1.000000
244.855000 34.157600 -4.925 -3.236 0.17 0.199 0.004134 20000 1.000000
241.526000 35.662300 -6.537 -1.497 0.178 0.209 -0.085010 20000 1.000000
242.045000 34.449100 -9.741 3.316 0.167 0.202 -0.032539 20000 1.000000
240.992000 34.398500 -12.762 4.276 0.175 0.205 -0.020122 20000 1.000000
243.827000 33.925400 -6.101 -1.397 0.178 0.202 -0.016659 20000 1.000000
243.241000 33.236000 -6.321 3.868 0.181 0.21 -0.018368 20000 1.000000
242.165000 34.485500 -9.35 2.245 0.168 0.196 -0.018079 20000 1.000000
242.609000 33.744200 -11.767 4.289 0.202 0.221 0.050782 20000 1.000000
242.555000 33.817400 -11.442 4.269 0.173 0.199 -0.008986 20000 1.000000
243.060000 35.090200 -5.854 -1.518 0.174 0.202 -0.020292 20000 1.000000
239.553000 34.691000 -13.572 8.085 0.172 0.197 -0.018559 20000 1.000000
242.246000 34.133300 -10.962 3.484 0.175 0.201 0.007188 20000 1.000000
239.406000 35.828700 -11.888 5.992 0.175 0.208 -0.000522 20000 1.000000
242.454000 34.314900 -10.929 -0.36 0.225 0.265 0.050217 20000 1.000000
241.970000 34.527100 -9.78 1.753 0.177 0.212 -0.055036 20000 1.000000
240.896000 34.733600 -12.411 3.679 0.174 0.208 0.001249 20000 1.000000
239.557000 35.832600 -11.424 5.188 0.17 0.201 -0.016105 20000 1.000000
242.563000 33.856800 -11.111 4.04 0.172 0.196 -0.034183 20000 1.000000
238.778000 42.418300 -4.372 -3.937 0.245 0.334 -0.015974 20000 1.000000
244.021000 36.632500 -4.868 -3.642 0.168 0.203 0.002886 20000 1.000000
239.649000 34.038300 -15.006 7.09 0.173 0.202 -0.050595 20000 1.000000
241.874000 34.136800 -12.295 4.672 0.17 0.196 0.001351 20000 1.000000
243.904000 40.148400 -5.008 -4.15 0.173 0.219 -0.093466 20000 1.000000
242.682000 33.918400 -10.546 3.795 0.171 0.196 -0.016840 20000 1.000000
239.566000 35.969500 -6.267 2.421 0.178 0.201 -0.058526 20000 1.000000
244.588000 40.710700 -4.838 -5.405 0.168 0.222 -0.031538 20000 1.000000
241.122000 34.295500 -12.816 5.588 0.192 0.217 -0.012721 20000 1.000000
242.118000 34.175200 -11.345 4.502 0.23 0.251 -0.295177 20000 1.000000
243.352000 34.038500 -7.718 1.022 0.186 0.218 0.083464 20000 1.000000
242.790000 34.230800 -7.394 2.725 0.279 0.278 0.232298 20000 1.000000
241.755000 34.055200 -10.64 3.372 0.342 0.326 0.223269 20000 1.000000
245.381000 34.767700 -4.415 -3.089 0.184 0.216 -0.028973 20000 1.000000
242.491000 39.685600 -5.216 -3.577 0.172 0.213 -0.023852 20000 1.000000
240.859000 34.498700 -11.787 3.577 0.168 0.195 -0.023760 20000 1.000000
245.104000 42.614500 -59.737 -28.163 0.232 0.302 -0.007057 20000 1.000000
243.932000 34.141000 -4.736 -2.508 0.172 0.2 -0.006435 20000 1.000000
242.653000 33.240700 -11.679 5.392 0.191 0.206 -0.141306 20000 1.000000
244.082000 34.369900 -4.906 -2.827 0.172 0.203 -0.054511 20000 1.000000
243.695000 34.427700 -4.386 -1.822 0.174 0.205 -0.043039 20000 1.000000
243.708000 34.533000 -4.772 -1.884 0.181 0.204 -0.034867 20000 1.000000
243.185000 34.674900 -6.252 -0.49 0.181 0.211 0.066377 20000 1.000000
241.793000 34.128800 -12.335 3.715 0.168 0.194 -0.023149 20000 1.000000
240.647000 34.683400 -12.811 2.952 0.179 0.211 -0.027648 20000 1.000000
242.814000 39.521100 -5.337 -3.532 0.171 0.21 -0.025806 20000 1.000000
245.995000 32.722500 -4.455 -2.365 0.178 0.201 0.017203 20000 1.000000
244.721000 39.910200 -4.41 -3.697 0.185 0.217 -0.009615 20000 1.000000
245.543000 36.154200 -5.575 -2.732 0.172 0.202 -0.031820 20000 1.000000
245.180000 41.724200 -4.425 -2.968 0.169 0.214 -0.057011 20000 1.000000
242.670000 41.428700 -5.097 -3.935 0.179 0.227 -0.004367 20000 1.000000
242.935000 42.981700 -5.538 -3.842 0.162 0.212 -0.025021 20000 1.000000
235.925000 40.876300 -4.122 0.912 0.216 0.265 0.028594 20000 1.000000
236.274000 38.928300 -12.603 7.114 0.164 0.203 -0.020873 20000 1.000000
237.585000 40.997600 -6.278 -2.296 0.194 0.253 -0.092756 20000 1.000000
243.830000 32.616500 -12.663 5.211 0.17 0.194 -0.028789 20000 1.000000
238.997000 35.551800 -12.808 7.962 0.17 0.202 -0.008052 20000 1.000000
242.015000 39.305600 -5.463 -2.879 0.172 0.216 -0.054981 20000 1.000000
242.395000 39.287900 -6.311 -2.664 0.171 0.208 -0.033054 20000 1.000000
243.576000 39.500500 -5.085 -4.131 0.164 0.211 -0.000329 20000 1.000000
243.950000 39.546400 -6.034 -4.534 0.17 0.207 -0.000266 20000 1.000000
244.111000 39.374200 -5.412 -3.441 0.166 0.206 -0.003298 20000 1.000000
244.487000 39.536100 -4.837 -3.859 0.165 0.208 -0.021375 20000 1.000000
244.568000 39.388600 -4.183 -3.363 0.162 0.203 -0.022031 20000 1.000000
242.120000 40.433400 -4.95 -3.525 0.167 0.21 0.006589 20000 1.000000
245.723000 39.119400 -4.937 -4.067 0.174 0.22 -0.018339 20000 1.000000
246.129000 39.067300 -4.844 -3.266 0.17 0.212 -0.037615 20000 1.000000
246.495000 39.268900 -5.625 -3.1 0.166 0.211 -0.010684 20000 1.000000
242.532000 40.320600 -5.252 -2.92 0.173 0.213 -0.063697 20000 1.000000
243.264000 40.495500 -5.855 -4.15 0.187 0.232 -0.067779 20000 1.000000
240.200000 39.572800 -7.191 -0.939 0.168 0.21 -0.034201 20000 1.000000
242.469000 36.614300 -5.407 -2.22 0.168 0.201 -0.024818 20000 1.000000
242.593000 36.804200 -5.345 -2.788 0.162 0.196 -0.018488 20000 1.000000
242.006000 36.606000 -4.932 -1.206 0.175 0.205 0.062908 20000 1.000000
242.296000 37.200800 -4.592 -2.569 0.167 0.202 -0.019983 20000 1.000000
240.463000 39.698400 -5.969 -2.754 0.175 0.217 -0.026753 20000 1.000000
240.694000 39.795600 -5.878 -3.449 0.177 0.228 0.026731 20000 1.000000
241.126000 39.838800 -6.138 -3.391 0.173 0.213 -0.039771 20000 1.000000
241.316000 39.888900 -5.282 -2.741 0.171 0.214 -0.029163 20000 1.000000
241.841000 39.212300 -4.832 -2.483 0.165 0.206 -0.014502 20000 1.000000
246.706000 41.856800 -5.372 -2.47 0.175 0.224 0.009050 20000 1.000000
246.958000 39.345100 -4.904 -3.507 0.169 0.208 -0.022313 20000 1.000000
246.988000 41.817300 -4.344 -3.061 0.166 0.213 -0.035143 20000 1.000000
246.722000 40.671300 -5.402 -3.515 0.17 0.214 -0.031860 20000 1.000000
240.400000 39.499200 -6.631 -1.947 0.184 0.217 0.029332 20000 1.000000
240.931000 39.486100 -5.785 -2.372 0.176 0.217 -0.016441 20000 1.000000
241.062000 39.268000 -5.887 -2.891 0.243 0.284 -0.040274 20000 1.000000
241.649000 39.454700 -5.887 -2.84 0.168 0.208 0.025029 20000 1.000000
241.995000 38.728800 -4.874 -3.132 0.169 0.206 -0.013036 20000 1.000000
241.540000 38.724600 -5.717 -3.715 0.179 0.221 -0.012946 20000 1.000000
241.070000 38.980900 -4.163 -2.941 0.164 0.209 -0.011656 20000 1.000000
240.523000 40.779800 -6.128 -3.832 0.182 0.219 0.057558 20000 1.000000
240.990000 40.242200 -6.874 -2.782 0.213 0.246 -0.100106 20000 1.000000
240.278000 39.908200 -7.1 -2.651 0.168 0.212 0.014190 20000 1.000000
239.307000 38.829200 -7.19 -1.967 0.188 0.212 0.079214 20000 1.000000
239.614000 39.046600 -7.173 -1.335 0.185 0.224 -0.062821 20000 1.000000
240.189000 39.123500 -8.84 -1.38 0.173 0.214 -0.082183 20000 1.000000
239.107000 39.466700 -7.211 -1.181 0.198 0.236 0.074154 20000 1.000000
240.376000 41.357700 -5.358 -3.387 0.166 0.213 -0.013107 20000 1.000000
239.716000 39.937400 -6.486 -1.909 0.161 0.203 -0.020374 20000 1.000000
239.194000 40.418600 -7.193 -4.828 0.224 0.276 0.009172 20000 1.000000
239.923000 40.288900 -5.574 -2.403 0.17 0.214 -0.010068 20000 1.000000
235.692000 40.247500 -10.429 7.667 0.163 0.207 -0.016553 20000 1.000000
235.867000 40.551300 -5.5 1.874 0.167 0.211 -0.024312 20000 1.000000
235.787000 40.637400 -4.649 3.042 0.192 0.243 0.002176 20000 1.000000
235.943000 40.219600 -10.731 2.184 0.168 0.212 -0.003081 20000 1.000000
236.307000 40.119300 -9.365 0.183 0.178 0.227 0.016127 20000 1.000000
238.207000 36.485500 -13.551 6.509 0.167 0.199 -0.019557 20000 1.000000
238.710000 35.945700 -13.823 6.935 0.171 0.203 0.028999 20000 1.000000
238.949000 36.302100 -13.375 8.195 0.168 0.201 -0.002916 20000 1.000000
238.865000 36.425900 -14.844 8.085 0.183 0.217 0.022432 20000 1.000000
237.668000 37.534500 -12.119 5.12 0.209 0.219 -0.105968 20000 1.000000
237.623000 37.914500 -10.767 2.64 0.173 0.21 -0.010650 20000 1.000000
236.819000 38.495000 -10.845 6.227 0.169 0.21 -0.078048 20000 1.000000
236.291000 39.117200 -12.16 6.242 0.194 0.247 -0.010187 20000 1.000000
236.652000 38.987400 -11.143 3.463 0.177 0.213 0.054015 20000 1.000000
236.796000 39.242000 -10.303 1.171 0.167 0.207 -0.016033 20000 1.000000
236.368000 42.275400 -4.926 -1.379 0.174 0.222 -0.011946 20000 1.000000
236.895000 39.319700 -9.902 0.262 0.17 0.21 0.012886 20000 1.000000
237.041000 38.664700 -11.726 3.613 0.207 0.263 0.091794 20000 1.000000
237.233000 38.428600 -10.032 4.733 0.169 0.21 -0.007867 20000 1.000000
237.548000 38.239800 -9.865 2.673 0.17 0.209 -0.012618 20000 1.000000
237.083000 38.866100 -9.524 0.444 0.162 0.202 -0.021296 20000 1.000000
237.037000 39.398100 -10.812 -2.09 0.397 0.46 -0.098291 20000 1.000000
237.424000 38.777800 -8.481 -0.474 0.171 0.222 -0.053188 20000 1.000000
237.281000 39.260000 -6.614 -1.557 0.168 0.207 0.024148 20000 1.000000
237.696000 39.109300 -8.009 -2.92 0.173 0.213 -0.024211 20000 1.000000
237.873000 37.069200 -11.858 5.853 0.205 0.238 0.188644 20000 1.000000
238.137000 36.962000 -13.024 6.352 0.194 0.22 -0.040045 20000 1.000000
238.009000 37.201700 -11.735 5.068 0.196 0.228 -0.090523 20000 1.000000
238.203000 37.001000 -12.672 4.581 0.257 0.28 0.079439 20000 1.000000
238.274000 37.002400 -11.973 5.593 0.181 0.222 0.008182 20000 1.000000
238.349000 37.104500 -10.928 2.802 0.21 0.227 -0.130263 20000 1.000000
238.286000 37.203500 -9.226 4.391 0.174 0.206 0.030623 20000 1.000000
237.786000 37.329900 -11.542 2.914 0.165 0.2 -0.004749 20000 1.000000
237.901000 37.336900 -11.889 3.469 0.176 0.22 -0.031122 20000 1.000000
237.900000 37.722000 -9.319 1.959 0.165 0.2 -0.022483 20000 1.000000
237.781000 37.863900 -8.922 2.613 0.175 0.215 -0.015784 20000 1.000000
237.942000 37.713900 -8.448 -0.422 0.188 0.224 -0.083076 20000 1.000000
238.174000 37.336800 -10.351 3.038 0.172 0.211 -0.008533 20000 1.000000
238.210000 37.533000 -8.315 -0.02 0.167 0.202 -0.007658 20000 1.000000
238.313000 37.601800 -8.553 -0.654 0.175 0.207 0.033369 20000 1.000000
238.022000 37.749400 -9.902 0.687 0.17 0.205 -0.021422 20000 1.000000
238.214000 37.819000 -7.371 -0.034 0.172 0.205 -0.008792 20000 1.000000
238.095000 36.621700 -14.099 6.573 0.167 0.202 -0.031265 20000 1.000000
238.421000 36.724000 -12.921 7.257 0.168 0.2 -0.017854 20000 1.000000
238.580000 36.800400 -10.698 3.146 0.167 0.2 -0.024470 20000 1.000000
238.409000 36.858500 -12.624 6.11 0.168 0.202 -0.031204 20000 1.000000
238.459000 36.814300 -11.156 6.702 0.184 0.219 -0.014534 20000 1.000000
238.445000 36.903500 -11.999 3.576 0.171 0.203 -0.033125 20000 1.000000
238.613000 36.637000 -14.385 6.709 0.178 0.211 -0.081101 20000 1.000000
238.458000 37.007800 -11.057 1.552 0.187 0.23 0.005527 20000 1.000000
238.426000 37.213000 -8.289 0.526 0.168 0.201 -0.012622 20000 1.000000
238.665000 36.918200 -8.101 -1.229 0.165 0.199 -0.013383 20000 1.000000
238.645000 37.010800 -8.802 -1.62 0.177 0.215 -0.049985 20000 1.000000
240.294000 37.713100 -6.044 0.746 0.173 0.211 -0.035597 20000 1.000000
238.812000 36.559500 -13.689 8.63 0.164 0.197 -0.021780 20000 1.000000
238.131000 37.975600 -8.659 -0.438 0.168 0.204 -0.002391 20000 1.000000
238.936000 36.611600 -5.168 -2.783 0.163 0.196 -0.018817 20000 1.000000
238.732000 36.950000 -8.727 -1.212 0.167 0.201 0.004423 20000 1.000000
238.652000 36.811400 -8.378 -0.418 0.169 0.204 -0.023788 20000 1.000000
238.942000 37.169600 -7.681 -1.544 0.174 0.209 -0.004875 20000 1.000000
238.347000 37.478400 -7.456 -0.009 0.185 0.223 -0.016610 20000 1.000000
238.531000 37.489600 -9.218 1.13 0.164 0.2 -0.026641 20000 1.000000
238.675000 37.581900 -8.244 -1.666 0.17 0.209 -0.025185 20000 1.000000
238.395000 37.932000 -7.474 -1.758 0.168 0.205 -0.017762 20000 1.000000
238.536000 37.755300 -7.683 -1.214 0.169 0.205 -0.016694 20000 1.000000
238.717000 37.385400 -8.136 -1.451 0.169 0.208 -0.030552 20000 1.000000
237.782000 38.153000 -8.341 0.317 0.165 0.203 -0.040941 20000 1.000000
237.904000 38.025100 -8.835 -0.04 0.173 0.212 -0.078215 20000 1.000000
237.805000 38.444200 -9.13 -1.237 0.177 0.228 -0.007336 20000 1.000000
237.645000 38.999500 -8.257 -2.609 0.2 0.22 0.055331 20000 1.000000
238.905000 38.645300 -7.551 -2.51 0.166 0.204 -0.013538 20000 1.000000
239.652000 35.544100 -13.245 5.361 0.175 0.205 -0.022248 20000 1.000000
239.611000 35.841100 -10.32 4.681 0.175 0.205 -0.046003 20000 1.000000
239.655000 35.837800 -9.242 2.186 0.172 0.207 -0.015395 20000 1.000000
239.715000 35.806700 -9.049 1.701 0.179 0.211 -0.028506 20000 1.000000
239.093000 35.933300 -12.991 6.451 0.166 0.2 -0.018912 20000 1.000000
239.019000 36.417200 -6.8 -0.482 0.166 0.2 -0.016042 20000 1.000000
239.147000 36.515900 -6.605 -2.306 0.173 0.209 -0.034521 20000 1.000000
239.302000 36.024800 -12.372 6.339 0.167 0.206 -0.013959 20000 1.000000
239.121000 36.140200 -13.474 7.516 0.168 0.199 -0.021821 20000 1.000000
239.251000 36.106800 -13.309 7.146 0.164 0.196 -0.015264 20000 1.000000
239.272000 36.178900 -6.52 -0.114 0.164 0.196 -0.015155 20000 1.000000
239.355000 35.922800 -12.255 6.727 0.166 0.198 -0.028452 20000 1.000000
239.525000 36.007500 -1.739 4.233 0.198 0.217 -0.032622 20000 1.000000
239.457000 36.089400 -8.695 2.828 0.166 0.198 -0.017189 20000 1.000000
239.560000 36.123200 -7.688 -0.172 0.167 0.199 -0.019576 20000 1.000000
239.158000 35.697100 -12.353 6.88 0.172 0.198 0.023949 20000 1.000000
239.637000 36.051700 -6.952 -1.007 0.17 0.199 -0.019731 20000 1.000000
239.448000 35.974100 -11.493 5.643 0.182 0.208 -0.061569 20000 1.000000
239.706000 36.015800 -7.942 -1.015 0.168 0.199 -0.026221 20000 1.000000
239.723000 36.304400 -9.074 -2.104 0.17 0.205 -0.023055 20000 1.000000
239.257000 36.806300 -7.658 -2.064 0.167 0.203 -0.014391 20000 1.000000
239.803000 37.352200 -7.647 -2.29 0.179 0.218 -0.018960 20000 1.000000
239.356000 37.795200 -8.118 -2.1 0.21 0.257 -0.028078 20000 1.000000
240.160000 37.901100 -8.146 -3.409 0.189 0.213 -0.120499 20000 1.000000
239.049000 38.090000 -7.925 -2.002 0.171 0.21 -0.024432 20000 1.000000
239.666000 38.735600 -6.886 -2.299 0.19 0.214 0.027067 20000 1.000000
241.480000 37.177600 -7.164 -1.816 0.164 0.199 -0.012122 20000 1.000000
236.283000 39.863600 -10.521 0.628 0.219 0.272 -0.114293 20000 1.000000
236.448000 39.905700 -11.88 -0.774 0.197 0.253 -0.062421 20000 1.000000
236.628000 39.452400 -10.456 0.117 0.168 0.212 0.002734 20000 1.000000
236.705000 39.707100 -10.6 -0.822 0.179 0.221 -0.069987 20000 1.000000
236.813000 39.492800 -10.359 -0.674 0.194 0.262 0.028151 20000 1.000000
236.817000 39.962100 -8.778 -2.196 0.198 0.248 -0.063313 20000 1.000000
236.344000 40.256800 -10.169 -0.908 0.168 0.213 0.010953 20000 1.000000
236.117000 41.151700 -5.62 -1.285 0.17 0.214 0.003043 20000 1.000000
236.301000 40.575300 -6.154 -0.018 0.174 0.22 0.056846 20000 1.000000
236.427000 40.478900 -7.817 -1.211 0.204 0.256 0.180699 20000 1.000000
236.548000 40.082200 -9.339 -0.721 0.163 0.206 -0.012649 20000 1.000000
236.864000 40.324100 -7.586 -2.146 0.162 0.206 -0.023590 20000 1.000000
236.676000 40.732900 -5.539 -1.484 0.165 0.209 -0.041837 20000 1.000000
236.826000 40.546700 -6.481 -2.682 0.168 0.215 -0.033397 20000 1.000000
237.024000 39.621400 -5.969 -0.716 0.178 0.21 0.036214 20000 1.000000
237.264000 39.493600 -7.097 -1.276 0.165 0.203 -0.028506 20000 1.000000
237.126000 39.726200 -6.317 -2.669 0.167 0.211 0.019700 20000 1.000000
237.077000 40.747600 -6.841 -2.361 0.172 0.215 -0.033741 20000 1.000000
237.332000 40.034100 -10.031 -2.745 0.17 0.21 -0.025767 20000 1.000000
237.393000 40.650700 -7.818 -4.014 0.174 0.222 -0.063368 20000 1.000000
236.666000 40.887100 -5.288 -2.802 0.162 0.207 -0.017781 20000 1.000000
237.729000 40.271200 -8.038 -2.237 0.179 0.221 -0.081412 20000 1.000000
239.132000 39.794700 -3.126 -0.919 0.165 0.211 -0.050670 20000 1.000000
239.052000 41.183300 -6.082 -2.25 0.165 0.214 -0.039777 20000 1.000000
237.681000 40.731100 -6.689 -3.345 0.199 0.227 0.031589 20000 1.000000
235.774000 42.209100 -2.851 -0.463 0.171 0.213 -0.010680 20000 1.000000
236.617000 42.503500 -3.749 -2.988 0.168 0.217 -0.014058 20000 1.000000
237.344000 42.191000 -6.803 -4.846 0.171 0.223 -0.055034 20000 1.000000
238.220000 42.259700 -5.233 -3.842 0.166 0.211 -0.027376 20000 1.000000
239.622000 42.468800 -6.566 -4.728 0.168 0.22 -0.039239 20000 1.000000
241.588000 42.254600 -4.326 -3.76 0.162 0.211 -0.025546 20000 1.000000
243.371000 36.071300 -5.009 -2.948 0.177 0.213 0.034915 20000 1.000000
242.835000 36.022500 -4.466 -2.372 0.176 0.201 -0.027131 20000 1.000000
242.590000 36.159000 -6.959 -2.291 0.178 0.211 0.028059 20000 1.000000
241.868000 36.466800 -7.192 -0.961 0.19 0.233 -0.210575 20000 1.000000
242.211000 36.531200 -4.671 -1.902 0.163 0.197 -0.023213 20000 1.000000
241.909000 36.570200 -5.013 -1.872 0.19 0.213 -0.087618 20000 1.000000
241.882000 36.975700 -4.974 -1.762 0.168 0.203 -0.010691 20000 1.000000
242.064000 37.231400 -5.677 -2.748 0.171 0.203 0.020229 20000 1.000000
242.606000 34.462400 -8.056 1.484 0.181 0.206 -0.019502 20000 1.000000
242.459000 33.562100 -12.204 5.333 0.168 0.193 -0.003947 20000 1.000000
242.895000 32.889200 -12.278 6.547 0.171 0.194 -0.037171 20000 1.000000
243.050000 32.733800 -13.127 5.719 0.167 0.19 -0.026014 20000 1.000000
242.756000 32.666400 -10.944 6.552 0.18 0.198 0.053129 20000 1.000000
242.810000 33.439600 -11.361 5.368 0.167 0.194 -0.015369 20000 1.000000
242.928000 33.235700 -12.465 5.013 0.182 0.198 0.026368 20000 1.000000
243.217000 33.493300 -11.341 4.297 0.169 0.194 -0.019272 20000 1.000000
243.651000 32.976000 -11.885 5.209 0.173 0.198 -0.018653 20000 1.000000
243.989000 32.822200 -11.265 4.716 0.173 0.196 -0.062978 20000 1.000000
243.329000 33.240200 -11.476 4.209 0.176 0.199 -0.025384 20000 1.000000
243.431000 33.059200 -12.208 5.16 0.168 0.191 -0.028305 20000 1.000000
243.379000 33.375600 -10.725 4.596 0.173 0.198 0.011565 20000 1.000000
243.591000 33.210200 -11.89 3.297 0.183 0.211 -0.010901 20000 1.000000
243.817000 33.213500 -10.316 3.711 0.175 0.198 -0.024938 20000 1.000000
243.921000 33.201000 -10.183 2.346 0.17 0.195 -0.017309 20000 1.000000
243.888000 33.296200 -7.577 2.35 0.173 0.198 -0.072794 20000 1.000000
243.574000 33.523500 -8.412 2.404 0.204 0.221 0.040483 20000 1.000000
243.773000 33.574700 -7.941 1.299 0.179 0.212 -0.003973 20000 1.000000
244.031000 32.887000 -11.75 4.474 0.172 0.196 -0.025408 20000 1.000000
244.175000 32.954700 -10.173 3.239 0.214 0.251 -0.040525 20000 1.000000
244.268000 32.759700 -10.742 3.554 0.177 0.203 -0.015629 20000 1.000000
244.404000 32.750600 -8.984 4.11 0.184 0.203 -0.025817 20000 1.000000
244.423000 32.834700 -8.836 2.84 0.177 0.2 -0.019758 20000 1.000000
244.430000 32.898400 -7.835 2.353 0.177 0.199 -0.009603 20000 1.000000
244.700000 32.690000 -5.468 -1.45 0.17 0.194 -0.025576 20000 1.000000
244.602000 32.875800 -4.81 -2.443 0.178 0.203 -0.006365 20000 1.000000
244.578000 32.982500 -4.478 -3.315 0.179 0.206 -0.000867 20000 1.000000
244.280000 32.948900 -4.293 -0.166 0.174 0.197 -0.021104 20000 1.000000
244.234000 33.516400 -6.587 -1.493 0.181 0.208 0.028246 20000 1.000000
244.313000 33.423900 -5.202 -2.503 0.177 0.201 0.016396 20000 1.000000
244.571000 33.247800 -5.335 -3.1 0.173 0.198 -0.032987 20000 1.000000
244.657000 33.143600 -4.263 -3.435 0.178 0.202 -0.080354 20000 1.000000
244.704000 33.886900 -4.41 -2.767 0.18 0.201 -0.019413 20000 1.000000
240.305000 37.562600 -7.183 -2.292 0.186 0.208 0.081818 20000 1.000000
239.350000 34.907300 -13.859 6.354 0.233 0.28 -0.041114 20000 1.000000
239.590000 35.010700 -13.229 7.118 0.171 0.197 -0.014889 20000 1.000000
239.760000 34.870600 -13.685 6.388 0.169 0.195 0.000333 20000 1.000000
239.617000 35.106200 -13.362 6.529 0.176 0.203 0.054432 20000 1.000000
241.822000 34.376400 -11.272 3.405 0.17 0.197 -0.019020 20000 1.000000
239.925000 35.020000 -12.048 6.228 0.165 0.193 -0.017357 20000 1.000000
240.208000 34.507800 -13.221 6.318 0.17 0.193 -0.008562 20000 1.000000
240.384000 34.630500 -13.922 6.023 0.164 0.192 -0.014048 20000 1.000000
240.185000 34.888600 -11.679 5.744 0.164 0.192 -0.012920 20000 1.000000
240.464000 35.086600 -9.817 2.172 0.165 0.194 -0.016800 20000 1.000000
239.192000 35.425800 -12.342 7.557 0.168 0.197 -0.030720 20000 1.000000
239.455000 35.327800 -13.37 6.464 0.17 0.202 0.033173 20000 1.000000
239.646000 35.440500 -12.624 5.188 0.169 0.2 -0.029846 20000 1.000000
239.520000 35.624800 -11.932 5.269 0.167 0.199 -0.009650 20000 1.000000
239.463000 35.792700 -11.879 5.745 0.168 0.201 -0.006387 20000 1.000000
239.733000 35.633800 -10.781 4.127 0.173 0.199 0.011144 20000 1.000000
239.629000 35.747900 -12.147 5.025 0.171 0.202 -0.008452 20000 1.000000
237.762000 37.061200 -12.628 6.713 0.217 0.268 -0.029581 20000 1.000000
239.899000 35.235100 -12.628 5.573 0.19 0.213 0.027202 20000 1.000000
239.975000 35.279800 -11.38 5.073 0.173 0.207 -0.047120 20000 1.000000
240.065000 35.316800 -10.295 3.619 0.176 0.21 -0.019777 20000 1.000000
239.887000 35.534200 -10.582 4.11 0.169 0.201 -0.018613 20000 1.000000
239.818000 35.702700 -9.415 2.203 0.167 0.198 -0.012400 20000 1.000000
239.869000 35.801300 -7.707 0.702 0.176 0.203 -0.005297 20000 1.000000
239.999000 35.686700 -7.989 1.64 0.173 0.201 -0.059866 20000 1.000000
239.707000 35.688900 -11.1 3.771 0.168 0.198 -0.028852 20000 1.000000
240.287000 35.319000 -9.966 0.695 0.178 0.209 -0.041516 20000 1.000000
240.091000 35.934700 -6.904 -0.462 0.171 0.202 -0.012655 20000 1.000000
240.496000 34.466800 -13.438 4.076 0.165 0.192 -0.016581 20000 1.000000
240.674000 34.599600 -12.312 3.511 0.172 0.206 0.048163 20000 1.000000
240.885000 34.660100 -12.188 3.208 0.173 0.2 0.041114 20000 1.000000
240.845000 34.856200 -11.223 1.109 0.252 0.329 -0.125325 20000 1.000000
239.755000 35.686700 -10.074 2.493 0.17 0.198 -0.020612 20000 1.000000
241.121000 34.835100 -10.335 2.793 0.168 0.196 -0.007898 20000 1.000000
241.152000 34.792300 -10.516 1.609 0.173 0.206 -0.016695 20000 1.000000
241.331000 34.695000 -11.135 4.763 0.174 0.203 0.040688 20000 1.000000
241.454000 34.771100 -8.421 2.21 0.169 0.199 -0.011266 20000 1.000000
241.344000 34.944400 -8.668 0.485 0.174 0.204 -0.066513 20000 1.000000
241.388000 35.138600 -8.499 0.244 0.167 0.196 -0.034907 20000 1.000000
241.459000 34.821800 -8.808 0.903 0.177 0.202 -0.031532 20000 1.000000
241.811000 34.982100 -8.31 0.237 0.168 0.196 -0.019613 20000 1.000000
241.876000 35.378000 -6.749 -0.332 0.17 0.198 -0.030464 20000 1.000000
241.740000 35.667300 -7.294 -0.964 0.175 0.202 -0.008823 20000 1.000000
241.233000 36.231400 -6.59 -0.637 0.173 0.201 0.042952 20000 1.000000
241.045000 36.585500 -5.909 -1.142 0.166 0.2 -0.011356 20000 1.000000
241.740000 36.093100 -6.226 -0.892 0.17 0.198 -0.018058 20000 1.000000
241.994000 35.038800 -6.605 0.463 0.173 0.202 -0.009886 20000 1.000000
242.271000 34.509700 -8.049 1.735 0.169 0.198 -0.020497 20000 1.000000
242.451000 34.634300 -7.123 1.473 0.168 0.197 -0.030183 20000 1.000000
242.457000 34.987000 -6.226 0.796 0.174 0.205 0.008406 20000 1.000000
243.048000 33.892600 -9.095 2.849 0.167 0.192 -0.022936 20000 1.000000
243.454000 34.019300 -6.781 1.825 0.169 0.195 -0.032038 20000 1.000000
242.719000 34.534800 -7.485 1.642 0.195 0.207 -0.125461 20000 1.000000
241.969000 34.332200 -10.848 3.648 0.171 0.199 -0.007557 20000 1.000000
242.635000 35.116800 -6.021 -2.761 0.22 0.257 -0.048938 20000 1.000000
241.983000 35.152400 -6.231 0.721 0.169 0.198 -0.023636 20000 1.000000
242.697000 35.238500 -5.666 -0.384 0.17 0.197 -0.018089 20000 1.000000
242.795000 35.387900 -5.228 -0.474 0.165 0.195 -0.013059 20000 1.000000
242.610000 35.896700 -6.201 -1.651 0.183 0.216 -0.047716 20000 1.000000
242.597000 35.697600 -5.698 -0.829 0.169 0.199 -0.020625 20000 1.000000
243.111000 35.998200 -5.179 -3.43 0.179 0.203 -0.028633 20000 1.000000
243.112000 35.710600 -5.358 -2.173 0.166 0.199 -0.012989 20000 1.000000
243.290000 34.192500 -7.854 1.371 0.173 0.198 -0.033076 20000 1.000000
243.463000 34.217200 -5.691 0.71 0.173 0.197 -0.012951 20000 1.000000
243.788000 33.865800 -5.814 0.845 0.168 0.195 -0.011956 20000 1.000000
243.920000 33.959300 -6.686 -1.641 0.171 0.195 -0.019557 20000 1.000000
239.772000 35.729200 -9.199 1.919 0.17 0.198 -0.000943 20000 1.000000
243.971000 34.716900 -4.481 -2.937 0.18 0.205 -0.054383 20000 1.000000
243.329000 34.936800 -5.177 -1.656 0.172 0.203 -0.006327 20000 1.000000
242.063000 34.341100 -10.389 3.788 0.183 0.218 -0.014901 20000 1.000000
243.120000 34.462100 -6.846 0.188 0.169 0.196 -0.024421 20000 1.000000
244.179000 33.741000 -5.24 -2.198 0.184 0.209 -0.022575 20000 1.000000
243.107000 34.062700 -7.993 2.13 0.182 0.215 -0.051221 20000 1.000000
244.236000 34.425700 -5.366 -3.159 0.206 0.22 0.014744 20000 1.000000
244.350000 35.204800 -4.851 -2.897 0.174 0.202 -0.052257 20000 1.000000
242.685000 34.187400 -8.201 3.785 0.171 0.2 0.019464 20000 1.000000
242.950000 34.196200 -8.485 1.638 0.199 0.203 0.052683 20000 1.000000
244.750000 34.731800 -4.981 -3.446 0.217 0.248 -0.029651 20000 1.000000
243.237000 35.204600 -4.831 -1.5 0.168 0.196 -0.016023 20000 1.000000
242.107000 35.424600 -5.828 -1.186 0.167 0.197 -0.024075 20000 1.000000
243.428000 35.320600 -3.975 -2.04 0.168 0.201 -0.023421 20000 1.000000
243.896000 35.141900 -4.866 -3.687 0.182 0.203 -0.052556 20000 1.000000
243.878000 35.526000 -4.356 -3.601 0.171 0.202 -0.037274 20000 1.000000
243.855000 35.785400 -4.814 -2.827 0.169 0.2 -0.035576 20000 1.000000
244.456000 35.472800 -2.972 -3.316 0.169 0.203 -0.015578 20000 1.000000
244.634000 35.163000 -5.387 -2.754 0.195 0.225 -0.017408 20000 1.000000
245.401000 34.188900 -4.395 -3.452 0.171 0.198 -0.019891 20000 1.000000
245.035000 34.844400 -4.561 -3.495 0.199 0.236 -0.040000 20000 1.000000
244.762000 35.291100 -5.429 -2.445 0.169 0.201 -0.026440 20000 1.000000
241.621000 37.973100 -5.24 -1.435 0.183 0.223 -0.050648 20000 1.000000
241.000000 37.613000 -7.526 -10.625 0.209 0.245 -0.056332 20000 1.000000
241.084000 37.605300 -7.386 -8.262 0.174 0.222 -0.036387 20000 1.000000
240.914000 37.785700 -9.251 -1.324 0.206 0.231 -0.139786 20000 1.000000
240.967000 37.913500 -5.604 -0.546 0.165 0.201 -0.019817 20000 1.000000
240.974000 37.696600 -8.825 -1.321 0.202 0.225 0.111263 20000 1.000000
240.862000 37.839300 -8.712 -1.236 0.18 0.212 0.008361 20000 1.000000
240.853000 37.962800 -7.404 -0.445 0.172 0.206 -0.023689 20000 1.000000
240.916000 37.914100 -8.238 -0.804 0.169 0.203 -0.017052 20000 1.000000
241.056000 37.734300 -6.383 -2.027 0.166 0.203 -0.017707 20000 1.000000
241.131000 37.654600 -5.509 -3.491 0.168 0.206 -0.024876 20000 1.000000
241.040000 37.891700 -3.47 -0.61 0.198 0.235 -0.026013 20000 1.000000
241.148000 37.878200 -5.653 -0.494 0.167 0.202 -0.031697 20000 1.000000
241.183000 37.591400 -5.14 -5.374 0.171 0.218 0.047382 20000 1.000000
241.302000 37.561600 -5.258 -1.916 0.178 0.232 -0.028746 20000 1.000000
241.316000 37.495400 -5.089 -0.122 0.163 0.198 -0.019825 20000 1.000000
241.406000 37.541300 -5.038 -0.655 0.167 0.203 -0.018793 20000 1.000000
241.180000 37.677000 -4.133 -1.45 0.167 0.204 -0.019509 20000 1.000000
241.232000 37.754400 -3.896 -0.417 0.174 0.218 0.019504 20000 1.000000
240.981000 37.800000 -6.985 -1.186 0.192 0.232 0.016070 20000 1.000000
241.264000 37.903500 -5.305 -0.971 0.168 0.205 -0.029750 20000 1.000000
241.445000 37.891300 -4.597 -1.284 0.178 0.208 0.055702 20000 1.000000
241.762000 37.589200 -3.631 -0.317 0.165 0.201 -0.016227 20000 1.000000
241.528000 37.737500 -4.738 -2.08 0.172 0.206 0.000752 20000 1.000000
240.850000 38.057900 -9.001 -1.433 0.183 0.219 -0.013025 20000 1.000000
237.804000 41.344800 -5.214 -0.927 0.178 0.228 0.036235 20000 1.000000
237.706000 41.381200 -6.369 -1.728 0.178 0.216 0.039804 20000 1.000000
237.809000 41.479200 -5.02 -5.612 0.166 0.225 -0.061010 20000 1.000000
237.687000 41.463600 -5.726 -0.947 0.169 0.225 -0.054908 20000 1.000000
237.847000 41.531900 -6.684 -2.108 0.232 0.273 0.032883 20000 1.000000
238.493000 41.711600 -6.262 -4.489 0.165 0.212 -0.018213 20000 1.000000
246.132000 42.878900 -5.713 -4.427 0.163 0.216 -0.038531 20000 1.000000
241.275000 37.380400 -3.594 -1.692 0.29 0.313 0.120664 20000 1.000000
241.439000 37.439500 -5.33 -1.714 0.178 0.211 -0.025250 20000 1.000000
240.254000 37.088900 -6.986 -1.196 0.17 0.204 0.024132 20000 1.000000
241.853000 37.280500 -4.875 -2.235 0.168 0.204 -0.009275 20000 1.000000
239.172000 41.359200 -4.319 -2.932 0.205 0.252 -0.089075 20000 1.000000
239.527000 41.332500 -5.301 -2.215 0.168 0.214 -0.016608 20000 1.000000
235.587000 42.442000 -2.993 -0.306 0.168 0.219 -0.076146 20000 1.000000
235.707000 42.076600 -3.971 -0.767 0.172 0.214 -0.001695 20000 1.000000
238.120000 42.579800 -4.603 -3.096 0.168 0.215 -0.033671 20000 1.000000
240.341000 42.546100 -6.89 -4.809 0.166 0.216 -0.031286 20000 1.000000
242.275000 42.020200 -6.356 -3.753 0.167 0.215 -0.025403 20000 1.000000
243.404000 33.598200 -9.121 1.851 0.255 0.287 -0.184698 20000 1.000000
243.397000 33.495500 -10.896 4.043 0.175 0.202 -0.009463 20000 1.000000
244.492000 32.829400 -6.689 2.749 0.18 0.203 -0.025974 20000 1.000000
239.784000 35.693800 -9.139 3.271 0.186 0.214 0.017681 20000 1.000000
237.579000 41.830800 -5.753 -3.397 0.184 0.238 0.005262 20000 1.000000
236.019000 41.845500 -5.242 -0.201 0.186 0.266 -0.077768 20000 1.000000
238.521000 36.744300 -12.577 6.67 0.183 0.213 0.036985 20000 1.000000
239.528000 35.946600 -8.527 1.452 0.188 0.215 0.044461 20000 1.000000
239.485000 35.929100 -12.623 4.681 0.226 0.272 -0.008607 20000 1.000000
236.427000 40.478800 -8.237 -2.148 0.2 0.252 0.167801 20000 1.000000
243.852000 34.508100 -4.672 -2.575 0.166 0.194 -0.020611 20000 1.000000
245.241000 32.497900 -2.434 -1.882 0.211 0.226 -0.033267 20000 1.000000
243.407000 33.537300 -10.178 2.426 0.182 0.213 0.037804 20000 1.000000
241.651000 34.021700 -8.477 7.89 0.195 0.241 -0.024053 20000 1.000000
241.379000 34.836000 -8.016 1.708 0.171 0.2 -0.019737 20000 1.000000
241.983000 35.152400 -6.295 0.395 0.171 0.201 -0.018735 20000 1.000000
241.983000 35.152500 -7.057 0.03 0.171 0.201 -0.018469 20000 1.000000
242.968000 33.389000 -13.712 4.153 0.178 0.205 0.008894 20000 1.000000
243.936000 31.559100 -14.317 6.812 0.176 0.193 0.045067 20000 1.000000
238.728000 35.709000 -13.246 8.322 0.186 0.219 -0.027066 20000 1.000000
242.077000 34.508200 -8.75 2.114 0.176 0.203 -0.007018 20000 1.000000
239.241000 36.186900 -8.315 -2.713 0.174 0.202 0.032668 20000 1.000000
239.233000 36.180500 -13.07 6.489 0.172 0.202 -0.009208 20000 1.000000
244.450000 32.490100 -10.48 4.529 0.173 0.204 -0.051996 20000 1.000000
242.305000 34.925400 -6.581 0.946 0.173 0.2 -0.048815 20000 1.000000
244.116000 32.417000 -12.993 5.882 0.168 0.191 -0.022296 20000 1.000000
243.076000 33.687100 -9.273 5.575 0.167 0.192 -0.028298 20000 1.000000
239.522000 35.919900 -12.584 4.023 0.172 0.205 0.011824 20000 1.000000
242.818000 33.835700 -10.707 3.764 0.188 0.208 -0.029972 20000 1.000000
242.193000 34.091800 -10.999 3.865 0.177 0.211 -0.010533 20000 1.000000
244.165000 31.313100 -15.428 7.866 0.208 0.234 -0.029989 20000 1.000000
241.596000 33.743300 -12.877 6.091 0.169 0.193 -0.014693 20000 1.000000
241.628000 33.779500 -13.049 5.874 0.193 0.217 0.042889 20000 1.000000
238.863000 36.161100 -13.358 7.053 0.175 0.204 0.008511 20000 1.000000
241.755000 34.628700 -9.526 2.302 0.194 0.229 -0.042937 20000 1.000000
239.056000 39.974600 -5.447 -0.517 0.183 0.227 -0.068130 20000 1.000000
243.849000 34.683200 -5.768 -3.898 0.168 0.196 -0.022932 20000 1.000000
242.317000 35.338700 -5.921 0.23 0.169 0.198 -0.017093 20000 1.000000
240.280000 34.500000 -13.858 4.536 0.171 0.2 -0.016009 20000 1.000000
242.413000 33.444100 -14.66 7.167 0.199 0.221 0.003167 20000 1.000000
243.375000 34.643900 -5.302 -0.413 0.173 0.197 -0.049354 20000 1.000000
241.974000 34.019100 -12.35 3.799 0.189 0.219 -0.070009 20000 1.000000
242.391000 33.674100 -12.404 2.651 0.177 0.203 0.012273 20000 1.000000
242.445000 33.485800 -12.554 4.925 0.192 0.219 0.002335 20000 1.000000
239.475000 35.900000 0.134 2.429 0.179 0.218 -0.041580 20000 1.000000
241.807000 34.875100 -7.145 1.219 0.178 0.207 -0.009010 20000 1.000000
240.816000 34.541500 -11.416 2.912 0.188 0.219 0.051669 20000 1.000000
244.877000 40.617200 -5.161 -3.926 0.168 0.218 -0.007755 20000 1.000000
243.350000 36.316300 -4.37 -3.463 0.169 0.203 -0.002432 20000 1.000000
238.442000 37.666500 -8.01 -1.197 0.171 0.206 -0.026158 20000 1.000000
241.245000 34.459800 -12.285 4.233 0.19 0.222 -0.033611 20000 1.000000
242.138000 34.205600 -12.544 4.086 0.22 0.218 -0.100398 20000 1.000000
239.775000 40.591700 -5.952 -2.922 0.173 0.22 -0.042802 20000 1.000000
240.984000 41.868400 -5.791 -3.519 0.177 0.225 0.034158 20000 1.000000
243.701000 35.971300 -4.675 -3.192 0.179 0.206 -0.067708 20000 1.000000
241.521000 34.438600 -10.259 2.396 0.206 0.229 -0.074647 20000 1.000000
243.746000 33.192600 -10.959 3.999 0.17 0.196 -0.026120 20000 1.000000
240.116000 39.314300 -8.047 0.14 0.179 0.226 -0.043054 20000 1.000000
244.022000 33.292200 -7.738 1.47 0.173 0.197 -0.019449 20000 1.000000
240.476000 33.247900 -11.902 7.481 0.172 0.205 -0.041843 20000 1.000000
240.936000 34.319900 -12.338 5.385 0.167 0.193 -0.011733 20000 1.000000
241.354000 34.059300 -12.659 5.987 0.177 0.204 -0.062227 20000 1.000000
242.151000 33.992700 -12.009 3.682 0.179 0.204 -0.008002 20000 1.000000
239.935000 34.004300 -13.125 7.4 0.184 0.209 -0.025700 20000 1.000000
245.105000 42.612700 -38.21 -43.403 0.233 0.299 0.013629 20000 1.000000
239.930000 34.607300 -14.422 6.788 0.176 0.219 -0.054995 20000 1.000000
239.640000 35.917400 -4.099 4.071 0.198 0.218 0.056864 20000 1.000000
241.585000 35.158200 -7.806 0.487 0.167 0.198 -0.017332 20000 1.000000
243.923000 33.650600 -7.516 -0.463 0.173 0.201 0.008247 20000 1.000000
242.233000 33.549600 -13.028 5.57 0.196 0.209 -0.031286 20000 1.000000
243.770000 36.934800 -4.761 -2.831 0.164 0.198 -0.003338 20000 1.000000
239.867000 34.483500 -13.935 7.335 0.174 0.203 -0.026284 20000 1.000000
243.839000 33.641200 -8.158 1.012 0.185 0.204 -0.016640 20000 1.000000
246.368000 31.335500 -3.433 -2.472 0.173 0.19 -0.038269 20000 1.000000
242.951000 39.542200 -4.739 -3.7 0.173 0.209 0.057126 20000 1.000000
242.816000 38.097200 -5.634 -3.676 0.166 0.203 -0.031438 20000 1.000000
241.669000 33.797800 -12.725 5.792 0.183 0.209 -0.034575 20000 1.000000
241.163000 34.248000 -13.19 5.44 0.175 0.201 0.033329 20000 1.000000
241.771000 34.878900 -6.366 1.094 0.178 0.21 -0.082388 20000 1.000000
235.849000 41.053900 -3.995 0.653 0.171 0.216 -0.028805 20000 1.000000
241.558000 34.069100 -12.016 6.021 0.235 0.259 -0.006069 20000 1.000000
241.198000 39.627100 -4.587 -1.498 0.179 0.222 -0.015764 20000 1.000000
241.723000 34.019500 -9.546 8.573 0.168 0.195 -0.018383 20000 1.000000
243.915000 33.030100 -10.61 4.202 0.17 0.194 -0.022714 20000 1.000000
238.053000 38.394500 -8.224 -2.281 0.17 0.209 -0.027573 20000 1.000000
241.780000 34.178600 -11.977 3.786 0.218 0.228 0.047794 20000 1.000000
241.486000 34.126400 -12.57 4.888 0.168 0.195 -0.003271 20000 1.000000
241.516000 34.293200 -12.178 4.1 0.173 0.197 -0.014063 20000 1.000000
239.384000 34.556300 -13.353 8.077 0.168 0.196 -0.015175 20000 1.000000
241.879000 34.501500 -9.219 1.258 0.194 0.221 -0.009765 20000 1.000000
241.706000 33.712600 -13.141 6.177 0.174 0.201 -0.043828 20000 1.000000
242.807000 33.225000 -12.69 5.452 0.168 0.192 -0.013003 20000 1.000000
241.443000 35.738400 -10.101 0.891 0.354 0.418 0.292415 20000 1.000000
241.346000 37.664300 -4.677 -1.21 0.174 0.211 -0.009043 20000 1.000000
241.016000 35.010800 -8.709 0.433 0.187 0.222 -0.053993 20000 1.000000
241.648000 35.695000 -6.134 -0.879 0.183 0.216 -0.071846 20000 1.000000
243.608000 33.934800 -9.276 2.663 0.183 0.213 -0.024375 20000 1.000000
241.258000 34.568500 -12.849 3.398 0.184 0.21 0.102223 20000 1.000000
241.586000 34.259400 -11.514 4.529 0.225 0.257 -0.057171 20000 1.000000
244.418000 33.038300 -8.859 -1.151 0.175 0.202 -0.012656 20000 1.000000
243.068000 34.669000 -6.024 -0.412 0.186 0.216 -0.125696 20000 1.000000
241.758000 35.695600 -7.282 -1.56 0.268 0.305 0.138753 20000 1.000000
241.572000 33.958200 -12.831 5.04 0.236 0.247 -0.321758 20000 1.000000
244.421000 33.278800 -6.237 -3.513 0.175 0.198 -0.035431 20000 1.000000
243.346000 33.955300 -9.793 2.799 0.172 0.198 -0.023183 20000 1.000000
243.111000 35.425200 -4.489 -0.565 0.183 0.213 -0.025955 20000 1.000000
243.920000 35.287000 -4.52 -4.462 0.174 0.204 -0.016796 20000 1.000000
