242.907000 34.116400 -5.592 2.242 0.196 0.251 0.028061 20000 1.000000
242.555000 33.274300 -9.577 7.11 0.17 0.203 0.061717 20000 1.000000
243.571000 34.594300 -2.496 -0.235 0.167 0.203 0.063639 20000 1.000000
241.305000 34.824500 -6.543 3.233 0.179 0.218 0.055596 20000 1.000000
242.675000 33.341900 -9.351 6.791 0.169 0.203 0.071801 20000 1.000000
242.524000 33.381100 -9.373 6.481 0.17 0.202 0.062676 20000 1.000000
242.103000 34.126000 -8.536 4.654 0.248 0.276 0.177004 20000 1.000000
242.795000 40.412800 -2.826 -2.915 0.165 0.214 0.046816 20000 1.000000
240.970000 33.480500 -9.573 8.323 0.188 0.218 0.029612 20000 1.000000
243.116000 34.264300 -3.887 2.193 0.195 0.235 0.137890 20000 1.000000
240.594000 34.920500 -8.057 4.003 0.168 0.206 0.030935 20000 1.000000
243.379000 37.039900 -2.634 -2.234 0.174 0.218 0.056418 20000 1.000000
244.002000 34.000500 -2.708 -1.423 0.17 0.204 0.047402 20000 1.000000
242.935000 33.578200 -8.522 5.452 0.183 0.215 0.050155 20000 1.000000
243.920000 35.287000 -2.481 -3.659 0.172 0.21 0.066615 20000 1.000000
245.285000 33.610400 -1.647 -2.235 0.17 0.203 0.056507 20000 1.000000
243.947000 34.251400 -2.177 -1.489 0.172 0.206 0.063898 20000 1.000000
241.723000 34.184900 -8.144 5.814 0.194 0.234 0.088980 20000 1.000000
242.988000 34.918600 -3.718 0.556 0.174 0.212 0.044204 20000 1.000000
241.812000 34.292800 -7.691 3.426 0.254 0.272 -0.273267 20000 1.000000
242.156000 42.779500 -2.433 -3.979 0.167 0.227 0.051450 20000 1.000000
240.653000 35.157300 -7.11 0.664 0.172 0.214 0.082134 20000 1.000000
235.437000 42.836100 1.247 1.248 0.176 0.235 0.036510 20000 1.000000
244.010000 33.655100 -4.607 0.087 0.172 0.209 0.087844 20000 1.000000
239.566000 35.939400 -4.279 3.299 0.167 0.208 0.031503 20000 1.000000
239.569000 35.888400 -7.611 6.737 0.192 0.232 0.057978 20000 1.000000
241.666000 33.311600 -10.686 8.151 0.166 0.2 0.067773 20000 1.000000
241.517000 33.445800 -10.375 7.98 0.17 0.206 0.037940 20000 1.000000
241.370000 34.138600 -9.432 6.778 0.205 0.232 0.148011 20000 1.000000
242.329000 35.565300 -3.13 0.494 0.175 0.217 0.056192 20000 1.000000
240.987000 34.806400 -7.897 4.116 0.186 0.245 -0.063579 20000 1.000000
243.664000 34.829500 -2.649 -1.244 0.184 0.214 0.045260 20000 1.000000
242.035000 34.244000 -8.617 1.654 0.198 0.248 -0.053620 20000 1.000000
241.974000 34.333400 -7.727 6.908 0.186 0.217 0.126947 20000 1.000000
242.172000 34.640500 -4.718 2.19 0.176 0.217 0.100493 20000 1.000000
241.063000 34.109600 -10.398 6.746 0.182 0.23 0.094594 20000 1.000000
241.873000 34.136700 -13.532 1.574 0.174 0.21 0.079228 20000 1.000000
242.576000 34.271200 -5.508 3.042 0.167 0.199 0.046665 20000 1.000000
242.521000 34.313800 -6.421 3.845 0.195 0.231 0.152587 20000 1.000000
241.856000 34.530300 -8.315 4.587 0.193 0.224 -0.099453 20000 1.000000
242.291000 34.109900 -8.435 5.45 0.177 0.214 0.039663 20000 1.000000
245.126000 40.558400 -2.891 -3.042 0.181 0.219 0.102597 20000 1.000000
244.272000 32.850500 -7.866 2.955 0.172 0.202 0.052722 20000 1.000000
240.120000 34.414900 -11.395 7.458 0.173 0.21 0.027527 20000 1.000000
242.427000 35.071700 -3.149 1.1 0.175 0.212 0.102777 20000 1.000000
239.249000 35.791600 -9.597 7.527 0.175 0.216 0.040029 20000 1.000000
242.900000 34.039100 -5.99 4.955 0.168 0.201 0.081860 20000 1.000000
244.265000 33.069800 -5.123 2.369 0.179 0.213 0.062831 20000 1.000000
240.961000 34.168400 -10.986 7.309 0.171 0.207 0.077202 20000 1.000000
241.743000 33.861500 -9.551 6.545 0.17 0.208 0.048905 20000 1.000000
241.476000 34.253600 -8.921 5.132 0.177 0.216 0.107649 20000 1.000000
240.629000 34.408100 -10.054 6.387 0.194 0.238 0.032204 20000 1.000000
241.387000 34.516500 -9.002 3.993 0.175 0.21 0.043083 20000 1.000000
243.630000 34.124100 -2.974 0.646 0.184 0.219 0.028668 20000 1.000000
242.098000 34.082000 -9.702 4.165 0.182 0.218 -0.004776 20000 1.000000
241.603000 34.334800 -10.036 8.203 0.316 0.314 -0.011544 20000 1.000000
241.603000 34.334000 -9.904 4.202 0.262 0.262 -0.117700 20000 1.000000
244.212000 33.389800 -4.341 0.076 0.178 0.21 0.050107 20000 1.000000
242.140000 34.413400 -7.174 3.505 0.17 0.217 0.047329 20000 1.000000
241.873000 33.938300 -11.846 4.038 0.169 0.203 0.065655 20000 1.000000
242.588000 33.647700 -9.442 6.788 0.166 0.2 0.061141 20000 1.000000
241.170000 34.946200 -5.448 4.222 0.178 0.221 0.062135 20000 1.000000
245.061000 39.345200 -2.802 -2.77 0.172 0.216 0.054378 20000 1.000000
244.183000 40.914700 -3.139 -2.796 0.163 0.214 0.055608 20000 1.000000
241.871000 33.583500 -7.324 6.25 0.181 0.215 0.079006 20000 1.000000
241.574000 34.703100 -6.664 3.2 0.18 0.22 0.052857 20000 1.000000
242.474000 34.104200 -7.832 4.917 0.195 0.238 0.088983 20000 1.000000
239.991000 34.733000 -10.503 7.483 0.171 0.206 0.081089 20000 1.000000
243.064000 34.093600 -3.169 3.961 0.19 0.285 0.130549 20000 1.000000
241.116000 34.356300 -9.699 6.753 0.172 0.206 0.057894 20000 1.000000
246.195000 39.369400 -3.01 -2.417 0.172 0.216 0.046272 20000 1.000000
244.200000 32.945000 -7.194 3.445 0.197 0.218 0.082772 20000 1.000000
241.107000 34.800200 -8.225 3.845 0.175 0.213 0.054100 20000 1.000000
240.644000 40.416500 -2.84 -1.693 0.168 0.22 0.013704 20000 1.000000
240.136000 35.189400 -7.96 5.088 0.173 0.216 0.047435 20000 1.000000
244.479000 33.274800 -2.054 -2.319 0.176 0.207 0.063663 20000 1.000000
245.173000 33.051100 -1.353 -2.301 0.208 0.24 -0.010613 20000 1.000000
244.340000 34.784000 -1.838 -3.21 0.197 0.242 0.054949 20000 1.000000
245.810000 34.308600 -1.267 -1.849 0.176 0.209 0.067430 20000 1.000000
243.111000 35.425200 -0.369 -0.035 0.171 0.209 0.027938 20000 1.000000
245.820000 40.640200 -2.954 -2.686 0.166 0.214 0.065047 20000 1.000000
239.584000 36.399000 -3.368 0.404 0.201 0.248 0.027970 20000 1.000000
241.887000 34.047400 -9.644 5.523 0.169 0.207 0.088550 20000 1.000000
241.714000 33.783600 -8.98 6.561 0.197 0.237 -0.013252 20000 1.000000
243.570000 34.754800 -2.55 -0.414 0.171 0.207 0.079058 20000 1.000000
238.530000 40.815900 -4.673 -2.473 0.166 0.22 0.043092 20000 1.000000
244.365000 33.705000 -2.273 -1.686 0.19 0.238 0.053496 20000 1.000000
239.520000 35.866700 -8.562 6.534 0.193 0.252 0.059825 20000 1.000000
242.155000 34.458200 -6.673 3.27 0.171 0.208 0.041279 20000 1.000000
239.598000 35.880800 -5.737 3.271 0.179 0.221 0.135745 20000 1.000000
240.812000 34.441200 -9.704 4.705 0.183 0.226 0.064523 20000 1.000000
244.089000 34.727300 -1.987 -2.278 0.173 0.211 0.085947 20000 1.000000
243.779000 33.796800 -4.889 -1.187 0.182 0.22 0.108369 20000 1.000000
244.855000 34.157600 -1.857 -3.318 0.17 0.205 0.087995 20000 1.000000
241.526000 35.662300 -3.811 0.578 0.178 0.222 0.015610 20000 1.000000
242.045000 34.449100 -7.897 3.684 0.165 0.206 0.038060 20000 1.000000
240.992000 34.398500 -8.884 5.183 0.174 0.213 0.049655 20000 1.000000
243.827000 33.925400 -3.771 -1.222 0.176 0.209 0.075726 20000 1.000000
242.165000 34.485500 -5.714 3.713 0.166 0.201 0.050773 20000 1.000000
243.060000 35.090200 -3.131 -0.447 0.172 0.207 0.065614 20000 1.000000
242.246000 34.133300 -8.613 4.316 0.175 0.211 0.081874 20000 1.000000
239.406000 35.828700 -8.76 7.322 0.175 0.217 0.073021 20000 1.000000
242.454000 34.314900 -7.199 2.539 0.189 0.231 0.134139 20000 1.000000
240.896000 34.733600 -9.697 4.028 0.181 0.222 0.045490 20000 1.000000
239.557000 35.832600 -8.421 6.225 0.169 0.21 0.061894 20000 1.000000
242.563000 33.856800 -8.071 5.126 0.171 0.203 0.062785 20000 1.000000
238.778000 42.418300 -1.988 -2.25 0.245 0.335 0.029513 20000 1.000000
239.241000 36.186900 -5.426 0.761 0.172 0.211 0.106492 20000 1.000000
239.233000 36.180500 -10.641 8.302 0.171 0.21 0.058513 20000 1.000000
239.649000 34.038300 -10.722 8.673 0.172 0.21 0.012907 20000 1.000000
241.874000 34.136800 -9.237 5.645 0.169 0.205 0.080100 20000 1.000000
243.904000 40.148400 -2.829 -3.748 0.172 0.223 -0.019707 20000 1.000000
242.682000 33.918400 -7.893 4.972 0.172 0.205 0.075198 20000 1.000000
239.566000 35.969500 -4.064 2.259 0.174 0.208 0.006387 20000 1.000000
244.588000 40.710700 -2.834 -3.64 0.168 0.228 0.040359 20000 1.000000
241.122000 34.295500 -9.813 7.212 0.19 0.224 0.060547 20000 1.000000
242.118000 34.175200 -8.248 5.147 0.229 0.254 -0.224828 20000 1.000000
243.352000 34.038500 -4.616 1.488 0.185 0.226 0.167167 20000 1.000000
242.790000 34.230800 -5.005 3.946 0.245 0.257 0.249471 20000 1.000000
241.755000 34.055200 -8.757 5.702 0.23 0.233 0.226030 20000 1.000000
245.381000 34.767700 -1.786 -2.455 0.185 0.223 0.067110 20000 1.000000
242.491000 39.685600 -2.185 -2.893 0.173 0.221 0.053409 20000 1.000000
240.859000 34.498700 -9.267 4.342 0.167 0.203 0.052768 20000 1.000000
243.932000 34.141000 -1.85 -1.359 0.172 0.206 0.095259 20000 1.000000
242.653000 33.240700 -8.588 6.858 0.185 0.211 -0.027653 20000 1.000000
244.082000 34.369900 -1.833 -2.229 0.172 0.209 0.025043 20000 1.000000
243.695000 34.427700 -0.452 -0.089 0.191 0.234 0.029066 20000 1.000000
243.708000 34.533000 -2.482 4.422 0.179 0.211 0.055148 20000 1.000000
243.185000 34.674900 -3.103 0.592 0.169 0.206 0.084608 20000 1.000000
241.793000 34.128800 -9.185 5.102 0.168 0.204 0.044993 20000 1.000000
240.647000 34.683400 -9.889 4.927 0.203 0.252 0.005981 20000 1.000000
242.814000 39.521100 -2.457 -3.105 0.171 0.217 0.059235 20000 1.000000
245.995000 32.722500 -1.768 -1.604 0.179 0.209 0.116133 20000 1.000000
244.721000 39.910200 -1.53 -0.592 0.194 0.236 0.061977 20000 1.000000
245.543000 36.154200 -2.382 -2.413 0.172 0.208 0.060236 20000 1.000000
245.180000 41.724200 -3.495 -2.642 0.2 0.265 0.038976 20000 1.000000
242.670000 41.428700 -2.922 -3.07 0.167 0.221 0.076188 20000 1.000000
242.935000 42.981700 -2.734 -3.209 0.164 0.221 0.023134 20000 1.000000
235.925000 40.876300 -0.635 1.56 0.22 0.278 0.107433 20000 1.000000
236.274000 38.928300 -10.022 8.477 0.163 0.21 0.034464 20000 1.000000
237.585000 40.997600 -5.042 -1.988 0.192 0.265 -0.036213 20000 1.000000
235.986000 42.967400 0.469 0.645 0.169 0.236 0.082691 20000 1.000000
243.830000 32.616500 -10.198 6.511 0.168 0.199 0.049024 20000 1.000000
238.997000 35.551800 -9.777 9.237 0.169 0.211 0.057667 20000 1.000000
242.015000 39.305600 -2.969 -2.639 0.177 0.23 0.025570 20000 1.000000
242.395000 39.287900 -3.388 -2.491 0.17 0.215 0.048739 20000 1.000000
243.576000 39.500500 -2.553 -3.453 0.164 0.216 0.068699 20000 1.000000
243.950000 39.546400 -2.566 -3.161 0.169 0.213 0.080121 20000 1.000000
244.111000 39.374200 -3.248 -2.302 0.166 0.212 0.074792 20000 1.000000
244.487000 39.536100 -2.705 -3.192 0.166 0.214 0.056915 20000 1.000000
244.568000 39.388600 -2.153 -3.069 0.161 0.208 0.055457 20000 1.000000
242.120000 40.433400 -3.271 -3.004 0.168 0.218 0.086760 20000 1.000000
245.308000 39.255200 -2.626 -2.786 0.17 0.214 0.111974 20000 1.000000
245.723000 39.119400 -3.244 -2.7 0.17 0.22 0.063814 20000 1.000000
246.129000 39.067300 -2.715 -3.475 0.166 0.212 0.042700 20000 1.000000
246.495000 39.268900 -3.006 -2.234 0.165 0.215 0.064838 20000 1.000000
242.532000 40.320600 -3.37 -2.479 0.173 0.221 0.006222 20000 1.000000
246.946000 40.494000 -3.028 -2.513 0.164 0.214 0.069352 20000 1.000000
243.264000 40.495500 -3.297 -3.084 0.174 0.223 0.017334 20000 1.000000
243.721000 40.363200 -2.774 -3.815 0.164 0.214 0.072360 20000 1.000000
240.200000 39.572800 -3.853 -1.294 0.167 0.215 0.047572 20000 1.000000
242.469000 36.614300 -2.726 -1.542 0.166 0.205 0.051904 20000 1.000000
242.593000 36.804200 -2.746 -2.465 0.162 0.203 0.056774 20000 1.000000
242.006000 36.606000 -0.825 -0.346 0.199 0.241 0.137649 20000 1.000000
242.296000 37.200800 -2.522 -1.421 0.167 0.21 0.057618 20000 1.000000
240.463000 39.698400 -3.466 -1.919 0.174 0.226 0.055959 20000 1.000000
240.694000 39.795600 -2.957 -1.523 0.187 0.249 0.116815 20000 1.000000
241.126000 39.838800 -3.838 -2.207 0.174 0.221 0.009836 20000 1.000000
241.316000 39.888900 -3.026 -1.678 0.17 0.221 0.037007 20000 1.000000
241.841000 39.212300 -2.597 -2.554 0.161 0.208 0.057021 20000 1.000000
246.706000 41.856800 -2.947 -2.119 0.175 0.23 0.101099 20000 1.000000
246.958000 39.345100 -2.703 -3.019 0.17 0.214 0.057461 20000 1.000000
246.988000 41.817300 -1.798 -2.919 0.166 0.217 0.050803 20000 1.000000
246.722000 40.671300 -3.338 -2.855 0.169 0.218 0.057660 20000 1.000000
240.400000 39.499200 -2.783 -1.591 0.182 0.225 0.102228 20000 1.000000
240.931000 39.486100 -3.697 -1.694 0.169 0.218 0.056587 20000 1.000000
241.550000 39.133900 -2.495 -1.494 0.166 0.214 0.063099 20000 1.000000
241.062000 39.268000 -2.842 -1.885 0.195 0.25 0.035751 20000 1.000000
241.649000 39.454700 -2.961 -2.332 0.168 0.216 0.106244 20000 1.000000
241.995000 38.728800 -2.273 -2.381 0.167 0.212 0.060844 20000 1.000000
241.540000 38.724600 -3.227 -2.203 0.168 0.216 0.058911 20000 1.000000
241.070000 38.980900 -2.796 -1.624 0.163 0.214 0.060084 20000 1.000000
240.985000 38.704600 -3.516 -1.29 0.177 0.226 0.000012 20000 1.000000
240.541000 38.761400 -3.908 0.047 0.178 0.22 -0.023904 20000 1.000000
240.523000 40.779800 -3.212 -2.638 0.182 0.228 0.137840 20000 1.000000
240.990000 40.242200 -3.652 -2.579 0.185 0.224 -0.017167 20000 1.000000
240.278000 39.908200 -3.541 -1.652 0.172 0.223 0.106981 20000 1.000000
239.307000 38.829200 -1.994 0.584 0.389 0.481 0.160363 20000 1.000000
239.614000 39.046600 -4.13 -1.345 0.187 0.234 -0.027095 20000 1.000000
240.189000 39.123500 -5.858 -0.603 0.179 0.23 -0.010417 20000 1.000000
239.107000 39.466700 -4.78 -0.253 0.184 0.225 0.152511 20000 1.000000
240.376000 41.357700 -3.097 -1.958 0.166 0.22 0.051680 20000 1.000000
239.716000 39.937400 -3.834 -0.701 0.16 0.209 0.048087 20000 1.000000
239.194000 40.418600 -3.852 -2.434 0.188 0.23 0.110059 20000 1.000000
239.923000 40.288900 -3.866 -1.539 0.167 0.219 0.066615 20000 1.000000
235.692000 40.247500 -7.318 8.511 0.173 0.226 0.057170 20000 1.000000
235.867000 40.551300 -1.156 3.661 0.166 0.217 0.035729 20000 1.000000
235.787000 40.637400 -0.573 3.722 0.187 0.245 0.037572 20000 1.000000
235.943000 40.219600 -5.983 4.11 0.168 0.221 0.060068 20000 1.000000
236.307000 40.119300 -5.613 1.515 0.187 0.249 0.089384 20000 1.000000
238.207000 36.485500 -7.833 7.198 0.165 0.206 0.046891 20000 1.000000
238.710000 35.945700 -10.241 8.663 0.171 0.213 0.103388 20000 1.000000
238.949000 36.302100 -9.558 7.415 0.189 0.238 0.063773 20000 1.000000
238.865000 36.425900 -9.735 8.088 0.17 0.212 0.085520 20000 1.000000
237.668000 37.534500 -7.766 7.095 0.201 0.227 -0.028513 20000 1.000000
237.623000 37.914500 -5.707 9.213 0.174 0.223 0.069673 20000 1.000000
236.819000 38.495000 -9.294 8.276 0.168 0.218 -0.017910 20000 1.000000
236.291000 39.117200 -8.736 7.635 0.167 0.217 0.053862 20000 1.000000
236.652000 38.987400 -8.457 5.076 0.177 0.223 0.124275 20000 1.000000
236.796000 39.242000 -7.213 3.227 0.166 0.216 0.057335 20000 1.000000
236.368000 42.275400 -4.923 -3.266 0.173 0.231 0.042545 20000 1.000000
236.895000 39.319700 -6.625 1.781 0.171 0.22 0.068001 20000 1.000000
237.041000 38.664700 -9.069 6.424 0.193 0.268 0.120441 20000 1.000000
237.233000 38.428600 -13.195 7.241 0.169 0.219 0.073039 20000 1.000000
237.548000 38.239800 -26.219 24.079 0.168 0.217 0.044541 20000 1.000000
237.083000 38.866100 -7.829 2.039 0.161 0.209 0.038699 20000 1.000000
237.037000 39.398100 -6.741 -1.926 0.196 0.243 0.001274 20000 1.000000
237.424000 38.777800 -5.29 0.907 0.174 0.233 0.038278 20000 1.000000
237.281000 39.260000 -4.422 -1.157 0.166 0.214 0.084672 20000 1.000000
237.696000 39.109300 -5.164 -2.091 0.171 0.221 0.038415 20000 1.000000
237.873000 37.069200 -8.364 7.637 0.195 0.243 0.210087 20000 1.000000
238.137000 36.962000 -9.559 7.229 0.19 0.225 0.007793 20000 1.000000
238.009000 37.201700 -9.032 6.099 0.195 0.239 -0.009947 20000 1.000000
238.203000 37.001000 -9.352 6.741 0.255 0.291 0.128597 20000 1.000000
238.274000 37.002400 -9.396 5.987 0.18 0.235 0.071463 20000 1.000000
238.349000 37.104500 -6.539 3.754 0.218 0.259 -0.051401 20000 1.000000
238.286000 37.203500 -8.629 4.818 0.173 0.214 0.097109 20000 1.000000
237.786000 37.329900 -8.775 4.395 0.165 0.209 0.057841 20000 1.000000
237.901000 37.336900 -7.99 5.899 0.17 0.22 0.038380 20000 1.000000
237.900000 37.722000 -5.999 3.453 0.164 0.208 0.040373 20000 1.000000
237.781000 37.863900 -5.594 4.683 0.166 0.213 0.012084 20000 1.000000
237.942000 37.713900 -4.838 2.353 0.181 0.229 -0.009037 20000 1.000000
238.174000 37.336800 -8.192 4.512 0.17 0.22 0.061408 20000 1.000000
238.210000 37.533000 -4.889 1.064 0.166 0.209 0.055754 20000 1.000000
238.313000 37.601800 -4.505 0.691 0.175 0.217 0.108742 20000 1.000000
238.022000 37.749400 -5.119 2.074 0.167 0.211 0.040778 20000 1.000000
238.214000 37.819000 -3.848 -0.198 0.17 0.214 0.046561 20000 1.000000
238.095000 36.621700 -10.127 8.563 0.168 0.211 0.041069 20000 1.000000
238.421000 36.724000 -9.565 8.89 0.167 0.21 0.033043 20000 1.000000
238.580000 36.800400 -6.695 5.911 0.166 0.208 0.031863 20000 1.000000
238.409000 36.858500 -8.42 7.788 0.193 0.24 0.025758 20000 1.000000
238.459000 36.814300 -9.562 8.267 0.17 0.209 0.056441 20000 1.000000
238.445000 36.903500 -7.993 4.955 0.17 0.21 0.021862 20000 1.000000
238.613000 36.637000 -10.248 8.431 0.176 0.221 -0.006283 20000 1.000000
238.458000 37.007800 -8.656 5.155 0.167 0.213 0.054578 20000 1.000000
238.426000 37.213000 -3.891 1.63 0.167 0.208 0.044592 20000 1.000000
238.665000 36.918200 -5.018 0.347 0.172 0.215 0.049402 20000 1.000000
238.645000 37.010800 -6.914 -0.155 0.187 0.229 0.004957 20000 1.000000
240.294000 37.713100 -3.891 1.592 0.173 0.219 0.034663 20000 1.000000
238.812000 36.559500 -9.315 6.921 0.178 0.222 0.045533 20000 1.000000
238.131000 37.975600 -2.75 -1.268 0.168 0.213 0.069557 20000 1.000000
238.936000 36.611600 -2.976 0.798 0.162 0.204 0.043158 20000 1.000000
238.732000 36.950000 -5.612 0.052 0.18 0.223 0.079072 20000 1.000000
238.652000 36.811400 -5.259 0.798 0.169 0.212 0.045893 20000 1.000000
238.942000 37.169600 -4.532 -0.297 0.173 0.218 0.065080 20000 1.000000
238.347000 37.478400 -4.085 0.98 0.18 0.228 0.047934 20000 1.000000
238.531000 37.489600 -5.985 1.235 0.163 0.207 0.035583 20000 1.000000
238.675000 37.581900 -4.225 -0.608 0.168 0.215 0.036876 20000 1.000000
238.395000 37.932000 -2.558 -0.585 0.166 0.211 0.049616 20000 1.000000
238.536000 37.755300 -4.544 0.125 0.167 0.212 0.031811 20000 1.000000
238.717000 37.385400 -5.04 -0.39 0.171 0.22 0.057403 20000 1.000000
237.782000 38.153000 29.445 -17.764 0.164 0.21 0.028774 20000 1.000000
237.904000 38.025100 -0.213 -2.309 0.171 0.222 -0.014381 20000 1.000000
237.805000 38.444200 -15.997 -20.83 0.174 0.234 0.061384 20000 1.000000
237.645000 38.999500 -5.453 -1.563 0.202 0.23 0.138318 20000 1.000000
238.905000 38.645300 -4.654 -1.672 0.164 0.211 0.047809 20000 1.000000
239.652000 35.544100 -10.352 7.129 0.171 0.211 0.044009 20000 1.000000
239.611000 35.841100 -6.843 5.115 0.172 0.212 0.029701 20000 1.000000
239.655000 35.837800 -6.256 3.461 0.171 0.216 0.046021 20000 1.000000
239.715000 35.806700 -5.82 3.209 0.18 0.224 0.044427 20000 1.000000
239.093000 35.933300 -9.546 7.352 0.166 0.207 0.045367 20000 1.000000
239.019000 36.417200 -4.838 0.966 0.167 0.211 0.057360 20000 1.000000
239.147000 36.515900 -4.276 0.412 0.172 0.217 0.029362 20000 1.000000
239.302000 36.024800 -10.59 7.773 0.166 0.212 0.044632 20000 1.000000
239.121000 36.140200 -10.639 7.904 0.167 0.206 0.041312 20000 1.000000
239.251000 36.106800 -10.54 7.659 0.163 0.203 0.049879 20000 1.000000
239.272000 36.178900 -4.007 0.635 0.164 0.204 0.047238 20000 1.000000
239.355000 35.922800 -9.38 7.584 0.165 0.205 0.035641 20000 1.000000
239.525000 36.007500 -3.35 3.715 0.183 0.218 0.044613 20000 1.000000
239.457000 36.089400 -3.576 4.449 0.164 0.205 0.047467 20000 1.000000
239.560000 36.123200 -4.285 1.116 0.164 0.205 0.045738 20000 1.000000
239.158000 35.697100 -10.176 7.844 0.17 0.206 0.086698 20000 1.000000
239.637000 36.051700 -4.122 1.651 0.167 0.205 0.043950 20000 1.000000
239.448000 35.974100 -9.14 7.018 0.182 0.218 0.006608 20000 1.000000
239.706000 36.015800 -4.201 1.491 0.168 0.207 0.036653 20000 1.000000
239.723000 36.304400 -2.582 2.974 0.169 0.211 0.038982 20000 1.000000
239.257000 36.806300 -4.792 -0.509 0.166 0.21 0.051843 20000 1.000000
239.803000 37.352200 -4.154 -0.686 0.177 0.226 0.042986 20000 1.000000
239.356000 37.795200 -4.136 -1.108 0.181 0.221 0.057502 20000 1.000000
240.160000 37.901100 -5.338 -2.892 0.184 0.222 -0.033600 20000 1.000000
239.049000 38.090000 -3.393 -1.304 0.17 0.216 0.041272 20000 1.000000
239.666000 38.735600 -3.694 -0.816 0.182 0.218 0.065615 20000 1.000000
241.480000 37.177600 -3.586 -0.156 0.163 0.204 0.058997 20000 1.000000
236.283000 39.863600 -7.988 3.389 0.202 0.26 -0.041694 20000 1.000000
236.448000 39.905700 -8.976 1.891 0.195 0.262 -0.018143 20000 1.000000
236.628000 39.452400 -7.256 1.532 0.165 0.217 0.046694 20000 1.000000
236.705000 39.707100 -7.736 0.054 0.176 0.226 -0.045812 20000 1.000000
236.813000 39.492800 -6.981 0.513 0.18 0.252 0.078928 20000 1.000000
236.817000 39.962100 -5.369 -1.467 0.179 0.235 -0.003726 20000 1.000000
236.344000 40.256800 -4.97 1.634 0.166 0.221 0.063628 20000 1.000000
236.117000 41.151700 -2.446 -0.877 0.167 0.221 0.062138 20000 1.000000
236.301000 40.575300 -4.007 -0.008 0.175 0.228 0.091538 20000 1.000000
236.427000 40.478900 -3.9 -2.076 0.202 0.264 0.254374 20000 1.000000
236.548000 40.082200 -7.012 0.6 0.162 0.213 0.048105 20000 1.000000
236.864000 40.324100 -5.013 -1.642 0.162 0.213 0.035069 20000 1.000000
236.676000 40.732900 -4.916 -1.583 0.163 0.216 0.013218 20000 1.000000
236.826000 40.546700 -5.672 -1.863 0.166 0.221 0.025120 20000 1.000000
237.024000 39.621400 -4.605 -1.304 0.175 0.218 0.096181 20000 1.000000
237.264000 39.493600 -4.391 -0.699 0.163 0.21 0.033447 20000 1.000000
237.126000 39.726200 -3.568 -1.537 0.167 0.219 0.093320 20000 1.000000
237.077000 40.747600 -4.781 -1.997 0.171 0.224 0.029622 20000 1.000000
237.332000 40.034100 -4.983 -2.277 0.168 0.217 0.033221 20000 1.000000
237.393000 40.650700 -5.485 -2.532 0.171 0.229 -0.002518 20000 1.000000
236.666000 40.887100 -4.647 -1.752 0.161 0.214 0.039220 20000 1.000000
237.729000 40.271200 -5.876 -1.87 0.173 0.226 -0.016210 20000 1.000000
239.132000 39.794700 -3.166 -0.817 0.164 0.219 0.012389 20000 1.000000
239.052000 41.183300 -3.289 -2.049 0.165 0.221 0.026183 20000 1.000000
237.681000 40.731100 -4.92 -2.762 0.198 0.238 0.097845 20000 1.000000
235.774000 42.209100 -0.852 -0.507 0.169 0.219 0.039839 20000 1.000000
235.946000 42.860100 -1.015 0.008 0.189 0.252 0.114417 20000 1.000000
236.617000 42.503500 -3.542 -3.314 0.167 0.225 0.051696 20000 1.000000
237.344000 42.191000 -5.724 -2.905 0.17 0.229 0.011803 20000 1.000000
238.220000 42.259700 -3.364 -3.163 0.166 0.218 0.043920 20000 1.000000
239.622000 42.468800 -3.899 -2.827 0.17 0.228 0.005178 20000 1.000000
241.588000 42.254600 -1.867 -2.597 0.162 0.217 0.043545 20000 1.000000
243.371000 36.071300 -2.737 -1.887 0.183 0.229 0.128732 20000 1.000000
242.835000 36.022500 -1.907 -1.192 0.175 0.21 0.041369 20000 1.000000
242.590000 36.159000 -4.108 -0.912 0.177 0.218 0.104242 20000 1.000000
241.868000 36.466800 -3.68 0.269 0.188 0.239 -0.146172 20000 1.000000
242.211000 36.531200 -2.778 -1.498 0.162 0.205 0.052410 20000 1.000000
241.909000 36.570200 -2.701 -0.508 0.186 0.218 -0.001105 20000 1.000000
241.882000 36.975700 -2.763 -0.856 0.163 0.205 0.057636 20000 1.000000
242.064000 37.231400 -2.633 -1.514 0.17 0.21 0.097754 20000 1.000000
242.606000 34.462400 -4.88 2.079 0.18 0.213 0.049196 20000 1.000000
242.459000 33.562100 -9.235 6.648 0.169 0.203 0.088688 20000 1.000000
242.895000 32.889200 -9.583 6.909 0.173 0.205 0.049304 20000 1.000000
243.050000 32.733800 -10.683 6.736 0.166 0.197 0.054175 20000 1.000000
242.756000 32.666400 -10.313 7.299 0.185 0.209 0.151649 20000 1.000000
242.810000 33.439600 -9.022 6.804 0.166 0.2 0.058976 20000 1.000000
242.928000 33.235700 -9.07 6.362 0.18 0.206 0.109561 20000 1.000000
243.217000 33.493300 -8.607 4.846 0.168 0.201 0.059581 20000 1.000000
243.651000 32.976000 -8.666 5.737 0.171 0.204 0.065473 20000 1.000000
243.989000 32.822200 -8.739 5.187 0.171 0.202 0.025967 20000 1.000000
243.329000 33.240200 -7.167 5.166 0.178 0.209 0.066558 20000 1.000000
243.431000 33.059200 -8.138 6.234 0.167 0.198 0.051880 20000 1.000000
243.379000 33.375600 -8.281 5.43 0.172 0.205 0.105937 20000 1.000000
243.591000 33.210200 -9.681 4.319 0.181 0.216 0.062173 20000 1.000000
243.817000 33.213500 -7.927 4.472 0.168 0.2 0.061740 20000 1.000000
243.921000 33.201000 -6.749 3.757 0.168 0.2 0.068304 20000 1.000000
243.888000 33.296200 -6.346 2.982 0.172 0.206 0.012930 20000 1.000000
243.574000 33.523500 -6.754 3.795 0.18 0.207 0.139051 20000 1.000000
243.773000 33.574700 -5.304 2.399 0.176 0.216 0.080632 20000 1.000000
244.031000 32.887000 -8.802 5.379 0.171 0.202 0.058474 20000 1.000000
244.175000 32.954700 -7.238 4.262 0.171 0.201 0.061599 20000 1.000000
244.268000 32.759700 -6.827 4.605 0.178 0.212 0.078741 20000 1.000000
244.404000 32.750600 -6.604 3.805 0.178 0.209 0.068782 20000 1.000000
244.423000 32.834700 -5.685 3.163 0.177 0.208 0.065080 20000 1.000000
244.430000 32.898400 -4.816 3.383 0.179 0.21 0.085482 20000 1.000000
244.700000 32.690000 -1.983 -1.417 0.169 0.2 0.056528 20000 1.000000
244.602000 32.875800 -1.914 -2.007 0.178 0.211 0.079666 20000 1.000000
244.578000 32.982500 -1.723 -1.994 0.175 0.209 0.084057 20000 1.000000
244.280000 32.948900 -6.901 3.215 0.174 0.205 0.056606 20000 1.000000
244.234000 33.516400 -3.3 -0.376 0.179 0.213 0.125139 20000 1.000000
244.313000 33.423900 -1.581 -1.448 0.177 0.21 0.111434 20000 1.000000
244.571000 33.247800 -2.133 -2.122 0.174 0.207 0.057553 20000 1.000000
244.657000 33.143600 -1.642 -3.172 0.175 0.208 0.012031 20000 1.000000
244.704000 33.886900 -1.873 -2.435 0.179 0.207 0.064573 20000 1.000000
240.305000 37.562600 -3.283 -0.984 0.185 0.217 0.163253 20000 1.000000
239.350000 34.907300 -10.794 8.7 0.164 0.202 0.054924 20000 1.000000
239.590000 35.010700 -9.722 8.895 0.172 0.211 0.048369 20000 1.000000
239.760000 34.870600 -11.372 7.672 0.168 0.205 0.072705 20000 1.000000
239.617000 35.106200 -10.711 7.843 0.176 0.215 0.130100 20000 1.000000
241.822000 34.376400 -8.491 4.425 0.168 0.205 0.064182 20000 1.000000
239.925000 35.020000 -9.315 5.806 0.164 0.201 0.046129 20000 1.000000
240.208000 34.507800 -10.207 6.95 0.172 0.203 0.044988 20000 1.000000
240.384000 34.630500 -11.411 6.292 0.163 0.2 0.051981 20000 1.000000
240.185000 34.888600 -9 6.902 0.163 0.2 0.054158 20000 1.000000
240.464000 35.086600 -6.804 3.624 0.168 0.206 0.083069 20000 1.000000
239.192000 35.425800 -9.559 9.536 0.166 0.205 0.035645 20000 1.000000
239.455000 35.327800 -9.93 8.231 0.171 0.211 0.106578 20000 1.000000
239.646000 35.440500 -9.829 7.139 0.168 0.206 0.040708 20000 1.000000
239.520000 35.624800 -9.155 6.87 0.167 0.207 0.062805 20000 1.000000
239.463000 35.792700 -9.098 7.191 0.169 0.212 0.074919 20000 1.000000
239.733000 35.633800 -8.197 5.912 0.172 0.208 0.088258 20000 1.000000
239.629000 35.747900 -9.446 5.81 0.17 0.211 0.059960 20000 1.000000
237.762000 37.061200 -10.136 8.609 0.167 0.212 0.062668 20000 1.000000
239.899000 35.235100 -9.617 6.315 0.19 0.22 0.099806 20000 1.000000
239.975000 35.279800 -9.164 6.069 0.174 0.217 0.022271 20000 1.000000
240.065000 35.316800 -8.119 5.185 0.171 0.213 0.058167 20000 1.000000
239.887000 35.534200 -8.138 4.125 0.172 0.214 0.049018 20000 1.000000
239.818000 35.702700 -6.306 3.23 0.166 0.205 0.054231 20000 1.000000
239.869000 35.801300 -5.309 1.386 0.174 0.21 0.061165 20000 1.000000
239.999000 35.686700 -5.184 2.326 0.171 0.208 0.004978 20000 1.000000
239.707000 35.688900 -8.481 5.15 0.167 0.206 0.039641 20000 1.000000
240.287000 35.319000 -6.128 3.664 0.193 0.239 0.053205 20000 1.000000
240.091000 35.934700 -4.164 0.781 0.167 0.205 0.059299 20000 1.000000
240.496000 34.466800 -11.242 6.685 0.164 0.2 0.054303 20000 1.000000
240.674000 34.599600 -9.944 5.774 0.173 0.215 0.132494 20000 1.000000
240.885000 34.660100 -9.583 4.851 0.174 0.209 0.120924 20000 1.000000
240.845000 34.856200 -9.027 2.657 0.232 0.341 -0.021581 20000 1.000000
239.755000 35.686700 -7.285 4.622 0.168 0.205 0.041214 20000 1.000000
241.121000 34.835100 -7.15 3.07 0.167 0.203 0.064721 20000 1.000000
241.152000 34.792300 -7.703 2.456 0.173 0.215 0.069635 20000 1.000000
241.331000 34.695000 -7.744 7.079 0.174 0.214 0.127510 20000 1.000000
241.454000 34.771100 -5.994 3.908 0.169 0.207 0.059842 20000 1.000000
241.344000 34.944400 -4.923 1.264 0.172 0.213 0.023208 20000 1.000000
241.388000 35.138600 -5.207 1.6 0.167 0.205 0.033489 20000 1.000000
241.459000 34.821800 -6.135 2.284 0.175 0.21 0.052241 20000 1.000000
241.811000 34.982100 -4.758 1.445 0.167 0.203 0.055062 20000 1.000000
241.876000 35.378000 -3.983 0.976 0.168 0.204 0.044585 20000 1.000000
241.740000 35.667300 -4.109 0.153 0.174 0.208 0.057278 20000 1.000000
241.233000 36.231400 -4.271 0.371 0.173 0.209 0.120598 20000 1.000000
241.045000 36.585500 -3.516 -0.42 0.164 0.206 0.053482 20000 1.000000
241.740000 36.093100 -3.533 -0.056 0.168 0.205 0.051869 20000 1.000000
241.994000 35.038800 -4.07 1.691 0.167 0.204 0.066560 20000 1.000000
242.271000 34.509700 -5.588 2.877 0.168 0.204 0.056845 20000 1.000000
242.451000 34.634300 -7.176 5.199 0.18 0.219 0.051251 20000 1.000000
242.457000 34.987000 -3.747 1.468 0.171 0.208 0.097926 20000 1.000000
243.048000 33.892600 -6.015 4.324 0.165 0.2 0.059914 20000 1.000000
243.454000 34.019300 -3.726 2.702 0.168 0.202 0.051005 20000 1.000000
242.719000 34.534800 -4.421 1.995 0.193 0.213 -0.038330 20000 1.000000
241.969000 34.332200 -7.373 5.099 0.172 0.209 0.072942 20000 1.000000
242.635000 35.116800 -3.41 0.688 0.169 0.206 0.047526 20000 1.000000
241.983000 35.152400 -3.524 1.296 0.167 0.204 0.052896 20000 1.000000
242.697000 35.238500 -3.027 0.058 0.17 0.205 0.074485 20000 1.000000
242.795000 35.387900 -2.891 0.45 0.164 0.202 0.065106 20000 1.000000
242.610000 35.896700 -4.125 -0.452 0.182 0.225 0.050881 20000 1.000000
242.597000 35.697600 -3.222 -0.388 0.167 0.205 0.055827 20000 1.000000
243.111000 35.998200 -2.415 -2.216 0.175 0.208 0.050167 20000 1.000000
243.112000 35.710600 -2.74 -1.221 0.165 0.205 0.060758 20000 1.000000
243.290000 34.192500 -4.596 2.589 0.171 0.203 0.042734 20000 1.000000
243.463000 34.217200 -3.726 1.588 0.172 0.204 0.070639 20000 1.000000
243.788000 33.865800 -4.055 0.745 0.167 0.202 0.077186 20000 1.000000
243.920000 33.959300 -3.82 -0.735 0.169 0.202 0.059754 20000 1.000000
239.772000 35.729200 -6.25 3.471 0.169 0.207 0.069002 20000 1.000000
243.971000 34.716900 -1.914 -1.928 0.174 0.208 0.040023 20000 1.000000
243.329000 34.936800 -2.291 -0.553 0.169 0.207 0.072042 20000 1.000000
242.063000 34.341100 -7.907 4.327 0.181 0.222 0.039724 20000 1.000000
243.120000 34.462100 -4.187 1.287 0.168 0.202 0.063170 20000 1.000000
244.179000 33.741000 -2.569 -1.454 0.179 0.213 0.075700 20000 1.000000
243.107000 34.062700 -4.511 2.82 0.19 0.227 0.025179 20000 1.000000
244.236000 34.425700 -1.393 -2.635 0.209 0.226 0.087647 20000 1.000000
244.350000 35.204800 -2.011 -2.419 0.173 0.208 0.043183 20000 1.000000
242.685000 34.187400 -6.386 2.919 0.17 0.207 0.110101 20000 1.000000
242.950000 34.196200 -4.666 4.647 0.202 0.212 0.136653 20000 1.000000
244.750000 34.731800 -1.339 -2.609 0.212 0.261 0.130522 20000 1.000000
243.237000 35.204600 -2.703 -0.2 0.167 0.203 0.067229 20000 1.000000
242.107000 35.424600 -3.757 0.449 0.17 0.208 0.058213 20000 1.000000
243.428000 35.320600 -1.878 -1.398 0.167 0.206 0.054601 20000 1.000000
243.896000 35.141900 -2.046 -2.438 0.179 0.209 0.037925 20000 1.000000
243.878000 35.526000 -2.135 -2.62 0.176 0.216 0.039548 20000 1.000000
243.855000 35.785400 -1.902 -2.133 0.168 0.206 0.049101 20000 1.000000
244.456000 35.472800 -1.525 -2.024 0.168 0.208 0.065918 20000 1.000000
244.634000 35.163000 -2.113 -1.792 0.176 0.216 0.057244 20000 1.000000
245.401000 34.188900 -1.822 -2.783 0.174 0.209 0.078286 20000 1.000000
245.035000 34.844400 -2.082 -2.355 0.173 0.208 0.059798 20000 1.000000
244.762000 35.291100 -1.851 -2.196 0.169 0.206 0.063030 20000 1.000000
241.621000 37.973100 -2.573 -0.944 0.165 0.21 0.026631 20000 1.000000
241.000000 37.613000 -6.019 -4.942 0.169 0.212 0.006428 20000 1.000000
241.084000 37.605300 -4.701 -4.844 0.173 0.227 0.017864 20000 1.000000
240.914000 37.785700 -5.522 0.551 0.203 0.238 -0.048640 20000 1.000000
240.967000 37.913500 -3.866 0.042 0.163 0.207 0.052342 20000 1.000000
240.974000 37.696600 -5.606 0.287 0.196 0.232 0.177199 20000 1.000000
240.862000 37.839300 -6.388 0.275 0.177 0.217 0.070672 20000 1.000000
240.853000 37.962800 -5.242 -0.55 0.165 0.206 0.050627 20000 1.000000
240.916000 37.914100 -4.504 -0.055 0.166 0.208 0.052705 20000 1.000000
241.056000 37.734300 -5.728 2.955 0.165 0.209 0.054215 20000 1.000000
241.131000 37.654600 -1.086 -2.76 0.167 0.213 0.052384 20000 1.000000
241.040000 37.891700 -3.72 0.763 0.209 0.261 0.051075 20000 1.000000
241.148000 37.878200 -2.78 1.428 0.165 0.209 0.043638 20000 1.000000
241.183000 37.591400 -3.978 -4.083 0.168 0.221 0.101472 20000 1.000000
241.302000 37.561600 -3.029 -2.063 0.172 0.232 0.025468 20000 1.000000
241.316000 37.495400 -3.731 -2.143 0.162 0.204 0.052097 20000 1.000000
241.406000 37.541300 -3.048 -1.101 0.166 0.21 0.056765 20000 1.000000
241.180000 37.677000 0.184 -0.426 0.165 0.21 0.055969 20000 1.000000
241.232000 37.754400 0.296 0.436 0.188 0.245 0.106406 20000 1.000000
240.981000 37.800000 -4.992 1.306 0.169 0.211 0.093094 20000 1.000000
241.264000 37.903500 -2.433 0.445 0.169 0.213 0.039150 20000 1.000000
241.445000 37.891300 -1.572 -0.185 0.175 0.215 0.119697 20000 1.000000
241.762000 37.589200 -1.404 -5.483 0.166 0.21 0.053714 20000 1.000000
241.528000 37.737500 -2.798 -1.054 0.172 0.215 0.075977 20000 1.000000
240.850000 38.057900 -3.909 -0.721 0.181 0.226 0.054561 20000 1.000000
237.706000 41.381200 -4.643 -1.334 0.174 0.223 0.104659 20000 1.000000
237.809000 41.479200 -3.587 -2.961 0.164 0.229 0.003176 20000 1.000000
237.687000 41.463600 -5.399 -0.849 0.168 0.231 -0.002086 20000 1.000000
237.847000 41.531900 -5 -1.928 0.204 0.242 0.100397 20000 1.000000
238.493000 41.711600 -3.987 -2.995 0.163 0.218 0.045800 20000 1.000000
246.132000 42.878900 -2.899 -3.724 0.163 0.22 0.036198 20000 1.000000
241.275000 37.380400 -3.085 -0.488 0.23 0.263 0.215724 20000 1.000000
241.439000 37.439500 -3.11 -1.196 0.179 0.219 0.066354 20000 1.000000
240.254000 37.088900 -4.312 0.346 0.171 0.214 0.112149 20000 1.000000
241.853000 37.280500 -3.029 -0.899 0.185 0.233 0.067163 20000 1.000000
239.172000 41.359200 -2.866 -1.852 0.185 0.24 -0.033836 20000 1.000000
239.527000 41.332500 -3.043 -1.91 0.168 0.221 0.055502 20000 1.000000
235.587000 42.442000 -1.185 1.015 0.168 0.228 -0.020420 20000 1.000000
235.707000 42.076600 -1.797 -0.312 0.172 0.224 0.066363 20000 1.000000
238.120000 42.579800 -3.105 -2.432 0.167 0.222 0.028061 20000 1.000000
237.390000 42.727100 -4.401 -2.105 0.186 0.234 0.166627 20000 1.000000
240.341000 42.546100 -3.004 -3.499 0.165 0.223 0.040001 20000 1.000000
242.275000 42.020200 -1.699 -2.142 0.167 0.221 0.049418 20000 1.000000
243.404000 33.598200 -6.418 2.798 0.247 0.303 -0.090635 20000 1.000000
243.397000 33.495500 -7.985 3.614 0.173 0.208 0.069017 20000 1.000000
244.492000 32.829400 -3.637 3.875 0.172 0.201 0.054181 20000 1.000000
239.784000 35.693800 -6.624 4.286 0.19 0.225 0.105519 20000 1.000000
237.579000 41.830800 -5.259 -2.283 0.18 0.244 0.092216 20000 1.000000
236.019000 41.845500 -3.444 -1.486 0.185 0.271 -0.042100 20000 1.000000
238.521000 36.744300 -10.291 8.335 0.184 0.224 0.119447 20000 1.000000
239.528000 35.946600 -4.2 1.608 0.185 0.222 0.106156 20000 1.000000
239.485000 35.929100 -8.667 6.73 0.245 0.323 0.042676 20000 1.000000
236.427000 40.478800 -4.626 -2.806 0.199 0.262 0.255533 20000 1.000000
243.852000 34.508100 -1.304 -1.635 0.166 0.201 0.062089 20000 1.000000
245.241000 32.497900 -0.989 -0.94 0.175 0.203 0.067131 20000 1.000000
243.407000 33.537300 -6.863 4.336 0.179 0.215 0.109857 20000 1.000000
241.651000 34.021700 -9.07 5.945 0.176 0.217 0.081531 20000 1.000000
241.379000 34.836000 -5.227 2.853 0.17 0.207 0.055838 20000 1.000000
241.983000 35.152400 -3.134 1.366 0.17 0.208 0.053891 20000 1.000000
241.983000 35.152500 -3.746 1.367 0.169 0.207 0.057223 20000 1.000000
243.936000 31.559100 -11.582 7.229 0.175 0.201 0.129557 20000 1.000000
238.728000 35.709000 -10.115 9.356 0.189 0.234 0.025084 20000 1.000000
242.077000 34.508200 -6.49 3.401 0.175 0.211 0.073785 20000 1.000000
244.450000 32.490100 -7.449 5.213 0.173 0.21 0.015044 20000 1.000000
242.305000 34.925400 -3.557 1.393 0.173 0.209 0.011663 20000 1.000000
244.116000 32.417000 -10.87 7.312 0.168 0.198 0.062440 20000 1.000000
239.522000 35.919900 -9.122 5.335 0.173 0.215 0.089625 20000 1.000000
242.818000 33.835700 -7.666 5.086 0.189 0.218 0.064325 20000 1.000000
243.506000 33.819200 -5.39 3.22 0.186 0.221 0.044048 20000 1.000000
242.193000 34.091800 -9.284 5.354 0.2 0.251 0.042093 20000 1.000000
244.165000 31.313100 -11.147 8.006 0.168 0.197 0.048957 20000 1.000000
241.596000 33.743300 -10.181 7.188 0.17 0.201 0.056608 20000 1.000000
238.863000 36.161100 -10.016 8.013 0.176 0.213 0.081865 20000 1.000000
241.755000 34.628700 -6.057 3.383 0.186 0.227 0.023550 20000 1.000000
239.056000 39.974600 -2.803 0.134 0.178 0.231 0.011059 20000 1.000000
242.317000 35.338700 -3.089 0.755 0.167 0.205 0.063702 20000 1.000000
240.280000 34.500000 -10.478 6.239 0.17 0.208 0.052328 20000 1.000000
243.375000 34.643900 -2.799 -0.077 0.17 0.202 0.051047 20000 1.000000
241.974000 34.019100 -9.507 6.036 0.191 0.229 0.002393 20000 1.000000
242.445000 33.485800 -9.408 7.078 0.174 0.206 0.094009 20000 1.000000
239.475000 35.900000 1.439 3.683 0.178 0.223 0.020970 20000 1.000000
241.807000 34.875100 -4.358 2.424 0.178 0.215 0.075661 20000 1.000000
240.816000 34.541500 -8.753 3.891 0.188 0.227 0.128432 20000 1.000000
244.877000 40.617200 -2.972 -2.929 0.168 0.223 0.068146 20000 1.000000
243.350000 36.316300 -1.338 -2.886 0.237 0.296 0.029605 20000 1.000000
238.442000 37.666500 -4.326 -0.656 0.167 0.211 0.034334 20000 1.000000
241.245000 34.459800 -8.875 4.87 0.187 0.234 0.068994 20000 1.000000
242.138000 34.205600 -9.282 5.105 0.213 0.224 -0.022139 20000 1.000000
239.775000 40.591700 -3.751 -1.501 0.172 0.228 0.028526 20000 1.000000
240.984000 41.868400 -3.411 -2.928 0.188 0.246 0.133577 20000 1.000000
243.701000 35.971300 -2.123 -2.665 0.178 0.212 0.005339 20000 1.000000
241.521000 34.438600 -8.366 3.325 0.204 0.244 0.025688 20000 1.000000
240.116000 39.314300 -5.213 -0.643 0.166 0.217 0.026836 20000 1.000000
244.022000 33.292200 -4.801 1.414 0.175 0.206 0.075945 20000 1.000000
240.476000 33.247900 -9.403 9.154 0.174 0.217 0.022221 20000 1.000000
240.936000 34.319900 -9.401 6.662 0.167 0.202 0.062979 20000 1.000000
241.354000 34.059300 -10.118 7.936 0.17 0.204 0.018620 20000 1.000000
242.151000 33.992700 -8.919 4.561 0.179 0.213 0.076340 20000 1.000000
239.935000 34.004300 -10.827 8.638 0.176 0.21 0.051742 20000 1.000000
239.640000 35.917400 -1.926 4.666 0.197 0.236 0.132441 20000 1.000000
241.585000 35.158200 -4.573 1.111 0.166 0.205 0.055987 20000 1.000000
243.923000 33.650600 -4.651 0.849 0.18 0.215 0.099418 20000 1.000000
242.233000 33.549600 -9.639 6.631 0.189 0.213 0.047767 20000 1.000000
243.770000 36.934800 -3 -3.045 0.164 0.204 0.076884 20000 1.000000
239.867000 34.483500 -10.878 10.2 0.176 0.217 0.039017 20000 1.000000
243.839000 33.641200 -4.459 0.906 0.206 0.229 0.063871 20000 1.000000
242.951000 39.542200 -2.008 -3.106 0.173 0.218 0.141082 20000 1.000000
242.816000 38.097200 -2.424 -3.064 0.165 0.209 0.048811 20000 1.000000
241.669000 33.797800 -10.173 6.832 0.174 0.209 0.055310 20000 1.000000
241.163000 34.248000 -10.166 7.009 0.175 0.21 0.121068 20000 1.000000
235.849000 41.053900 0.369 0.502 0.174 0.223 0.002560 20000 1.000000
241.558000 34.069100 -9.112 6.744 0.187 0.214 0.104225 20000 1.000000
240.156000 34.413300 -11.147 6.255 0.171 0.212 0.014525 20000 1.000000
241.198000 39.627100 -3.665 -1.45 0.172 0.221 0.059188 20000 1.000000
241.715000 34.024000 -9.684 5.212 0.236 0.266 0.154027 20000 1.000000
243.915000 33.030100 -7.9 4.926 0.17 0.203 0.069055 20000 1.000000
240.516000 34.851500 -8.911 4.324 0.181 0.219 0.059396 20000 1.000000
238.053000 38.394500 -4.674 -3.676 0.167 0.214 0.039657 20000 1.000000
241.780000 34.178600 -7.979 5.311 0.218 0.237 0.169606 20000 1.000000
241.486000 34.126400 -9.671 6.055 0.168 0.203 0.079824 20000 1.000000
241.516000 34.293200 -9.031 4.892 0.175 0.207 0.062358 20000 1.000000
239.384000 34.556300 -10.739 8.732 0.166 0.203 0.058820 20000 1.000000
241.879000 34.501500 -6.113 2.739 0.194 0.231 0.077237 20000 1.000000
241.706000 33.712600 -9.637 7.824 0.172 0.207 0.033674 20000 1.000000
242.807000 33.225000 -9.493 6.619 0.167 0.199 0.073799 20000 1.000000
241.346000 37.664300 -0.87 -0.526 0.251 0.319 0.073730 20000 1.000000
241.016000 35.010800 -6.422 2.569 0.192 0.23 0.046158 20000 1.000000
243.608000 33.934800 -4.085 1.332 0.18 0.214 0.057448 20000 1.000000
241.258000 34.568500 -9.854 4.709 0.182 0.221 0.190391 20000 1.000000
241.586000 34.259400 -9.052 3.603 0.199 0.245 0.033541 20000 1.000000
244.418000 33.038300 -4.844 -1.428 0.173 0.206 0.062247 20000 1.000000
243.068000 34.669000 -3.26 0.76 0.185 0.222 -0.039130 20000 1.000000
241.572000 33.958200 -9.435 6.527 0.237 0.257 -0.261964 20000 1.000000
244.421000 33.278800 -3.135 -3.324 0.172 0.205 0.046744 20000 1.000000
243.346000 33.955300 -4.119 1.736 0.172 0.204 0.048544 20000 1.000000
243.111000 35.425200 -0.286 -0.006 0.181 0.222 0.043409 20000 1.000000
243.920000 35.287000 -2.481 -3.659 0.172 0.21 0.066615 20000 1.000000
