242.907000 34.116400 -8.718 2.494 0.182 0.223 -0.042641 20000 1.000000
242.555000 33.274300 -12.658 7.008 0.189 0.215 -0.016390 20000 1.000000
242.555000 33.274300 -12.752 6.8 0.184 0.21 -0.014163 20000 1.000000
243.571000 34.594300 -5.884 -0.252 0.168 0.197 -0.014650 20000 1.000000
241.305000 34.824500 -9.503 3.657 0.185 0.215 -0.032911 20000 1.000000
242.675000 33.341900 -12.577 6.738 0.169 0.196 -0.009716 20000 1.000000
242.524000 33.381100 -12.366 6.953 0.171 0.195 -0.016694 20000 1.000000
242.103000 34.126000 -11.516 4.889 0.236 0.253 0.005813 20000 1.000000
242.795000 40.412800 -5.726 -2.828 0.167 0.209 -0.031903 20000 1.000000
240.970000 33.480500 -12.583 8.063 0.189 0.211 -0.055354 20000 1.000000
243.116000 34.264300 -7.815 1.582 0.191 0.227 0.039311 20000 1.000000
240.594000 34.920500 -11.608 3.751 0.169 0.198 -0.026951 20000 1.000000
243.379000 37.039900 -5.247 -2.048 0.175 0.212 0.014190 20000 1.000000
244.002000 34.000500 -5.841 -0.497 0.171 0.197 -0.033800 20000 1.000000
242.935000 33.578200 -11.532 5.729 0.183 0.208 -0.023629 20000 1.000000
243.920000 35.287000 -5.214 -3.106 0.173 0.203 -0.019208 20000 1.000000
245.285000 33.610400 -4.926 -2.273 0.171 0.197 -0.031940 20000 1.000000
243.947000 34.251400 -5.049 -0.862 0.172 0.198 -0.019921 20000 1.000000
242.988000 34.918600 -6.384 0.481 0.174 0.203 -0.035489 20000 1.000000
241.812000 34.292800 -11.201 3.953 0.264 0.266 -0.326406 20000 1.000000
242.156000 42.779500 -4.613 -3.066 0.169 0.222 -0.015224 20000 1.000000
240.653000 35.157300 -10.453 1.047 0.172 0.205 0.008198 20000 1.000000
235.437000 42.836100 -1.884 0.736 0.165 0.215 -0.027701 20000 1.000000
244.010000 33.655100 -7.546 0.484 0.202 0.238 0.009679 20000 1.000000
239.566000 35.939400 -6.875 3.619 0.166 0.199 -0.026021 20000 1.000000
239.569000 35.888400 -10.8 6.998 0.193 0.223 0.004178 20000 1.000000
241.666000 33.311600 -13.1 8.127 0.167 0.193 -0.007034 20000 1.000000
241.517000 33.445800 -12.879 8.214 0.174 0.202 -0.028872 20000 1.000000
241.370000 34.138600 -12.41 7.082 0.209 0.222 0.074996 20000 1.000000
242.329000 35.565300 -6.105 1.213 0.175 0.21 -0.013350 20000 1.000000
243.664000 34.829500 -5.931 -1.034 0.185 0.208 -0.030962 20000 1.000000
242.035000 34.244000 -11.865 3.213 0.198 0.243 -0.122302 20000 1.000000
241.974000 34.333400 -10.751 5.308 0.184 0.207 0.025399 20000 1.000000
242.172000 34.640500 -7.662 2.931 0.178 0.214 0.040027 20000 1.000000
241.063000 34.109600 -13.262 7.042 0.184 0.218 -0.004662 20000 1.000000
241.873000 34.136700 -8.836 6.301 0.2 0.223 0.006412 20000 1.000000
242.576000 34.271200 -2.239 5.064 0.175 0.2 -0.017975 20000 1.000000
242.521000 34.313800 -9.577 4.234 0.185 0.211 0.080822 20000 1.000000
241.856000 34.530300 -10.977 3 0.191 0.211 -0.155616 20000 1.000000
242.291000 34.109900 -11.36 5.237 0.182 0.209 -0.045293 20000 1.000000
245.126000 40.558400 -5.57 -2.479 0.179 0.211 0.020631 20000 1.000000
244.877000 32.863500 -3.858 -0.812 0.174 0.196 -0.020399 20000 1.000000
244.272000 32.850500 -11.013 4.195 0.177 0.201 -0.037789 20000 1.000000
240.120000 34.414900 -14.422 7.683 0.175 0.201 -0.049476 20000 1.000000
242.427000 35.071700 -6.14 1.788 0.176 0.204 0.024516 20000 1.000000
239.249000 35.791600 -12.41 8.117 0.175 0.206 -0.030403 20000 1.000000
240.275000 35.242100 -11.183 3.097 0.168 0.198 -0.008246 20000 1.000000
244.265000 33.069800 -8.086 3.036 0.18 0.205 -0.006575 20000 1.000000
240.961000 34.168400 -13.934 7.641 0.171 0.199 0.006162 20000 1.000000
241.743000 33.861500 -12.733 6.83 0.175 0.206 -0.023404 20000 1.000000
241.476000 34.253600 -12.578 6.085 0.181 0.208 0.025189 20000 1.000000
240.629000 34.408100 -13.768 6.047 0.194 0.23 -0.028028 20000 1.000000
241.387000 34.516500 -11.819 4.419 0.177 0.203 -0.037195 20000 1.000000
243.630000 34.124100 -6.29 1.411 0.194 0.22 -0.062429 20000 1.000000
242.098000 34.082000 -11.115 4.017 0.185 0.214 -0.070993 20000 1.000000
241.603000 34.334800 -14.624 -1.995 0.344 0.345 -0.115369 20000 1.000000
241.603000 34.334000 -13.455 5.249 0.261 0.254 -0.180044 20000 1.000000
244.212000 33.389800 -7.577 0.165 0.178 0.204 -0.021005 20000 1.000000
242.140000 34.413400 -9.455 4.741 0.17 0.213 -0.004749 20000 1.000000
241.873000 33.938300 -14.126 4.757 0.182 0.211 -0.015781 20000 1.000000
242.588000 33.647700 -12.082 6.86 0.166 0.192 -0.016414 20000 1.000000
241.170000 34.946200 -7.77 5.651 0.178 0.214 -0.005160 20000 1.000000
245.061000 39.345200 -5.451 -2.38 0.172 0.212 -0.035650 20000 1.000000
244.183000 40.914700 -5.071 -2.059 0.164 0.21 -0.020565 20000 1.000000
241.871000 33.583500 -17.092 10.19 0.181 0.207 0.015109 20000 1.000000
242.574000 33.649100 -14.151 6.263 0.173 0.201 -0.049120 20000 1.000000
241.574000 34.703100 -8.646 1.827 0.171 0.2 -0.007842 20000 1.000000
242.474000 34.104200 -10.784 5.155 0.195 0.227 -0.025686 20000 1.000000
239.991000 34.733000 -12.906 7.723 0.171 0.198 0.011142 20000 1.000000
243.064000 34.093600 -7 3.097 0.19 0.27 0.056910 20000 1.000000
241.116000 34.356300 -12.646 7.041 0.173 0.198 -0.014493 20000 1.000000
246.195000 39.369400 -5.56 -1.955 0.173 0.211 -0.032558 20000 1.000000
241.760000 34.733900 -9.002 2.677 0.172 0.201 -0.020987 20000 1.000000
244.200000 32.945000 -10.117 5.067 0.197 0.212 -0.015451 20000 1.000000
241.107000 34.800200 -10.636 3.383 0.177 0.207 -0.007839 20000 1.000000
240.644000 40.416500 -5.396 -1.337 0.169 0.215 -0.053891 20000 1.000000
240.136000 35.189400 -11.842 4.487 0.173 0.206 -0.014792 20000 1.000000
244.479000 33.274800 -4.762 -1.962 0.175 0.199 -0.022146 20000 1.000000
243.617000 34.291400 -6.236 0.739 0.172 0.201 -0.037081 20000 1.000000
245.173000 33.051100 -4.511 -2.017 0.206 0.233 -0.086043 20000 1.000000
244.340000 34.784000 -4.246 -2.803 0.192 0.227 -0.071092 20000 1.000000
245.810000 34.308600 -4.049 -1.192 0.174 0.201 -0.023237 20000 1.000000
243.111000 35.425200 -6.156 1.045 0.172 0.203 -0.032995 20000 1.000000
245.820000 40.640200 -5.703 -1.777 0.194 0.246 -0.008682 20000 1.000000
239.584000 36.399000 -6.928 -0.029 0.206 0.241 -0.043269 20000 1.000000
241.887000 34.047400 -12.606 5.583 0.178 0.208 0.022625 20000 1.000000
242.701000 35.011500 -5.724 1.622 0.172 0.201 -0.010856 20000 1.000000
241.714000 33.783600 -12.942 6.442 0.235 0.277 -0.089204 20000 1.000000
243.570000 34.754800 -6.547 -0.504 0.172 0.2 0.001306 20000 1.000000
238.530000 40.815900 -7.454 -2.518 0.167 0.213 -0.019116 20000 1.000000
242.999000 33.708100 -10.71 5.952 0.172 0.2 0.000081 20000 1.000000
244.365000 33.705000 -5.27 -1.077 0.225 0.268 -0.046519 20000 1.000000
239.520000 35.866700 -10.842 7.037 0.2 0.247 0.008899 20000 1.000000
242.155000 34.458200 -9.165 3.134 0.179 0.21 -0.036633 20000 1.000000
239.598000 35.880800 -8.612 3.433 0.179 0.211 0.050363 20000 1.000000
240.812000 34.441200 -12.637 4.981 0.183 0.218 -0.014201 20000 1.000000
244.089000 34.727300 -5.083 -1.997 0.175 0.205 -0.005383 20000 1.000000
243.779000 33.796800 -6.709 0.23 0.174 0.202 0.008488 20000 1.000000
244.855000 34.157600 -4.804 -2.283 0.169 0.199 0.005222 20000 1.000000
241.526000 35.662300 -6.012 0.067 0.178 0.212 -0.077362 20000 1.000000
242.045000 34.449100 -10.432 2.809 0.167 0.202 -0.028952 20000 1.000000
240.992000 34.398500 -11.956 4.755 0.173 0.204 -0.020066 20000 1.000000
243.827000 33.925400 -6.667 -0.576 0.179 0.203 -0.009094 20000 1.000000
243.241000 33.236000 -8.083 9.302 0.193 0.217 0.071251 20000 1.000000
242.165000 34.485500 -9.512 2.511 0.168 0.197 -0.018441 20000 1.000000
242.609000 33.744200 -11.809 5.996 0.186 0.209 0.059679 20000 1.000000
242.555000 33.817400 -11.612 5.761 0.173 0.2 -0.002840 20000 1.000000
243.060000 35.090200 -6.237 0.017 0.175 0.202 -0.016846 20000 1.000000
239.553000 34.691000 -12.89 8.556 0.171 0.197 -0.014155 20000 1.000000
242.246000 34.133300 -11.855 4.69 0.189 0.217 0.004640 20000 1.000000
239.406000 35.828700 -11.685 7.468 0.175 0.209 0.001002 20000 1.000000
242.454000 34.314900 -9.716 5.859 0.214 0.245 0.042561 20000 1.000000
241.970000 34.527100 -10.351 3.644 0.176 0.21 -0.052317 20000 1.000000
240.896000 34.733600 -11.461 4.284 0.173 0.206 0.000256 20000 1.000000
239.557000 35.832600 -11.399 6.124 0.17 0.202 -0.016418 20000 1.000000
242.563000 33.856800 -11.273 5.437 0.173 0.196 -0.020630 20000 1.000000
238.778000 42.418300 -5.705 -3.739 0.24 0.325 -0.041445 20000 1.000000
239.241000 36.186900 -8.108 -0.263 0.209 0.244 0.031268 20000 1.000000
239.233000 36.180500 -12.495 7.117 0.204 0.239 -0.010853 20000 1.000000
244.021000 36.632500 -4.846 -2.796 0.168 0.202 0.011780 20000 1.000000
239.649000 34.038300 -13.354 8.72 0.174 0.203 -0.059826 20000 1.000000
241.874000 34.136800 -12.87 6.062 0.17 0.197 0.008386 20000 1.000000
243.904000 40.148400 -5.898 -2.43 0.172 0.218 -0.088502 20000 1.000000
242.682000 33.918400 -10.98 5.176 0.172 0.197 -0.004691 20000 1.000000
239.566000 35.969500 -7.491 2.778 0.177 0.2 -0.058774 20000 1.000000
244.588000 40.710700 -5.262 -2.703 0.169 0.222 -0.027231 20000 1.000000
241.122000 34.295500 -12.69 7.024 0.189 0.215 -0.007879 20000 1.000000
243.352000 34.038500 -8.764 2.666 0.185 0.218 0.084034 20000 1.000000
242.790000 34.230800 -7.126 4.342 0.269 0.273 0.225799 20000 1.000000
245.381000 34.767700 -4.337 -1.528 0.186 0.217 -0.014672 20000 1.000000
240.859000 34.498700 -11.832 4.529 0.168 0.195 -0.018795 20000 1.000000
243.932000 34.141000 -5.202 -0.68 0.17 0.198 -0.004759 20000 1.000000
242.653000 33.240700 -12.979 5.916 0.19 0.207 -0.134188 20000 1.000000
244.082000 34.369900 -4.938 -2.096 0.172 0.202 -0.051294 20000 1.000000
243.695000 34.427700 -4.713 0.027 0.233 0.272 -0.041302 20000 1.000000
243.708000 34.533000 -5.216 -0.525 0.182 0.205 -0.035050 20000 1.000000
243.185000 34.674900 -7.48 0.783 0.181 0.21 0.061368 20000 1.000000
241.793000 34.128800 -12.226 5.542 0.169 0.197 -0.023611 20000 1.000000
240.647000 34.683400 -10.968 3.933 0.187 0.222 -0.043578 20000 1.000000
242.814000 39.521100 -5.333 -2.459 0.171 0.211 -0.025926 20000 1.000000
245.995000 32.722500 -5.296 -0.817 0.177 0.2 0.020518 20000 1.000000
244.721000 39.910200 -5.479 -2.526 0.184 0.216 -0.009243 20000 1.000000
245.543000 36.154200 -5.696 -2.245 0.171 0.202 -0.025048 20000 1.000000
245.180000 41.724200 -5.153 -2.348 0.17 0.216 -0.068252 20000 1.000000
242.670000 41.428700 -5.622 -3.488 0.194 0.243 -0.000343 20000 1.000000
242.935000 42.981700 -5.143 -2.517 0.163 0.213 -0.019214 20000 1.000000
235.925000 40.876300 -2.891 1.266 0.214 0.268 0.028670 20000 1.000000
236.274000 38.928300 -11.179 8.627 0.164 0.202 -0.024523 20000 1.000000
237.585000 40.997600 -8.155 -2.424 0.191 0.251 -0.101015 20000 1.000000
243.830000 32.616500 -13.164 6.823 0.17 0.194 -0.025979 20000 1.000000
238.997000 35.551800 -12.608 9.285 0.168 0.2 -0.005884 20000 1.000000
242.015000 39.305600 -5.319 -2.515 0.171 0.215 -0.053304 20000 1.000000
242.395000 39.287900 -5.109 -1.933 0.17 0.207 -0.033162 20000 1.000000
243.576000 39.500500 -5.294 -2.516 0.163 0.21 -0.000265 20000 1.000000
243.950000 39.546400 -5.5 -2.806 0.168 0.205 -0.000843 20000 1.000000
244.111000 39.374200 -5.548 -2.212 0.165 0.205 -0.001827 20000 1.000000
244.487000 39.536100 -5.295 -2.512 0.164 0.206 -0.021166 20000 1.000000
244.568000 39.388600 -4.811 -2.141 0.161 0.202 -0.018940 20000 1.000000
242.120000 40.433400 -5.829 -2.177 0.168 0.211 0.007769 20000 1.000000
245.308000 39.255200 -5.449 -2.097 0.169 0.206 0.029059 20000 1.000000
245.723000 39.119400 -5.95 -2.828 0.167 0.211 -0.016659 20000 1.000000
246.129000 39.067300 -5.605 -2.386 0.167 0.208 -0.040087 20000 1.000000
242.532000 40.320600 -5.46 -2.211 0.172 0.212 -0.060818 20000 1.000000
246.946000 40.494000 -5.798 -2.186 0.164 0.209 -0.001325 20000 1.000000
243.264000 40.495500 -5.611 -2.9 0.176 0.219 -0.058276 20000 1.000000
243.721000 40.363200 -5.555 -2.851 0.164 0.208 -0.000031 20000 1.000000
240.200000 39.572800 -6.043 -0.129 0.168 0.209 -0.030359 20000 1.000000
242.469000 36.614300 -5.611 -2.198 0.168 0.2 -0.024994 20000 1.000000
242.593000 36.804200 -4.999 -1.951 0.163 0.196 -0.017240 20000 1.000000
242.006000 36.606000 -5.102 -0.527 0.175 0.204 0.063045 20000 1.000000
242.296000 37.200800 -5.052 -1.276 0.168 0.202 -0.017307 20000 1.000000
240.463000 39.698400 -5.867 -1.651 0.175 0.216 -0.025244 20000 1.000000
240.694000 39.795600 -5.555 -3.052 0.185 0.237 0.011692 20000 1.000000
241.126000 39.838800 -6.198 -2.06 0.178 0.217 -0.059615 20000 1.000000
241.316000 39.888900 -5.471 -2.015 0.17 0.213 -0.029142 20000 1.000000
241.841000 39.212300 -5.774 -2.274 0.162 0.201 -0.016418 20000 1.000000
246.706000 41.856800 -5.559 -1.729 0.173 0.223 0.015205 20000 1.000000
246.958000 39.345100 -5.678 -2.423 0.169 0.208 -0.023074 20000 1.000000
246.988000 41.817300 -4.704 -2.338 0.166 0.212 -0.028733 20000 1.000000
246.722000 40.671300 -5.882 -2.363 0.17 0.214 -0.031433 20000 1.000000
240.400000 39.499200 -6.012 -1.133 0.182 0.215 0.029986 20000 1.000000
241.550000 39.133900 -5.374 -1.313 0.166 0.206 -0.008880 20000 1.000000
241.062000 39.268000 -5.445 -1.606 0.262 0.317 -0.026362 20000 1.000000
241.649000 39.454700 -6.106 -2.101 0.168 0.207 0.024441 20000 1.000000
241.995000 38.728800 -5.133 -2.154 0.167 0.205 -0.010011 20000 1.000000
241.070000 38.980900 -5.997 -1.356 0.163 0.208 -0.008632 20000 1.000000
240.541000 38.761400 -6.915 -0.606 0.179 0.215 -0.102387 20000 1.000000
240.523000 40.779800 -5.725 -2.453 0.184 0.221 0.056352 20000 1.000000
240.990000 40.242200 -5.781 -2.688 0.189 0.219 -0.092829 20000 1.000000
240.278000 39.908200 -6.356 -2.106 0.169 0.213 0.018944 20000 1.000000
239.307000 38.829200 -6.526 -0.291 0.187 0.211 0.078253 20000 1.000000
239.614000 39.046600 -6.293 -0.946 0.185 0.222 -0.069501 20000 1.000000
240.189000 39.123500 -7.768 -2.354 0.171 0.213 -0.079287 20000 1.000000
239.107000 39.466700 -6.88 -0.123 0.195 0.229 0.064579 20000 1.000000
240.376000 41.357700 -5.856 -2.539 0.166 0.212 -0.013619 20000 1.000000
239.716000 39.937400 -6.771 -1.22 0.161 0.202 -0.020995 20000 1.000000
239.194000 40.418600 -6.933 -2.8 0.204 0.249 -0.003948 20000 1.000000
239.923000 40.288900 -6.849 -2.45 0.168 0.211 -0.006749 20000 1.000000
235.692000 40.247500 -9.994 8.281 0.163 0.206 -0.019793 20000 1.000000
235.867000 40.551300 -4.218 3.052 0.17 0.213 -0.027833 20000 1.000000
235.787000 40.637400 -2.732 3.629 0.193 0.241 0.005634 20000 1.000000
235.943000 40.219600 -8.828 3.282 0.169 0.213 -0.001092 20000 1.000000
236.307000 40.119300 -8.992 1.444 0.177 0.227 0.019593 20000 1.000000
238.207000 36.485500 -12.643 6.829 0.163 0.196 -0.021735 20000 1.000000
238.710000 35.945700 -13.072 8.328 0.171 0.203 0.029572 20000 1.000000
238.949000 36.302100 -12.89 7.547 0.167 0.201 -0.005003 20000 1.000000
238.865000 36.425900 -13.067 8.282 0.171 0.205 0.015783 20000 1.000000
237.668000 37.534500 -11.988 5.973 0.203 0.216 -0.107929 20000 1.000000
237.623000 37.914500 -9.936 4.258 0.173 0.211 -0.012765 20000 1.000000
236.819000 38.495000 -10.283 7.795 0.169 0.21 -0.079198 20000 1.000000
236.652000 38.987400 -9.26 4.654 0.177 0.213 0.056192 20000 1.000000
236.796000 39.242000 -9.845 2.67 0.167 0.207 -0.013843 20000 1.000000
236.368000 42.275400 -3.201 0.17 0.281 0.355 -0.012227 20000 1.000000
236.895000 39.319700 -9.376 1.636 0.185 0.227 0.010349 20000 1.000000
237.041000 38.664700 -9.759 4.054 0.203 0.259 0.071995 20000 1.000000
237.233000 38.428600 -8.814 5.641 0.168 0.209 -0.007422 20000 1.000000
237.548000 38.239800 -8.921 3.951 0.17 0.21 -0.018183 20000 1.000000
237.083000 38.866100 -8.641 1.213 0.162 0.202 -0.021735 20000 1.000000
237.037000 39.398100 -11.192 -2.498 0.208 0.245 -0.078630 20000 1.000000
237.424000 38.777800 -7.53 1.153 0.171 0.222 -0.055882 20000 1.000000
237.281000 39.260000 -5.56 -1.186 0.167 0.206 0.021746 20000 1.000000
237.696000 39.109300 -6.807 -2.349 0.173 0.213 -0.023475 20000 1.000000
237.873000 37.069200 -12.02 8.569 0.202 0.236 0.165394 20000 1.000000
238.137000 36.962000 -11.919 7.499 0.195 0.219 -0.048528 20000 1.000000
238.009000 37.201700 -12.262 6.042 0.195 0.227 -0.089630 20000 1.000000
238.203000 37.001000 -11.645 6.919 0.253 0.273 0.071000 20000 1.000000
238.274000 37.002400 -10.684 6.568 0.18 0.221 0.005607 20000 1.000000
238.349000 37.104500 -10.514 4.722 0.206 0.225 -0.133572 20000 1.000000
238.286000 37.203500 -10.047 5.357 0.175 0.206 0.039602 20000 1.000000
237.786000 37.329900 -11.586 4.488 0.165 0.2 -0.006300 20000 1.000000
237.901000 37.336900 -11.62 5.941 0.171 0.215 -0.028906 20000 1.000000
237.900000 37.722000 -8.477 3.148 0.165 0.2 -0.024310 20000 1.000000
237.781000 37.863900 -5.977 5.023 0.172 0.214 -0.021798 20000 1.000000
237.942000 37.713900 -7.97 1.447 0.186 0.223 -0.084460 20000 1.000000
238.174000 37.336800 -7.638 6.216 0.17 0.209 -0.011079 20000 1.000000
238.210000 37.533000 -7.138 0.908 0.166 0.201 -0.009367 20000 1.000000
238.313000 37.601800 -8.162 0.194 0.172 0.205 0.027506 20000 1.000000
238.022000 37.749400 -9.355 2.214 0.168 0.203 -0.025223 20000 1.000000
238.214000 37.819000 -7.33 0.552 0.172 0.205 -0.015017 20000 1.000000
238.095000 36.621700 -13.25 8.506 0.168 0.202 -0.029413 20000 1.000000
238.421000 36.724000 -12.644 9.421 0.167 0.201 -0.027887 20000 1.000000
238.580000 36.800400 -9.547 4.977 0.166 0.199 -0.028455 20000 1.000000
238.409000 36.858500 -12.119 8.02 0.167 0.201 -0.033146 20000 1.000000
238.459000 36.814300 -12.688 7.179 0.17 0.201 -0.013348 20000 1.000000
238.445000 36.903500 -10.836 5.04 0.17 0.201 -0.034527 20000 1.000000
238.613000 36.637000 -12.559 8.435 0.177 0.211 -0.077711 20000 1.000000
238.458000 37.007800 -10.542 5.293 0.22 0.271 -0.005201 20000 1.000000
238.426000 37.213000 -7.466 0.679 0.168 0.2 -0.012804 20000 1.000000
238.665000 36.918200 -7.499 0.188 0.165 0.199 -0.015305 20000 1.000000
238.645000 37.010800 -7.807 0.102 0.176 0.214 -0.053393 20000 1.000000
240.294000 37.713100 -6.988 2.164 0.173 0.21 -0.035345 20000 1.000000
238.812000 36.559500 -13.004 7.999 0.164 0.197 -0.024636 20000 1.000000
238.131000 37.975600 -8.072 0.307 0.167 0.204 -0.004736 20000 1.000000
238.936000 36.611600 -5.19 1.407 0.163 0.196 -0.021575 20000 1.000000
238.732000 36.950000 -7.648 0.132 0.167 0.201 0.003951 20000 1.000000
238.652000 36.811400 -7.942 0.814 0.168 0.203 -0.030658 20000 1.000000
238.942000 37.169600 -7.225 -0.559 0.173 0.208 0.000964 20000 1.000000
238.347000 37.478400 -7.374 0.572 0.184 0.221 -0.014122 20000 1.000000
238.531000 37.489600 -8.952 0.963 0.164 0.199 -0.024846 20000 1.000000
238.675000 37.581900 -8.054 -1.127 0.17 0.208 -0.030795 20000 1.000000
238.395000 37.932000 -7.024 -0.535 0.167 0.204 -0.021086 20000 1.000000
238.536000 37.755300 -7.597 0.434 0.167 0.203 -0.022832 20000 1.000000
238.717000 37.385400 -8.717 -0.904 0.17 0.211 -0.021227 20000 1.000000
237.782000 38.153000 -6.949 0.503 0.165 0.202 -0.040734 20000 1.000000
237.904000 38.025100 -8.476 2.327 0.172 0.212 -0.079786 20000 1.000000
237.805000 38.444200 -8.162 -0.49 0.176 0.226 -0.016566 20000 1.000000
237.645000 38.999500 -5.8 -2.297 0.202 0.221 0.058321 20000 1.000000
238.905000 38.645300 -7.384 -1.398 0.165 0.203 -0.013452 20000 1.000000
239.652000 35.544100 -13.655 6.664 0.18 0.212 -0.025763 20000 1.000000
239.611000 35.841100 -9.958 6.528 0.176 0.206 -0.046432 20000 1.000000
239.655000 35.837800 -9.22 3.534 0.171 0.207 -0.027768 20000 1.000000
239.715000 35.806700 -8.998 3.05 0.183 0.215 -0.032133 20000 1.000000
239.093000 35.933300 -12.596 7.875 0.166 0.199 -0.016419 20000 1.000000
239.019000 36.417200 -7.076 -0.06 0.187 0.223 -0.008757 20000 1.000000
239.147000 36.515900 -7.281 0.187 0.174 0.21 -0.035526 20000 1.000000
239.302000 36.024800 -13.061 7.973 0.167 0.206 -0.018519 20000 1.000000
239.121000 36.140200 -13.615 7.28 0.168 0.199 -0.024985 20000 1.000000
239.251000 36.106800 -13.058 7.928 0.163 0.195 -0.018071 20000 1.000000
239.272000 36.178900 -7.117 1.028 0.164 0.195 -0.020755 20000 1.000000
239.355000 35.922800 -12.054 7.494 0.166 0.197 -0.030330 20000 1.000000
239.525000 36.007500 -3.588 5.233 0.192 0.215 -0.022734 20000 1.000000
239.457000 36.089400 -8.491 4.74 0.165 0.197 -0.017331 20000 1.000000
239.560000 36.123200 -7.683 1.701 0.165 0.197 -0.019457 20000 1.000000
239.158000 35.697100 -12.827 7.42 0.171 0.197 0.021921 20000 1.000000
239.637000 36.051700 -7.363 1.029 0.169 0.197 -0.019188 20000 1.000000
239.448000 35.974100 -8.734 5.884 0.194 0.221 -0.068228 20000 1.000000
239.706000 36.015800 -7.649 0.635 0.167 0.199 -0.029960 20000 1.000000
239.723000 36.304400 -8.707 2.42 0.17 0.204 -0.030879 20000 1.000000
239.257000 36.806300 -7.343 -0.483 0.167 0.202 -0.014274 20000 1.000000
239.803000 37.352200 -7.105 -0.309 0.178 0.217 -0.019656 20000 1.000000
239.356000 37.795200 -5.327 1.552 0.178 0.209 -0.013386 20000 1.000000
240.160000 37.901100 -8.441 -2.331 0.188 0.213 -0.117876 20000 1.000000
239.049000 38.090000 -6.143 -1.19 0.169 0.207 -0.021940 20000 1.000000
239.666000 38.735600 -6.194 -1.318 0.187 0.212 0.028313 20000 1.000000
241.480000 37.177600 -7.585 1.171 0.165 0.198 -0.013127 20000 1.000000
236.283000 39.863600 -10.307 3.209 0.206 0.254 -0.103696 20000 1.000000
236.448000 39.905700 -10.563 0.651 0.195 0.251 -0.063525 20000 1.000000
236.628000 39.452400 -10.149 1.419 0.167 0.211 -0.004358 20000 1.000000
236.705000 39.707100 -10.168 0.004 0.179 0.221 -0.074643 20000 1.000000
236.813000 39.492800 -10.168 0.331 0.221 0.324 0.031088 20000 1.000000
236.817000 39.962100 -8.727 -1.785 0.183 0.231 -0.062666 20000 1.000000
236.344000 40.256800 -8.187 0.579 0.167 0.211 -0.003312 20000 1.000000
236.301000 40.575300 -6.604 -0.387 0.176 0.22 0.062029 20000 1.000000
236.427000 40.478900 -6.293 -2.026 0.202 0.255 0.182750 20000 1.000000
236.548000 40.082200 -9.074 -0.275 0.163 0.205 -0.012795 20000 1.000000
236.864000 40.324100 -7.988 -1.513 0.163 0.206 -0.022302 20000 1.000000
236.676000 40.732900 -8.582 -1.841 0.165 0.209 -0.043918 20000 1.000000
236.826000 40.546700 -7.57 -2.059 0.167 0.214 -0.034669 20000 1.000000
237.024000 39.621400 -6.713 -1.372 0.177 0.21 0.036542 20000 1.000000
237.264000 39.493600 -5.037 0.053 0.271 0.336 -0.034971 20000 1.000000
237.126000 39.726200 -6.158 -3.426 0.167 0.211 0.021608 20000 1.000000
237.077000 40.747600 -8.027 -2.149 0.19 0.24 -0.030475 20000 1.000000
237.332000 40.034100 -6.909 -2.238 0.169 0.21 -0.031209 20000 1.000000
237.393000 40.650700 -7.94 -3.998 0.173 0.221 -0.061879 20000 1.000000
236.666000 40.887100 -6.961 -2.4 0.162 0.206 -0.017403 20000 1.000000
237.729000 40.271200 -8.301 -2.291 0.179 0.22 -0.086398 20000 1.000000
239.132000 39.794700 -5.951 -0.873 0.165 0.211 -0.053198 20000 1.000000
239.052000 41.183300 -5.115 -1.958 0.254 0.329 -0.043635 20000 1.000000
237.681000 40.731100 -7.991 -3.049 0.197 0.227 0.021725 20000 1.000000
235.774000 42.209100 -1.475 -1.773 0.171 0.213 -0.009204 20000 1.000000
235.946000 42.860100 -5.795 -2.982 0.189 0.24 0.044928 20000 1.000000
236.617000 42.503500 -4.185 -3.868 0.168 0.216 -0.013597 20000 1.000000
237.344000 42.191000 -7.684 -3.924 0.171 0.223 -0.047698 20000 1.000000
238.220000 42.259700 -4.609 -1.966 0.166 0.21 -0.025830 20000 1.000000
239.622000 42.468800 -5.696 -3.839 0.168 0.22 -0.048202 20000 1.000000
243.371000 36.071300 -5.482 -1.81 0.176 0.212 0.036020 20000 1.000000
242.835000 36.022500 -4.972 -1.018 0.176 0.201 -0.026559 20000 1.000000
242.590000 36.159000 -6.199 -1.061 0.204 0.236 0.014458 20000 1.000000
241.868000 36.466800 -6.105 -0.113 0.189 0.232 -0.204012 20000 1.000000
242.211000 36.531200 -5.734 -0.756 0.163 0.198 -0.019714 20000 1.000000
241.909000 36.570200 -6.405 -1.055 0.189 0.213 -0.085242 20000 1.000000
241.882000 36.975700 -5.186 -1.092 0.164 0.199 -0.010707 20000 1.000000
242.064000 37.231400 -5.457 -2.019 0.171 0.203 0.023919 20000 1.000000
242.606000 34.462400 -8.105 2.859 0.181 0.205 -0.019258 20000 1.000000
242.459000 33.562100 -12.478 7.098 0.177 0.201 0.003476 20000 1.000000
242.895000 32.889200 -12.511 8.123 0.172 0.195 -0.027831 20000 1.000000
243.050000 32.733800 -13.471 6.857 0.167 0.19 -0.022836 20000 1.000000
242.756000 32.666400 -13.19 7.665 0.184 0.2 0.065783 20000 1.000000
242.810000 33.439600 -11.993 6.689 0.167 0.193 -0.016931 20000 1.000000
242.928000 33.235700 -12.556 6.701 0.179 0.197 0.016275 20000 1.000000
243.217000 33.493300 -11.865 5.184 0.169 0.194 -0.017573 20000 1.000000
243.651000 32.976000 -12.174 5.968 0.172 0.197 -0.017460 20000 1.000000
243.989000 32.822200 -11.086 6.052 0.172 0.195 -0.054605 20000 1.000000
243.329000 33.240200 -12.405 5.831 0.177 0.201 -0.019314 20000 1.000000
243.431000 33.059200 -12.747 7.199 0.168 0.191 -0.023481 20000 1.000000
243.379000 33.375600 -11.927 6.014 0.172 0.197 0.014259 20000 1.000000
243.591000 33.210200 -12.769 4.92 0.183 0.211 -0.004357 20000 1.000000
243.817000 33.213500 -11.011 4.579 0.169 0.194 -0.020600 20000 1.000000
243.921000 33.201000 -10.426 3.502 0.17 0.194 -0.014887 20000 1.000000
243.888000 33.296200 -9.548 3.338 0.173 0.199 -0.072739 20000 1.000000
243.574000 33.523500 -9.335 3.502 0.18 0.201 0.046124 20000 1.000000
243.773000 33.574700 -8.529 2.933 0.177 0.211 0.003357 20000 1.000000
244.031000 32.887000 -12.16 5.771 0.172 0.196 -0.015522 20000 1.000000
244.175000 32.954700 -10.605 5.191 0.213 0.231 -0.010836 20000 1.000000
244.268000 32.759700 -10.15 5.161 0.175 0.201 -0.005883 20000 1.000000
244.423000 32.834700 -8.71 3.969 0.177 0.2 -0.017596 20000 1.000000
244.430000 32.898400 -7.513 3.54 0.176 0.199 -0.003497 20000 1.000000
244.700000 32.690000 -5.45 -0.22 0.17 0.194 -0.027238 20000 1.000000
244.602000 32.875800 -4.378 -1.163 0.178 0.204 -0.001332 20000 1.000000
244.578000 32.982500 -5.21 -1.316 0.175 0.204 0.000927 20000 1.000000
244.280000 32.948900 -9.113 3.701 0.174 0.198 -0.018318 20000 1.000000
244.234000 33.516400 -6.251 0.295 0.178 0.203 0.032330 20000 1.000000
244.313000 33.423900 -4.693 -1.217 0.195 0.219 0.021972 20000 1.000000
244.571000 33.247800 -4.939 -1.57 0.173 0.198 -0.026037 20000 1.000000
244.657000 33.143600 -4.582 -1.844 0.177 0.203 -0.069969 20000 1.000000
244.704000 33.886900 -4.451 -1.25 0.179 0.201 -0.014525 20000 1.000000
240.305000 37.562600 -7.49 -1.319 0.185 0.207 0.086427 20000 1.000000
239.350000 34.907300 -13.671 8.656 0.178 0.206 -0.010597 20000 1.000000
239.590000 35.010700 -10.695 7.587 0.173 0.202 -0.025291 20000 1.000000
239.760000 34.870600 -14.137 7.922 0.168 0.195 0.005651 20000 1.000000
239.617000 35.106200 -12.909 7.888 0.176 0.203 0.051487 20000 1.000000
241.822000 34.376400 -11.547 4.529 0.17 0.199 -0.009580 20000 1.000000
239.925000 35.020000 -10.935 5.375 0.164 0.193 -0.018356 20000 1.000000
240.208000 34.507800 -10.292 6.138 0.172 0.194 -0.020105 20000 1.000000
240.384000 34.630500 -13.892 6.799 0.164 0.192 -0.015649 20000 1.000000
240.185000 34.888600 -11.074 6.279 0.164 0.192 -0.013803 20000 1.000000
240.464000 35.086600 -8.273 3.362 0.167 0.197 -0.001812 20000 1.000000
239.192000 35.425800 -12.366 9.382 0.167 0.197 -0.034978 20000 1.000000
239.455000 35.327800 -12.881 7.979 0.17 0.202 0.031710 20000 1.000000
239.646000 35.440500 -12.356 6.328 0.175 0.205 -0.036577 20000 1.000000
239.520000 35.624800 -12.121 5.872 0.167 0.199 -0.006449 20000 1.000000
239.463000 35.792700 -11.857 7.385 0.18 0.216 0.022470 20000 1.000000
239.733000 35.633800 -11.148 5.265 0.173 0.199 0.012974 20000 1.000000
239.629000 35.747900 -12.299 6.002 0.172 0.202 -0.004821 20000 1.000000
237.762000 37.061200 -10.676 8.102 0.167 0.202 -0.008708 20000 1.000000
239.899000 35.235100 -12.37 6.351 0.192 0.215 0.034736 20000 1.000000
239.975000 35.279800 -11.913 5.536 0.173 0.209 -0.046679 20000 1.000000
240.065000 35.316800 -10.98 5.151 0.168 0.199 -0.017127 20000 1.000000
239.887000 35.534200 -8.926 3.933 0.176 0.21 -0.019758 20000 1.000000
239.818000 35.702700 -9.414 3.376 0.167 0.197 -0.014011 20000 1.000000
239.869000 35.801300 -7.814 1.839 0.175 0.202 -0.001426 20000 1.000000
239.999000 35.686700 -8.101 2.452 0.173 0.201 -0.070984 20000 1.000000
239.707000 35.688900 -10.984 4.724 0.167 0.198 -0.031533 20000 1.000000
240.287000 35.319000 -9.286 2.866 0.179 0.212 -0.035585 20000 1.000000
240.091000 35.934700 -6.797 0.815 0.168 0.197 -0.011936 20000 1.000000
240.496000 34.466800 -13.639 5.995 0.165 0.192 -0.017410 20000 1.000000
240.674000 34.599600 -12.635 5.483 0.173 0.206 0.054226 20000 1.000000
240.885000 34.660100 -12.008 4.542 0.174 0.2 0.041782 20000 1.000000
240.845000 34.856200 -11.269 2.804 0.248 0.329 -0.112154 20000 1.000000
239.755000 35.686700 -10.254 3.922 0.169 0.198 -0.025695 20000 1.000000
241.121000 34.835100 -9.856 3.302 0.168 0.196 -0.005612 20000 1.000000
241.152000 34.792300 -10.686 2.917 0.173 0.206 -0.013664 20000 1.000000
241.331000 34.695000 -10.917 6.761 0.174 0.204 0.038514 20000 1.000000
241.454000 34.771100 -8.822 3.092 0.17 0.2 -0.013537 20000 1.000000
241.344000 34.944400 -8.135 1.56 0.175 0.206 -0.064960 20000 1.000000
241.388000 35.138600 -6.562 1.819 0.168 0.197 -0.041421 20000 1.000000
241.459000 34.821800 -8.681 1.267 0.177 0.203 -0.023269 20000 1.000000
241.811000 34.982100 -7.444 1.567 0.168 0.196 -0.017023 20000 1.000000
241.876000 35.378000 -5.569 1.179 0.17 0.198 -0.030829 20000 1.000000
241.740000 35.667300 -6.539 1.032 0.175 0.202 -0.009617 20000 1.000000
241.233000 36.231400 -7.361 0.511 0.173 0.2 0.042180 20000 1.000000
241.045000 36.585500 -6.304 -0.141 0.165 0.199 -0.018057 20000 1.000000
241.740000 36.093100 -6.023 -0.084 0.169 0.198 -0.018415 20000 1.000000
241.994000 35.038800 -7.141 1.812 0.169 0.197 -0.009805 20000 1.000000
242.271000 34.509700 -8.697 2.992 0.17 0.198 -0.021628 20000 1.000000
242.451000 34.634300 -7.368 2.29 0.168 0.197 -0.024212 20000 1.000000
242.457000 34.987000 -6.482 1.71 0.172 0.201 0.018621 20000 1.000000
243.048000 33.892600 -8.89 4.117 0.167 0.193 -0.020235 20000 1.000000
243.454000 34.019300 -6.991 2.533 0.168 0.195 -0.028156 20000 1.000000
242.719000 34.534800 -7.714 2.548 0.194 0.208 -0.123811 20000 1.000000
241.969000 34.332200 -10.391 4.06 0.219 0.256 -0.005593 20000 1.000000
242.635000 35.116800 -6.412 1.011 0.18 0.208 -0.031220 20000 1.000000
241.983000 35.152400 -6.606 1.801 0.168 0.198 -0.022311 20000 1.000000
242.697000 35.238500 -5.774 0.66 0.171 0.198 -0.009184 20000 1.000000
242.795000 35.387900 -5.729 0.584 0.165 0.195 -0.008661 20000 1.000000
242.610000 35.896700 -6.712 0.202 0.182 0.216 -0.048119 20000 1.000000
242.597000 35.697600 -6.54 -0.334 0.168 0.198 -0.015672 20000 1.000000
243.111000 35.998200 -5.051 -2.21 0.178 0.202 -0.029573 20000 1.000000
243.112000 35.710600 -5.289 -0.445 0.166 0.198 -0.008511 20000 1.000000
243.290000 34.192500 -7.44 2.676 0.171 0.196 -0.027477 20000 1.000000
243.463000 34.217200 -6.206 1.606 0.172 0.197 -0.001165 20000 1.000000
243.788000 33.865800 -6.675 2.097 0.167 0.194 -0.004600 20000 1.000000
243.920000 33.959300 -6.459 -0.163 0.17 0.195 -0.016318 20000 1.000000
239.772000 35.729200 -9.115 3.232 0.17 0.199 -0.000437 20000 1.000000
243.971000 34.716900 -5.194 -1.865 0.176 0.203 -0.050574 20000 1.000000
243.329000 34.936800 -5.407 -0.038 0.172 0.202 -0.004292 20000 1.000000
242.063000 34.341100 -10.498 3.758 0.183 0.218 -0.019322 20000 1.000000
243.120000 34.462100 -7.086 1.665 0.168 0.196 -0.021303 20000 1.000000
244.179000 33.741000 -5.519 -0.88 0.182 0.209 -0.008396 20000 1.000000
244.236000 34.425700 -4.548 -1.914 0.205 0.219 0.019834 20000 1.000000
244.350000 35.204800 -4.816 -2.292 0.174 0.202 -0.045340 20000 1.000000
242.685000 34.187400 -9.107 4.091 0.17 0.199 0.018618 20000 1.000000
242.950000 34.196200 -7.357 2.748 0.204 0.206 0.062546 20000 1.000000
244.750000 34.731800 -4.73 -2.051 0.212 0.245 -0.030458 20000 1.000000
243.237000 35.204600 -5.098 -0.242 0.168 0.196 -0.008247 20000 1.000000
242.107000 35.424600 -5.622 1.292 0.17 0.2 -0.016408 20000 1.000000
243.428000 35.320600 -4.948 -1.052 0.17 0.202 -0.024643 20000 1.000000
243.896000 35.141900 -5.366 -2.143 0.18 0.202 -0.051029 20000 1.000000
243.878000 35.526000 -5.363 -2.073 0.17 0.2 -0.027977 20000 1.000000
243.855000 35.785400 -4.695 -1.498 0.168 0.2 -0.030734 20000 1.000000
244.456000 35.472800 -5.311 -1.725 0.168 0.202 -0.010756 20000 1.000000
244.634000 35.163000 -5.252 -1.519 0.181 0.213 -0.027268 20000 1.000000
245.401000 34.188900 -4.484 -1.931 0.173 0.202 -0.010712 20000 1.000000
245.035000 34.844400 -5.158 -1.54 0.174 0.201 -0.032128 20000 1.000000
244.762000 35.291100 -5.111 -1.195 0.17 0.201 -0.018926 20000 1.000000
241.621000 37.973100 -6.01 -0.829 0.171 0.209 -0.043831 20000 1.000000
241.000000 37.613000 -8.894 -4.462 0.17 0.204 -0.051894 20000 1.000000
241.084000 37.605300 -6.873 -1.466 0.174 0.221 -0.037594 20000 1.000000
240.914000 37.785700 -7.696 0.055 0.204 0.231 -0.135165 20000 1.000000
240.967000 37.913500 -7.524 0.227 0.164 0.201 -0.015887 20000 1.000000
240.974000 37.696600 -6.779 1.047 0.198 0.222 0.105394 20000 1.000000
240.862000 37.839300 -7.239 1.152 0.179 0.211 0.008704 20000 1.000000
240.853000 37.962800 -8.211 -1.021 0.167 0.201 -0.024932 20000 1.000000
240.916000 37.914100 -8.185 -0.458 0.167 0.202 -0.019648 20000 1.000000
241.056000 37.734300 -7.789 0.32 0.166 0.202 -0.018849 20000 1.000000
241.131000 37.654600 -4.837 -2.257 0.167 0.205 -0.026418 20000 1.000000
241.040000 37.891700 -5.587 1.234 0.175 0.206 -0.020123 20000 1.000000
241.148000 37.878200 -5.608 1.206 0.167 0.202 -0.032509 20000 1.000000
241.183000 37.591400 -7.344 -2.702 0.171 0.217 0.049903 20000 1.000000
241.302000 37.561600 -6.487 -2.054 0.18 0.237 -0.020181 20000 1.000000
241.316000 37.495400 -7.19 -1.192 0.163 0.198 -0.017051 20000 1.000000
241.406000 37.541300 -6.563 -0.638 0.167 0.203 -0.018387 20000 1.000000
241.180000 37.677000 -4.136 -0.833 0.166 0.203 -0.018173 20000 1.000000
241.232000 37.754400 -4.768 0.474 0.173 0.217 0.017784 20000 1.000000
240.981000 37.800000 -8.089 0.188 0.168 0.204 0.012425 20000 1.000000
241.264000 37.903500 -5.991 -0.172 0.171 0.208 -0.032105 20000 1.000000
241.445000 37.891300 -4.908 -0.366 0.177 0.206 0.050632 20000 1.000000
241.762000 37.589200 -5.116 -1.072 0.165 0.201 -0.017938 20000 1.000000
241.528000 37.737500 -4.581 -1.005 0.351 0.378 -0.043001 20000 1.000000
240.850000 38.057900 -6.303 -0.377 0.179 0.214 -0.014754 20000 1.000000
237.804000 41.344800 -6.92 -1.051 0.175 0.226 0.030778 20000 1.000000
237.706000 41.381200 -7.346 -1.848 0.178 0.216 0.041448 20000 1.000000
237.809000 41.479200 -6.463 -4.777 0.166 0.224 -0.062821 20000 1.000000
237.687000 41.463600 -7.186 -2.754 0.168 0.225 -0.056560 20000 1.000000
237.847000 41.531900 -7.54 -2.615 0.201 0.232 0.033631 20000 1.000000
238.493000 41.711600 -6.827 -3.509 0.164 0.212 -0.019284 20000 1.000000
246.132000 42.878900 -5.088 -3.416 0.163 0.215 -0.030233 20000 1.000000
241.275000 37.380400 -6.974 0.249 0.23 0.248 0.109860 20000 1.000000
241.439000 37.439500 -6.316 -0.147 0.179 0.212 -0.017862 20000 1.000000
240.254000 37.088900 -7.301 0.211 0.169 0.203 0.024325 20000 1.000000
241.853000 37.280500 -5.148 -1.027 0.171 0.208 -0.011359 20000 1.000000
239.172000 41.359200 -6.065 -2.789 0.195 0.245 -0.068211 20000 1.000000
239.527000 41.332500 -5.658 -1.852 0.169 0.214 -0.016838 20000 1.000000
235.587000 42.442000 -3.12 0.173 0.17 0.222 -0.077120 20000 1.000000
235.707000 42.076600 -4.471 -1.313 0.175 0.217 -0.001367 20000 1.000000
238.120000 42.579800 -5.275 -2.509 0.168 0.214 -0.036591 20000 1.000000
237.390000 42.727100 -7.376 -2.024 0.184 0.223 0.094932 20000 1.000000
240.341000 42.546100 -5.324 -3.018 0.166 0.217 -0.027291 20000 1.000000
242.275000 42.020200 -5.041 -2.8 0.167 0.215 -0.019841 20000 1.000000
243.404000 33.598200 -9.569 4.509 0.252 0.286 -0.192078 20000 1.000000
243.397000 33.495500 -10.849 4.17 0.174 0.201 -0.010929 20000 1.000000
244.492000 32.829400 -6.464 4.887 0.173 0.195 -0.020998 20000 1.000000
239.784000 35.693800 -9.899 4.468 0.19 0.217 0.041823 20000 1.000000
237.579000 41.830800 -7.353 -1.936 0.173 0.222 0.016715 20000 1.000000
236.019000 41.845500 -5.302 -1.138 0.186 0.267 -0.076973 20000 1.000000
238.521000 36.744300 -12.033 9.298 0.18 0.211 0.026419 20000 1.000000
239.528000 35.946600 -8.267 2.566 0.186 0.213 0.044947 20000 1.000000
239.485000 35.929100 -11.703 5.992 0.219 0.27 -0.001988 20000 1.000000
236.427000 40.478800 -6.436 -2.284 0.199 0.252 0.169890 20000 1.000000
237.036000 39.845700 -7.795 -1.67 0.163 0.206 -0.044215 20000 1.000000
243.852000 34.508100 -5.149 -1.153 0.175 0.203 -0.019783 20000 1.000000
245.241000 32.497900 -4.099 -0.862 0.179 0.197 -0.014963 20000 1.000000
243.407000 33.537300 -10.76 4.578 0.181 0.211 0.047945 20000 1.000000
241.651000 34.021700 -12.577 7.355 0.177 0.214 -0.009920 20000 1.000000
241.379000 34.836000 -8.765 3.017 0.171 0.2 -0.018155 20000 1.000000
241.983000 35.152400 -6.326 1.539 0.17 0.201 -0.018397 20000 1.000000
241.983000 35.152500 -6.361 1.553 0.171 0.201 -0.011347 20000 1.000000
242.968000 33.389000 -13.197 6.88 0.175 0.202 0.024900 20000 1.000000
243.936000 31.559100 -15.344 7.59 0.175 0.193 0.046472 20000 1.000000
238.728000 35.709000 -13.499 8.683 0.185 0.219 -0.037689 20000 1.000000
242.077000 34.508200 -9.052 3.846 0.175 0.204 -0.011986 20000 1.000000
244.450000 32.490100 -10.783 5.803 0.173 0.204 -0.049059 20000 1.000000
242.305000 34.925400 -6.855 2.004 0.173 0.202 -0.043344 20000 1.000000
243.076000 33.687100 -10.856 6.463 0.165 0.191 -0.017447 20000 1.000000
239.522000 35.919900 -9.98 5.653 0.172 0.205 0.012879 20000 1.000000
242.818000 33.835700 -11.02 5.327 0.189 0.21 -0.016539 20000 1.000000
242.193000 34.091800 -11.35 4.809 0.172 0.21 -0.014753 20000 1.000000
244.543000 32.377900 -10.963 7.258 0.167 0.189 -0.024054 20000 1.000000
241.596000 33.743300 -13.51 8.082 0.175 0.205 -0.051461 20000 1.000000
241.628000 33.779500 -12.801 7.317 0.201 0.222 0.047605 20000 1.000000
238.863000 36.161100 -13.115 7.609 0.175 0.204 0.010481 20000 1.000000
241.755000 34.628700 -8.78 3.899 0.191 0.224 -0.053097 20000 1.000000
239.056000 39.974600 -5.735 -1.029 0.186 0.231 -0.058547 20000 1.000000
243.849000 34.683200 -4.972 -1.72 0.167 0.196 -0.016131 20000 1.000000
242.317000 35.338700 -6.364 1.182 0.169 0.198 -0.011948 20000 1.000000
240.280000 34.500000 -13.856 6.119 0.171 0.2 -0.020462 20000 1.000000
243.375000 34.643900 -5.966 0.449 0.173 0.197 -0.048542 20000 1.000000
241.974000 34.019100 -11.975 4.628 0.191 0.22 -0.055640 20000 1.000000
242.391000 33.674100 -15.856 6.056 0.178 0.204 0.006418 20000 1.000000
242.445000 33.485800 -12.264 6.973 0.187 0.213 0.034241 20000 1.000000
239.475000 35.900000 -1.298 3.88 0.178 0.216 -0.040662 20000 1.000000
241.807000 34.875100 -7.295 2.474 0.179 0.208 0.003579 20000 1.000000
240.816000 34.541500 -11.741 4.264 0.187 0.217 0.054444 20000 1.000000
244.877000 40.617200 -6.227 -2.045 0.169 0.219 -0.002311 20000 1.000000
238.442000 37.666500 -7.708 0.059 0.168 0.203 -0.025993 20000 1.000000
241.245000 34.459800 -12.231 4.787 0.189 0.222 -0.035160 20000 1.000000
239.775000 40.591700 -6.224 -1.67 0.172 0.22 -0.053639 20000 1.000000
240.984000 41.868400 -5.6 -2.539 0.18 0.229 0.051917 20000 1.000000
243.701000 35.971300 -4.734 -1.586 0.178 0.205 -0.066998 20000 1.000000
241.521000 34.438600 -11.28 4.324 0.205 0.232 -0.064851 20000 1.000000
243.746000 33.192600 -10.977 5.252 0.17 0.196 -0.025656 20000 1.000000
244.022000 33.292200 -8.337 2.74 0.173 0.196 -0.011918 20000 1.000000
240.476000 33.247900 -13.012 8.173 0.177 0.215 -0.045058 20000 1.000000
240.936000 34.319900 -12.515 6.692 0.168 0.196 -0.010323 20000 1.000000
241.354000 34.059300 -12.651 7.922 0.174 0.198 -0.060140 20000 1.000000
242.151000 33.992700 -11.724 4.76 0.179 0.205 -0.005371 20000 1.000000
239.935000 34.004300 -13.464 8.374 0.178 0.202 -0.037826 20000 1.000000
239.930000 34.607300 -14.962 7.937 0.174 0.216 -0.044298 20000 1.000000
239.640000 35.917400 -4.5 5.069 0.197 0.218 0.063248 20000 1.000000
241.585000 35.158200 -7.966 1.611 0.167 0.197 -0.015895 20000 1.000000
243.923000 33.650600 -8.055 0.638 0.173 0.201 0.011692 20000 1.000000
242.233000 33.549600 -13.406 7.717 0.198 0.211 -0.029794 20000 1.000000
243.770000 36.934800 -5.967 -2.795 0.169 0.204 -0.003636 20000 1.000000
239.867000 34.483500 -13.373 10.053 0.174 0.206 -0.027346 20000 1.000000
243.839000 33.641200 -8.51 1.068 0.189 0.213 -0.006042 20000 1.000000
246.368000 31.335500 -4.132 -0.47 0.172 0.19 -0.033475 20000 1.000000
242.951000 39.542200 -5.752 -2.524 0.173 0.208 0.057578 20000 1.000000
242.816000 38.097200 -5.311 -2.702 0.165 0.202 -0.026092 20000 1.000000
241.669000 33.797800 -12.418 6.893 0.179 0.206 -0.021374 20000 1.000000
241.163000 34.248000 -12.726 7.093 0.174 0.201 0.031791 20000 1.000000
241.771000 34.878900 -6.995 2.942 0.178 0.211 -0.083027 20000 1.000000
235.849000 41.053900 -2.941 1.108 0.172 0.216 -0.035606 20000 1.000000
241.198000 39.627100 -6.222 -1.224 0.175 0.216 -0.014075 20000 1.000000
241.723000 34.019500 -9.981 9.961 0.168 0.195 -0.019069 20000 1.000000
243.915000 33.030100 -11.53 5.366 0.169 0.194 -0.019159 20000 1.000000
238.053000 38.394500 -7.874 -1.349 0.169 0.208 -0.030099 20000 1.000000
241.780000 34.178600 -11.522 5.476 0.216 0.226 0.060451 20000 1.000000
241.486000 34.126400 -12.676 6.152 0.168 0.195 0.005619 20000 1.000000
241.516000 34.293200 -12.236 5.901 0.173 0.197 -0.014502 20000 1.000000
239.384000 34.556300 -12.875 8.371 0.168 0.196 -0.016066 20000 1.000000
241.879000 34.501500 -9.498 3.191 0.186 0.21 -0.002581 20000 1.000000
241.706000 33.712600 -13.061 7.26 0.174 0.201 -0.036165 20000 1.000000
242.807000 33.225000 -12.718 6.642 0.168 0.192 -0.005735 20000 1.000000
241.346000 37.664300 -4.716 -0.884 0.178 0.219 -0.011644 20000 1.000000
241.016000 35.010800 -9.17 2.84 0.186 0.223 -0.053343 20000 1.000000
241.648000 35.695000 -6.575 0.663 0.184 0.217 -0.060209 20000 1.000000
243.608000 33.934800 -6.71 1.475 0.181 0.21 -0.013121 20000 1.000000
241.258000 34.568500 -12.829 4.474 0.182 0.209 0.102814 20000 1.000000
241.586000 34.259400 -11.937 4.726 0.205 0.24 -0.036538 20000 1.000000
244.418000 33.038300 -8.355 -0.892 0.174 0.199 -0.018104 20000 1.000000
243.068000 34.669000 -6.274 0.995 0.187 0.217 -0.121195 20000 1.000000
241.758000 35.695600 -7.21 -0.231 0.264 0.307 0.146427 20000 1.000000
241.572000 33.958200 -12.916 7.048 0.245 0.259 -0.284228 20000 1.000000
244.421000 33.278800 -5.59 -2.396 0.182 0.205 0.015293 20000 1.000000
243.346000 33.955300 -8.832 2.286 0.173 0.198 -0.022801 20000 1.000000
243.111000 35.425200 -6.132 1.126 0.184 0.216 -0.013450 20000 1.000000
243.920000 35.287000 -5.214 -3.106 0.173 0.203 -0.019208 20000 1.000000
