242.907000 34.116400 -10.878 1.923 0.272 0.337 0.028871 20000 1.000000
243.571000 34.594300 -7.677 -0.988 0.167 0.205 0.068374 20000 1.000000
241.305000 34.824500 -11.485 3.252 0.176 0.217 0.058167 20000 1.000000
242.103000 34.126000 -13.967 3.477 0.249 0.277 0.177598 20000 1.000000
242.795000 40.412800 -7.674 -3.105 0.165 0.217 0.054025 20000 1.000000
240.970000 33.480500 -14.901 6.784 0.184 0.219 0.040008 20000 1.000000
243.116000 34.264300 -9.576 0.75 0.191 0.236 0.139899 20000 1.000000
240.594000 34.920500 -13.054 3.859 0.169 0.209 0.041509 20000 1.000000
244.002000 34.000500 -7.656 -2.136 0.169 0.206 0.055243 20000 1.000000
242.935000 33.578200 -13.591 4.589 0.183 0.218 0.048497 20000 1.000000
243.920000 35.287000 -7.733 -3.044 0.17 0.211 0.066602 20000 1.000000
245.285000 33.610400 -6.419 -2.544 0.169 0.204 0.063637 20000 1.000000
243.947000 34.251400 -6.969 -1.847 0.171 0.208 0.063034 20000 1.000000
241.723000 34.184900 -16.25 4.457 0.193 0.236 0.113628 20000 1.000000
242.988000 34.918600 -8.756 -0.341 0.169 0.21 0.077214 20000 1.000000
241.812000 34.292800 -14.246 4.677 0.252 0.269 -0.282297 20000 1.000000
242.156000 42.779500 -6.82 -2.242 0.167 0.23 0.058701 20000 1.000000
240.653000 35.157300 -11.664 1.577 0.172 0.216 0.074308 20000 1.000000
235.437000 42.836100 -4.156 -2.112 0.173 0.238 0.037769 20000 1.000000
244.010000 33.655100 -8.838 -0.866 0.175 0.215 0.094008 20000 1.000000
239.566000 35.939400 -10.525 2.213 0.165 0.21 0.036621 20000 1.000000
239.569000 35.888400 -13.086 5.132 0.19 0.232 0.046219 20000 1.000000
241.666000 33.311600 -15.394 7.073 0.166 0.202 0.067307 20000 1.000000
241.517000 33.445800 -15.01 7.507 0.169 0.208 0.040818 20000 1.000000
241.370000 34.138600 -15.366 5.877 0.205 0.237 0.153767 20000 1.000000
242.329000 35.565300 -8.878 0.045 0.173 0.217 0.058351 20000 1.000000
240.987000 34.806400 -13.902 3.168 0.184 0.245 -0.059493 20000 1.000000
243.664000 34.829500 -7.553 -2.323 0.183 0.216 0.061346 20000 1.000000
242.035000 34.244000 -13.021 4.769 0.197 0.249 -0.052111 20000 1.000000
241.974000 34.333400 -13.108 3.431 0.189 0.223 0.137460 20000 1.000000
242.172000 34.640500 -10.28 1.873 0.175 0.219 0.104442 20000 1.000000
241.063000 34.109600 -14.537 5.966 0.182 0.231 0.106602 20000 1.000000
241.873000 34.136700 -4.768 8.409 0.175 0.216 0.088756 20000 1.000000
242.576000 34.271200 -11.95 1.497 0.17 0.205 0.060561 20000 1.000000
242.521000 34.313800 -11.155 1.833 0.192 0.232 0.176302 20000 1.000000
242.291000 34.109900 -13.2 3.353 0.174 0.213 0.041668 20000 1.000000
245.126000 40.558400 -6.906 -2.877 0.181 0.221 0.106082 20000 1.000000
244.272000 32.850500 -11.867 2.983 0.171 0.205 0.072595 20000 1.000000
240.120000 34.414900 -14.842 7.714 0.174 0.213 0.019250 20000 1.000000
242.427000 35.071700 -9.085 0.297 0.173 0.213 0.108129 20000 1.000000
239.249000 35.791600 -14.383 7.886 0.175 0.218 0.039221 20000 1.000000
242.900000 34.039100 -10.676 1.269 0.171 0.206 0.098249 20000 1.000000
244.265000 33.069800 -10.144 1.663 0.176 0.212 0.072579 20000 1.000000
240.961000 34.168400 -14.456 6.557 0.171 0.21 0.072655 20000 1.000000
241.743000 33.861500 -14.848 5.9 0.173 0.212 0.056812 20000 1.000000
241.476000 34.253600 -13.808 5.184 0.175 0.217 0.110873 20000 1.000000
240.629000 34.408100 -15.311 4.855 0.193 0.24 0.048100 20000 1.000000
241.387000 34.516500 -13.531 3.476 0.174 0.212 0.046180 20000 1.000000
243.630000 34.124100 -8.304 -0.083 0.182 0.219 0.025326 20000 1.000000
242.098000 34.082000 -13.846 4.924 0.182 0.221 0.011324 20000 1.000000
241.603000 34.334800 -19.866 4.163 0.319 0.316 0.007969 20000 1.000000
241.603000 34.334000 -13.452 5.194 0.275 0.268 -0.090838 20000 1.000000
244.212000 33.389800 -8.931 -1.071 0.176 0.212 0.058463 20000 1.000000
242.140000 34.413400 -11.981 2.921 0.169 0.22 0.059147 20000 1.000000
241.873000 33.938300 -14.491 6.367 0.167 0.206 0.082205 20000 1.000000
242.588000 33.647700 -14.059 4.848 0.166 0.203 0.067050 20000 1.000000
241.170000 34.946200 -11.527 2.2 0.176 0.22 0.058153 20000 1.000000
245.061000 39.345200 -7.135 -2.833 0.171 0.218 0.063306 20000 1.000000
244.183000 40.914700 -7.659 -3.606 0.163 0.217 0.060800 20000 1.000000
241.871000 33.583500 -13.364 6.06 0.179 0.215 0.088285 20000 1.000000
241.574000 34.703100 -7.565 8.27 0.174 0.216 0.073985 20000 1.000000
242.474000 34.104200 -13.149 3.606 0.191 0.239 0.091671 20000 1.000000
239.991000 34.733000 -14.612 6.939 0.17 0.209 0.082537 20000 1.000000
243.064000 34.093600 -9.059 0.9 0.191 0.291 0.164711 20000 1.000000
241.116000 34.356300 -14.281 6.669 0.172 0.209 0.060650 20000 1.000000
246.195000 39.369400 -7.432 -3.056 0.172 0.218 0.059462 20000 1.000000
244.200000 32.945000 -11.93 2.182 0.195 0.219 0.065468 20000 1.000000
241.107000 34.800200 -8.591 2.974 0.178 0.22 0.062594 20000 1.000000
240.644000 40.416500 -7.757 -2.418 0.168 0.223 0.023768 20000 1.000000
240.136000 35.189400 -13.401 5.155 0.173 0.218 0.064022 20000 1.000000
244.479000 33.274800 -7.379 -3.608 0.174 0.208 0.063749 20000 1.000000
245.173000 33.051100 -6.322 -3.077 0.219 0.25 -0.034760 20000 1.000000
244.340000 34.784000 -6.757 -3.697 0.193 0.239 0.047032 20000 1.000000
245.810000 34.308600 -6.431 -2.828 0.175 0.211 0.073232 20000 1.000000
243.111000 35.425200 -7.168 -0.755 0.171 0.211 0.045580 20000 1.000000
245.820000 40.640200 -7.817 -2.985 0.166 0.216 0.073878 20000 1.000000
239.584000 36.399000 -9.118 0.024 0.203 0.252 0.030708 20000 1.000000
241.887000 34.047400 -13.851 4.672 0.168 0.209 0.096674 20000 1.000000
241.714000 33.783600 -17.016 7.465 0.233 0.287 0.005352 20000 1.000000
243.570000 34.754800 -7.887 -2.469 0.17 0.209 0.084816 20000 1.000000
238.530000 40.815900 -9.982 -2.963 0.164 0.221 0.045181 20000 1.000000
244.365000 33.705000 -7.655 -2.839 0.188 0.237 0.059075 20000 1.000000
239.520000 35.866700 -13.06 7.117 0.193 0.256 0.072521 20000 1.000000
242.155000 34.458200 -13.081 2.269 0.187 0.226 0.022964 20000 1.000000
239.598000 35.880800 -10.88 2.789 0.179 0.224 0.139447 20000 1.000000
240.812000 34.441200 -15.002 5.131 0.183 0.229 0.069078 20000 1.000000
244.089000 34.727300 -7.054 -2.614 0.172 0.213 0.087002 20000 1.000000
243.779000 33.796800 -9.31 -0.311 0.173 0.213 0.112821 20000 1.000000
244.855000 34.157600 -6.764 -2.907 0.246 0.301 0.102428 20000 1.000000
241.526000 35.662300 -9.317 -0.057 0.176 0.222 0.021428 20000 1.000000
240.992000 34.398500 -13.922 3.257 0.174 0.214 0.054996 20000 1.000000
243.827000 33.925400 -8.392 -1.077 0.174 0.21 0.082010 20000 1.000000
243.060000 35.090200 -8.065 -0.772 0.171 0.209 0.066929 20000 1.000000
242.246000 34.133300 -13.569 3.776 0.174 0.212 0.081781 20000 1.000000
239.406000 35.828700 -13.898 7.092 0.174 0.22 0.080144 20000 1.000000
242.454000 34.314900 -12.71 1.819 0.189 0.235 0.157803 20000 1.000000
240.896000 34.733600 -12.825 3.223 0.171 0.214 0.061478 20000 1.000000
239.557000 35.832600 -13.005 5.914 0.169 0.213 0.063714 20000 1.000000
242.563000 33.856800 -13.555 4.667 0.17 0.206 0.062126 20000 1.000000
238.778000 42.418300 -7.696 -1.771 0.245 0.334 0.002494 20000 1.000000
239.241000 36.186900 -8.541 1.243 0.172 0.213 0.109516 20000 1.000000
239.233000 36.180500 -14.393 7.648 0.17 0.212 0.059957 20000 1.000000
239.649000 34.038300 -15.628 8.74 0.17 0.211 0.015326 20000 1.000000
241.874000 34.136800 -13.098 4.85 0.17 0.207 0.085287 20000 1.000000
243.904000 40.148400 -7.719 -2.468 0.171 0.226 -0.003475 20000 1.000000
242.682000 33.918400 -12.735 4.666 0.172 0.207 0.076454 20000 1.000000
239.566000 35.969500 -9.78 2.214 0.174 0.21 0.010294 20000 1.000000
244.588000 40.710700 -7.455 -2.901 0.171 0.233 0.048487 20000 1.000000
241.122000 34.295500 -14.603 6.033 0.19 0.227 0.061209 20000 1.000000
242.118000 34.175200 -12.661 4.947 0.392 0.441 -0.225085 20000 1.000000
243.352000 34.038500 -7.631 1.854 0.185 0.229 0.194981 20000 1.000000
242.790000 34.230800 -10.75 1.456 0.236 0.253 0.252052 20000 1.000000
241.755000 34.055200 -14.393 4.852 0.221 0.232 0.225790 20000 1.000000
245.381000 34.767700 -7.16 -2.986 0.183 0.223 0.068585 20000 1.000000
242.491000 39.685600 -7.387 -3.03 0.172 0.223 0.056624 20000 1.000000
240.859000 34.498700 -15.554 4.329 0.168 0.207 0.055521 20000 1.000000
243.932000 34.141000 -7.577 -2.037 0.17 0.208 0.093225 20000 1.000000
242.653000 33.240700 -14.529 6.638 0.178 0.209 0.016436 20000 1.000000
244.082000 34.369900 -6.906 -3.008 0.171 0.211 0.023418 20000 1.000000
243.695000 34.427700 -7.299 -1.247 0.174 0.216 0.037209 20000 1.000000
243.708000 34.533000 -7.087 -1.232 0.179 0.213 0.049857 20000 1.000000
243.185000 34.674900 -8.885 -0.577 0.168 0.208 0.079461 20000 1.000000
241.793000 34.128800 -13.094 4.795 0.168 0.207 0.058051 20000 1.000000
240.647000 34.683400 -14.32 4.64 0.201 0.252 0.010049 20000 1.000000
242.814000 39.521100 -7.313 -2.906 0.169 0.218 0.072198 20000 1.000000
245.995000 32.722500 -5.864 -2.984 0.178 0.211 0.129049 20000 1.000000
244.721000 39.910200 -7.475 -2.817 0.208 0.253 0.060822 20000 1.000000
245.543000 36.154200 -6.571 -2.855 0.169 0.208 0.065605 20000 1.000000
245.180000 41.724200 -7.188 -2.913 0.168 0.221 0.032552 20000 1.000000
242.670000 41.428700 -7.097 -2.914 0.166 0.223 0.078158 20000 1.000000
242.935000 42.981700 -7.034 -2.956 0.164 0.225 0.034038 20000 1.000000
235.925000 40.876300 2.004 0.794 0.221 0.284 0.106569 20000 1.000000
236.274000 38.928300 -12.888 9.57 0.163 0.213 0.037695 20000 1.000000
237.585000 40.997600 -7.772 -2.961 0.189 0.266 -0.033661 20000 1.000000
235.986000 42.967400 -5.399 -4.806 0.169 0.238 0.082874 20000 1.000000
243.830000 32.616500 -15.552 5.259 0.167 0.201 0.055878 20000 1.000000
238.997000 35.551800 -14.931 9.014 0.168 0.212 0.058306 20000 1.000000
242.015000 39.305600 -7.676 -2.765 0.172 0.227 0.042626 20000 1.000000
242.395000 39.287900 -7.897 -2.975 0.187 0.238 0.058238 20000 1.000000
243.576000 39.500500 -7.52 -3.035 0.164 0.219 0.078307 20000 1.000000
243.950000 39.546400 -7.403 -3.533 0.17 0.216 0.085676 20000 1.000000
244.111000 39.374200 -7.752 -3.101 0.166 0.215 0.079731 20000 1.000000
244.487000 39.536100 -6.831 -3.206 0.166 0.217 0.062091 20000 1.000000
244.568000 39.388600 -6.251 -2.474 0.161 0.211 0.065309 20000 1.000000
242.120000 40.433400 -7.834 -2.475 0.168 0.221 0.092181 20000 1.000000
245.308000 39.255200 -7.262 -3.019 0.172 0.218 0.118462 20000 1.000000
245.723000 39.119400 -7.887 -2.841 0.171 0.224 0.074207 20000 1.000000
246.129000 39.067300 -7.174 -2.938 0.167 0.216 0.056368 20000 1.000000
242.532000 40.320600 -7.382 -2.135 0.173 0.223 0.014386 20000 1.000000
246.946000 40.494000 -7.326 -3.167 0.165 0.217 0.080601 20000 1.000000
243.264000 40.495500 -7.301 -3.232 0.174 0.227 0.021896 20000 1.000000
243.721000 40.363200 -7.097 -3.682 0.164 0.217 0.078580 20000 1.000000
240.200000 39.572800 -8.953 -1.701 0.166 0.218 0.054781 20000 1.000000
242.469000 36.614300 -7.494 -1.665 0.165 0.207 0.056586 20000 1.000000
242.593000 36.804200 -7.507 -3.017 0.162 0.206 0.062572 20000 1.000000
242.006000 36.606000 -8.43 -1.402 0.179 0.22 0.144522 20000 1.000000
242.296000 37.200800 -7.26 -2.357 0.167 0.212 0.062157 20000 1.000000
240.463000 39.698400 -9.433 -2.934 0.174 0.228 0.068472 20000 1.000000
240.694000 39.795600 -7.767 -2.429 0.181 0.246 0.127962 20000 1.000000
241.126000 39.838800 -8.344 -2.709 0.172 0.223 0.025971 20000 1.000000
241.316000 39.888900 -8.012 -2.731 0.169 0.223 0.038000 20000 1.000000
241.841000 39.212300 -7.198 -2.641 0.16 0.21 0.065451 20000 1.000000
246.706000 41.856800 -7.804 -2.987 0.175 0.234 0.106699 20000 1.000000
246.958000 39.345100 -6.895 -2.595 0.169 0.216 0.072064 20000 1.000000
246.988000 41.817300 -6.927 -3.012 0.166 0.22 0.057958 20000 1.000000
246.722000 40.671300 -7.074 -2.931 0.169 0.222 0.069652 20000 1.000000
240.400000 39.499200 -10.111 -2.529 0.182 0.228 0.103539 20000 1.000000
240.931000 39.486100 -8.572 -2.38 0.169 0.221 0.058482 20000 1.000000
241.550000 39.133900 -8.242 -2.814 0.167 0.217 0.074009 20000 1.000000
241.062000 39.268000 -8.367 -0.926 0.184 0.238 0.053783 20000 1.000000
241.649000 39.454700 -7.515 -2.887 0.168 0.219 0.109254 20000 1.000000
241.995000 38.728800 -5.146 -1.778 0.179 0.23 0.071995 20000 1.000000
241.540000 38.724600 -8.246 -2.661 0.167 0.22 0.060678 20000 1.000000
241.070000 38.980900 -8.386 -2.314 0.162 0.215 0.069614 20000 1.000000
240.985000 38.704600 -9.209 -1.943 0.171 0.222 0.005947 20000 1.000000
240.541000 38.761400 -8.511 -1.243 0.177 0.222 -0.012167 20000 1.000000
240.523000 40.779800 -8.616 -2.9 0.181 0.232 0.142692 20000 1.000000
240.990000 40.242200 -8.098 -3.078 0.185 0.227 -0.002805 20000 1.000000
240.278000 39.908200 -9.473 -2.751 0.17 0.224 0.112515 20000 1.000000
239.307000 38.829200 -9.105 -0.676 0.234 0.29 0.194937 20000 1.000000
239.614000 39.046600 -9.976 -1.309 0.186 0.236 -0.018921 20000 1.000000
240.189000 39.123500 -10.582 -1.446 0.18 0.237 0.008445 20000 1.000000
239.107000 39.466700 -8.887 -1.86 0.181 0.228 0.155799 20000 1.000000
240.376000 41.357700 -7.513 -3.207 0.165 0.224 0.055467 20000 1.000000
239.716000 39.937400 -8.812 -2.147 0.165 0.219 0.053311 20000 1.000000
239.194000 40.418600 -9.092 -3.231 0.184 0.233 0.075878 20000 1.000000
239.923000 40.288900 -8.189 -2.308 0.167 0.221 0.072893 20000 1.000000
235.692000 40.247500 -7.368 8.249 0.162 0.217 0.050780 20000 1.000000
235.867000 40.551300 1.591 2.327 0.166 0.221 0.038393 20000 1.000000
235.787000 40.637400 4.531 2.699 0.187 0.248 0.039094 20000 1.000000
235.943000 40.219600 -6.921 2.783 0.167 0.224 0.059897 20000 1.000000
236.307000 40.119300 -9.42 0.1 0.177 0.241 0.096372 20000 1.000000
238.207000 36.485500 -15.143 7.398 0.163 0.207 0.051108 20000 1.000000
238.710000 35.945700 -16.069 7.705 0.17 0.216 0.108019 20000 1.000000
238.949000 36.302100 -15.097 8.596 0.165 0.21 0.060688 20000 1.000000
238.865000 36.425900 -15.556 7.66 0.17 0.215 0.089568 20000 1.000000
237.668000 37.534500 -12.299 6.039 0.194 0.225 -0.013084 20000 1.000000
237.623000 37.914500 -12.21 3.819 0.172 0.224 0.059008 20000 1.000000
236.819000 38.495000 -11.937 7.607 0.166 0.219 -0.010389 20000 1.000000
236.291000 39.117200 -12.324 6.883 0.165 0.218 0.052719 20000 1.000000
236.652000 38.987400 -11.455 5.514 0.176 0.226 0.126213 20000 1.000000
236.796000 39.242000 -10.248 1.945 0.166 0.219 0.064317 20000 1.000000
236.368000 42.275400 -4.77 -3.578 0.173 0.235 0.053460 20000 1.000000
236.895000 39.319700 -10.39 0.919 0.17 0.223 0.068976 20000 1.000000
237.041000 38.664700 -11.114 5.358 0.191 0.266 0.120279 20000 1.000000
237.233000 38.428600 -8.797 5.803 0.168 0.222 0.079581 20000 1.000000
237.548000 38.239800 -10.08 3.172 0.167 0.219 0.045412 20000 1.000000
237.083000 38.866100 -10.977 2.333 0.161 0.211 0.040081 20000 1.000000
237.037000 39.398100 -10.012 -3.172 0.192 0.241 0.013092 20000 1.000000
237.424000 38.777800 -8.469 1.908 0.173 0.236 0.042199 20000 1.000000
237.281000 39.260000 -9.435 -0.263 0.165 0.217 0.083697 20000 1.000000
237.696000 39.109300 -8.885 -1.252 0.17 0.223 0.042478 20000 1.000000
237.873000 37.069200 -15.88 8.995 0.196 0.247 0.217754 20000 1.000000
238.137000 36.962000 -14.385 7.209 0.188 0.226 0.021311 20000 1.000000
238.009000 37.201700 -13.241 5.508 0.193 0.24 -0.006764 20000 1.000000
238.203000 37.001000 -14.004 5.843 0.249 0.286 0.138827 20000 1.000000
238.274000 37.002400 -13.445 4.524 0.177 0.235 0.071949 20000 1.000000
238.349000 37.104500 -12.865 4.33 0.201 0.244 -0.043205 20000 1.000000
238.286000 37.203500 -12.939 4.759 0.174 0.218 0.101207 20000 1.000000
237.786000 37.329900 -12.94 7.483 0.165 0.211 0.062390 20000 1.000000
237.901000 37.336900 -12.908 5.676 0.169 0.222 0.043151 20000 1.000000
237.900000 37.722000 -11.002 2.487 0.164 0.21 0.042209 20000 1.000000
237.781000 37.863900 -10.621 4.052 0.166 0.216 0.003760 20000 1.000000
237.942000 37.713900 -10.637 2.769 0.177 0.23 0.006114 20000 1.000000
238.174000 37.336800 -11.148 4.438 0.17 0.222 0.063472 20000 1.000000
238.210000 37.533000 -9.533 0.89 0.166 0.213 0.060357 20000 1.000000
238.313000 37.601800 -9.231 -0.278 0.174 0.219 0.106291 20000 1.000000
238.022000 37.749400 -10.255 1.991 0.167 0.213 0.043500 20000 1.000000
238.214000 37.819000 -9.176 -0.692 0.169 0.215 0.050737 20000 1.000000
238.095000 36.621700 -14.937 7.922 0.166 0.213 0.044908 20000 1.000000
238.421000 36.724000 -14.622 7.743 0.174 0.22 0.025699 20000 1.000000
238.580000 36.800400 -11.497 4.615 0.166 0.211 0.037355 20000 1.000000
238.409000 36.858500 -14.743 6.745 0.168 0.214 0.033246 20000 1.000000
238.459000 36.814300 -11.807 6.915 0.178 0.221 0.071384 20000 1.000000
238.445000 36.903500 -12.886 4.528 0.169 0.212 0.030393 20000 1.000000
238.613000 36.637000 -14.29 7.544 0.175 0.224 0.010434 20000 1.000000
238.458000 37.007800 -12.61 3.224 0.166 0.214 0.059330 20000 1.000000
238.426000 37.213000 -10.794 -0.151 0.166 0.211 0.050103 20000 1.000000
238.665000 36.918200 -9.415 -0.018 0.165 0.209 0.054788 20000 1.000000
238.645000 37.010800 -9.713 -0.668 0.184 0.23 0.007989 20000 1.000000
240.294000 37.713100 -8.641 0.294 0.172 0.222 0.038754 20000 1.000000
238.812000 36.559500 -15.563 6.423 0.177 0.223 0.051441 20000 1.000000
238.131000 37.975600 -9.035 -0.293 0.167 0.214 0.070575 20000 1.000000
238.936000 36.611600 -9.144 -1.073 0.162 0.206 0.048008 20000 1.000000
238.732000 36.950000 -9.283 0.068 0.176 0.222 0.079548 20000 1.000000
238.652000 36.811400 -9.733 0.764 0.169 0.214 0.044617 20000 1.000000
238.942000 37.169600 -9.774 -0.357 0.172 0.219 0.066451 20000 1.000000
238.347000 37.478400 -9.889 -0.434 0.178 0.228 0.054417 20000 1.000000
238.531000 37.489600 -9.598 -1.804 0.163 0.21 0.042156 20000 1.000000
238.675000 37.581900 -9.437 -1.051 0.167 0.217 0.035023 20000 1.000000
238.395000 37.932000 -8.563 -0.337 0.165 0.214 0.054580 20000 1.000000
238.536000 37.755300 -9.911 -0.357 0.166 0.214 0.042667 20000 1.000000
238.717000 37.385400 -8.25 -1.052 0.169 0.222 0.062202 20000 1.000000
237.782000 38.153000 -10.599 0.287 0.163 0.212 0.027807 20000 1.000000
237.904000 38.025100 -10.142 1.825 0.169 0.223 -0.011485 20000 1.000000
237.805000 38.444200 -9.684 0.437 0.175 0.239 0.069875 20000 1.000000
237.645000 38.999500 -7.937 -0.729 0.203 0.235 0.148195 20000 1.000000
238.905000 38.645300 -9.168 -0.877 0.164 0.214 0.053332 20000 1.000000
239.652000 35.544100 -13.447 5.773 0.171 0.214 0.052652 20000 1.000000
239.611000 35.841100 -12.896 5.751 0.172 0.215 0.038420 20000 1.000000
239.655000 35.837800 -10.555 2.872 0.17 0.217 0.044828 20000 1.000000
239.715000 35.806700 -10.642 2.588 0.18 0.225 0.045163 20000 1.000000
239.093000 35.933300 -14.369 7.229 0.165 0.209 0.049520 20000 1.000000
239.019000 36.417200 -9.135 0.46 0.166 0.214 0.063177 20000 1.000000
239.147000 36.515900 -9.497 -1.587 0.171 0.222 0.039156 20000 1.000000
239.302000 36.024800 -14.086 7.799 0.165 0.214 0.049146 20000 1.000000
239.121000 36.140200 -13.953 7.563 0.166 0.209 0.048505 20000 1.000000
239.251000 36.106800 -14.48 7.267 0.162 0.205 0.052379 20000 1.000000
239.272000 36.178900 -8.064 -0.152 0.162 0.206 0.048338 20000 1.000000
239.355000 35.922800 -13.676 7.114 0.164 0.208 0.041752 20000 1.000000
239.525000 36.007500 -13.351 0.979 0.181 0.219 0.062881 20000 1.000000
239.457000 36.089400 -7.867 0.392 0.163 0.207 0.050047 20000 1.000000
239.560000 36.123200 -8.783 1.17 0.164 0.207 0.052026 20000 1.000000
239.158000 35.697100 -13.766 7.344 0.17 0.209 0.089288 20000 1.000000
239.637000 36.051700 -8.92 0.802 0.167 0.207 0.052139 20000 1.000000
239.448000 35.974100 -13.636 6.347 0.182 0.219 0.013154 20000 1.000000
239.706000 36.015800 -9.224 0.812 0.166 0.209 0.042950 20000 1.000000
239.723000 36.304400 -7.586 0.604 0.169 0.213 0.044306 20000 1.000000
239.257000 36.806300 -9.489 0.027 0.165 0.212 0.052730 20000 1.000000
239.803000 37.352200 -9.147 0.049 0.176 0.228 0.049661 20000 1.000000
239.356000 37.795200 -9.525 -0.433 0.179 0.222 0.065835 20000 1.000000
240.160000 37.901100 -9.424 -0.76 0.182 0.224 -0.021551 20000 1.000000
239.049000 38.090000 -9.247 -0.382 0.168 0.218 0.045100 20000 1.000000
239.666000 38.735600 -9.556 -1.192 0.181 0.22 0.069828 20000 1.000000
241.480000 37.177600 -9.598 -1.826 0.164 0.208 0.063226 20000 1.000000
236.283000 39.863600 -11.52 2.433 0.201 0.26 -0.030611 20000 1.000000
236.448000 39.905700 -8.364 -0.025 0.189 0.262 0.002836 20000 1.000000
236.628000 39.452400 -10.098 1.688 0.165 0.219 0.052158 20000 1.000000
236.705000 39.707100 -10.277 -1.97 0.188 0.244 -0.034518 20000 1.000000
236.813000 39.492800 -10.877 0.398 0.18 0.258 0.079342 20000 1.000000
236.817000 39.962100 -8.542 -2.952 0.163 0.219 0.002703 20000 1.000000
236.344000 40.256800 -7.27 -0.808 0.165 0.223 0.062744 20000 1.000000
236.117000 41.151700 -2.18 -0.493 0.166 0.224 0.064035 20000 1.000000
236.301000 40.575300 -4.368 -2.5 0.175 0.232 0.094205 20000 1.000000
236.427000 40.478900 -6.266 -1.831 0.203 0.268 0.264844 20000 1.000000
236.548000 40.082200 -8.952 -1.178 0.162 0.217 0.053776 20000 1.000000
236.864000 40.324100 -8.321 -2.376 0.161 0.216 0.041675 20000 1.000000
236.676000 40.732900 -6.65 -1.646 0.162 0.218 0.020504 20000 1.000000
236.826000 40.546700 -7.684 -2.749 0.166 0.225 0.026928 20000 1.000000
237.024000 39.621400 -8.543 -1.014 0.175 0.222 0.098799 20000 1.000000
237.264000 39.493600 -7.351 -0.355 0.162 0.212 0.035723 20000 1.000000
237.126000 39.726200 -8.291 -1.52 0.167 0.223 0.095453 20000 1.000000
237.077000 40.747600 -6.674 -2.852 0.17 0.226 0.038149 20000 1.000000
237.332000 40.034100 -8.681 -3.597 0.167 0.22 0.039362 20000 1.000000
237.393000 40.650700 -8.912 -3.232 0.169 0.232 0.013182 20000 1.000000
236.666000 40.887100 -6.262 -0.804 0.16 0.216 0.040666 20000 1.000000
237.729000 40.271200 -9.004 -1.747 0.172 0.229 -0.010991 20000 1.000000
239.132000 39.794700 -8.887 -1.831 0.164 0.222 0.018484 20000 1.000000
239.052000 41.183300 -8.145 -2.658 0.166 0.225 0.033320 20000 1.000000
237.681000 40.731100 -9.467 -1.233 0.197 0.246 0.073742 20000 1.000000
235.774000 42.209100 -2.673 -3.473 0.168 0.222 0.037535 20000 1.000000
235.946000 42.860100 -4.902 -3.807 0.189 0.256 0.113622 20000 1.000000
236.617000 42.503500 -5.412 -2.324 0.166 0.227 0.054402 20000 1.000000
237.344000 42.191000 -5.967 -3.01 0.169 0.23 0.019737 20000 1.000000
238.220000 42.259700 -8.148 -2.547 0.165 0.221 0.047149 20000 1.000000
239.622000 42.468800 -7.713 -3.685 0.169 0.232 0.012825 20000 1.000000
241.588000 42.254600 -6.518 -2.108 0.162 0.221 0.047663 20000 1.000000
243.371000 36.071300 -6.875 -2.833 0.176 0.223 0.135966 20000 1.000000
242.835000 36.022500 -7.607 -1.657 0.175 0.212 0.045329 20000 1.000000
242.590000 36.159000 -8.254 -1.346 0.177 0.221 0.117090 20000 1.000000
241.868000 36.466800 -10.457 0.003 0.187 0.242 -0.127027 20000 1.000000
242.211000 36.531200 -7.069 -1.708 0.162 0.208 0.058522 20000 1.000000
241.909000 36.570200 -9.516 -0.692 0.186 0.223 0.011929 20000 1.000000
241.882000 36.975700 -8.578 -1.798 0.163 0.208 0.058669 20000 1.000000
242.064000 37.231400 -8.236 -2.521 0.17 0.213 0.101939 20000 1.000000
242.606000 34.462400 -10.012 1.078 0.178 0.212 0.051150 20000 1.000000
242.459000 33.562100 -14.133 5.528 0.168 0.205 0.091535 20000 1.000000
242.895000 32.889200 -15.001 5.372 0.172 0.206 0.057236 20000 1.000000
243.050000 32.733800 -14.879 5.824 0.165 0.199 0.064715 20000 1.000000
242.756000 32.666400 -15.274 5.653 0.184 0.212 0.158183 20000 1.000000
242.810000 33.439600 -14.899 5.035 0.167 0.204 0.068996 20000 1.000000
242.928000 33.235700 -14.388 4.957 0.179 0.208 0.112231 20000 1.000000
243.217000 33.493300 -13.083 3.924 0.167 0.203 0.066771 20000 1.000000
243.651000 32.976000 -14.621 5.836 0.185 0.225 0.073674 20000 1.000000
243.989000 32.822200 -13.646 4.558 0.17 0.204 0.038960 20000 1.000000
243.329000 33.240200 -13.921 4.85 0.177 0.211 0.067554 20000 1.000000
243.431000 33.059200 -14.436 5.205 0.167 0.201 0.057368 20000 1.000000
243.379000 33.375600 -13.796 3.889 0.171 0.207 0.109650 20000 1.000000
243.591000 33.210200 -14.136 4.243 0.18 0.218 0.076079 20000 1.000000
243.817000 33.213500 -12.904 2.504 0.168 0.203 0.070052 20000 1.000000
243.921000 33.201000 -12.272 2.125 0.167 0.201 0.074756 20000 1.000000
243.888000 33.296200 -11.364 1.244 0.17 0.207 0.025297 20000 1.000000
243.574000 33.523500 -11.085 1.673 0.18 0.209 0.146915 20000 1.000000
243.773000 33.574700 -10.774 0.802 0.175 0.218 0.082168 20000 1.000000
244.031000 32.887000 -14.089 3.741 0.17 0.204 0.069843 20000 1.000000
244.175000 32.954700 -12.321 3.263 0.17 0.203 0.068863 20000 1.000000
244.268000 32.759700 -12.857 3.676 0.178 0.217 0.080115 20000 1.000000
244.404000 32.750600 -11.703 2.093 0.177 0.21 0.064788 20000 1.000000
244.423000 32.834700 -10.55 2.16 0.175 0.209 0.070860 20000 1.000000
244.430000 32.898400 -10.358 1.398 0.177 0.211 0.088468 20000 1.000000
244.700000 32.690000 -7.031 -2.138 0.169 0.203 0.063464 20000 1.000000
244.602000 32.875800 -6.842 -2.854 0.193 0.232 0.086306 20000 1.000000
244.578000 32.982500 -6.781 -2.588 0.174 0.215 0.089611 20000 1.000000
244.280000 32.948900 -11.909 2.548 0.173 0.208 0.073325 20000 1.000000
244.234000 33.516400 -8.687 -2.454 0.177 0.213 0.130823 20000 1.000000
244.313000 33.423900 -7.91 -2.617 0.176 0.213 0.110214 20000 1.000000
244.571000 33.247800 -7.112 -3.466 0.174 0.209 0.059038 20000 1.000000
244.657000 33.143600 -6.724 -3.788 0.173 0.209 0.024642 20000 1.000000
244.704000 33.886900 -6.489 -3.058 0.178 0.209 0.075531 20000 1.000000
240.305000 37.562600 -11.233 -2.232 0.184 0.219 0.164849 20000 1.000000
239.350000 34.907300 -15.263 7.915 0.163 0.204 0.050058 20000 1.000000
239.590000 35.010700 -14.805 7.281 0.172 0.213 0.046647 20000 1.000000
239.760000 34.870600 -15.415 6.518 0.168 0.208 0.071784 20000 1.000000
239.617000 35.106200 -15.123 6.973 0.176 0.217 0.131559 20000 1.000000
241.822000 34.376400 -13.33 3.405 0.168 0.208 0.069386 20000 1.000000
239.925000 35.020000 -14.611 4.276 0.164 0.204 0.045225 20000 1.000000
240.208000 34.507800 -15.814 5.846 0.172 0.205 0.043888 20000 1.000000
240.384000 34.630500 -15.097 3.402 0.163 0.203 0.054456 20000 1.000000
240.185000 34.888600 -13.7 6.209 0.163 0.203 0.056510 20000 1.000000
240.464000 35.086600 -12.311 3.135 0.166 0.208 0.077739 20000 1.000000
239.192000 35.425800 -14.072 7.881 0.165 0.207 0.036285 20000 1.000000
239.455000 35.327800 -14.294 7.224 0.17 0.214 0.108569 20000 1.000000
239.646000 35.440500 -14.566 5.974 0.167 0.208 0.043469 20000 1.000000
239.520000 35.624800 -14.505 6.134 0.166 0.209 0.056857 20000 1.000000
239.463000 35.792700 -13.964 6.507 0.168 0.214 0.084300 20000 1.000000
239.733000 35.633800 -12.809 5.126 0.174 0.212 0.098324 20000 1.000000
239.629000 35.747900 -13.025 5.65 0.169 0.213 0.062221 20000 1.000000
237.762000 37.061200 -14.66 7.912 0.166 0.214 0.065306 20000 1.000000
239.899000 35.235100 -14.345 5.622 0.189 0.223 0.098881 20000 1.000000
239.975000 35.279800 -13.91 5.552 0.173 0.219 0.024741 20000 1.000000
240.065000 35.316800 -13.122 4.518 0.169 0.215 0.059011 20000 1.000000
239.887000 35.534200 -12.432 3.794 0.17 0.215 0.049390 20000 1.000000
239.818000 35.702700 -11.185 3.094 0.166 0.208 0.055231 20000 1.000000
239.869000 35.801300 -10.316 1.626 0.173 0.211 0.065145 20000 1.000000
239.999000 35.686700 -10.173 1.667 0.169 0.21 0.019290 20000 1.000000
239.707000 35.688900 -12.334 4.811 0.166 0.208 0.046089 20000 1.000000
240.287000 35.319000 -12.054 1.905 0.184 0.233 0.061878 20000 1.000000
240.091000 35.934700 -9.337 1.142 0.166 0.208 0.056213 20000 1.000000
240.496000 34.466800 -14.727 4.676 0.163 0.202 0.056970 20000 1.000000
240.674000 34.599600 -14.637 5.493 0.173 0.219 0.138265 20000 1.000000
240.885000 34.660100 -14.247 3.822 0.174 0.213 0.123457 20000 1.000000
240.845000 34.856200 -12.63 2.183 0.231 0.343 -0.025029 20000 1.000000
239.755000 35.686700 -12.153 4.556 0.167 0.207 0.044831 20000 1.000000
241.121000 34.835100 -11.998 1.981 0.167 0.206 0.065966 20000 1.000000
241.152000 34.792300 -12.356 2.31 0.171 0.217 0.068001 20000 1.000000
241.331000 34.695000 -10.304 2.762 0.183 0.226 0.136139 20000 1.000000
241.454000 34.771100 -10.596 2.08 0.167 0.209 0.058279 20000 1.000000
241.344000 34.944400 -10.899 1.109 0.172 0.215 0.034006 20000 1.000000
241.388000 35.138600 -9.92 0.344 0.166 0.207 0.042617 20000 1.000000
241.459000 34.821800 -10.953 2.127 0.176 0.214 0.065391 20000 1.000000
241.811000 34.982100 -9.026 1.01 0.166 0.205 0.062385 20000 1.000000
241.876000 35.378000 -8.222 0.17 0.167 0.206 0.055616 20000 1.000000
241.740000 35.667300 -9.777 0.128 0.173 0.21 0.057800 20000 1.000000
241.233000 36.231400 -9.357 0.016 0.172 0.212 0.118645 20000 1.000000
241.045000 36.585500 -8.861 -0.273 0.164 0.209 0.053617 20000 1.000000
241.740000 36.093100 -9.219 -0.229 0.168 0.208 0.054823 20000 1.000000
241.994000 35.038800 -8.823 1.137 0.167 0.207 0.067340 20000 1.000000
242.271000 34.509700 -11.001 1.928 0.167 0.205 0.058711 20000 1.000000
242.451000 34.634300 -10.221 1.247 0.185 0.227 0.028746 20000 1.000000
242.457000 34.987000 -8.839 0.551 0.169 0.209 0.096037 20000 1.000000
243.048000 33.892600 -11.497 2.347 0.166 0.203 0.064948 20000 1.000000
243.454000 34.019300 -9.237 0.538 0.167 0.204 0.061759 20000 1.000000
242.719000 34.534800 -9.981 0.783 0.192 0.215 -0.027452 20000 1.000000
241.969000 34.332200 -13.547 3.559 0.171 0.211 0.071613 20000 1.000000
242.635000 35.116800 -8.487 0.327 0.168 0.208 0.054391 20000 1.000000
241.983000 35.152400 -8.252 0.922 0.166 0.206 0.059602 20000 1.000000
242.697000 35.238500 -8.125 -0.035 0.17 0.207 0.074228 20000 1.000000
242.795000 35.387900 -7.526 -0.314 0.164 0.204 0.070340 20000 1.000000
242.610000 35.896700 -8.734 -1.302 0.181 0.227 0.052128 20000 1.000000
242.597000 35.697600 -8.853 -0.198 0.167 0.207 0.064274 20000 1.000000
243.111000 35.998200 -8.017 -1.737 0.175 0.211 0.060494 20000 1.000000
243.112000 35.710600 -7.315 -2.117 0.164 0.207 0.069080 20000 1.000000
243.290000 34.192500 -9.011 1.132 0.171 0.207 0.051034 20000 1.000000
243.463000 34.217200 -8.675 0.504 0.17 0.205 0.082317 20000 1.000000
243.788000 33.865800 -8.472 -0.886 0.167 0.203 0.079809 20000 1.000000
243.920000 33.959300 -7.985 -1.634 0.169 0.205 0.069349 20000 1.000000
239.772000 35.729200 -11.267 3.25 0.168 0.209 0.080711 20000 1.000000
243.971000 34.716900 -7.491 -2.959 0.172 0.209 0.043174 20000 1.000000
243.329000 34.936800 -8.163 -1.562 0.168 0.209 0.069978 20000 1.000000
242.063000 34.341100 -13.149 3.697 0.179 0.223 0.047304 20000 1.000000
243.120000 34.462100 -9.33 0.254 0.167 0.205 0.064599 20000 1.000000
244.179000 33.741000 -7.598 -2.435 0.177 0.214 0.075739 20000 1.000000
243.107000 34.062700 -9.832 2.218 0.183 0.223 0.040147 20000 1.000000
244.236000 34.425700 -6.689 -3.223 0.207 0.226 0.095029 20000 1.000000
244.350000 35.204800 -6.888 -2.829 0.173 0.21 0.041594 20000 1.000000
242.685000 34.187400 -11.536 1.811 0.17 0.209 0.111996 20000 1.000000
242.950000 34.196200 -9.29 2.986 0.204 0.215 0.141694 20000 1.000000
244.750000 34.731800 -6.11 -2.745 0.209 0.261 0.126310 20000 1.000000
243.237000 35.204600 -7.951 -0.878 0.166 0.206 0.075576 20000 1.000000
242.107000 35.424600 -8.484 0.147 0.166 0.207 0.063157 20000 1.000000
243.428000 35.320600 -7.468 -2.072 0.166 0.208 0.059148 20000 1.000000
243.896000 35.141900 -6.877 -2.926 0.178 0.21 0.046075 20000 1.000000
243.878000 35.526000 -7.376 -3.037 0.169 0.211 0.057948 20000 1.000000
243.855000 35.785400 -6.66 -2.854 0.166 0.208 0.058616 20000 1.000000
244.456000 35.472800 -6.723 -2.661 0.167 0.21 0.079732 20000 1.000000
244.634000 35.163000 -7.052 -3.647 0.175 0.217 0.060746 20000 1.000000
245.401000 34.188900 -6.444 -3.014 0.172 0.211 0.081061 20000 1.000000
245.035000 34.844400 -7.213 -2.96 0.173 0.21 0.063312 20000 1.000000
244.762000 35.291100 -6.884 -3.424 0.168 0.208 0.072565 20000 1.000000
241.621000 37.973100 -8.015 -1.813 0.164 0.213 0.032902 20000 1.000000
241.000000 37.613000 -10.632 -4.528 0.17 0.214 0.017717 20000 1.000000
241.084000 37.605300 -10.181 -6.548 0.173 0.23 0.020036 20000 1.000000
240.914000 37.785700 -11.724 -0.052 0.2 0.238 -0.038071 20000 1.000000
240.967000 37.913500 -12.848 -1.077 0.163 0.209 0.058414 20000 1.000000
240.974000 37.696600 -11.876 -0.481 0.196 0.232 0.182562 20000 1.000000
240.862000 37.839300 -10.966 0.112 0.179 0.22 0.076598 20000 1.000000
240.853000 37.962800 -10.296 -0.012 0.165 0.209 0.057906 20000 1.000000
240.916000 37.914100 -10.68 -0.146 0.166 0.211 0.060149 20000 1.000000
241.056000 37.734300 -11.131 2.553 0.165 0.212 0.056055 20000 1.000000
241.131000 37.654600 -5.773 -3.406 0.166 0.215 0.053323 20000 1.000000
241.040000 37.891700 -9.116 0.899 0.175 0.217 0.048387 20000 1.000000
241.148000 37.878200 -7.813 0.527 0.165 0.211 0.048908 20000 1.000000
241.183000 37.591400 -10.113 -5.606 0.169 0.226 0.106352 20000 1.000000
241.302000 37.561600 -8.199 -3.303 0.172 0.235 0.024854 20000 1.000000
241.316000 37.495400 -10.509 -3.034 0.163 0.208 0.059099 20000 1.000000
241.406000 37.541300 -9.104 -2.277 0.166 0.212 0.060820 20000 1.000000
241.180000 37.677000 -5.663 -1.863 0.177 0.228 0.059449 20000 1.000000
241.232000 37.754400 -6.961 0.311 0.202 0.263 0.115254 20000 1.000000
240.981000 37.800000 -11.346 -0.108 0.167 0.213 0.084754 20000 1.000000
241.264000 37.903500 -7.772 -0.141 0.17 0.216 0.045300 20000 1.000000
241.445000 37.891300 -6.957 -1.685 0.339 0.423 0.126644 20000 1.000000
241.762000 37.589200 -6.895 -2.397 0.165 0.21 0.062190 20000 1.000000
241.528000 37.737500 -8.261 -1.399 0.172 0.217 0.079269 20000 1.000000
240.850000 38.057900 -11.341 -1.459 0.173 0.218 0.060022 20000 1.000000
237.804000 41.344800 -2.267 -2.787 0.214 0.288 0.110580 20000 1.000000
237.706000 41.381200 -8.422 -3.496 0.172 0.224 0.103624 20000 1.000000
237.809000 41.479200 -7.103 -4.104 0.163 0.231 0.013573 20000 1.000000
237.687000 41.463600 -6.613 -2.65 0.167 0.233 0.003785 20000 1.000000
237.847000 41.531900 -7.769 -2.498 0.202 0.245 0.101873 20000 1.000000
246.132000 42.878900 -7.57 -2.83 0.164 0.224 0.044308 20000 1.000000
241.275000 37.380400 -13.012 -3.981 0.23 0.269 0.232491 20000 1.000000
241.439000 37.439500 -10.021 -1.113 0.179 0.222 0.069964 20000 1.000000
240.254000 37.088900 -9.33 -0.618 0.171 0.216 0.117602 20000 1.000000
241.853000 37.280500 -8.053 -1.717 0.167 0.213 0.078438 20000 1.000000
239.172000 41.359200 -7.564 -2.572 0.185 0.244 -0.017028 20000 1.000000
239.527000 41.332500 -7.694 -2.148 0.168 0.225 0.066464 20000 1.000000
235.587000 42.442000 -3.717 -2.513 0.166 0.23 -0.009354 20000 1.000000
235.707000 42.076600 -5.144 -3.052 0.172 0.228 0.060290 20000 1.000000
238.120000 42.579800 -6.441 -1.957 0.172 0.231 0.035653 20000 1.000000
237.390000 42.727100 -5.923 -2.181 0.183 0.235 0.166581 20000 1.000000
240.341000 42.546100 -7.835 -3.099 0.165 0.227 0.046189 20000 1.000000
242.275000 42.020200 -6.221 -2.525 0.167 0.224 0.059646 20000 1.000000
243.404000 33.598200 -12.255 3.468 0.239 0.301 -0.040268 20000 1.000000
243.397000 33.495500 -12.035 2.622 0.174 0.211 0.075409 20000 1.000000
244.492000 32.829400 -8.866 2.618 0.17 0.203 0.063646 20000 1.000000
238.928000 37.699000 -9.799 -0.758 0.17 0.218 0.032213 20000 1.000000
239.784000 35.693800 -11.762 3.321 0.187 0.226 0.104249 20000 1.000000
237.579000 41.830800 -8.083 -1.337 0.179 0.247 0.101332 20000 1.000000
236.019000 41.845500 -4.049 -1.058 0.184 0.275 -0.041073 20000 1.000000
238.521000 36.744300 -16.58 8.562 0.184 0.227 0.125044 20000 1.000000
239.528000 35.946600 -9.674 1.732 0.184 0.224 0.114954 20000 1.000000
239.485000 35.929100 -13.08 7.872 0.255 0.346 0.070872 20000 1.000000
236.427000 40.478800 -6.282 -1.658 0.198 0.265 0.258356 20000 1.000000
237.036000 39.845700 -7.502 -2.685 0.161 0.216 0.026203 20000 1.000000
243.852000 34.508100 -6.942 -2.374 0.166 0.204 0.066682 20000 1.000000
245.241000 32.497900 -5.905 -3.147 0.174 0.206 0.070931 20000 1.000000
243.407000 33.537300 -11.893 3.268 0.179 0.217 0.117806 20000 1.000000
241.651000 34.021700 -14.42 5.65 0.176 0.221 0.099357 20000 1.000000
241.379000 34.836000 -10.476 1.192 0.169 0.209 0.061185 20000 1.000000
241.983000 35.152400 -8.492 0.284 0.169 0.21 0.062020 20000 1.000000
241.983000 35.152500 -8.644 0.835 0.168 0.209 0.067062 20000 1.000000
243.936000 31.559100 -15.078 6.874 0.175 0.205 0.132259 20000 1.000000
238.728000 35.709000 -14.387 8.543 0.188 0.236 0.028797 20000 1.000000
242.077000 34.508200 -11.828 2.472 0.173 0.211 0.064737 20000 1.000000
244.450000 32.490100 -12.242 4.901 0.171 0.21 0.019618 20000 1.000000
242.305000 34.925400 -8.552 1.165 0.17 0.209 0.033133 20000 1.000000
244.116000 32.417000 -15.537 5.766 0.167 0.2 0.067811 20000 1.000000
239.522000 35.919900 -10.125 11.769 0.172 0.217 0.095723 20000 1.000000
242.818000 33.835700 -12.483 4.296 0.187 0.219 0.064135 20000 1.000000
243.506000 33.819200 -9.245 1.588 0.186 0.223 0.055861 20000 1.000000
242.193000 34.091800 -13.664 4.066 0.175 0.221 0.047687 20000 1.000000
244.165000 31.313100 -15.625 6.172 0.168 0.199 0.054152 20000 1.000000
244.543000 32.377900 -12.044 5.584 0.167 0.2 0.063077 20000 1.000000
241.596000 33.743300 -15.494 6.18 0.169 0.205 0.075768 20000 1.000000
238.863000 36.161100 -14.973 7.166 0.177 0.217 0.095259 20000 1.000000
241.755000 34.628700 -11.816 2.195 0.185 0.229 0.019353 20000 1.000000
239.056000 39.974600 -11.03 -2.943 0.186 0.246 0.014383 20000 1.000000
242.317000 35.338700 -8.107 0.246 0.167 0.207 0.068504 20000 1.000000
240.280000 34.500000 -15.147 5.495 0.177 0.222 0.046326 20000 1.000000
243.375000 34.643900 -8.075 -0.92 0.17 0.205 0.055147 20000 1.000000
241.974000 34.019100 -14 4.456 0.189 0.23 0.010250 20000 1.000000
242.445000 33.485800 -14.127 5.557 0.175 0.21 0.108870 20000 1.000000
239.475000 35.900000 -13.249 9.413 0.174 0.218 0.035927 20000 1.000000
241.807000 34.875100 -9.561 1.702 0.176 0.216 0.078868 20000 1.000000
240.816000 34.541500 -14.856 5.197 0.188 0.23 0.133253 20000 1.000000
244.877000 40.617200 -7.096 -3.605 0.167 0.225 0.070229 20000 1.000000
243.350000 36.316300 -7.616 -3.676 0.256 0.332 0.053799 20000 1.000000
238.442000 37.666500 -9.72 -0.264 0.166 0.213 0.034002 20000 1.000000
241.245000 34.459800 -14.274 4.165 0.187 0.237 0.081483 20000 1.000000
242.138000 34.205600 -13.872 3.817 0.214 0.227 -0.022256 20000 1.000000
239.775000 40.591700 -7.791 -2.79 0.171 0.231 0.042137 20000 1.000000
240.984000 41.868400 -6.931 -3.023 0.178 0.239 0.143987 20000 1.000000
243.701000 35.971300 -6.824 -3.067 0.177 0.214 0.022450 20000 1.000000
241.521000 34.438600 -12.796 3.367 0.2 0.246 0.035997 20000 1.000000
240.116000 39.314300 -9.439 -1.784 0.166 0.22 0.033127 20000 1.000000
244.022000 33.292200 -9.214 0.927 0.173 0.206 0.077055 20000 1.000000
240.476000 33.247900 -14.514 7.734 0.17 0.214 0.031720 20000 1.000000
240.936000 34.319900 -14.856 5.433 0.169 0.208 0.068915 20000 1.000000
241.354000 34.059300 -14.281 6.294 0.17 0.207 0.034800 20000 1.000000
242.151000 33.992700 -13.822 3.847 0.178 0.214 0.073959 20000 1.000000
239.935000 34.004300 -15.71 8.055 0.176 0.213 0.064869 20000 1.000000
239.640000 35.917400 -9.844 3.545 0.192 0.237 0.135553 20000 1.000000
241.585000 35.158200 -9.368 0.356 0.165 0.206 0.059134 20000 1.000000
243.923000 33.650600 -6.284 0.847 0.171 0.208 0.106985 20000 1.000000
242.233000 33.549600 -14.749 5.792 0.19 0.214 0.060007 20000 1.000000
243.770000 36.934800 -6.982 -2.852 0.163 0.206 0.087477 20000 1.000000
239.867000 34.483500 -15.515 9.3 0.174 0.219 0.046467 20000 1.000000
243.839000 33.641200 -7.647 -0.212 0.199 0.235 0.070374 20000 1.000000
242.951000 39.542200 -7.904 -2.848 0.175 0.221 0.144645 20000 1.000000
242.816000 38.097200 -7.276 -3.518 0.165 0.211 0.054913 20000 1.000000
241.669000 33.797800 -14.329 5.945 0.173 0.211 0.060927 20000 1.000000
241.163000 34.248000 -14.597 6.03 0.173 0.211 0.118294 20000 1.000000
235.849000 41.053900 7.025 2.961 0.176 0.227 -0.013490 20000 1.000000
241.558000 34.069100 -14.013 5.178 0.187 0.217 0.111347 20000 1.000000
240.156000 34.413300 -13.196 10.092 0.191 0.219 -0.021556 20000 1.000000
241.198000 39.627100 -7.879 -2.796 0.164 0.216 0.074695 20000 1.000000
241.715000 34.024000 -14.139 6.395 0.237 0.272 0.143093 20000 1.000000
243.915000 33.030100 -13.245 3.585 0.169 0.204 0.068901 20000 1.000000
240.516000 34.851500 -14.45 4.362 0.182 0.223 0.066901 20000 1.000000
238.053000 38.394500 -9.863 0.589 0.166 0.216 0.046912 20000 1.000000
241.780000 34.178600 -14.853 4.133 0.22 0.24 0.172169 20000 1.000000
241.486000 34.126400 -15.02 5.872 0.167 0.205 0.082821 20000 1.000000
241.516000 34.293200 -15.095 5.161 0.173 0.209 0.070667 20000 1.000000
239.384000 34.556300 -15.223 9.219 0.164 0.204 0.057508 20000 1.000000
241.879000 34.501500 -9.439 8.658 0.181 0.219 0.081121 20000 1.000000
241.706000 33.712600 -14.965 6.505 0.172 0.209 0.047141 20000 1.000000
242.807000 33.225000 -14.488 5.399 0.166 0.201 0.083182 20000 1.000000
241.346000 37.664300 -6.041 -0.455 0.415 0.55 0.091240 20000 1.000000
241.016000 35.010800 -11.213 2.221 0.191 0.232 0.038444 20000 1.000000
243.608000 33.934800 -9.716 1.49 0.188 0.227 0.064509 20000 1.000000
241.258000 34.568500 -12.958 2.976 0.182 0.222 0.191515 20000 1.000000
241.586000 34.259400 -14.147 4.869 0.197 0.244 0.033555 20000 1.000000
243.068000 34.669000 -9.168 0.43 0.186 0.224 -0.050192 20000 1.000000
241.572000 33.958200 -15.253 6.911 0.238 0.26 -0.255730 20000 1.000000
243.346000 33.955300 -9.127 1.873 0.171 0.207 0.061955 20000 1.000000
243.111000 35.425200 -7.309 -0.873 0.184 0.226 0.059455 20000 1.000000
243.920000 35.287000 -7.733 -3.043 0.17 0.211 0.066602 20000 1.000000
