242.907000 34.116400 -10.755 0.911 0.186 0.235 0.002939 20000 1.000000
243.571000 34.594300 -7.303 -1.528 0.166 0.201 0.057267 20000 1.000000
241.305000 34.824500 -11.486 4.229 0.174 0.212 0.034783 20000 1.000000
242.103000 34.126000 -13.406 3.774 0.248 0.271 0.157166 20000 1.000000
242.795000 40.412800 -6.301 -3.145 0.164 0.211 0.051258 20000 1.000000
243.116000 34.264300 -9.118 1.405 0.192 0.232 0.125731 20000 1.000000
240.594000 34.920500 -12.666 2.537 0.167 0.204 0.030307 20000 1.000000
244.002000 34.000500 -7.141 -2.384 0.168 0.201 0.042281 20000 1.000000
242.935000 33.578200 -12.716 5.38 0.184 0.217 0.037310 20000 1.000000
243.920000 35.287000 -6.289 -1.941 0.17 0.207 0.060832 20000 1.000000
245.285000 33.610400 -4.792 -1.442 0.169 0.201 0.050523 20000 1.000000
243.947000 34.251400 -6.319 -2.234 0.17 0.202 0.054039 20000 1.000000
241.723000 34.184900 -14.076 4.427 0.196 0.234 0.087472 20000 1.000000
242.988000 34.918600 -7.754 -0.578 0.17 0.207 0.065712 20000 1.000000
241.812000 34.292800 -14.158 4.972 0.251 0.262 -0.281333 20000 1.000000
242.156000 42.779500 -6.258 -2.22 0.166 0.224 0.052293 20000 1.000000
240.653000 35.157300 -11.201 0.794 0.171 0.211 0.068737 20000 1.000000
235.437000 42.836100 -2.683 0.92 0.174 0.233 0.035551 20000 1.000000
244.010000 33.655100 -8.444 -1.785 0.17 0.205 0.068304 20000 1.000000
239.566000 35.939400 -10.312 1.384 0.166 0.206 0.029899 20000 1.000000
239.569000 35.888400 -11.961 3.826 0.19 0.227 0.039249 20000 1.000000
241.666000 33.311600 -13.864 6.017 0.165 0.198 0.058888 20000 1.000000
241.517000 33.445800 -14.43 6.451 0.17 0.205 0.032031 20000 1.000000
241.370000 34.138600 -13.837 5.69 0.205 0.229 0.145278 20000 1.000000
242.329000 35.565300 -9.064 -0.148 0.173 0.213 0.057839 20000 1.000000
241.789000 33.876300 -10.934 5.517 0.178 0.217 0.104660 20000 1.000000
240.987000 34.806400 -13.252 0.852 0.185 0.242 -0.068371 20000 1.000000
243.664000 34.829500 -6.894 -2.439 0.182 0.211 0.053004 20000 1.000000
242.035000 34.244000 -11.8 5.275 0.198 0.246 -0.053797 20000 1.000000
241.974000 34.333400 -12.729 2.801 0.187 0.216 0.136931 20000 1.000000
242.172000 34.640500 -9.495 1.495 0.175 0.216 0.093384 20000 1.000000
241.063000 34.109600 -14.402 6.235 0.181 0.226 0.088623 20000 1.000000
241.873000 34.136700 -12.942 4.015 0.167 0.201 0.061851 20000 1.000000
242.521000 34.313800 -10.984 2.866 0.184 0.22 0.168982 20000 1.000000
242.291000 34.109900 -13.789 2.736 0.175 0.208 0.020845 20000 1.000000
245.126000 40.558400 -6.419 -3.639 0.179 0.217 0.101881 20000 1.000000
240.120000 34.414900 -14.27 6.804 0.172 0.208 0.013548 20000 1.000000
242.427000 35.071700 -7.431 0.474 0.173 0.209 0.104131 20000 1.000000
239.249000 35.791600 -13.667 7.053 0.174 0.212 0.039029 20000 1.000000
242.900000 34.039100 -10.971 0.848 0.172 0.205 0.060064 20000 1.000000
244.265000 33.069800 -9.318 1.512 0.178 0.21 0.056516 20000 1.000000
240.961000 34.168400 -13.979 5.616 0.17 0.203 0.072678 20000 1.000000
241.743000 33.861500 -13.826 5.307 0.17 0.206 0.039313 20000 1.000000
241.476000 34.253600 -13.561 4.699 0.175 0.215 0.099618 20000 1.000000
240.629000 34.408100 -13.934 4.633 0.192 0.234 0.039527 20000 1.000000
241.387000 34.516500 -12.102 3.389 0.174 0.208 0.041052 20000 1.000000
243.630000 34.124100 -7.091 -0.264 0.18 0.214 0.022087 20000 1.000000
242.098000 34.082000 -14.083 3.62 0.18 0.215 -0.011080 20000 1.000000
241.603000 34.334800 -18.063 2.019 0.325 0.321 0.020385 20000 1.000000
241.603000 34.334000 -13.195 4.978 0.271 0.266 -0.128826 20000 1.000000
244.212000 33.389800 -9.265 -1.436 0.184 0.218 0.049980 20000 1.000000
242.140000 34.413400 -11.058 3.173 0.169 0.217 0.052569 20000 1.000000
241.873000 33.938300 -13.618 4.369 0.168 0.203 0.051806 20000 1.000000
242.588000 33.647700 -13.131 4.281 0.165 0.197 0.056086 20000 1.000000
241.170000 34.946200 -11.236 -0.551 0.175 0.214 0.051269 20000 1.000000
245.061000 39.345200 -6.217 -2.392 0.173 0.218 0.054705 20000 1.000000
244.183000 40.914700 -7.105 -2.933 0.162 0.212 0.058200 20000 1.000000
241.574000 34.703100 -11.284 4.99 0.175 0.211 0.065761 20000 1.000000
242.474000 34.104200 -12.416 2.918 0.189 0.231 0.075528 20000 1.000000
239.991000 34.733000 -14.792 5.902 0.17 0.205 0.077533 20000 1.000000
243.064000 34.093600 -8.771 1.563 0.197 0.291 0.150131 20000 1.000000
241.116000 34.356300 -14.332 5.643 0.17 0.203 0.054013 20000 1.000000
246.195000 39.369400 -6.355 -2.248 0.17 0.213 0.048112 20000 1.000000
244.200000 32.945000 -13.216 4.185 0.19 0.213 0.056823 20000 1.000000
241.107000 34.800200 -10.587 2.198 0.192 0.23 0.059403 20000 1.000000
240.644000 40.416500 -6.539 -2.681 0.167 0.219 0.014513 20000 1.000000
240.136000 35.189400 -12.301 5.047 0.169 0.211 0.044278 20000 1.000000
244.479000 33.274800 -6.876 -4.03 0.174 0.204 0.061048 20000 1.000000
245.173000 33.051100 -5.684 -2.136 0.241 0.266 -0.050487 20000 1.000000
244.340000 34.784000 -6.052 -3.686 0.192 0.235 0.040966 20000 1.000000
245.810000 34.308600 -5.856 -3.333 0.173 0.205 0.066912 20000 1.000000
243.111000 35.425200 -6.728 -2.135 0.172 0.209 0.041885 20000 1.000000
245.820000 40.640200 -6.234 -3.886 0.166 0.213 0.070201 20000 1.000000
239.584000 36.399000 -7.926 0.227 0.209 0.253 0.037951 20000 1.000000
241.887000 34.047400 -13.663 4.131 0.17 0.206 0.072270 20000 1.000000
239.318000 34.469400 -13.78 8.837 0.164 0.2 0.053893 20000 1.000000
241.714000 33.783600 -12.59 5.058 0.196 0.238 -0.000553 20000 1.000000
243.570000 34.754800 -7.32 -2.14 0.17 0.205 0.079373 20000 1.000000
238.530000 40.815900 -6.807 -1.726 0.164 0.215 0.047283 20000 1.000000
244.365000 33.705000 -7.208 -3.622 0.188 0.234 0.041034 20000 1.000000
239.520000 35.866700 -12.234 5.87 0.199 0.259 0.074690 20000 1.000000
242.155000 34.458200 -10.832 2.273 0.179 0.215 0.029287 20000 1.000000
239.598000 35.880800 -9.698 2.794 0.18 0.219 0.143713 20000 1.000000
240.812000 34.441200 -14.362 4.008 0.183 0.221 0.061618 20000 1.000000
244.089000 34.727300 -6.459 -3.118 0.172 0.208 0.071026 20000 1.000000
243.779000 33.796800 -8.471 -0.008 0.174 0.21 0.105623 20000 1.000000
244.855000 34.157600 -6.058 -3.606 0.169 0.204 0.087341 20000 1.000000
241.526000 35.662300 -9.025 0.732 0.188 0.231 0.019002 20000 1.000000
240.992000 34.398500 -13.68 3.077 0.177 0.214 0.058583 20000 1.000000
243.827000 33.925400 -8.18 -1.395 0.175 0.207 0.052080 20000 1.000000
242.165000 34.485500 -10.945 1.588 0.169 0.205 0.047510 20000 1.000000
243.060000 35.090200 -7.119 -0.521 0.171 0.205 0.060588 20000 1.000000
242.246000 34.133300 -12.493 3.204 0.174 0.207 0.076993 20000 1.000000
239.406000 35.828700 -13.221 6.951 0.173 0.215 0.077075 20000 1.000000
242.454000 34.314900 -10.862 2.964 0.188 0.23 0.148267 20000 1.000000
240.896000 34.733600 -12.171 3.356 0.17 0.209 0.048418 20000 1.000000
239.557000 35.832600 -12.462 5.446 0.169 0.208 0.062499 20000 1.000000
242.563000 33.856800 -12.68 4.055 0.17 0.201 0.054532 20000 1.000000
238.778000 42.418300 -5.853 -2.082 0.23 0.302 -0.003758 20000 1.000000
239.241000 36.186900 -6.434 1.431 0.171 0.208 0.105013 20000 1.000000
239.233000 36.180500 -14.195 6.792 0.17 0.208 0.056146 20000 1.000000
239.649000 34.038300 -15.844 7.265 0.17 0.206 0.013205 20000 1.000000
243.904000 40.148400 -6.12 -2.556 0.171 0.221 -0.009166 20000 1.000000
242.682000 33.918400 -12.051 3.952 0.17 0.202 0.066406 20000 1.000000
239.566000 35.969500 -10.276 0.52 0.175 0.206 0.011200 20000 1.000000
244.588000 40.710700 -6.638 -2.648 0.169 0.228 0.046443 20000 1.000000
241.122000 34.295500 -14.084 5.842 0.187 0.221 0.025118 20000 1.000000
242.118000 34.175200 -13.1 3.808 0.23 0.254 -0.243097 20000 1.000000
243.352000 34.038500 -9.056 1.858 0.188 0.229 0.180837 20000 1.000000
242.790000 34.230800 -11.249 -0.032 0.222 0.239 0.225245 20000 1.000000
245.381000 34.767700 -5.946 -2.916 0.184 0.22 0.061060 20000 1.000000
242.491000 39.685600 -6.492 -3.117 0.17 0.218 0.049289 20000 1.000000
240.859000 34.498700 -13.91 3.995 0.166 0.201 0.051920 20000 1.000000
243.932000 34.141000 -6.662 -2.082 0.17 0.204 0.088364 20000 1.000000
242.653000 33.240700 -13.802 5.678 0.177 0.204 -0.000563 20000 1.000000
244.082000 34.369900 -5.951 -3.176 0.172 0.207 0.017687 20000 1.000000
243.695000 34.427700 -6.584 -1.445 0.174 0.212 0.028917 20000 1.000000
243.708000 34.533000 -5.971 -1.637 0.179 0.209 0.050109 20000 1.000000
243.185000 34.674900 -8.12 -0.294 0.168 0.204 0.073177 20000 1.000000
241.793000 34.128800 -13.871 4.123 0.167 0.203 0.047450 20000 1.000000
240.647000 34.683400 -13.67 5.374 0.194 0.238 0.005765 20000 1.000000
242.814000 39.521100 -6.884 -2.676 0.169 0.214 0.061720 20000 1.000000
245.995000 32.722500 -4.999 -3.199 0.176 0.206 0.116329 20000 1.000000
244.721000 39.910200 -7.377 -2.812 0.207 0.249 0.048444 20000 1.000000
245.543000 36.154200 -5.908 -3.02 0.169 0.204 0.054113 20000 1.000000
245.180000 41.724200 -7.156 -2.603 0.166 0.216 0.025711 20000 1.000000
242.670000 41.428700 -5.97 -2.484 0.164 0.216 0.066030 20000 1.000000
242.935000 42.981700 -6.021 -2.771 0.162 0.22 0.032374 20000 1.000000
235.925000 40.876300 -4.429 1.604 0.216 0.272 0.091521 20000 1.000000
236.274000 38.928300 -14.037 7.019 0.162 0.207 0.037177 20000 1.000000
237.585000 40.997600 -6.161 -0.749 0.191 0.261 -0.040260 20000 1.000000
235.986000 42.967400 -3.21 -0.658 0.168 0.232 0.074640 20000 1.000000
243.830000 32.616500 -14.95 4.985 0.168 0.198 0.046072 20000 1.000000
238.997000 35.551800 -14.264 8.105 0.168 0.207 0.061860 20000 1.000000
242.015000 39.305600 -7.224 -2.849 0.169 0.22 0.028462 20000 1.000000
242.395000 39.287900 -6.621 -3.684 0.168 0.212 0.056173 20000 1.000000
243.576000 39.500500 -6.41 -2.771 0.163 0.214 0.072156 20000 1.000000
243.950000 39.546400 -5.955 -2.79 0.168 0.21 0.077593 20000 1.000000
244.111000 39.374200 -6.287 -2.324 0.164 0.21 0.074735 20000 1.000000
244.487000 39.536100 -6.984 -2.939 0.165 0.212 0.056847 20000 1.000000
244.568000 39.388600 -5.353 -2.783 0.161 0.206 0.058197 20000 1.000000
242.120000 40.433400 -6.878 -3.349 0.167 0.215 0.083808 20000 1.000000
245.308000 39.255200 -6.169 -3.229 0.17 0.212 0.108817 20000 1.000000
245.723000 39.119400 -5.925 -2.301 0.169 0.219 0.066875 20000 1.000000
246.129000 39.067300 -6.344 -2.869 0.166 0.213 0.044474 20000 1.000000
246.495000 39.268900 -6.681 -3.368 0.164 0.213 0.070108 20000 1.000000
242.532000 40.320600 -6.722 -2.226 0.171 0.217 0.014912 20000 1.000000
246.946000 40.494000 -6.246 -2.535 0.164 0.212 0.075250 20000 1.000000
243.264000 40.495500 -6.064 -2.716 0.173 0.222 0.018542 20000 1.000000
243.721000 40.363200 -6.067 -2.425 0.164 0.213 0.078039 20000 1.000000
240.200000 39.572800 -7.62 -2.672 0.166 0.214 0.049713 20000 1.000000
242.593000 36.804200 -6.572 -3.029 0.161 0.201 0.058650 20000 1.000000
242.006000 36.606000 -8.869 -2.081 0.272 0.319 0.092607 20000 1.000000
242.296000 37.200800 -6.536 -2.813 0.166 0.207 0.060775 20000 1.000000
240.463000 39.698400 -7.702 -1.735 0.173 0.222 0.060300 20000 1.000000
240.694000 39.795600 -6.99 -1.835 0.185 0.245 0.121253 20000 1.000000
241.126000 39.838800 -6.172 -1.889 0.215 0.265 0.022405 20000 1.000000
241.316000 39.888900 -7.223 -2.901 0.168 0.218 0.033385 20000 1.000000
241.841000 39.212300 -6.19 -2.393 0.208 0.262 0.057109 20000 1.000000
246.706000 41.856800 -7.414 -2.978 0.174 0.228 0.090602 20000 1.000000
246.958000 39.345100 -6.703 -2.488 0.167 0.211 0.060412 20000 1.000000
246.988000 41.817300 -6.569 -3.242 0.165 0.215 0.047566 20000 1.000000
246.722000 40.671300 -6.513 -2.806 0.169 0.218 0.059429 20000 1.000000
240.400000 39.499200 -7.2 -1.863 0.182 0.223 0.102206 20000 1.000000
240.931000 39.486100 -7.512 -2.063 0.169 0.217 0.060571 20000 1.000000
241.550000 39.133900 -7.599 -3.199 0.165 0.212 0.071443 20000 1.000000
241.062000 39.268000 -7.041 -1.372 0.206 0.262 0.041443 20000 1.000000
241.649000 39.454700 -6.612 -2.512 0.168 0.214 0.108392 20000 1.000000
241.995000 38.728800 -7.541 -2.043 0.212 0.263 0.060979 20000 1.000000
241.540000 38.724600 -7.218 -1.859 0.166 0.213 0.057442 20000 1.000000
241.070000 38.980900 -7.785 -1.826 0.162 0.211 0.061616 20000 1.000000
240.985000 38.704600 -7.19 -1.313 0.17 0.216 0.005554 20000 1.000000
240.541000 38.761400 -8.67 -1.077 0.175 0.217 -0.015423 20000 1.000000
240.523000 40.779800 -6.243 -1.663 0.181 0.226 0.139587 20000 1.000000
240.990000 40.242200 -7.538 -2.976 0.185 0.222 -0.009961 20000 1.000000
240.278000 39.908200 -7.717 -2.212 0.17 0.219 0.107038 20000 1.000000
239.307000 38.829200 -8.354 -1.19 0.19 0.219 0.157850 20000 1.000000
239.614000 39.046600 -9.022 -1.936 0.188 0.233 -0.026920 20000 1.000000
240.189000 39.123500 -9.156 -1.027 0.169 0.219 -0.001831 20000 1.000000
239.107000 39.466700 -8.267 -1.427 0.204 0.25 0.150673 20000 1.000000
240.376000 41.357700 -6.877 -2.431 0.164 0.218 0.054684 20000 1.000000
239.716000 39.937400 -7.254 -1.686 0.16 0.207 0.048477 20000 1.000000
239.194000 40.418600 -7.928 -0.051 0.177 0.221 0.043537 20000 1.000000
239.923000 40.288900 -7.82 -1.336 0.166 0.216 0.072438 20000 1.000000
235.692000 40.247500 -10.881 5.497 0.163 0.213 0.053580 20000 1.000000
235.867000 40.551300 -5.993 2.867 0.164 0.215 0.034841 20000 1.000000
235.787000 40.637400 -5.332 2.337 0.184 0.241 0.035009 20000 1.000000
235.943000 40.219600 -9.041 5.024 0.169 0.221 0.052798 20000 1.000000
236.307000 40.119300 -9.981 1.385 0.177 0.233 0.103579 20000 1.000000
238.207000 36.485500 -14.295 8.019 0.162 0.202 0.048378 20000 1.000000
238.710000 35.945700 -13.684 8.119 0.169 0.21 0.101329 20000 1.000000
238.949000 36.302100 -14.667 7.856 0.165 0.205 0.046401 20000 1.000000
238.865000 36.425900 -13.756 7.277 0.169 0.21 0.083536 20000 1.000000
237.668000 37.534500 -11.029 5.203 0.194 0.22 -0.024394 20000 1.000000
237.623000 37.914500 -11.075 4.322 0.172 0.218 0.058180 20000 1.000000
236.819000 38.495000 -12.878 6.636 0.169 0.22 -0.011017 20000 1.000000
236.291000 39.117200 -11.417 5.987 0.175 0.226 0.047284 20000 1.000000
236.652000 38.987400 -12.438 5.317 0.175 0.219 0.125099 20000 1.000000
236.796000 39.242000 -9.799 1.199 0.165 0.213 0.059601 20000 1.000000
236.368000 42.275400 -2.844 -1.997 0.188 0.25 0.049586 20000 1.000000
236.895000 39.319700 -9.712 0.815 0.17 0.217 0.069597 20000 1.000000
237.041000 38.664700 -11.397 4.325 0.189 0.258 0.105249 20000 1.000000
237.233000 38.428600 -9.872 4.932 0.167 0.215 0.069347 20000 1.000000
237.548000 38.239800 -9.514 2.038 0.168 0.214 0.049414 20000 1.000000
237.083000 38.866100 -14.243 1.469 0.161 0.206 0.040389 20000 1.000000
237.037000 39.398100 -8.009 -1.898 0.196 0.244 -0.004960 20000 1.000000
237.424000 38.777800 -8.186 2.106 0.173 0.232 0.039764 20000 1.000000
237.281000 39.260000 -10.72 -2.524 0.165 0.212 0.080019 20000 1.000000
237.696000 39.109300 -8.656 -1.174 0.17 0.217 0.041316 20000 1.000000
237.873000 37.069200 -14.127 6.699 0.196 0.241 0.220573 20000 1.000000
238.137000 36.962000 -13.677 6.524 0.186 0.218 0.011444 20000 1.000000
238.009000 37.201700 -12.034 5.24 0.195 0.236 -0.020193 20000 1.000000
238.203000 37.001000 -13.248 7.458 0.251 0.278 0.125588 20000 1.000000
238.274000 37.002400 -12.971 4.951 0.177 0.23 0.075061 20000 1.000000
238.349000 37.104500 -12.15 3.931 0.199 0.237 -0.062436 20000 1.000000
238.286000 37.203500 -13.362 1.863 0.173 0.213 0.099197 20000 1.000000
237.786000 37.329900 -12.91 5.269 0.164 0.206 0.059806 20000 1.000000
237.901000 37.336900 -11.48 5.7 0.167 0.218 0.037000 20000 1.000000
237.900000 37.722000 -10.329 1.435 0.163 0.205 0.043097 20000 1.000000
237.781000 37.863900 -10.171 1.531 0.166 0.211 -0.000710 20000 1.000000
237.942000 37.713900 -10.703 2.7 0.178 0.223 -0.004948 20000 1.000000
238.174000 37.336800 -11.099 4.019 0.169 0.216 0.066077 20000 1.000000
238.210000 37.533000 -9.313 -0.539 0.165 0.207 0.058842 20000 1.000000
238.313000 37.601800 -9.035 -0.335 0.171 0.212 0.101579 20000 1.000000
238.022000 37.749400 -9.835 1.24 0.165 0.207 0.044780 20000 1.000000
238.214000 37.819000 -9.13 -2.204 0.169 0.211 0.051438 20000 1.000000
238.095000 36.621700 -14.274 7.416 0.166 0.208 0.044573 20000 1.000000
238.421000 36.724000 -14.852 6.61 0.167 0.209 0.032179 20000 1.000000
238.580000 36.800400 -10.145 4.912 0.164 0.205 0.039315 20000 1.000000
238.409000 36.858500 -13.993 6.098 0.165 0.207 0.032577 20000 1.000000
238.459000 36.814300 -13.966 7.576 0.171 0.209 0.065093 20000 1.000000
238.445000 36.903500 -12.163 4.488 0.168 0.207 0.029319 20000 1.000000
238.613000 36.637000 -14.927 7.382 0.174 0.217 0.002481 20000 1.000000
238.458000 37.007800 -11.249 3.113 0.165 0.208 0.052821 20000 1.000000
238.426000 37.213000 -10.208 -0.076 0.167 0.206 0.051427 20000 1.000000
238.665000 36.918200 -9.396 -0.86 0.163 0.204 0.051317 20000 1.000000
238.645000 37.010800 -8.649 -0.296 0.181 0.223 0.012041 20000 1.000000
240.294000 37.713100 -8.455 -0.984 0.173 0.217 0.038204 20000 1.000000
238.812000 36.559500 -14.034 7.433 0.167 0.207 0.046926 20000 1.000000
238.131000 37.975600 -8.08 -1.13 0.164 0.208 0.059594 20000 1.000000
238.936000 36.611600 -10.071 -2.18 0.162 0.202 0.045701 20000 1.000000
238.732000 36.950000 -9.162 -1.013 0.175 0.217 0.072779 20000 1.000000
238.652000 36.811400 -8.681 0.201 0.165 0.206 0.042731 20000 1.000000
238.942000 37.169600 -8.899 -1.265 0.172 0.214 0.065649 20000 1.000000
238.347000 37.478400 -9.077 -1.406 0.178 0.224 0.049078 20000 1.000000
238.531000 37.489600 -8.256 -2.456 0.162 0.205 0.041591 20000 1.000000
238.675000 37.581900 -8.044 -0.683 0.167 0.213 0.035030 20000 1.000000
238.395000 37.932000 -9.053 -0.846 0.164 0.208 0.049443 20000 1.000000
238.536000 37.755300 -9.166 -1.228 0.165 0.208 0.042417 20000 1.000000
238.717000 37.385400 -7.555 -1.5 0.17 0.218 0.060980 20000 1.000000
237.782000 38.153000 -9.777 0.706 0.163 0.208 0.029631 20000 1.000000
237.904000 38.025100 -8.519 1.262 0.166 0.213 0.001333 20000 1.000000
237.805000 38.444200 -8.608 -0.132 0.173 0.232 0.066748 20000 1.000000
237.645000 38.999500 -7.863 -0.845 0.203 0.227 0.140698 20000 1.000000
238.905000 38.645300 -8.293 -0.819 0.163 0.208 0.051543 20000 1.000000
239.652000 35.544100 -11.844 5.546 0.17 0.208 0.044272 20000 1.000000
239.611000 35.841100 -11.517 5.225 0.173 0.211 0.027539 20000 1.000000
239.655000 35.837800 -9.034 2.916 0.17 0.212 0.040002 20000 1.000000
239.715000 35.806700 -9.134 2.433 0.181 0.221 0.042166 20000 1.000000
239.093000 35.933300 -14.007 5.667 0.165 0.205 0.046378 20000 1.000000
239.019000 36.417200 -8.461 0.342 0.166 0.209 0.060832 20000 1.000000
239.147000 36.515900 -7.818 0.6 0.172 0.217 0.037745 20000 1.000000
239.302000 36.024800 -12.867 7.049 0.165 0.209 0.043845 20000 1.000000
239.121000 36.140200 -13.421 7.082 0.166 0.205 0.043687 20000 1.000000
239.251000 36.106800 -13.679 6.719 0.162 0.201 0.051507 20000 1.000000
239.272000 36.178900 -7.907 -1.089 0.162 0.201 0.049726 20000 1.000000
239.355000 35.922800 -13.28 6.909 0.165 0.204 0.042319 20000 1.000000
239.525000 36.007500 -12.497 -1.071 0.181 0.215 0.054454 20000 1.000000
239.457000 36.089400 -9.389 1.502 0.163 0.203 0.048771 20000 1.000000
239.560000 36.123200 -7.764 0.709 0.164 0.203 0.050754 20000 1.000000
239.158000 35.697100 -13.765 6.891 0.169 0.204 0.088900 20000 1.000000
239.637000 36.051700 -8.2 2.373 0.167 0.203 0.046776 20000 1.000000
239.448000 35.974100 -13.067 7.355 0.182 0.216 0.003692 20000 1.000000
239.706000 36.015800 -7.712 2.435 0.167 0.205 0.043193 20000 1.000000
239.723000 36.304400 -5.303 0.85 0.168 0.209 0.045668 20000 1.000000
239.257000 36.806300 -7.734 -0.647 0.165 0.207 0.051029 20000 1.000000
239.803000 37.352200 -8.305 -0.747 0.173 0.219 0.041187 20000 1.000000
239.356000 37.795200 -6.921 -1.305 0.179 0.217 0.066724 20000 1.000000
240.160000 37.901100 -7.905 -1.406 0.184 0.22 -0.037000 20000 1.000000
239.049000 38.090000 -8.4 -0.786 0.168 0.213 0.042815 20000 1.000000
239.666000 38.735600 -8.916 -0.219 0.178 0.214 0.068068 20000 1.000000
241.480000 37.177600 -7.763 -1.344 0.163 0.203 0.060746 20000 1.000000
236.283000 39.863600 -12.317 3.469 0.2 0.252 -0.052195 20000 1.000000
236.448000 39.905700 -10.022 0.348 0.188 0.253 0.011543 20000 1.000000
236.628000 39.452400 -10.971 0.697 0.165 0.213 0.050257 20000 1.000000
236.705000 39.707100 -11.167 -1.059 0.195 0.254 -0.038153 20000 1.000000
236.813000 39.492800 -10.427 1.896 0.179 0.251 0.078848 20000 1.000000
236.817000 39.962100 -7.709 -0.683 0.162 0.213 0.001119 20000 1.000000
236.344000 40.256800 -8.116 1.079 0.165 0.218 0.063287 20000 1.000000
236.117000 41.151700 -3.625 -0.778 0.166 0.218 0.065727 20000 1.000000
236.301000 40.575300 -6.588 -1.483 0.174 0.226 0.093205 20000 1.000000
236.427000 40.478900 -7.866 -0.841 0.202 0.261 0.268532 20000 1.000000
236.548000 40.082200 -9.089 0.342 0.162 0.211 0.051907 20000 1.000000
236.864000 40.324100 -6.991 -0.139 0.161 0.211 0.039259 20000 1.000000
236.676000 40.732900 -4.827 -0.864 0.162 0.212 0.017052 20000 1.000000
236.826000 40.546700 -6.604 0.387 0.165 0.218 0.024376 20000 1.000000
237.024000 39.621400 -11.378 -1.27 0.175 0.216 0.095100 20000 1.000000
237.264000 39.493600 -10.554 -0.645 0.164 0.21 0.040322 20000 1.000000
237.126000 39.726200 -16.938 6.491 0.167 0.218 0.097801 20000 1.000000
237.077000 40.747600 -6.306 -0.43 0.17 0.22 0.029326 20000 1.000000
237.332000 40.034100 -8.404 -0.063 0.167 0.214 0.040310 20000 1.000000
237.393000 40.650700 -6.533 0.806 0.169 0.227 0.006942 20000 1.000000
236.666000 40.887100 -4.988 -1.104 0.16 0.211 0.039720 20000 1.000000
237.729000 40.271200 -7.126 -1.023 0.172 0.223 -0.019408 20000 1.000000
239.132000 39.794700 -9.647 -0.324 0.163 0.216 0.020076 20000 1.000000
239.052000 41.183300 -7.145 -1.926 0.164 0.219 0.029610 20000 1.000000
237.681000 40.731100 -6.293 -1.156 0.199 0.241 0.067598 20000 1.000000
235.774000 42.209100 -5.468 -0.985 0.168 0.216 0.032140 20000 1.000000
235.946000 42.860100 -3.328 0.073 0.187 0.247 0.118448 20000 1.000000
236.617000 42.503500 -4.23 -0.086 0.166 0.221 0.050254 20000 1.000000
237.344000 42.191000 -3.788 0.339 0.166 0.223 0.019776 20000 1.000000
238.220000 42.259700 -6.769 -2.127 0.164 0.215 0.042498 20000 1.000000
239.622000 42.468800 -6.183 -1.391 0.167 0.224 0.017532 20000 1.000000
241.588000 42.254600 -6.05 -3.184 0.161 0.215 0.043680 20000 1.000000
243.371000 36.071300 -6.819 -3.298 0.176 0.22 0.124923 20000 1.000000
242.835000 36.022500 -7.385 -1.931 0.175 0.207 0.043016 20000 1.000000
242.590000 36.159000 -6.785 -1.301 0.176 0.216 0.105135 20000 1.000000
241.868000 36.466800 -9.171 0.418 0.186 0.235 -0.141461 20000 1.000000
242.211000 36.531200 -8.09 -1.972 0.162 0.203 0.054993 20000 1.000000
241.909000 36.570200 -8.425 -0.095 0.185 0.217 0.003138 20000 1.000000
241.882000 36.975700 -7.772 -1.935 0.162 0.203 0.055184 20000 1.000000
242.064000 37.231400 -6.864 -2.22 0.17 0.209 0.102328 20000 1.000000
242.606000 34.462400 -9.6 1.111 0.176 0.207 0.039380 20000 1.000000
242.459000 33.562100 -13.426 4.961 0.167 0.2 0.085751 20000 1.000000
242.895000 32.889200 -14.591 5.096 0.17 0.199 0.043673 20000 1.000000
243.050000 32.733800 -14.316 4.94 0.164 0.195 0.052105 20000 1.000000
242.756000 32.666400 -14.591 5.825 0.182 0.207 0.148371 20000 1.000000
242.810000 33.439600 -14.057 4.751 0.166 0.198 0.060515 20000 1.000000
242.928000 33.235700 -14.01 4.807 0.177 0.204 0.108735 20000 1.000000
243.217000 33.493300 -12.898 3.877 0.167 0.199 0.051992 20000 1.000000
243.651000 32.976000 -14.632 4.913 0.171 0.202 0.061498 20000 1.000000
243.989000 32.822200 -13.488 4.108 0.169 0.199 0.022659 20000 1.000000
243.329000 33.240200 -12.876 5.058 0.177 0.208 0.059876 20000 1.000000
243.431000 33.059200 -14.45 4.377 0.166 0.196 0.047554 20000 1.000000
243.379000 33.375600 -12.97 3.537 0.171 0.203 0.099953 20000 1.000000
243.591000 33.210200 -13.169 4.382 0.181 0.215 0.065743 20000 1.000000
243.817000 33.213500 -12.316 2.214 0.168 0.199 0.056555 20000 1.000000
243.921000 33.201000 -11.575 1.838 0.168 0.199 0.061685 20000 1.000000
243.888000 33.296200 -11.123 0.851 0.171 0.203 0.006543 20000 1.000000
243.574000 33.523500 -11.663 1.774 0.18 0.204 0.138651 20000 1.000000
243.773000 33.574700 -10.516 1.223 0.174 0.214 0.074903 20000 1.000000
244.031000 32.887000 -13.202 3.399 0.171 0.201 0.053671 20000 1.000000
244.175000 32.954700 -11.881 2.513 0.169 0.198 0.055073 20000 1.000000
244.268000 32.759700 -12.254 3.489 0.177 0.212 0.074941 20000 1.000000
244.404000 32.750600 -11.925 2.55 0.177 0.205 0.060900 20000 1.000000
244.423000 32.834700 -9.537 2.04 0.174 0.204 0.059896 20000 1.000000
244.430000 32.898400 -9.864 1.565 0.18 0.21 0.085269 20000 1.000000
244.700000 32.690000 -6.052 -2.212 0.168 0.198 0.053088 20000 1.000000
244.602000 32.875800 -6.941 -2.501 0.177 0.207 0.077838 20000 1.000000
244.578000 32.982500 -5.566 -3.609 0.174 0.209 0.087388 20000 1.000000
244.280000 32.948900 -11.052 2.225 0.172 0.202 0.054418 20000 1.000000
244.234000 33.516400 -7.321 -2.464 0.176 0.208 0.121540 20000 1.000000
244.313000 33.423900 -7.125 -2.966 0.176 0.208 0.104268 20000 1.000000
244.571000 33.247800 -6.62 -3.707 0.173 0.205 0.048628 20000 1.000000
244.657000 33.143600 -5.656 -3.862 0.173 0.205 0.011138 20000 1.000000
244.704000 33.886900 -6.313 -3.32 0.176 0.204 0.066978 20000 1.000000
240.305000 37.562600 -9.081 -0.77 0.184 0.215 0.158932 20000 1.000000
239.350000 34.907300 -14.656 7.079 0.163 0.199 0.051124 20000 1.000000
239.590000 35.010700 -15.071 6.911 0.169 0.206 0.046920 20000 1.000000
239.760000 34.870600 -13.95 6.686 0.165 0.201 0.063244 20000 1.000000
239.617000 35.106200 -13.883 6.656 0.175 0.21 0.133221 20000 1.000000
241.822000 34.376400 -12.734 3.512 0.167 0.203 0.065681 20000 1.000000
239.925000 35.020000 -15.947 2.995 0.164 0.2 0.050036 20000 1.000000
240.208000 34.507800 -15.635 3.503 0.185 0.217 0.036468 20000 1.000000
240.384000 34.630500 -14.355 4.815 0.165 0.2 0.052697 20000 1.000000
240.185000 34.888600 -15.783 4.043 0.163 0.198 0.057583 20000 1.000000
240.464000 35.086600 -12.165 2.08 0.165 0.201 0.060204 20000 1.000000
239.192000 35.425800 -15.07 7.131 0.165 0.203 0.035217 20000 1.000000
239.455000 35.327800 -13.297 7.758 0.169 0.209 0.103929 20000 1.000000
239.646000 35.440500 -12.905 7.132 0.167 0.204 0.045203 20000 1.000000
239.520000 35.624800 -13.904 7.091 0.166 0.204 0.060521 20000 1.000000
239.463000 35.792700 -12.812 6.815 0.167 0.208 0.077362 20000 1.000000
239.733000 35.633800 -12.029 4.686 0.171 0.205 0.082585 20000 1.000000
239.629000 35.747900 -11.391 5.177 0.169 0.207 0.058931 20000 1.000000
237.762000 37.061200 -13.824 7.518 0.166 0.209 0.065713 20000 1.000000
239.899000 35.235100 -12.33 6.598 0.188 0.218 0.101895 20000 1.000000
239.975000 35.279800 -12.868 4.9 0.174 0.216 0.017538 20000 1.000000
240.065000 35.316800 -9.854 6.107 0.182 0.225 0.055959 20000 1.000000
239.887000 35.534200 -11.786 4.516 0.244 0.289 0.051743 20000 1.000000
239.818000 35.702700 -10.131 3.276 0.165 0.203 0.055735 20000 1.000000
239.869000 35.801300 -8.777 1.457 0.174 0.208 0.065414 20000 1.000000
239.999000 35.686700 -9.733 1.58 0.17 0.206 0.006915 20000 1.000000
239.707000 35.688900 -12.024 5.366 0.166 0.204 0.046315 20000 1.000000
240.287000 35.319000 -9.406 3.988 0.183 0.226 0.047751 20000 1.000000
240.091000 35.934700 -8.593 1.157 0.166 0.204 0.057374 20000 1.000000
240.496000 34.466800 -13.184 5.477 0.163 0.198 0.053181 20000 1.000000
240.674000 34.599600 -13.956 5.905 0.174 0.214 0.138921 20000 1.000000
240.885000 34.660100 -13.853 4.083 0.174 0.207 0.121644 20000 1.000000
240.845000 34.856200 -10.885 2.318 0.237 0.339 -0.040380 20000 1.000000
239.755000 35.686700 -11.786 5.29 0.168 0.203 0.039353 20000 1.000000
241.121000 34.835100 -11.206 2.026 0.166 0.201 0.065416 20000 1.000000
241.152000 34.792300 -10.985 2.466 0.171 0.213 0.061425 20000 1.000000
241.331000 34.695000 -10.384 2.215 0.175 0.212 0.131087 20000 1.000000
241.454000 34.771100 -10.748 2.672 0.168 0.204 0.050959 20000 1.000000
241.344000 34.944400 -10.378 1.487 0.172 0.21 0.024102 20000 1.000000
241.388000 35.138600 -9.03 1.052 0.166 0.202 0.034044 20000 1.000000
241.459000 34.821800 -10.626 2.538 0.179 0.212 0.075021 20000 1.000000
241.811000 34.982100 -8.137 0.786 0.166 0.201 0.056018 20000 1.000000
241.876000 35.378000 -9.819 -0.122 0.167 0.203 0.044979 20000 1.000000
241.740000 35.667300 -9.203 -0.382 0.174 0.207 0.058667 20000 1.000000
241.233000 36.231400 -7.827 -0.035 0.172 0.207 0.116946 20000 1.000000
241.045000 36.585500 -8.112 -0.484 0.163 0.204 0.051528 20000 1.000000
241.740000 36.093100 -8.785 -0.657 0.168 0.204 0.058255 20000 1.000000
241.994000 35.038800 -8.437 1.09 0.167 0.203 0.061839 20000 1.000000
242.271000 34.509700 -9.914 1.494 0.167 0.201 0.049659 20000 1.000000
242.451000 34.634300 -9.402 0.99 0.171 0.207 0.050168 20000 1.000000
242.457000 34.987000 -7.813 0.643 0.17 0.206 0.097079 20000 1.000000
243.048000 33.892600 -10.599 2.117 0.164 0.197 0.056113 20000 1.000000
243.454000 34.019300 -8.748 0.019 0.166 0.199 0.049586 20000 1.000000
242.719000 34.534800 -8.969 0.27 0.191 0.21 -0.033568 20000 1.000000
241.969000 34.332200 -12.656 3.322 0.171 0.207 0.073815 20000 1.000000
242.635000 35.116800 -7.477 -0.132 0.169 0.204 0.045845 20000 1.000000
241.983000 35.152400 -8.613 0.814 0.168 0.205 0.055927 20000 1.000000
242.697000 35.238500 -7.706 0.069 0.168 0.203 0.063039 20000 1.000000
242.795000 35.387900 -7.508 -0.725 0.163 0.199 0.062551 20000 1.000000
242.610000 35.896700 -7.085 -0.913 0.181 0.223 0.043120 20000 1.000000
242.597000 35.697600 -7.901 -1.233 0.166 0.203 0.053907 20000 1.000000
243.111000 35.998200 -7.39 -2.294 0.174 0.206 0.052225 20000 1.000000
243.112000 35.710600 -6.494 -1.661 0.164 0.203 0.061466 20000 1.000000
243.290000 34.192500 -8.648 0.947 0.171 0.202 0.034113 20000 1.000000
243.463000 34.217200 -8.321 0.47 0.17 0.201 0.063128 20000 1.000000
243.788000 33.865800 -8.219 -0.635 0.166 0.199 0.067661 20000 1.000000
243.920000 33.959300 -6.919 -1.784 0.168 0.2 0.056333 20000 1.000000
239.772000 35.729200 -9.573 3.484 0.176 0.214 0.069023 20000 1.000000
243.971000 34.716900 -6.624 -3.102 0.172 0.205 0.026939 20000 1.000000
243.329000 34.936800 -7.402 -1.975 0.168 0.204 0.063156 20000 1.000000
242.063000 34.341100 -12.245 3.43 0.179 0.218 0.030592 20000 1.000000
243.120000 34.462100 -8.493 -0.096 0.167 0.201 0.056418 20000 1.000000
244.179000 33.741000 -7.273 -2.951 0.176 0.209 0.066377 20000 1.000000
243.107000 34.062700 -9.001 2.102 0.182 0.217 0.024636 20000 1.000000
244.236000 34.425700 -6.021 -2.998 0.209 0.223 0.086110 20000 1.000000
244.350000 35.204800 -6.576 -3.297 0.171 0.205 0.031336 20000 1.000000
242.685000 34.187400 -10.823 2.036 0.17 0.205 0.105459 20000 1.000000
242.950000 34.196200 -9.056 2.375 0.201 0.21 0.132875 20000 1.000000
244.750000 34.731800 -6.179 -3.104 0.204 0.255 0.113947 20000 1.000000
243.237000 35.204600 -7.04 -1.757 0.166 0.201 0.063863 20000 1.000000
242.107000 35.424600 -8.894 0.296 0.166 0.203 0.055833 20000 1.000000
243.428000 35.320600 -6.987 -2.389 0.166 0.204 0.047041 20000 1.000000
243.896000 35.141900 -5.925 -3.257 0.177 0.206 0.033628 20000 1.000000
243.878000 35.526000 -7.014 -3.539 0.172 0.21 0.048353 20000 1.000000
243.855000 35.785400 -6.388 -2.579 0.166 0.203 0.047633 20000 1.000000
244.456000 35.472800 -6.918 -3.069 0.167 0.206 0.070529 20000 1.000000
244.634000 35.163000 -6.33 -3.069 0.175 0.212 0.039531 20000 1.000000
245.401000 34.188900 -5.67 -2.838 0.172 0.206 0.068650 20000 1.000000
245.035000 34.844400 -6.545 -3.039 0.171 0.205 0.052127 20000 1.000000
244.762000 35.291100 -6.082 -3.135 0.168 0.204 0.058338 20000 1.000000
241.621000 37.973100 -6.912 -1.358 0.164 0.208 0.030632 20000 1.000000
241.000000 37.613000 -10.206 -3.503 0.169 0.209 0.014939 20000 1.000000
241.084000 37.605300 -8.078 -5.302 0.174 0.226 0.019610 20000 1.000000
240.914000 37.785700 -10.075 0.344 0.23 0.272 -0.029032 20000 1.000000
240.967000 37.913500 -10.164 1.754 0.163 0.205 0.054719 20000 1.000000
240.974000 37.696600 -11.526 0.132 0.195 0.227 0.178732 20000 1.000000
240.862000 37.839300 -12.428 0.73 0.179 0.217 0.080128 20000 1.000000
240.853000 37.962800 -10.237 -0.026 0.164 0.205 0.055154 20000 1.000000
240.916000 37.914100 -9.372 1.898 0.166 0.207 0.059647 20000 1.000000
241.056000 37.734300 -8.728 3.495 0.165 0.208 0.058162 20000 1.000000
241.131000 37.654600 -4.782 -2.636 0.165 0.21 0.054033 20000 1.000000
241.040000 37.891700 -7.957 1.601 0.174 0.212 0.041107 20000 1.000000
241.148000 37.878200 -6.275 1.464 0.165 0.207 0.044590 20000 1.000000
241.183000 37.591400 -6.769 -4.581 0.168 0.221 0.104380 20000 1.000000
241.302000 37.561600 -6.387 -1.998 0.169 0.229 0.028875 20000 1.000000
241.316000 37.495400 -6.872 -2.91 0.162 0.203 0.055933 20000 1.000000
241.406000 37.541300 -7.404 -2.028 0.165 0.207 0.059901 20000 1.000000
241.180000 37.677000 -4.38 -1.882 0.164 0.207 0.057834 20000 1.000000
241.232000 37.754400 -6.637 -0.218 0.194 0.249 0.108230 20000 1.000000
240.981000 37.800000 -10.173 1.957 0.166 0.208 0.084143 20000 1.000000
241.264000 37.903500 -6.735 0.038 0.168 0.21 0.043560 20000 1.000000
241.445000 37.891300 -7.487 -1.687 0.174 0.213 0.117886 20000 1.000000
241.762000 37.589200 -7.457 -2.469 0.165 0.207 0.055894 20000 1.000000
241.528000 37.737500 -7.351 -1.801 0.171 0.211 0.081756 20000 1.000000
240.850000 38.057900 -8.566 -0.252 0.174 0.215 0.059429 20000 1.000000
237.706000 41.381200 -5.383 -1.44 0.186 0.239 0.098510 20000 1.000000
237.809000 41.479200 -6.397 -0.236 0.163 0.225 0.007699 20000 1.000000
237.687000 41.463600 -5.803 -2.209 0.166 0.228 -0.002998 20000 1.000000
237.847000 41.531900 -6.144 -1.091 0.201 0.238 0.095029 20000 1.000000
238.493000 41.711600 -5.269 -1.455 0.163 0.216 0.048717 20000 1.000000
246.132000 42.878900 -6.483 -2.877 0.163 0.219 0.037822 20000 1.000000
241.275000 37.380400 -10.864 -3.09 0.226 0.259 0.219390 20000 1.000000
241.439000 37.439500 -8.065 -1.622 0.178 0.217 0.062865 20000 1.000000
240.254000 37.088900 -8.609 -0.897 0.177 0.22 0.113670 20000 1.000000
241.853000 37.280500 -8.238 -2.265 0.166 0.207 0.073862 20000 1.000000
239.172000 41.359200 -6.935 -2.151 0.173 0.225 -0.020927 20000 1.000000
239.527000 41.332500 -7.02 -2.379 0.168 0.219 0.061439 20000 1.000000
235.587000 42.442000 -3.101 -0.647 0.166 0.224 -0.014091 20000 1.000000
235.707000 42.076600 -3.628 0.36 0.171 0.221 0.065062 20000 1.000000
238.120000 42.579800 -5.851 -1.779 0.167 0.218 0.034867 20000 1.000000
237.390000 42.727100 -4.661 -2.108 0.209 0.254 0.176490 20000 1.000000
240.341000 42.546100 -6.352 -2.478 0.164 0.22 0.041986 20000 1.000000
242.275000 42.020200 -4.934 -2.658 0.166 0.219 0.052795 20000 1.000000
243.404000 33.598200 -9.451 2.649 0.236 0.287 -0.035186 20000 1.000000
243.397000 33.495500 -11.39 2.974 0.172 0.207 0.062204 20000 1.000000
244.492000 32.829400 -9.157 0.844 0.169 0.198 0.051858 20000 1.000000
238.928000 37.699000 -8.706 -1.001 0.17 0.213 0.032802 20000 1.000000
239.784000 35.693800 -10.492 3.611 0.186 0.22 0.098117 20000 1.000000
237.579000 41.830800 -6.747 -1.931 0.177 0.239 0.097827 20000 1.000000
236.019000 41.845500 -4.325 0.906 0.183 0.269 -0.041816 20000 1.000000
238.521000 36.744300 -13.707 8.324 0.257 0.314 0.108453 20000 1.000000
239.528000 35.946600 -7.286 3.559 0.187 0.225 0.114421 20000 1.000000
239.485000 35.929100 -12.397 5.818 0.239 0.312 0.020179 20000 1.000000
236.427000 40.478800 -7.314 -0.447 0.198 0.261 0.245956 20000 1.000000
237.036000 39.845700 -10.496 0.125 0.162 0.212 0.021076 20000 1.000000
243.852000 34.508100 -5.745 -2.904 0.165 0.199 0.055887 20000 1.000000
245.241000 32.497900 -5.303 -3.429 0.171 0.199 0.054587 20000 1.000000
243.407000 33.537300 -11.103 3.922 0.179 0.214 0.108637 20000 1.000000
241.651000 34.021700 -13.675 6.342 0.174 0.215 0.079899 20000 1.000000
243.936000 31.559100 -14.211 6.544 0.174 0.199 0.126092 20000 1.000000
238.728000 35.709000 -13.996 8.198 0.189 0.23 0.026079 20000 1.000000
242.077000 34.508200 -11.022 2.452 0.174 0.208 0.064976 20000 1.000000
244.450000 32.490100 -11.41 4.193 0.171 0.207 0.015141 20000 1.000000
242.305000 34.925400 -8.154 0.541 0.171 0.208 0.019898 20000 1.000000
244.116000 32.417000 -15.098 5.036 0.167 0.196 0.057944 20000 1.000000
239.522000 35.919900 -13.107 5.922 0.172 0.212 0.092506 20000 1.000000
242.818000 33.835700 -12.036 3.915 0.188 0.214 0.058319 20000 1.000000
243.506000 33.819200 -9.207 1.215 0.175 0.207 0.058566 20000 1.000000
242.193000 34.091800 -12.722 3.721 0.173 0.218 0.039135 20000 1.000000
244.165000 31.313100 -15.067 5.601 0.167 0.194 0.048217 20000 1.000000
244.543000 32.377900 -11.573 5.072 0.166 0.195 0.052479 20000 1.000000
241.596000 33.743300 -14.288 5.881 0.166 0.2 0.049878 20000 1.000000
241.628000 33.779500 -14.393 6.544 0.235 0.288 0.057636 20000 1.000000
238.863000 36.161100 -14.177 7.469 0.173 0.21 0.077672 20000 1.000000
241.755000 34.628700 -11.014 2.579 0.187 0.226 0.009530 20000 1.000000
239.056000 39.974600 -7.521 1.971 0.175 0.228 0.008944 20000 1.000000
242.317000 35.338700 -7.347 -0.454 0.166 0.203 0.062525 20000 1.000000
240.280000 34.500000 -14.502 5.716 0.169 0.205 0.044907 20000 1.000000
243.375000 34.643900 -8.032 -1.033 0.168 0.2 0.046349 20000 1.000000
241.974000 34.019100 -13.501 3.617 0.187 0.224 -0.008282 20000 1.000000
242.445000 33.485800 -13.707 5.559 0.185 0.216 0.094012 20000 1.000000
239.475000 35.900000 -19.926 7.854 0.176 0.215 0.026002 20000 1.000000
241.807000 34.875100 -8.571 1.742 0.178 0.213 0.062282 20000 1.000000
240.816000 34.541500 -14.514 4.992 0.191 0.226 0.127904 20000 1.000000
244.877000 40.617200 -6.062 -2.85 0.166 0.221 0.061871 20000 1.000000
238.442000 37.666500 -8.335 -1.979 0.166 0.208 0.036746 20000 1.000000
241.245000 34.459800 -12.47 4.159 0.186 0.231 0.064478 20000 1.000000
242.138000 34.205600 -12.413 3.344 0.214 0.222 -0.023220 20000 1.000000
239.775000 40.591700 -6.917 -2.733 0.17 0.225 0.037747 20000 1.000000
240.984000 41.868400 -5.741 -2.527 0.175 0.231 0.130757 20000 1.000000
243.701000 35.971300 -6.548 -3.417 0.176 0.208 0.013214 20000 1.000000
241.521000 34.438600 -12.923 3.636 0.196 0.237 0.023617 20000 1.000000
240.116000 39.314300 -10.687 -2.7 0.165 0.215 0.026922 20000 1.000000
244.022000 33.292200 -8.852 0.961 0.173 0.203 0.065627 20000 1.000000
240.476000 33.247900 -16.937 6.272 0.188 0.231 0.045799 20000 1.000000
240.936000 34.319900 -13.779 4.968 0.166 0.2 0.058494 20000 1.000000
241.354000 34.059300 -14.551 5.323 0.169 0.203 0.019798 20000 1.000000
242.151000 33.992700 -13.318 4.316 0.18 0.211 0.058132 20000 1.000000
239.935000 34.004300 -15.242 7.24 0.172 0.206 0.046089 20000 1.000000
239.640000 35.917400 -11.611 -0.608 0.193 0.235 0.118871 20000 1.000000
241.585000 35.158200 -9.117 0.515 0.165 0.202 0.054789 20000 1.000000
243.923000 33.650600 -8.36 0.048 0.172 0.207 0.084980 20000 1.000000
239.867000 34.483500 -15.239 7.691 0.175 0.217 0.035487 20000 1.000000
243.839000 33.641200 -10.551 1.083 0.18 0.21 0.067823 20000 1.000000
242.951000 39.542200 -5.894 -2.825 0.173 0.215 0.141699 20000 1.000000
242.816000 38.097200 -6.241 -2.912 0.164 0.207 0.048065 20000 1.000000
241.669000 33.797800 -14.638 5.571 0.174 0.208 0.045037 20000 1.000000
241.163000 34.248000 -13.615 5.153 0.173 0.206 0.112860 20000 1.000000
235.849000 41.053900 -4.458 1.072 0.169 0.218 0.005446 20000 1.000000
241.558000 34.069100 -14.891 4.274 0.185 0.214 0.093457 20000 1.000000
240.156000 34.413300 -14.744 7.959 0.194 0.217 -0.044255 20000 1.000000
241.198000 39.627100 -7.063 -2.856 0.164 0.212 0.069799 20000 1.000000
241.715000 34.024000 -10.467 13.701 0.24 0.281 0.188016 20000 1.000000
243.915000 33.030100 -13.023 3.812 0.169 0.2 0.057465 20000 1.000000
240.516000 34.851500 -13.61 4.361 0.183 0.219 0.058352 20000 1.000000
238.053000 38.394500 -6.983 -2.679 0.172 0.221 -0.019505 20000 1.000000
241.780000 34.178600 -14.035 3.974 0.221 0.233 0.159330 20000 1.000000
241.486000 34.126400 -14.135 5.373 0.166 0.201 0.069026 20000 1.000000
241.516000 34.293200 -13.797 4.864 0.172 0.203 0.056700 20000 1.000000
239.384000 34.556300 -14.96 8.582 0.174 0.212 0.057051 20000 1.000000
241.879000 34.501500 -12.815 3.248 0.181 0.213 0.052422 20000 1.000000
241.706000 33.712600 -14.48 5.012 0.169 0.204 0.045948 20000 1.000000
242.807000 33.225000 -14.527 5.195 0.168 0.2 0.077200 20000 1.000000
241.346000 37.664300 -7.119 -2.031 0.172 0.219 0.060565 20000 1.000000
241.016000 35.010800 -10.002 1.712 0.187 0.224 0.031704 20000 1.000000
243.608000 33.934800 -8.991 0.601 0.206 0.24 0.007641 20000 1.000000
241.258000 34.568500 -10.88 2.67 0.183 0.219 0.185470 20000 1.000000
241.586000 34.259400 -13.317 4.713 0.195 0.236 0.019422 20000 1.000000
243.068000 34.669000 -8.675 -0.331 0.186 0.22 -0.055887 20000 1.000000
241.572000 33.958200 -15.052 6.078 0.23 0.249 -0.256585 20000 1.000000
243.346000 33.955300 -8.212 1.522 0.173 0.205 0.030219 20000 1.000000
243.111000 35.425200 -7.044 -1.997 0.182 0.221 0.040110 20000 1.000000
243.920000 35.287000 -6.29 -1.94 0.17 0.207 0.060832 20000 1.000000
