242.907000 34.116400 -9.612 1.741 0.192 0.243 0.010499 20000 1.000000
242.555000 33.274300 -13.758 5.972 0.172 0.199 0.055184 20000 1.000000
243.571000 34.594300 -6.25 -1.798 0.17 0.2 0.056357 20000 1.000000
241.305000 34.824500 -10.196 3.178 0.187 0.224 0.036747 20000 1.000000
242.675000 33.341900 -13.212 6.383 0.17 0.199 0.060931 20000 1.000000
242.524000 33.381100 -13.158 6.286 0.171 0.198 0.054417 20000 1.000000
242.103000 34.126000 -11.806 4.583 0.291 0.303 0.155012 20000 1.000000
242.795000 40.412800 -5.063 -4.347 0.195 0.247 0.040155 20000 1.000000
240.970000 33.480500 -13.821 7.43 0.188 0.213 0.015922 20000 1.000000
243.116000 34.264300 -7.901 1.448 0.194 0.23 0.124205 20000 1.000000
240.594000 34.920500 -11.993 3.097 0.178 0.213 0.028836 20000 1.000000
243.379000 37.039900 -6.196 -3.348 0.176 0.213 0.045846 20000 1.000000
244.002000 34.000500 -6.308 -2.063 0.172 0.2 0.035983 20000 1.000000
242.935000 33.578200 -12.31 4.73 0.182 0.21 0.039229 20000 1.000000
243.920000 35.287000 -6.337 -4.745 0.173 0.206 0.051416 20000 1.000000
245.285000 33.610400 -6.045 -4.362 0.174 0.202 0.042264 20000 1.000000
243.947000 34.251400 -5.746 -2.09 0.173 0.202 0.049581 20000 1.000000
241.723000 34.184900 -10.573 6.416 0.226 0.247 0.086103 20000 1.000000
242.988000 34.918600 -6.886 -0.02 0.175 0.207 0.031875 20000 1.000000
241.812000 34.292800 -11.95 4.418 0.257 0.269 -0.288857 20000 1.000000
242.156000 42.779500 -4.994 -3.808 0.169 0.224 0.051700 20000 1.000000
240.653000 35.157300 -10.592 0.902 0.173 0.21 0.071890 20000 1.000000
235.437000 42.836100 -2.489 0.581 0.173 0.231 0.030395 20000 1.000000
244.010000 33.655100 -7.584 0.294 0.202 0.24 0.072756 20000 1.000000
239.566000 35.939400 -7.155 3.496 0.166 0.204 0.037083 20000 1.000000
239.569000 35.888400 -11.591 6.409 0.192 0.227 0.053888 20000 1.000000
241.666000 33.311600 -14.194 7.391 0.167 0.197 0.060709 20000 1.000000
241.517000 33.445800 -14 7.719 0.171 0.203 0.029537 20000 1.000000
241.370000 34.138600 -13.133 6.259 0.209 0.228 0.138640 20000 1.000000
242.329000 35.565300 -6.118 0.237 0.175 0.212 0.044715 20000 1.000000
240.987000 34.806400 -11.498 2.795 0.185 0.24 -0.068946 20000 1.000000
243.664000 34.829500 -6.478 -1.261 0.184 0.209 0.047080 20000 1.000000
242.035000 34.244000 -13.044 2.562 0.199 0.244 -0.069726 20000 1.000000
241.974000 34.333400 -11.955 4.813 0.19 0.215 0.106523 20000 1.000000
242.172000 34.640500 -8.66 1.83 0.18 0.218 0.107033 20000 1.000000
241.063000 34.109600 -13.166 6.46 0.183 0.224 0.081722 20000 1.000000
241.873000 34.136700 -12.405 2.774 0.199 0.22 0.070091 20000 1.000000
242.576000 34.271200 -8.877 0.998 0.17 0.198 0.046520 20000 1.000000
242.521000 34.313800 -8.837 3.283 0.186 0.216 0.154927 20000 1.000000
241.856000 34.530300 -11.888 1.597 0.189 0.213 -0.087931 20000 1.000000
242.291000 34.109900 -12.127 4.707 0.185 0.218 0.022612 20000 1.000000
244.877000 32.863500 -3.792 -1.969 0.184 0.206 0.047426 20000 1.000000
244.272000 32.850500 -11.02 3.42 0.181 0.209 0.057355 20000 1.000000
240.120000 34.414900 -14.634 6.989 0.176 0.207 0.014629 20000 1.000000
242.427000 35.071700 -7.172 0.961 0.175 0.207 0.097910 20000 1.000000
239.249000 35.791600 -13.06 7.342 0.176 0.212 0.028841 20000 1.000000
242.900000 34.039100 -11.262 4.169 0.171 0.198 0.083418 20000 1.000000
240.275000 35.242100 -10.94 2.193 0.165 0.198 0.054039 20000 1.000000
244.265000 33.069800 -8.876 1.912 0.18 0.207 0.063742 20000 1.000000
240.961000 34.168400 -15.131 7.472 0.171 0.204 0.071780 20000 1.000000
241.743000 33.861500 -12.933 5.909 0.173 0.207 0.049343 20000 1.000000
241.476000 34.253600 -12.011 5.667 0.178 0.211 0.094484 20000 1.000000
240.629000 34.408100 -13.591 5.531 0.196 0.234 0.030355 20000 1.000000
241.387000 34.516500 -12.506 3.958 0.176 0.206 0.033223 20000 1.000000
243.630000 34.124100 -7.3 0.531 0.185 0.215 0.008981 20000 1.000000
242.098000 34.082000 -12.447 3.671 0.184 0.217 -0.010501 20000 1.000000
241.603000 34.334800 -12.322 5.823 0.43 0.395 0.007585 20000 1.000000
241.603000 34.334000 -13.103 4.352 0.282 0.268 -0.106659 20000 1.000000
244.212000 33.389800 -7.808 -0.316 0.182 0.209 0.046483 20000 1.000000
242.154000 35.267500 -7.078 0.481 0.172 0.209 0.010813 20000 1.000000
242.140000 34.413400 -10.129 4.276 0.172 0.217 0.042318 20000 1.000000
241.873000 33.938300 -14.366 2.995 0.181 0.209 0.054749 20000 1.000000
242.588000 33.647700 -13.211 6.083 0.167 0.196 0.051684 20000 1.000000
241.170000 34.946200 -8.592 5.744 0.178 0.217 0.051043 20000 1.000000
245.061000 39.345200 -5.96 -3.604 0.173 0.213 0.040527 20000 1.000000
244.183000 40.914700 -6.028 -3.408 0.166 0.213 0.046712 20000 1.000000
241.871000 33.583500 -12.683 6.507 0.177 0.204 0.068944 20000 1.000000
242.574000 33.649100 -13.524 6.372 0.173 0.207 0.013331 20000 1.000000
241.574000 34.703100 -9.187 2.776 0.169 0.202 0.053853 20000 1.000000
242.474000 34.104200 -11.631 4.362 0.197 0.231 0.067767 20000 1.000000
239.991000 34.733000 -13.881 7.252 0.171 0.202 0.078123 20000 1.000000
243.064000 34.093600 -7.453 2.893 0.195 0.279 0.139007 20000 1.000000
241.116000 34.356300 -13.401 6.141 0.173 0.202 0.048134 20000 1.000000
246.195000 39.369400 -6.506 -3.235 0.173 0.211 0.035791 20000 1.000000
241.760000 34.733900 -8.803 3.228 0.193 0.23 0.023343 20000 1.000000
244.200000 32.945000 -11.905 3.442 0.211 0.231 0.079563 20000 1.000000
241.107000 34.800200 -12.04 2.549 0.175 0.21 0.052535 20000 1.000000
240.644000 40.416500 -5.064 -2.25 0.167 0.217 0.008660 20000 1.000000
240.136000 35.189400 -12.124 5.49 0.171 0.209 0.043055 20000 1.000000
244.479000 33.274800 -6.101 -1.812 0.176 0.201 0.044858 20000 1.000000
243.617000 34.291400 -6.493 0.274 0.183 0.213 0.017938 20000 1.000000
245.173000 33.051100 -5.055 -2.258 0.208 0.233 -0.029210 20000 1.000000
244.340000 34.784000 -5.211 -3.296 0.195 0.23 0.030295 20000 1.000000
245.810000 34.308600 -5.521 -1.81 0.177 0.204 0.047948 20000 1.000000
243.111000 35.425200 -5.092 -0.078 0.173 0.206 0.032551 20000 1.000000
245.820000 40.640200 -7.09 -3.03 0.167 0.21 0.057876 20000 1.000000
239.584000 36.399000 -7.705 0.503 0.202 0.243 0.026426 20000 1.000000
241.887000 34.047400 -12.798 4.64 0.17 0.203 0.091606 20000 1.000000
242.701000 35.011500 -6.18 0.395 0.172 0.209 0.063584 20000 1.000000
241.714000 33.783600 -12.581 6.023 0.196 0.232 -0.029844 20000 1.000000
243.570000 34.754800 -6.699 -1.479 0.173 0.203 0.068040 20000 1.000000
238.530000 40.815900 -5.928 -3.087 0.166 0.217 0.038399 20000 1.000000
242.999000 33.708100 -11.8 5.051 0.17 0.2 0.066197 20000 1.000000
244.365000 33.705000 -6.345 -1.279 0.192 0.233 0.039032 20000 1.000000
239.520000 35.866700 -12.174 6.134 0.194 0.248 0.061837 20000 1.000000
242.155000 34.458200 -10.291 2.978 0.19 0.225 0.022721 20000 1.000000
239.598000 35.880800 -9.008 2.985 0.181 0.216 0.135717 20000 1.000000
240.812000 34.441200 -13.167 5.505 0.184 0.221 0.051416 20000 1.000000
244.089000 34.727300 -5.793 -2.594 0.175 0.207 0.063923 20000 1.000000
243.779000 33.796800 -9.074 0.942 0.176 0.207 0.089084 20000 1.000000
244.855000 34.157600 -6.033 -3.182 0.171 0.202 0.079921 20000 1.000000
241.526000 35.662300 -7.404 -0.324 0.179 0.217 0.003713 20000 1.000000
242.045000 34.449100 -10.845 2.902 0.166 0.204 0.033244 20000 1.000000
240.992000 34.398500 -12.73 4.455 0.173 0.207 0.049078 20000 1.000000
243.827000 33.925400 -7.008 -1.075 0.181 0.208 0.062314 20000 1.000000
243.241000 33.236000 -11.989 6.39 0.208 0.231 0.133424 20000 1.000000
242.165000 34.485500 -9.1 2.815 0.168 0.201 0.044619 20000 1.000000
242.609000 33.744200 -11.515 5.229 0.227 0.251 0.133914 20000 1.000000
242.555000 33.817400 -12.226 5.468 0.197 0.224 0.002946 20000 1.000000
243.060000 35.090200 -7.567 -0.679 0.174 0.205 0.054927 20000 1.000000
239.553000 34.691000 -13.015 8.804 0.208 0.242 -0.017367 20000 1.000000
242.246000 34.133300 -12.08 4.373 0.175 0.206 0.074923 20000 1.000000
239.406000 35.828700 -12.558 6.832 0.175 0.213 0.077644 20000 1.000000
242.454000 34.314900 -11.326 1.66 0.189 0.225 0.130701 20000 1.000000
241.970000 34.527100 -10.597 2.127 0.176 0.214 -0.003178 20000 1.000000
240.896000 34.733600 -12.772 4.541 0.172 0.21 0.049222 20000 1.000000
239.557000 35.832600 -12.152 6.224 0.169 0.206 0.051230 20000 1.000000
242.563000 33.856800 -11.907 5.085 0.173 0.199 0.050131 20000 1.000000
238.778000 42.418300 -5.245 -4.807 0.236 0.319 0.035166 20000 1.000000
239.241000 36.186900 -8.804 -0.246 0.172 0.207 0.100169 20000 1.000000
239.233000 36.180500 -13.537 6.809 0.171 0.206 0.055456 20000 1.000000
244.021000 36.632500 -5.934 -3.2 0.169 0.205 0.081985 20000 1.000000
239.649000 34.038300 -13.877 7.58 0.173 0.206 0.001320 20000 1.000000
241.874000 34.136800 -13.285 5.722 0.17 0.2 0.072885 20000 1.000000
243.904000 40.148400 -5.316 -3.816 0.172 0.219 -0.024511 20000 1.000000
242.682000 33.918400 -11.306 4.59 0.173 0.2 0.062289 20000 1.000000
239.566000 35.969500 -8.113 2.176 0.174 0.203 0.004619 20000 1.000000
244.588000 40.710700 -6.228 -3.688 0.169 0.224 0.029018 20000 1.000000
241.122000 34.295500 -12.524 6.488 0.282 0.326 0.056895 20000 1.000000
242.118000 34.175200 -13.309 4.602 0.23 0.253 -0.235687 20000 1.000000
243.352000 34.038500 -9.539 1.159 0.188 0.223 0.169044 20000 1.000000
242.790000 34.230800 -9.214 0.163 0.296 0.29 0.209933 20000 1.000000
241.755000 34.055200 -12.385 5.612 0.244 0.237 0.285267 20000 1.000000
245.381000 34.767700 -5.737 -2.739 0.186 0.218 0.051365 20000 1.000000
242.491000 39.685600 -5.564 -3.54 0.172 0.216 0.044323 20000 1.000000
240.859000 34.498700 -12.727 3.985 0.167 0.199 0.042910 20000 1.000000
243.932000 34.141000 -5.713 -1.266 0.174 0.203 0.078617 20000 1.000000
242.653000 33.240700 -13.259 5.497 0.192 0.21 -0.075232 20000 1.000000
244.082000 34.369900 -5.76 -2.457 0.174 0.205 0.011140 20000 1.000000
243.695000 34.427700 -5.642 -1.351 0.174 0.208 0.021888 20000 1.000000
243.708000 34.533000 -7.59 -4.254 0.181 0.207 0.042291 20000 1.000000
243.185000 34.674900 -7.783 -0.063 0.182 0.214 0.147428 20000 1.000000
241.793000 34.128800 -12.642 4.348 0.192 0.227 0.045027 20000 1.000000
240.647000 34.683400 -13.028 4.47 0.212 0.257 0.011073 20000 1.000000
242.814000 39.521100 -5.63 -3.704 0.172 0.214 0.046049 20000 1.000000
245.995000 32.722500 -6.288 -2.337 0.179 0.204 0.092747 20000 1.000000
244.721000 39.910200 -6.138 -3.318 0.186 0.219 0.046495 20000 1.000000
245.543000 36.154200 -5.673 -2.299 0.173 0.203 0.047396 20000 1.000000
245.180000 41.724200 -6.147 -2.884 0.168 0.214 0.017224 20000 1.000000
242.670000 41.428700 -5.396 -4.01 0.167 0.217 0.068034 20000 1.000000
242.935000 42.981700 -5.774 -3.709 0.164 0.217 0.031455 20000 1.000000
235.925000 40.876300 -4.125 0.988 0.219 0.272 0.088692 20000 1.000000
236.274000 38.928300 -12.616 7.262 0.163 0.207 0.033346 20000 1.000000
237.585000 40.997600 -6.136 -1.465 0.192 0.262 -0.047558 20000 1.000000
243.830000 32.616500 -14.303 6.101 0.171 0.196 0.039644 20000 1.000000
238.997000 35.551800 -13.218 8.478 0.168 0.206 0.053038 20000 1.000000
242.015000 39.305600 -5.939 -3.178 0.174 0.221 0.012715 20000 1.000000
242.395000 39.287900 -6.257 -2.865 0.171 0.211 0.040739 20000 1.000000
243.576000 39.500500 -5.822 -3.607 0.165 0.213 0.060619 20000 1.000000
243.950000 39.546400 -6.38 -3.368 0.17 0.209 0.069439 20000 1.000000
244.111000 39.374200 -6.165 -2.868 0.167 0.208 0.061131 20000 1.000000
244.487000 39.536100 -5.884 -3.377 0.167 0.211 0.046684 20000 1.000000
244.568000 39.388600 -5.459 -3.01 0.163 0.204 0.044962 20000 1.000000
242.120000 40.433400 -5.871 -2.879 0.169 0.214 0.076812 20000 1.000000
245.308000 39.255200 -5.769 -3.555 0.17 0.209 0.098688 20000 1.000000
245.723000 39.119400 -6.003 -2.993 0.171 0.216 0.048812 20000 1.000000
246.129000 39.067300 -6.191 -3.356 0.168 0.21 0.029930 20000 1.000000
246.495000 39.268900 -6.321 -2.944 0.166 0.211 0.050912 20000 1.000000
242.532000 40.320600 -6.169 -2.825 0.173 0.217 0.001512 20000 1.000000
246.946000 40.494000 -5.971 -3.528 0.166 0.21 0.060578 20000 1.000000
243.264000 40.495500 -5.81 -3.642 0.175 0.22 0.002804 20000 1.000000
243.721000 40.363200 -5.952 -4.11 0.165 0.21 0.064263 20000 1.000000
240.200000 39.572800 -6.766 -1.576 0.167 0.212 0.036940 20000 1.000000
242.469000 36.614300 -6.221 -2.773 0.167 0.202 0.042938 20000 1.000000
242.593000 36.804200 -5.896 -3.066 0.163 0.199 0.047739 20000 1.000000
242.006000 36.606000 -6.019 -1.283 0.177 0.209 0.138844 20000 1.000000
242.296000 37.200800 -5.623 -1.954 0.174 0.212 0.049276 20000 1.000000
240.463000 39.698400 -6.581 -2.988 0.174 0.22 0.045540 20000 1.000000
240.694000 39.795600 -5.212 -2.028 0.209 0.272 0.118883 20000 1.000000
241.126000 39.838800 -6.652 -3.285 0.175 0.217 0.012397 20000 1.000000
241.316000 39.888900 -6.298 -3.292 0.17 0.216 0.034493 20000 1.000000
241.841000 39.212300 -5.786 -3.731 0.162 0.204 0.047088 20000 1.000000
246.706000 41.856800 -6.062 -2.598 0.176 0.226 0.086683 20000 1.000000
246.958000 39.345100 -6.45 -3.351 0.171 0.209 0.044845 20000 1.000000
246.988000 41.817300 -5.234 -3.099 0.167 0.213 0.035019 20000 1.000000
246.722000 40.671300 -6.555 -3.411 0.171 0.216 0.039325 20000 1.000000
240.931000 39.486100 -6.64 -1.963 0.17 0.215 0.052064 20000 1.000000
241.550000 39.133900 -5.719 -2.776 0.166 0.209 0.058996 20000 1.000000
241.062000 39.268000 -5.927 -2.332 0.213 0.264 0.031238 20000 1.000000
241.649000 39.454700 -6.037 -2.969 0.169 0.212 0.093257 20000 1.000000
241.995000 38.728800 -5.693 -3.114 0.167 0.207 0.052056 20000 1.000000
241.540000 38.724600 -6.011 -2.837 0.171 0.214 0.052532 20000 1.000000
241.070000 38.980900 -6.136 -2.305 0.163 0.211 0.051475 20000 1.000000
240.985000 38.704600 3.488 6.802 0.223 0.263 0.095182 20000 1.000000
240.541000 38.761400 -6.405 -0.554 0.178 0.216 -0.029110 20000 1.000000
240.990000 40.242200 -6.541 -3.025 0.188 0.22 -0.029713 20000 1.000000
240.278000 39.908200 -6.738 -2.155 0.171 0.218 0.086518 20000 1.000000
239.614000 39.046600 -7.737 -1.456 0.188 0.228 -0.023308 20000 1.000000
240.189000 39.123500 -7.8 -2.513 0.169 0.214 -0.014413 20000 1.000000
239.107000 39.466700 -7.225 -1.32 0.183 0.22 0.141190 20000 1.000000
239.716000 39.937400 -7.033 -1.827 0.161 0.206 0.040886 20000 1.000000
239.194000 40.418600 -6.274 -2.848 0.194 0.233 0.095988 20000 1.000000
239.923000 40.288900 -6.396 -2.093 0.167 0.215 0.058444 20000 1.000000
235.692000 40.247500 -10.403 5.516 0.162 0.212 0.035526 20000 1.000000
235.867000 40.551300 -5.127 2.411 0.165 0.214 0.027448 20000 1.000000
235.787000 40.637400 -4.414 2.455 0.187 0.238 0.047168 20000 1.000000
235.943000 40.219600 -9.61 4.739 0.167 0.217 0.054234 20000 1.000000
236.307000 40.119300 -8.699 0.312 0.178 0.235 0.092868 20000 1.000000
238.207000 36.485500 -12.902 8.624 0.163 0.201 0.042365 20000 1.000000
238.710000 35.945700 -13.567 7.934 0.171 0.209 0.098620 20000 1.000000
238.949000 36.302100 -13.394 6.823 0.167 0.205 0.057061 20000 1.000000
238.865000 36.425900 -13.766 7.605 0.171 0.208 0.087088 20000 1.000000
237.668000 37.534500 -12.577 5.551 0.199 0.217 -0.046499 20000 1.000000
237.623000 37.914500 -10.362 4.469 0.173 0.217 0.052372 20000 1.000000
236.819000 38.495000 -11.55 6.753 0.167 0.213 -0.019350 20000 1.000000
236.291000 39.117200 -11.702 6.066 0.167 0.213 0.048606 20000 1.000000
236.652000 38.987400 -10.736 4.727 0.176 0.218 0.120938 20000 1.000000
236.796000 39.242000 -10.729 2.56 0.166 0.213 0.053529 20000 1.000000
236.368000 42.275400 -7.962 -3.887 0.173 0.228 0.043875 20000 1.000000
236.895000 39.319700 -9.44 0.897 0.171 0.215 0.068330 20000 1.000000
237.041000 38.664700 -9.277 4.983 0.195 0.263 0.123151 20000 1.000000
237.233000 38.428600 -9.819 4.816 0.169 0.216 0.064218 20000 1.000000
237.548000 38.239800 -8.911 2.865 0.168 0.213 0.036163 20000 1.000000
237.083000 38.866100 -9.597 1.179 0.161 0.206 0.033848 20000 1.000000
237.037000 39.398100 -9.055 -2.326 0.232 0.277 -0.003302 20000 1.000000
237.424000 38.777800 -8.056 0.227 0.173 0.229 0.020512 20000 1.000000
237.281000 39.260000 -7.264 -1.634 0.166 0.211 0.081408 20000 1.000000
237.696000 39.109300 -7.615 -2.629 0.171 0.216 0.040241 20000 1.000000
237.873000 37.069200 -11.765 6.641 0.197 0.238 0.216168 20000 1.000000
238.137000 36.962000 -12.765 6.376 0.19 0.221 0.006251 20000 1.000000
238.009000 37.201700 -12.248 5.915 0.194 0.232 -0.022231 20000 1.000000
238.203000 37.001000 -12.108 5.555 0.254 0.283 0.137244 20000 1.000000
238.274000 37.002400 -12.255 5.548 0.18 0.228 0.071346 20000 1.000000
238.349000 37.104500 -10.803 3.794 0.205 0.233 -0.057385 20000 1.000000
238.286000 37.203500 -11.358 4.381 0.175 0.212 0.103141 20000 1.000000
237.786000 37.329900 -12.474 3.134 0.164 0.204 0.053295 20000 1.000000
237.901000 37.336900 -11.624 4.687 0.171 0.219 0.023079 20000 1.000000
237.900000 37.722000 -9.654 2.359 0.164 0.204 0.036425 20000 1.000000
237.781000 37.863900 -9.42 2.524 0.169 0.216 0.031132 20000 1.000000
237.942000 37.713900 -8.561 1.139 0.183 0.224 -0.014726 20000 1.000000
238.174000 37.336800 -11.02 3.64 0.17 0.215 0.052589 20000 1.000000
238.210000 37.533000 -8.138 -0.068 0.165 0.206 0.053633 20000 1.000000
238.313000 37.601800 -8.048 -0.06 0.176 0.212 0.104792 20000 1.000000
238.022000 37.749400 -8.896 2.637 0.167 0.207 0.039285 20000 1.000000
238.214000 37.819000 -8.024 -0.494 0.169 0.21 0.046153 20000 1.000000
238.095000 36.621700 -13.501 7.498 0.167 0.207 0.036661 20000 1.000000
238.421000 36.724000 -12.941 8.452 0.168 0.206 0.029551 20000 1.000000
238.580000 36.800400 -9.997 4.763 0.166 0.204 0.034243 20000 1.000000
238.409000 36.858500 -12.575 6.933 0.168 0.207 0.025916 20000 1.000000
238.459000 36.814300 -12.648 6.391 0.17 0.207 0.057266 20000 1.000000
238.445000 36.903500 -11.944 4.72 0.17 0.207 0.019686 20000 1.000000
238.613000 36.637000 -13.145 7.456 0.175 0.214 -0.005626 20000 1.000000
238.458000 37.007800 -11.857 3.638 0.182 0.23 0.055378 20000 1.000000
238.426000 37.213000 -7.568 0.844 0.167 0.205 0.043243 20000 1.000000
238.665000 36.918200 -8.658 -0.501 0.165 0.203 0.049667 20000 1.000000
238.645000 37.010800 -12.391 0.553 0.185 0.224 0.003717 20000 1.000000
240.294000 37.713100 -6.855 1.504 0.173 0.215 0.026435 20000 1.000000
238.812000 36.559500 -13.45 7.125 0.163 0.201 0.038009 20000 1.000000
238.131000 37.975600 -8.666 0.039 0.168 0.209 0.064290 20000 1.000000
238.936000 36.611600 -6.237 0.138 0.162 0.2 0.040653 20000 1.000000
238.732000 36.950000 -9.183 -1.028 0.223 0.268 0.070419 20000 1.000000
238.652000 36.811400 -9.111 0.734 0.168 0.207 0.039542 20000 1.000000
238.942000 37.169600 -7.765 -0.305 0.174 0.213 0.064702 20000 1.000000
238.347000 37.478400 -8.127 -0.28 0.18 0.224 0.044388 20000 1.000000
238.531000 37.489600 -9.638 1.532 0.163 0.203 0.035599 20000 1.000000
238.675000 37.581900 -8.863 -0.823 0.168 0.211 0.030757 20000 1.000000
238.395000 37.932000 -7.563 -1.237 0.166 0.207 0.040351 20000 1.000000
238.536000 37.755300 -8.521 -0.584 0.2 0.247 0.031627 20000 1.000000
238.717000 37.385400 -8.672 -1.157 0.175 0.222 0.053298 20000 1.000000
237.782000 38.153000 -7.253 0.397 0.164 0.207 0.021226 20000 1.000000
237.904000 38.025100 -8.876 0.969 0.179 0.228 -0.015263 20000 1.000000
237.805000 38.444200 -8.564 -0.289 0.175 0.231 0.054830 20000 1.000000
237.645000 38.999500 -8.102 -1.748 0.202 0.227 0.131166 20000 1.000000
238.905000 38.645300 -7.406 -1.936 0.165 0.207 0.046172 20000 1.000000
239.652000 35.544100 -14.612 6.357 0.172 0.208 0.036017 20000 1.000000
239.611000 35.841100 -10.348 5.348 0.173 0.208 0.017808 20000 1.000000
239.655000 35.837800 -9.725 2.808 0.177 0.219 0.038464 20000 1.000000
239.715000 35.806700 -9.789 2.073 0.181 0.22 0.049951 20000 1.000000
239.093000 35.933300 -13.604 7.115 0.165 0.202 0.040168 20000 1.000000
239.019000 36.417200 -8.787 0.277 0.167 0.207 0.058858 20000 1.000000
239.147000 36.515900 -8.356 -0.138 0.172 0.214 0.029096 20000 1.000000
239.302000 36.024800 -12.799 7.136 0.166 0.209 0.041776 20000 1.000000
239.121000 36.140200 -13.719 7.08 0.167 0.203 0.036729 20000 1.000000
239.251000 36.106800 -13.534 7.499 0.163 0.199 0.046318 20000 1.000000
239.272000 36.178900 -7.595 0.147 0.163 0.2 0.044686 20000 1.000000
239.355000 35.922800 -12.72 6.879 0.165 0.201 0.031830 20000 1.000000
239.525000 36.007500 -5.307 3.426 0.197 0.227 0.041042 20000 1.000000
239.457000 36.089400 -6.079 4.533 0.164 0.201 0.042651 20000 1.000000
239.560000 36.123200 -8.364 1.112 0.164 0.201 0.041687 20000 1.000000
239.158000 35.697100 -13.579 6.648 0.171 0.202 0.085565 20000 1.000000
239.637000 36.051700 -7.437 0.32 0.168 0.201 0.042362 20000 1.000000
239.448000 35.974100 -12.309 6.124 0.183 0.214 0.004949 20000 1.000000
239.706000 36.015800 -8.158 0.84 0.167 0.203 0.029745 20000 1.000000
239.723000 36.304400 -7.332 1.758 0.169 0.208 0.033277 20000 1.000000
239.257000 36.806300 -8.051 -0.735 0.166 0.205 0.045287 20000 1.000000
239.803000 37.352200 -7.601 -1.076 0.177 0.222 0.028262 20000 1.000000
239.356000 37.795200 -6.485 -1.507 0.185 0.218 0.062156 20000 1.000000
240.160000 37.901100 -8.75 -2.55 0.186 0.216 -0.043061 20000 1.000000
239.049000 38.090000 -5.093 -1.145 0.17 0.212 0.034690 20000 1.000000
239.666000 38.735600 -6.8 -1.948 0.185 0.216 0.076152 20000 1.000000
241.480000 37.177600 -6.988 -0.647 0.164 0.201 0.047021 20000 1.000000
236.283000 39.863600 -11.294 3.383 0.203 0.261 -0.036771 20000 1.000000
236.448000 39.905700 -11.396 0.529 0.194 0.256 -0.022668 20000 1.000000
236.628000 39.452400 -10.465 0.939 0.166 0.214 0.050306 20000 1.000000
236.705000 39.707100 -10.506 0.008 0.176 0.223 -0.042182 20000 1.000000
236.817000 39.962100 -6.829 -0.571 0.184 0.237 -0.003565 20000 1.000000
236.344000 40.256800 -7.738 0.1 0.165 0.215 0.054269 20000 1.000000
236.117000 41.151700 -5.656 -1.975 0.167 0.218 0.058067 20000 1.000000
236.301000 40.575300 -5.743 -1.231 0.174 0.224 0.091149 20000 1.000000
236.427000 40.478900 -5.665 -1.927 0.203 0.26 0.244956 20000 1.000000
236.548000 40.082200 -8.785 0.472 0.162 0.21 0.043612 20000 1.000000
236.864000 40.324100 -4.817 -1.33 0.162 0.21 0.032870 20000 1.000000
236.676000 40.732900 -5.418 -3.643 0.163 0.213 0.012178 20000 1.000000
236.826000 40.546700 -5.923 -2.24 0.167 0.218 0.021230 20000 1.000000
237.024000 39.621400 -7.242 -1.599 0.176 0.215 0.090984 20000 1.000000
237.264000 39.493600 -7.419 -1.968 0.164 0.208 0.029584 20000 1.000000
237.126000 39.726200 -6.399 -2.02 0.168 0.216 0.085719 20000 1.000000
237.077000 40.747600 -7.501 -2.279 0.171 0.221 0.026647 20000 1.000000
237.393000 40.650700 -6.46 -2.695 0.171 0.225 -0.001527 20000 1.000000
236.666000 40.887100 -5.985 -4.666 0.161 0.211 0.037572 20000 1.000000
237.729000 40.271200 -6.735 -2.416 0.175 0.223 -0.022060 20000 1.000000
239.132000 39.794700 -6.709 -1.632 0.164 0.215 0.010809 20000 1.000000
239.052000 41.183300 -5.953 -2.416 0.166 0.217 0.018233 20000 1.000000
237.681000 40.731100 -6.253 -3.009 0.197 0.233 0.087834 20000 1.000000
235.774000 42.209100 -5.398 -0.693 0.168 0.217 0.035369 20000 1.000000
235.946000 42.860100 -4.205 -0.444 0.189 0.248 0.106410 20000 1.000000
236.617000 42.503500 -6.017 -3.427 0.167 0.222 0.043839 20000 1.000000
237.344000 42.191000 -8.092 -3.84 0.17 0.227 0.002877 20000 1.000000
238.220000 42.259700 -5.533 -3.448 0.166 0.215 0.036483 20000 1.000000
239.622000 42.468800 -6.026 -3.177 0.167 0.222 0.010179 20000 1.000000
241.588000 42.254600 -5.102 -3.235 0.162 0.214 0.035522 20000 1.000000
243.371000 36.071300 -5.934 -2.767 0.177 0.217 0.108981 20000 1.000000
242.835000 36.022500 -4.969 -1.315 0.176 0.205 0.033310 20000 1.000000
242.590000 36.159000 -7.863 -1.281 0.181 0.216 0.099482 20000 1.000000
241.868000 36.466800 -7.408 -0.586 0.19 0.236 -0.159235 20000 1.000000
242.211000 36.531200 -6.696 -1.795 0.163 0.201 0.045085 20000 1.000000
241.909000 36.570200 -7.069 -1.173 0.189 0.214 -0.015090 20000 1.000000
241.882000 36.975700 -5.906 -2.187 0.163 0.201 0.051039 20000 1.000000
242.064000 37.231400 -6.33 -2.846 0.172 0.207 0.094627 20000 1.000000
242.606000 34.462400 -9.096 1.94 0.182 0.208 0.043866 20000 1.000000
242.459000 33.562100 -12.72 5.985 0.225 0.252 0.084259 20000 1.000000
242.895000 32.889200 -14.039 6.336 0.173 0.198 0.034200 20000 1.000000
243.050000 32.733800 -14.05 6.52 0.167 0.193 0.042557 20000 1.000000
242.756000 32.666400 -14.079 6.667 0.184 0.203 0.138602 20000 1.000000
242.810000 33.439600 -12.538 5.83 0.167 0.197 0.050178 20000 1.000000
242.928000 33.235700 -12.782 5.673 0.18 0.201 0.086004 20000 1.000000
243.217000 33.493300 -12.457 4.856 0.169 0.196 0.046132 20000 1.000000
243.651000 32.976000 -12.789 4.852 0.174 0.201 0.053714 20000 1.000000
243.989000 32.822200 -11.541 5.492 0.173 0.198 0.016186 20000 1.000000
243.329000 33.240200 -12.681 5.135 0.177 0.204 0.046974 20000 1.000000
243.431000 33.059200 -13.063 6.092 0.169 0.194 0.042697 20000 1.000000
243.379000 33.375600 -11.737 5.246 0.174 0.202 0.086758 20000 1.000000
243.591000 33.210200 -12.537 4.297 0.184 0.213 0.052670 20000 1.000000
243.817000 33.213500 -10.565 3.115 0.171 0.197 0.049797 20000 1.000000
243.921000 33.201000 -9.436 1.8 0.171 0.198 0.055360 20000 1.000000
243.888000 33.296200 -9.647 2.532 0.174 0.202 -0.000237 20000 1.000000
243.574000 33.523500 -9.901 2.567 0.181 0.204 0.122633 20000 1.000000
243.773000 33.574700 -9.497 1.466 0.184 0.22 0.054691 20000 1.000000
244.031000 32.887000 -13.009 4.971 0.173 0.199 0.047862 20000 1.000000
244.175000 32.954700 -11.01 3.691 0.174 0.198 0.046945 20000 1.000000
244.268000 32.759700 -11.562 3.805 0.177 0.205 0.057023 20000 1.000000
244.404000 32.750600 -10.615 3.179 0.181 0.203 0.060531 20000 1.000000
244.423000 32.834700 -9.566 3.171 0.177 0.203 0.051619 20000 1.000000
244.430000 32.898400 -8.517 3.598 0.178 0.204 0.063287 20000 1.000000
244.700000 32.690000 -6.508 -0.771 0.171 0.197 0.043057 20000 1.000000
244.602000 32.875800 -5.363 -2.5 0.179 0.206 0.063116 20000 1.000000
244.578000 32.982500 -5.619 -2.027 0.176 0.205 0.065103 20000 1.000000
244.280000 32.948900 -10.439 2.9 0.175 0.201 0.046252 20000 1.000000
244.234000 33.516400 -7.284 -1.393 0.179 0.206 0.110940 20000 1.000000
244.313000 33.423900 -6.26 -2.202 0.179 0.206 0.093967 20000 1.000000
244.571000 33.247800 -5.78 -2.786 0.175 0.203 0.043500 20000 1.000000
244.657000 33.143600 -5.178 -3.248 0.177 0.203 -0.001901 20000 1.000000
244.704000 33.886900 -5.236 -2.704 0.18 0.203 0.055235 20000 1.000000
240.305000 37.562600 -6.788 -1.686 0.187 0.213 0.157290 20000 1.000000
239.350000 34.907300 -14.048 7.379 0.165 0.198 0.044962 20000 1.000000
239.590000 35.010700 -13.34 8.33 0.173 0.207 0.033829 20000 1.000000
239.760000 34.870600 -14.281 7.306 0.169 0.201 0.070860 20000 1.000000
239.617000 35.106200 -13.134 7.846 0.177 0.209 0.124129 20000 1.000000
241.822000 34.376400 -12.283 3.588 0.169 0.202 0.058867 20000 1.000000
239.925000 35.020000 -12.687 5.053 0.164 0.197 0.040960 20000 1.000000
240.208000 34.507800 -13.569 6.084 0.172 0.198 0.038747 20000 1.000000
240.384000 34.630500 -14.401 5.457 0.164 0.196 0.045173 20000 1.000000
240.185000 34.888600 -13.042 5.168 0.163 0.196 0.047873 20000 1.000000
240.464000 35.086600 -10.839 2.692 0.17 0.205 0.086387 20000 1.000000
239.192000 35.425800 -12.143 9.13 0.167 0.201 0.025616 20000 1.000000
239.455000 35.327800 -13.634 7.089 0.17 0.207 0.096120 20000 1.000000
239.646000 35.440500 -12.918 6.297 0.168 0.203 0.028132 20000 1.000000
239.520000 35.624800 -13.16 5.463 0.188 0.229 0.054017 20000 1.000000
239.463000 35.792700 -12.195 6.392 0.171 0.21 0.076892 20000 1.000000
239.733000 35.633800 -13.305 5.506 0.202 0.238 0.085529 20000 1.000000
239.629000 35.747900 -12.164 5.813 0.17 0.206 0.058759 20000 1.000000
237.762000 37.061200 -13.234 7.689 0.167 0.208 0.059798 20000 1.000000
239.899000 35.235100 -13.01 5.867 0.19 0.217 0.097202 20000 1.000000
239.975000 35.279800 -12.714 5.404 0.174 0.213 0.019187 20000 1.000000
240.065000 35.316800 -11.613 4.467 0.171 0.209 0.044605 20000 1.000000
239.887000 35.534200 -12.18 4.434 0.178 0.216 0.049015 20000 1.000000
239.818000 35.702700 -9.956 2.552 0.166 0.201 0.047380 20000 1.000000
239.869000 35.801300 -8.814 0.917 0.175 0.206 0.059307 20000 1.000000
239.999000 35.686700 -8.632 2.105 0.171 0.204 -0.001817 20000 1.000000
239.707000 35.688900 -11.578 4.959 0.167 0.202 0.030529 20000 1.000000
240.287000 35.319000 -9.694 1.872 0.179 0.217 0.036477 20000 1.000000
240.091000 35.934700 -7.878 0.43 0.168 0.201 0.049133 20000 1.000000
240.496000 34.466800 -14.541 4.973 0.164 0.196 0.046920 20000 1.000000
240.674000 34.599600 -12.541 6.571 0.175 0.212 0.128829 20000 1.000000
240.885000 34.660100 -12.501 4.651 0.175 0.205 0.115698 20000 1.000000
240.845000 34.856200 -11.876 3.414 0.243 0.337 -0.023136 20000 1.000000
239.755000 35.686700 -10.891 3.605 0.169 0.202 0.033252 20000 1.000000
241.121000 34.835100 -10.93 3.361 0.168 0.199 0.060495 20000 1.000000
241.152000 34.792300 -11.021 0.962 0.173 0.211 0.051514 20000 1.000000
241.331000 34.695000 -11.418 5.377 0.175 0.209 0.120713 20000 1.000000
241.454000 34.771100 -8.857 1.77 0.169 0.203 0.051093 20000 1.000000
241.344000 34.944400 -8.9 1.879 0.174 0.208 0.005859 20000 1.000000
241.388000 35.138600 -8.811 0.75 0.168 0.201 0.024432 20000 1.000000
241.459000 34.821800 -9.519 2.279 0.176 0.206 0.042102 20000 1.000000
241.811000 34.982100 -8.698 1.49 0.167 0.198 0.046527 20000 1.000000
241.876000 35.378000 -6.394 0.139 0.169 0.201 0.036858 20000 1.000000
241.740000 35.667300 -7.687 0.535 0.174 0.204 0.054841 20000 1.000000
241.233000 36.231400 -7.723 0.059 0.174 0.205 0.113380 20000 1.000000
241.045000 36.585500 -6.935 -1.06 0.165 0.203 0.046088 20000 1.000000
241.740000 36.093100 -7.3 -0.219 0.168 0.201 0.044024 20000 1.000000
241.994000 35.038800 -7.447 0.866 0.168 0.2 0.055476 20000 1.000000
242.271000 34.509700 -9.653 2.095 0.169 0.2 0.044811 20000 1.000000
242.451000 34.634300 -7.99 1.701 0.168 0.2 0.049255 20000 1.000000
242.457000 34.987000 -7.08 1.027 0.172 0.204 0.094738 20000 1.000000
243.048000 33.892600 -9.906 3.442 0.167 0.196 0.050523 20000 1.000000
243.454000 34.019300 -7.513 2.122 0.169 0.198 0.039521 20000 1.000000
242.719000 34.534800 -7.915 1.346 0.196 0.21 -0.052968 20000 1.000000
241.969000 34.332200 -11.393 4.378 0.172 0.203 0.058291 20000 1.000000
242.635000 35.116800 -7.054 0.594 0.172 0.203 0.033405 20000 1.000000
241.983000 35.152400 -6.723 1.073 0.168 0.201 0.044775 20000 1.000000
242.697000 35.238500 -6.024 0.392 0.17 0.201 0.060786 20000 1.000000
242.795000 35.387900 -6.431 -0.587 0.165 0.198 0.056815 20000 1.000000
242.610000 35.896700 -7.914 -1.046 0.184 0.22 0.026495 20000 1.000000
242.597000 35.697600 -7.247 -0.662 0.168 0.201 0.047838 20000 1.000000
243.111000 35.998200 -5.131 -2.58 0.178 0.205 0.039531 20000 1.000000
243.112000 35.710600 -6.62 -1.317 0.203 0.245 0.057482 20000 1.000000
243.290000 34.192500 -8.287 2.311 0.172 0.199 0.034842 20000 1.000000
243.463000 34.217200 -7.214 1.552 0.173 0.2 0.061616 20000 1.000000
243.788000 33.865800 -6.876 0.232 0.169 0.198 0.061235 20000 1.000000
243.920000 33.959300 -7.692 -1.02 0.171 0.198 0.048967 20000 1.000000
239.772000 35.729200 -9.913 1.864 0.17 0.204 0.062189 20000 1.000000
243.971000 34.716900 -5.433 -2.278 0.175 0.203 0.022185 20000 1.000000
243.329000 34.936800 -6.018 -1.078 0.172 0.204 0.060290 20000 1.000000
242.063000 34.341100 -11.31 4.215 0.182 0.219 0.044987 20000 1.000000
243.120000 34.462100 -7.568 0.78 0.168 0.199 0.049933 20000 1.000000
244.179000 33.741000 -6.44 -1.586 0.181 0.21 0.068830 20000 1.000000
243.107000 34.062700 -8.232 2.334 0.183 0.217 0.011769 20000 1.000000
244.236000 34.425700 -5.279 -2.86 0.211 0.223 0.077069 20000 1.000000
244.350000 35.204800 -5.575 -2.693 0.173 0.203 0.025050 20000 1.000000
242.685000 34.187400 -9.347 3.799 0.174 0.206 0.097055 20000 1.000000
242.950000 34.196200 -7.745 3.311 0.201 0.207 0.122547 20000 1.000000
244.750000 34.731800 -5.69 -2.837 0.218 0.256 0.118609 20000 1.000000
243.237000 35.204600 -6.807 -1.458 0.168 0.199 0.057334 20000 1.000000
242.107000 35.424600 -6.873 -0.451 0.168 0.201 0.051794 20000 1.000000
243.428000 35.320600 -5.65 -1.669 0.168 0.203 0.042849 20000 1.000000
243.896000 35.141900 -5.7 -3.174 0.181 0.205 0.024378 20000 1.000000
243.878000 35.526000 -5.547 -3.305 0.171 0.204 0.043155 20000 1.000000
243.855000 35.785400 -5.602 -1.778 0.169 0.202 0.036022 20000 1.000000
244.456000 35.472800 -5.838 -2.098 0.169 0.204 0.056773 20000 1.000000
244.634000 35.163000 -6.426 -1.856 0.178 0.212 0.035629 20000 1.000000
245.401000 34.188900 -5.246 -2.614 0.175 0.205 0.059971 20000 1.000000
245.035000 34.844400 -5.736 -2.418 0.175 0.204 0.041591 20000 1.000000
244.762000 35.291100 -6.076 -2.846 0.17 0.203 0.044045 20000 1.000000
241.621000 37.973100 -5.619 -1.035 0.169 0.212 0.024317 20000 1.000000
241.000000 37.613000 -7.742 -3.013 0.169 0.208 0.009474 20000 1.000000
241.084000 37.605300 -7.792 -3.297 0.174 0.223 0.015444 20000 1.000000
240.914000 37.785700 -8.389 -0.407 0.206 0.232 -0.063863 20000 1.000000
240.967000 37.913500 -7.114 -0.608 0.164 0.204 0.047688 20000 1.000000
240.974000 37.696600 -7.563 -0.169 0.196 0.225 0.173362 20000 1.000000
240.862000 37.839300 -9.169 -0.164 0.178 0.212 0.066858 20000 1.000000
240.853000 37.962800 -8.111 -1.158 0.166 0.203 0.045155 20000 1.000000
240.916000 37.914100 -8.081 -0.647 0.167 0.205 0.047606 20000 1.000000
241.056000 37.734300 -7.928 -0.26 0.165 0.205 0.045677 20000 1.000000
241.131000 37.654600 -6.21 -2.551 0.167 0.209 0.040721 20000 1.000000
241.040000 37.891700 -7.666 -0.323 0.174 0.209 0.031716 20000 1.000000
241.148000 37.878200 -5.785 0.097 0.165 0.204 0.037129 20000 1.000000
241.183000 37.591400 -8.14 -3.17 0.17 0.219 0.101308 20000 1.000000
241.302000 37.561600 -6.726 -2.438 0.172 0.229 0.024120 20000 1.000000
241.316000 37.495400 -6.895 -1.541 0.163 0.201 0.045710 20000 1.000000
241.406000 37.541300 -6.634 -1.623 0.167 0.206 0.052093 20000 1.000000
241.180000 37.677000 -5.329 -1.062 0.166 0.206 0.049797 20000 1.000000
241.232000 37.754400 -5.593 -0.236 0.174 0.223 0.099682 20000 1.000000
240.981000 37.800000 -8.387 -0.156 0.169 0.208 0.078982 20000 1.000000
241.264000 37.903500 -6.256 -0.927 0.168 0.208 0.035150 20000 1.000000
241.445000 37.891300 -5.102 -0.608 0.175 0.209 0.105809 20000 1.000000
241.762000 37.589200 -4.558 -1.971 0.164 0.204 0.049346 20000 1.000000
241.528000 37.737500 -5.912 -1.146 0.18 0.217 0.074662 20000 1.000000
240.850000 38.057900 -7.548 -0.422 0.177 0.216 0.047364 20000 1.000000
237.804000 41.344800 -7.684 -1.091 0.174 0.228 0.083258 20000 1.000000
237.706000 41.381200 -6.856 -1.669 0.175 0.22 0.099021 20000 1.000000
237.809000 41.479200 -7.439 -3.336 0.164 0.227 -0.005079 20000 1.000000
237.687000 41.463600 -7.766 -0.848 0.167 0.228 -0.004814 20000 1.000000
237.847000 41.531900 -7.539 -2.138 0.202 0.236 0.084221 20000 1.000000
238.493000 41.711600 -6.536 -3.184 0.163 0.214 0.039171 20000 1.000000
246.132000 42.878900 -6.278 -4.245 0.164 0.217 0.032025 20000 1.000000
241.275000 37.380400 -5.922 -0.711 0.234 0.258 0.205433 20000 1.000000
241.439000 37.439500 -6.877 -1.322 0.179 0.215 0.057515 20000 1.000000
240.254000 37.088900 -7.559 -0.432 0.171 0.209 0.097956 20000 1.000000
241.853000 37.280500 -5.84 -1.581 0.168 0.206 0.056910 20000 1.000000
239.172000 41.359200 -5.669 -2.235 0.184 0.233 -0.037269 20000 1.000000
239.527000 41.332500 -5.73 -2.598 0.166 0.215 0.046012 20000 1.000000
235.587000 42.442000 -4.63 0.083 0.17 0.227 -0.028552 20000 1.000000
235.707000 42.076600 -5.134 -0.911 0.175 0.221 0.059577 20000 1.000000
238.120000 42.579800 -5.645 -2.679 0.168 0.219 0.021985 20000 1.000000
237.390000 42.727100 -7.146 -3.256 0.184 0.229 0.150750 20000 1.000000
240.341000 42.546100 -5.587 -3.92 0.178 0.236 0.030489 20000 1.000000
242.275000 42.020200 -5.5 -2.962 0.167 0.217 0.042928 20000 1.000000
243.404000 33.598200 -8.865 4.23 0.248 0.29 -0.091048 20000 1.000000
243.397000 33.495500 -13.02 3.786 0.191 0.225 0.062119 20000 1.000000
244.492000 32.829400 -9.597 3.931 0.173 0.198 0.045635 20000 1.000000
239.784000 35.693800 -9.891 3.953 0.189 0.22 0.102912 20000 1.000000
237.579000 41.830800 -7.02 -3.297 0.178 0.234 0.088335 20000 1.000000
236.019000 41.845500 -6.874 -1.965 0.183 0.267 -0.045939 20000 1.000000
238.521000 36.744300 -13.552 7.441 0.183 0.219 0.105975 20000 1.000000
239.528000 35.946600 -8.443 1.434 0.185 0.216 0.099536 20000 1.000000
239.485000 35.929100 -12.297 6.743 0.22 0.286 0.066525 20000 1.000000
236.427000 40.478800 -6.308 -2.518 0.199 0.257 0.240164 20000 1.000000
237.036000 39.845700 -7.711 -0.375 0.162 0.21 0.016671 20000 1.000000
243.852000 34.508100 -5.152 -2.204 0.169 0.199 0.043967 20000 1.000000
245.241000 32.497900 -4.815 -1.643 0.178 0.199 0.050267 20000 1.000000
243.407000 33.537300 -10.77 3.338 0.181 0.212 0.101151 20000 1.000000
241.651000 34.021700 -13.491 5.418 0.176 0.214 0.068865 20000 1.000000
241.379000 34.836000 -9.252 2.154 0.17 0.203 0.043347 20000 1.000000
241.983000 35.152400 -6.358 1.31 0.171 0.204 0.046779 20000 1.000000
241.983000 35.152500 -6.587 0.971 0.17 0.203 0.051700 20000 1.000000
242.968000 33.389000 -12.662 5.999 0.204 0.232 0.065466 20000 1.000000
243.936000 31.559100 -15.198 6.749 0.176 0.197 0.119424 20000 1.000000
238.728000 35.709000 -13.516 9.221 0.188 0.228 0.033450 20000 1.000000
242.077000 34.508200 -9.167 2.737 0.175 0.206 0.056640 20000 1.000000
244.450000 32.490100 -11.583 4.794 0.174 0.207 0.012048 20000 1.000000
242.305000 34.925400 -7.734 1.529 0.173 0.205 0.017434 20000 1.000000
244.116000 32.417000 -14.076 6.771 0.169 0.194 0.049116 20000 1.000000
243.076000 33.687100 -11.063 5.244 0.195 0.229 0.033846 20000 1.000000
239.522000 35.919900 -13.127 2.555 0.173 0.21 0.090545 20000 1.000000
242.818000 33.835700 -11.528 4.342 0.19 0.213 0.054272 20000 1.000000
243.506000 33.819200 -8.85 1.362 0.178 0.206 0.051597 20000 1.000000
242.193000 34.091800 -12.096 4.281 0.172 0.213 0.042305 20000 1.000000
244.165000 31.313100 -14.872 7.917 0.169 0.193 0.037199 20000 1.000000
244.543000 32.377900 -11.276 6.337 0.168 0.192 0.043142 20000 1.000000
241.596000 33.743300 -13.72 6.58 0.171 0.201 0.055398 20000 1.000000
238.863000 36.161100 -13.751 7.079 0.176 0.209 0.084371 20000 1.000000
241.755000 34.628700 -9.649 3.436 0.186 0.223 0.009990 20000 1.000000
239.056000 39.974600 -4.713 -0.753 0.179 0.228 0.003754 20000 1.000000
243.849000 34.683200 -5.809 -2.335 0.168 0.201 0.049604 20000 1.000000
242.317000 35.338700 -6.609 0.414 0.168 0.201 0.053838 20000 1.000000
240.280000 34.500000 -14.187 5.305 0.17 0.204 0.040017 20000 1.000000
243.375000 34.643900 -7.07 -0.228 0.177 0.205 0.029434 20000 1.000000
241.974000 34.019100 -12.79 5.238 0.192 0.225 -0.008235 20000 1.000000
242.391000 33.674100 -15.969 5.573 0.195 0.226 0.079508 20000 1.000000
242.445000 33.485800 -13.518 5.818 0.177 0.204 0.087450 20000 1.000000
239.475000 35.900000 -2.472 4.695 0.177 0.217 0.020087 20000 1.000000
241.807000 34.875100 -7.634 1.885 0.18 0.211 0.075033 20000 1.000000
240.816000 34.541500 -12.183 3.923 0.19 0.222 0.122514 20000 1.000000
238.442000 37.666500 -8.284 -0.927 0.167 0.207 0.029877 20000 1.000000
241.245000 34.459800 -13.09 4.809 0.189 0.228 0.054030 20000 1.000000
242.138000 34.205600 -12.7 3.6 0.217 0.22 -0.029204 20000 1.000000
239.775000 40.591700 -6.36 -2.063 0.172 0.223 0.021598 20000 1.000000
240.984000 41.868400 -5.792 -3.11 0.179 0.231 0.122807 20000 1.000000
243.701000 35.971300 -5.543 -2.432 0.179 0.208 0.006431 20000 1.000000
241.521000 34.438600 -12.001 5.54 0.208 0.238 0.025919 20000 1.000000
243.746000 33.192600 -11.148 4.452 0.17 0.198 0.045242 20000 1.000000
240.116000 39.314300 -7.279 -1.578 0.166 0.214 0.021923 20000 1.000000
244.022000 33.292200 -8.043 1.794 0.175 0.201 0.056862 20000 1.000000
240.476000 33.247900 -8.962 9.591 0.227 0.26 0.003228 20000 1.000000
240.936000 34.319900 -12.972 6.038 0.167 0.198 0.049156 20000 1.000000
241.354000 34.059300 -12.761 6.473 0.229 0.259 -0.018514 20000 1.000000
242.151000 33.992700 -12.14 4.218 0.18 0.209 0.065218 20000 1.000000
239.935000 34.004300 -13.771 7.782 0.178 0.206 0.033124 20000 1.000000
239.930000 34.607300 -15.506 8.061 0.181 0.227 0.026694 20000 1.000000
239.640000 35.917400 -5.242 5.36 0.195 0.223 0.135742 20000 1.000000
241.585000 35.158200 -8.273 0.816 0.166 0.201 0.045228 20000 1.000000
243.923000 33.650600 -7.851 0.153 0.173 0.203 0.079936 20000 1.000000
242.233000 33.549600 -14.171 6.422 0.204 0.224 0.034415 20000 1.000000
243.770000 36.934800 -6.519 -3.625 0.165 0.202 0.067828 20000 1.000000
239.867000 34.483500 -14.417 9.244 0.173 0.209 0.037650 20000 1.000000
243.839000 33.641200 -8.286 0.502 0.181 0.208 0.058372 20000 1.000000
246.368000 31.335500 -4.152 -2.007 0.174 0.192 0.028339 20000 1.000000
242.951000 39.542200 -5.35 -3.687 0.174 0.213 0.126588 20000 1.000000
242.816000 38.097200 -6.185 -3.648 0.166 0.205 0.040244 20000 1.000000
241.669000 33.797800 -13.249 6.303 0.176 0.207 0.043876 20000 1.000000
241.163000 34.248000 -13.619 6.41 0.175 0.204 0.105774 20000 1.000000
241.771000 34.878900 -7.764 2.2 0.22 0.249 -0.055241 20000 1.000000
235.849000 41.053900 -3.395 1.099 0.168 0.22 0.009706 20000 1.000000
241.558000 34.069100 -11.656 5.682 0.218 0.241 0.079742 20000 1.000000
241.198000 39.627100 -6.352 -2.079 0.176 0.223 0.054834 20000 1.000000
241.723000 34.019500 -9.83 8.756 0.166 0.197 0.047581 20000 1.000000
243.915000 33.030100 -11.589 3.391 0.172 0.199 0.051299 20000 1.000000
240.516000 34.851500 -12.516 4.65 0.182 0.215 0.060015 20000 1.000000
238.053000 38.394500 -8.353 -1.325 0.168 0.212 0.034471 20000 1.000000
241.780000 34.178600 -12.632 4.427 0.214 0.229 0.141090 20000 1.000000
241.486000 34.126400 -8.278 5.287 0.168 0.199 0.068893 20000 1.000000
241.516000 34.293200 -13.232 4.506 0.172 0.201 0.050260 20000 1.000000
239.384000 34.556300 -13.175 11.812 0.598 0.655 0.060237 20000 1.000000
241.879000 34.501500 -10.121 2.998 0.183 0.212 0.067553 20000 1.000000
241.706000 33.712600 -14.086 6.983 0.175 0.207 0.030882 20000 1.000000
242.807000 33.225000 -13.241 5.927 0.169 0.196 0.062369 20000 1.000000
241.443000 35.738400 -9.354 0.697 0.516 0.633 0.362925 20000 1.000000
241.346000 37.664300 -5.541 -1.594 0.178 0.223 0.056259 20000 1.000000
241.016000 35.010800 -10.309 1.907 0.194 0.227 0.013351 20000 1.000000
243.608000 33.934800 -7.62 1.549 0.181 0.212 0.047458 20000 1.000000
241.258000 34.568500 -13.16 3.427 0.185 0.216 0.183153 20000 1.000000
241.586000 34.259400 -12.623 4.266 0.199 0.238 0.034366 20000 1.000000
244.418000 33.038300 -8.498 -0.772 0.177 0.208 0.035441 20000 1.000000
243.068000 34.669000 -7.015 1.07 0.186 0.219 -0.055746 20000 1.000000
241.572000 33.958200 -13.199 6.069 0.236 0.252 -0.265723 20000 1.000000
244.421000 33.278800 -6.094 -3.034 0.207 0.226 0.025586 20000 1.000000
243.346000 33.955300 -9.316 0.735 0.173 0.201 0.045549 20000 1.000000
243.111000 35.425200 -4.907 -0.138 0.184 0.218 0.049793 20000 1.000000
243.920000 35.287000 -6.337 -4.745 0.173 0.206 0.051416 20000 1.000000
