242.907000 34.116400 -9.713 1.017 0.222 0.287 -0.010266 20000 1.000000
243.571000 34.594300 -6.9 -0.897 0.164 0.204 0.037518 20000 1.000000
241.305000 34.824500 -10.281 2.81 0.172 0.212 0.036381 20000 1.000000
242.103000 34.126000 -13.688 4.303 0.252 0.283 0.098830 20000 1.000000
242.795000 40.412800 -6.939 -2.889 0.162 0.214 0.038816 20000 1.000000
240.970000 33.480500 -15.186 7.859 0.191 0.226 0.010046 20000 1.000000
243.116000 34.264300 -9.043 1.392 0.187 0.234 0.116138 20000 1.000000
240.594000 34.920500 -11.704 3.621 0.166 0.207 0.010268 20000 1.000000
244.002000 34.000500 -6.813 -1.944 0.166 0.203 0.033912 20000 1.000000
242.935000 33.578200 -12.574 4.718 0.168 0.202 0.032932 20000 1.000000
243.920000 35.287000 -6.745 -2.966 0.168 0.208 0.046949 20000 1.000000
245.285000 33.610400 -5.22 -2.766 0.177 0.218 0.028652 20000 1.000000
243.947000 34.251400 -5.537 -1.958 0.167 0.204 0.040759 20000 1.000000
241.723000 34.184900 -13.011 4.536 0.214 0.263 0.077558 20000 1.000000
242.988000 34.918600 -7.822 -0.445 0.167 0.208 0.056466 20000 1.000000
241.812000 34.292800 -12.164 3.729 0.246 0.261 -0.277146 20000 1.000000
242.156000 42.779500 -6.318 -1.725 0.164 0.226 0.037505 20000 1.000000
240.653000 35.157300 -10.75 1.496 0.169 0.212 0.058120 20000 1.000000
235.437000 42.836100 -2.445 -0.469 0.172 0.233 0.020060 20000 1.000000
244.010000 33.655100 -7.181 -1.376 0.168 0.207 0.050480 20000 1.000000
239.566000 35.939400 -10.072 1.654 0.164 0.208 0.013224 20000 1.000000
239.569000 35.888400 -12.001 4.822 0.187 0.227 0.032495 20000 1.000000
241.666000 33.311600 -14.579 7.075 0.163 0.2 0.044248 20000 1.000000
241.517000 33.445800 -14.101 7.783 0.168 0.206 0.014542 20000 1.000000
241.370000 34.138600 -14.234 5.634 0.201 0.229 0.130001 20000 1.000000
242.329000 35.565300 -8.132 0.544 0.17 0.213 0.044339 20000 1.000000
241.789000 33.876300 -9.994 5.555 0.177 0.218 0.102789 20000 1.000000
240.987000 34.806400 -11.937 3.765 0.182 0.245 -0.085282 20000 1.000000
243.664000 34.829500 -6.455 -2.196 0.18 0.214 0.038961 20000 1.000000
242.035000 34.244000 -13.523 5.248 0.196 0.251 -0.092316 20000 1.000000
237.881000 37.724100 -10.03 3.198 0.2 0.254 0.026630 20000 1.000000
241.974000 34.333400 -12.711 4.068 0.196 0.229 0.109083 20000 1.000000
242.172000 34.640500 -9.515 1.45 0.175 0.219 0.072203 20000 1.000000
241.063000 34.109600 -13.755 6.228 0.18 0.23 0.084113 20000 1.000000
241.873000 34.136700 -13.304 4.829 0.165 0.204 0.030531 20000 1.000000
242.521000 34.313800 -10.361 2.52 0.19 0.231 0.161870 20000 1.000000
242.291000 34.109900 -9.086 4.482 0.178 0.216 0.012578 20000 1.000000
245.126000 40.558400 -5.89 -2.264 0.177 0.219 0.090526 20000 1.000000
240.120000 34.414900 -14.205 7.279 0.17 0.209 0.009758 20000 1.000000
242.427000 35.071700 -7.735 1.102 0.171 0.21 0.094334 20000 1.000000
239.249000 35.791600 -13.982 7.512 0.17 0.211 0.028347 20000 1.000000
244.265000 33.069800 -8.92 1.56 0.174 0.211 0.035488 20000 1.000000
240.961000 34.168400 -14.309 6.577 0.167 0.206 0.054772 20000 1.000000
241.743000 33.861500 -13.581 6.014 0.167 0.207 0.034628 20000 1.000000
241.476000 34.253600 -13.447 6.836 0.176 0.22 0.064808 20000 1.000000
240.629000 34.408100 -14.181 5.316 0.19 0.235 0.014585 20000 1.000000
241.387000 34.516500 -12.594 3.633 0.171 0.209 0.027992 20000 1.000000
243.630000 34.124100 -6.662 0.151 0.178 0.216 0.005876 20000 1.000000
242.098000 34.082000 -13.795 5.215 0.174 0.217 -0.026197 20000 1.000000
244.212000 33.389800 -8.468 -1.22 0.187 0.227 0.040843 20000 1.000000
242.140000 34.413400 -10.964 3.123 0.168 0.22 0.031875 20000 1.000000
242.588000 33.647700 -13.019 5.163 0.163 0.2 0.046258 20000 1.000000
241.170000 34.946200 -10.728 1.346 0.173 0.217 0.040113 20000 1.000000
245.061000 39.345200 -6.016 -2.721 0.175 0.223 0.041268 20000 1.000000
244.183000 40.914700 -7.233 -2.55 0.16 0.214 0.050732 20000 1.000000
241.574000 34.703100 -10.424 4.064 0.172 0.214 0.039586 20000 1.000000
242.474000 34.104200 -12.163 3.321 0.187 0.234 0.075853 20000 1.000000
239.991000 34.733000 -14.879 6.584 0.167 0.205 0.066115 20000 1.000000
243.064000 34.093600 -9.258 2.658 0.199 0.298 0.136485 20000 1.000000
241.116000 34.356300 -13.768 6.58 0.168 0.205 0.043482 20000 1.000000
246.195000 39.369400 -6.236 -2.127 0.169 0.215 0.037336 20000 1.000000
241.107000 34.800200 -11.747 3.303 0.19 0.234 0.025614 20000 1.000000
240.644000 40.416500 -6.773 -1.784 0.165 0.22 -0.000432 20000 1.000000
240.136000 35.189400 -12.317 4.612 0.169 0.213 0.025765 20000 1.000000
244.479000 33.274800 -6.046 -3.489 0.173 0.208 0.044394 20000 1.000000
245.173000 33.051100 -4.231 -2.982 0.212 0.243 -0.046360 20000 1.000000
244.340000 34.784000 -5.51 -2.99 0.189 0.238 0.046370 20000 1.000000
245.810000 34.308600 -5.043 -2.201 0.171 0.207 0.059241 20000 1.000000
243.111000 35.425200 -5.897 -0.673 0.174 0.217 0.034618 20000 1.000000
245.820000 40.640200 -6.124 -2.269 0.163 0.214 0.059010 20000 1.000000
239.584000 36.399000 -8.344 -0.879 0.205 0.251 0.023164 20000 1.000000
241.887000 34.047400 -13.834 4.145 0.174 0.214 0.052033 20000 1.000000
241.714000 33.783600 -11.273 8.349 0.27 0.338 -0.038031 20000 1.000000
243.570000 34.754800 -7.519 -2.46 0.167 0.206 0.062392 20000 1.000000
238.530000 40.815900 -10.476 -2.948 0.163 0.218 0.026547 20000 1.000000
244.365000 33.705000 -5.894 -3.196 0.185 0.233 0.030854 20000 1.000000
239.520000 35.866700 -12.709 7.358 0.196 0.258 0.075388 20000 1.000000
242.155000 34.458200 -10.386 1.87 0.172 0.214 0.021107 20000 1.000000
239.598000 35.880800 -9.592 2.629 0.177 0.22 0.130167 20000 1.000000
240.812000 34.441200 -14.219 4.817 0.176 0.219 0.035986 20000 1.000000
244.089000 34.727300 -5.911 -3.175 0.169 0.21 0.061472 20000 1.000000
243.779000 33.796800 -8.678 -0.244 0.174 0.216 0.082362 20000 1.000000
244.855000 34.157600 -6.05 -2.827 0.168 0.208 0.086216 20000 1.000000
241.526000 35.662300 -10.017 0.826 0.18 0.229 0.005082 20000 1.000000
240.992000 34.398500 -14.217 4.208 0.178 0.219 0.048906 20000 1.000000
243.827000 33.925400 -7.202 -0.29 0.182 0.221 0.046615 20000 1.000000
242.165000 34.485500 -9.083 0.959 0.167 0.208 0.026227 20000 1.000000
243.060000 35.090200 -6.831 -0.399 0.168 0.207 0.046414 20000 1.000000
242.246000 34.133300 -12.489 4.146 0.169 0.206 0.064517 20000 1.000000
239.406000 35.828700 -13.208 6.589 0.172 0.216 0.070798 20000 1.000000
242.454000 34.314900 -10.717 2.371 0.188 0.237 0.130942 20000 1.000000
240.896000 34.733600 -12.841 3.998 0.168 0.213 0.025534 20000 1.000000
239.557000 35.832600 -12.362 5.836 0.167 0.21 0.045647 20000 1.000000
242.563000 33.856800 -12.552 4.625 0.166 0.204 0.026954 20000 1.000000
238.778000 42.418300 -6.101 -2.499 0.222 0.295 -0.018068 20000 1.000000
239.241000 36.186900 -7.913 2.616 0.17 0.211 0.096721 20000 1.000000
239.233000 36.180500 -14.012 7.616 0.169 0.211 0.047330 20000 1.000000
239.649000 34.038300 -15.119 8.619 0.17 0.209 -0.010257 20000 1.000000
243.904000 40.148400 -6.615 -2.194 0.169 0.223 -0.026711 20000 1.000000
242.682000 33.918400 -11.894 4.584 0.168 0.203 0.055941 20000 1.000000
239.566000 35.969500 -9.79 2.115 0.172 0.208 -0.007810 20000 1.000000
244.588000 40.710700 -6.539 -2.919 0.166 0.23 0.029827 20000 1.000000
241.122000 34.295500 -14.069 5.645 0.187 0.224 0.028486 20000 1.000000
242.118000 34.175200 -12.032 4.429 0.233 0.261 -0.270887 20000 1.000000
242.790000 34.230800 -9.784 2.452 0.224 0.245 0.219768 20000 1.000000
245.381000 34.767700 -5.807 -2.608 0.18 0.221 0.043870 20000 1.000000
242.491000 39.685600 -6.176 -2.708 0.169 0.22 0.036863 20000 1.000000
240.859000 34.498700 -13.735 4.841 0.164 0.203 0.040627 20000 1.000000
243.932000 34.141000 -6.336 -2.733 0.167 0.205 0.072191 20000 1.000000
244.082000 34.369900 -5.886 -2.049 0.169 0.208 0.004571 20000 1.000000
243.695000 34.427700 -6.383 -1.183 0.171 0.213 -0.005307 20000 1.000000
243.708000 34.533000 -6.399 -1.165 0.173 0.21 0.023383 20000 1.000000
243.185000 34.674900 -7.809 -0.099 0.166 0.205 0.062047 20000 1.000000
241.793000 34.128800 -13.226 4.582 0.17 0.21 0.031167 20000 1.000000
240.647000 34.683400 -13.476 5.538 0.191 0.238 -0.009836 20000 1.000000
242.814000 39.521100 -6.349 -2.919 0.167 0.216 0.050248 20000 1.000000
245.995000 32.722500 -4.661 -2.46 0.172 0.205 0.092144 20000 1.000000
244.721000 39.910200 -6.471 -2.385 0.182 0.227 0.030649 20000 1.000000
245.543000 36.154200 -5.332 -3.263 0.166 0.206 0.046249 20000 1.000000
245.180000 41.724200 -5.763 -2.466 0.165 0.219 0.016532 20000 1.000000
242.670000 41.428700 -6.474 -2.663 0.162 0.218 0.056431 20000 1.000000
242.935000 42.981700 -5.82 -2.639 0.161 0.222 0.027747 20000 1.000000
235.925000 40.876300 -4.25 1.67 0.215 0.268 0.080746 20000 1.000000
236.274000 38.928300 -12.62 9.255 0.163 0.212 0.005555 20000 1.000000
237.585000 40.997600 -7.112 -2.03 0.188 0.262 -0.058918 20000 1.000000
235.986000 42.967400 -3.46 -0.615 0.167 0.234 0.067554 20000 1.000000
243.830000 32.616500 -15.007 5.757 0.165 0.2 0.033982 20000 1.000000
238.997000 35.551800 -14.06 8.822 0.166 0.21 0.051826 20000 1.000000
242.015000 39.305600 -6.783 -2.996 0.168 0.223 0.025455 20000 1.000000
242.395000 39.287900 -7.127 -2.981 0.167 0.214 0.041283 20000 1.000000
243.576000 39.500500 -6.807 -2.993 0.161 0.217 0.058672 20000 1.000000
243.950000 39.546400 -6.437 -3.413 0.167 0.213 0.073026 20000 1.000000
244.111000 39.374200 -6.528 -2.814 0.163 0.212 0.064074 20000 1.000000
244.487000 39.536100 -6.243 -2.689 0.163 0.215 0.046817 20000 1.000000
244.568000 39.388600 -5.271 -2.541 0.159 0.209 0.047387 20000 1.000000
242.120000 40.433400 -6.383 -2.668 0.165 0.218 0.078538 20000 1.000000
245.308000 39.255200 -5.764 -2.389 0.168 0.214 0.098295 20000 1.000000
245.723000 39.119400 -7.004 -4.192 0.169 0.224 0.057870 20000 1.000000
246.129000 39.067300 -6.388 -2.724 0.164 0.214 0.035600 20000 1.000000
246.495000 39.268900 -5.783 -2.533 0.163 0.216 0.058925 20000 1.000000
242.532000 40.320600 -6.431 -2.152 0.17 0.22 0.003090 20000 1.000000
246.946000 40.494000 -5.696 -2.011 0.162 0.215 0.065178 20000 1.000000
243.264000 40.495500 -5.958 -3.261 0.171 0.222 0.002753 20000 1.000000
243.721000 40.363200 -6.617 -2.516 0.161 0.214 0.063261 20000 1.000000
240.200000 39.572800 -7.86 -1.307 0.164 0.216 0.036016 20000 1.000000
242.469000 36.614300 -6.473 -1.973 0.163 0.205 0.040293 20000 1.000000
242.593000 36.804200 -6.518 -2.538 0.16 0.203 0.045427 20000 1.000000
242.006000 36.606000 -7.729 -1.249 0.175 0.215 0.142275 20000 1.000000
242.296000 37.200800 -5.893 -1.933 0.164 0.209 0.048313 20000 1.000000
240.463000 39.698400 -8.746 -2.277 0.172 0.225 0.052622 20000 1.000000
240.694000 39.795600 -6.796 -2.093 0.176 0.237 0.113626 20000 1.000000
241.126000 39.838800 -8.017 -2.652 0.171 0.221 0.016148 20000 1.000000
241.316000 39.888900 -7.361 -2.217 0.167 0.221 0.028033 20000 1.000000
241.841000 39.212300 -6.956 -2.132 0.161 0.211 0.053620 20000 1.000000
246.706000 41.856800 -6.229 -3.322 0.172 0.23 0.085003 20000 1.000000
246.958000 39.345100 -5.881 -2.484 0.167 0.214 0.053464 20000 1.000000
246.988000 41.817300 -5.997 -2.879 0.163 0.217 0.043012 20000 1.000000
246.722000 40.671300 -6.042 -2.35 0.167 0.22 0.052546 20000 1.000000
240.400000 39.499200 -9.503 -1.935 0.181 0.226 0.085670 20000 1.000000
240.931000 39.486100 -7.4 -2.446 0.167 0.218 0.045347 20000 1.000000
241.550000 39.133900 -7.316 -2.322 0.166 0.218 0.041813 20000 1.000000
241.062000 39.268000 -8.403 -2.361 0.177 0.231 0.029535 20000 1.000000
241.649000 39.454700 -7.169 -2.506 0.167 0.22 0.083643 20000 1.000000
241.995000 38.728800 -6.991 -2.415 0.167 0.215 0.055408 20000 1.000000
241.540000 38.724600 -7.18 -2.161 0.166 0.217 0.048484 20000 1.000000
241.070000 38.980900 -7.656 -1.844 0.16 0.213 0.048026 20000 1.000000
240.985000 38.704600 -7.996 -1.591 0.171 0.221 -0.025586 20000 1.000000
240.541000 38.761400 -7.175 -1.125 0.171 0.218 -0.025301 20000 1.000000
240.523000 40.779800 -8.218 -2.621 0.181 0.229 0.123999 20000 1.000000
240.990000 40.242200 -7.365 -2.642 0.183 0.223 -0.014798 20000 1.000000
240.278000 39.908200 -8.723 -1.803 0.168 0.22 0.101793 20000 1.000000
239.307000 38.829200 -8.765 -0.7 0.188 0.221 0.146606 20000 1.000000
239.614000 39.046600 -8.331 -1.21 0.188 0.237 -0.034860 20000 1.000000
240.189000 39.123500 -10.578 -0.782 0.167 0.22 -0.017218 20000 1.000000
239.107000 39.466700 -8.278 -1.054 0.18 0.225 0.138978 20000 1.000000
240.376000 41.357700 -7.593 -2.435 0.164 0.221 0.031440 20000 1.000000
239.716000 39.937400 -8.369 -1.066 0.158 0.209 0.034694 20000 1.000000
239.194000 40.418600 -8.887 -2.782 0.171 0.218 0.023486 20000 1.000000
239.923000 40.288900 -7.865 -1.18 0.165 0.219 0.055325 20000 1.000000
235.692000 40.247500 -10.927 8.027 0.223 0.28 0.034523 20000 1.000000
235.867000 40.551300 -5.466 2.66 0.165 0.217 0.024134 20000 1.000000
235.787000 40.637400 -4.198 2.934 0.184 0.24 0.012343 20000 1.000000
235.943000 40.219600 -9.834 3.029 0.167 0.221 0.045513 20000 1.000000
236.307000 40.119300 -11.228 1.517 0.175 0.236 0.089470 20000 1.000000
238.207000 36.485500 -14.488 6.511 0.161 0.204 0.035818 20000 1.000000
238.710000 35.945700 -14.6 7.888 0.169 0.213 0.093137 20000 1.000000
238.949000 36.302100 -13.706 8.101 0.163 0.207 0.035619 20000 1.000000
238.865000 36.425900 -14.043 7.509 0.166 0.211 0.067313 20000 1.000000
237.668000 37.534500 -12.293 5.559 0.191 0.222 -0.047669 20000 1.000000
237.623000 37.914500 -11.099 4.013 0.17 0.219 0.045232 20000 1.000000
236.819000 38.495000 -11.639 6.803 0.165 0.217 -0.033031 20000 1.000000
236.291000 39.117200 -12.403 6.27 0.188 0.243 0.019581 20000 1.000000
236.652000 38.987400 -10.963 5.204 0.174 0.221 0.113245 20000 1.000000
236.796000 39.242000 -11 1.975 0.164 0.216 0.050104 20000 1.000000
236.368000 42.275400 -4.517 -1.501 0.171 0.231 0.032289 20000 1.000000
236.895000 39.319700 -10.525 1.056 0.169 0.219 0.057393 20000 1.000000
237.041000 38.664700 -10.808 4.112 0.181 0.255 0.071066 20000 1.000000
237.233000 38.428600 -9.099 5.736 0.165 0.215 0.057304 20000 1.000000
237.548000 38.239800 -9.179 2.656 0.166 0.214 0.035950 20000 1.000000
237.083000 38.866100 -9.247 2.607 0.159 0.208 0.025830 20000 1.000000
237.037000 39.398100 -9.554 -1.99 0.191 0.242 -0.008970 20000 1.000000
237.424000 38.777800 -9.051 1 0.173 0.234 0.026079 20000 1.000000
237.281000 39.260000 -8.232 0.158 0.163 0.213 0.067194 20000 1.000000
237.696000 39.109300 -7.87 -1.188 0.169 0.219 0.026128 20000 1.000000
237.873000 37.069200 -14.421 8.684 0.192 0.24 0.193555 20000 1.000000
238.137000 36.962000 -13.394 6.844 0.185 0.221 -0.009149 20000 1.000000
238.009000 37.201700 -12.686 5.724 0.192 0.238 -0.026444 20000 1.000000
238.203000 37.001000 -13.337 6.291 0.252 0.282 0.157983 20000 1.000000
238.274000 37.002400 -11.931 4.922 0.175 0.23 0.051641 20000 1.000000
238.349000 37.104500 -11.567 3.997 0.192 0.235 -0.052683 20000 1.000000
238.286000 37.203500 -11.627 4.371 0.171 0.214 0.091330 20000 1.000000
237.786000 37.329900 -12.289 6.732 0.163 0.208 0.045976 20000 1.000000
237.901000 37.336900 -12.638 4.825 0.166 0.221 0.017646 20000 1.000000
237.900000 37.722000 -10.17 2.739 0.162 0.207 0.028065 20000 1.000000
237.781000 37.863900 -8.119 3.617 0.164 0.212 -0.018601 20000 1.000000
237.942000 37.713900 -9.919 2.075 0.175 0.222 -0.011284 20000 1.000000
238.174000 37.336800 -10.294 4.959 0.168 0.218 0.047666 20000 1.000000
238.210000 37.533000 -8.935 1.088 0.164 0.211 0.038556 20000 1.000000
238.313000 37.601800 -8.48 0.11 0.172 0.215 0.093415 20000 1.000000
238.022000 37.749400 -10.113 1.502 0.165 0.21 0.031213 20000 1.000000
238.214000 37.819000 -8.645 0.054 0.173 0.22 0.022606 20000 1.000000
238.095000 36.621700 -14.575 7.777 0.165 0.21 0.026032 20000 1.000000
238.421000 36.724000 -13.59 7.597 0.164 0.209 0.021915 20000 1.000000
238.580000 36.800400 -10.924 4.63 0.163 0.207 0.021827 20000 1.000000
238.409000 36.858500 -13.858 6.878 0.164 0.21 0.020512 20000 1.000000
238.459000 36.814300 -13.547 7.719 0.17 0.212 0.043867 20000 1.000000
238.445000 36.903500 -12.481 5.366 0.167 0.209 0.008606 20000 1.000000
238.613000 36.637000 -13.378 7.521 0.172 0.219 -0.010517 20000 1.000000
238.458000 37.007800 -11.681 3.261 0.163 0.209 0.037327 20000 1.000000
238.426000 37.213000 -9.716 0.195 0.165 0.208 0.034659 20000 1.000000
238.665000 36.918200 -9.109 0.364 0.162 0.206 0.040715 20000 1.000000
238.645000 37.010800 -8.849 -0.441 0.176 0.224 -0.003518 20000 1.000000
240.294000 37.713100 -7.696 0.864 0.17 0.218 0.021512 20000 1.000000
238.812000 36.559500 -14.429 7.165 0.161 0.204 0.026833 20000 1.000000
238.131000 37.975600 -9.196 -0.237 0.165 0.211 0.053026 20000 1.000000
238.936000 36.611600 -8.271 0.284 0.16 0.203 0.032616 20000 1.000000
238.732000 36.950000 -8.64 0.167 0.173 0.218 0.062929 20000 1.000000
238.652000 36.811400 -9.031 1.125 0.165 0.21 0.030272 20000 1.000000
238.942000 37.169600 -8.513 -0.29 0.17 0.216 0.046648 20000 1.000000
238.347000 37.478400 -8.411 0.036 0.176 0.226 0.032564 20000 1.000000
238.531000 37.489600 -8.581 -0.495 0.161 0.206 0.028870 20000 1.000000
238.675000 37.581900 -8.656 -0.747 0.166 0.214 0.017117 20000 1.000000
238.395000 37.932000 -7.962 0.022 0.163 0.211 0.033121 20000 1.000000
238.536000 37.755300 -9.413 0.764 0.166 0.211 0.038738 20000 1.000000
238.717000 37.385400 -8.001 -0.551 0.172 0.225 0.049341 20000 1.000000
237.782000 38.153000 -9.664 1.259 0.162 0.21 0.013695 20000 1.000000
237.904000 38.025100 -9.241 1.603 0.165 0.216 -0.016538 20000 1.000000
237.805000 38.444200 -8.841 0.547 0.173 0.235 0.060033 20000 1.000000
237.645000 38.999500 -7.675 -0.69 0.202 0.23 0.134377 20000 1.000000
238.905000 38.645300 -8.819 -0.963 0.161 0.209 0.034182 20000 1.000000
239.652000 35.544100 -12.087 5.739 0.169 0.21 0.038974 20000 1.000000
239.611000 35.841100 -12.654 5.15 0.17 0.213 0.014447 20000 1.000000
239.655000 35.837800 -9.749 2.907 0.168 0.214 0.024980 20000 1.000000
239.715000 35.806700 -9.82 2.183 0.176 0.221 0.034432 20000 1.000000
239.093000 35.933300 -13.829 6.528 0.163 0.206 0.030796 20000 1.000000
239.019000 36.417200 -9.112 0.955 0.164 0.21 0.047023 20000 1.000000
239.147000 36.515900 -8.425 0.219 0.17 0.218 0.014159 20000 1.000000
239.302000 36.024800 -13.413 7.421 0.163 0.211 0.026807 20000 1.000000
239.121000 36.140200 -13.109 7.291 0.164 0.206 0.034262 20000 1.000000
239.251000 36.106800 -14.163 7.129 0.16 0.202 0.038354 20000 1.000000
239.272000 36.178900 -7.92 0.559 0.161 0.203 0.036517 20000 1.000000
239.355000 35.922800 -13.545 7.301 0.162 0.205 0.026041 20000 1.000000
239.525000 36.007500 -10.934 2.847 0.177 0.215 0.044470 20000 1.000000
239.457000 36.089400 -8.442 1.128 0.162 0.204 0.036283 20000 1.000000
239.560000 36.123200 -8.388 1.903 0.162 0.205 0.036139 20000 1.000000
239.158000 35.697100 -13.608 7.584 0.168 0.206 0.078424 20000 1.000000
239.637000 36.051700 -8.427 0.545 0.165 0.204 0.034909 20000 1.000000
239.448000 35.974100 -12.773 6.653 0.18 0.217 -0.007149 20000 1.000000
239.706000 36.015800 -8.889 0.676 0.165 0.207 0.027764 20000 1.000000
239.723000 36.304400 -8.684 -0.314 0.166 0.209 0.037234 20000 1.000000
239.257000 36.806300 -8.498 0.069 0.163 0.209 0.036182 20000 1.000000
239.803000 37.352200 -8.292 -0.285 0.171 0.221 0.016962 20000 1.000000
239.356000 37.795200 -7.181 -1.132 0.177 0.219 0.039627 20000 1.000000
240.160000 37.901100 -8.748 -0.481 0.181 0.221 -0.044092 20000 1.000000
239.049000 38.090000 -8.793 -0.476 0.166 0.215 0.029790 20000 1.000000
239.666000 38.735600 -8.888 -0.803 0.175 0.214 0.054986 20000 1.000000
241.480000 37.177600 -9.213 -2.435 0.162 0.208 0.035298 20000 1.000000
236.283000 39.863600 -11.442 3.97 0.2 0.261 -0.034493 20000 1.000000
236.448000 39.905700 -9.971 1.255 0.185 0.255 0.004719 20000 1.000000
236.628000 39.452400 -10.365 1.393 0.163 0.213 0.028387 20000 1.000000
236.705000 39.707100 -11.389 -1.27 0.172 0.224 -0.050319 20000 1.000000
236.813000 39.492800 -10.824 1.332 0.18 0.255 0.059374 20000 1.000000
236.817000 39.962100 -9.987 -2.513 0.161 0.215 -0.014555 20000 1.000000
236.344000 40.256800 -9.384 0.808 0.163 0.219 0.044805 20000 1.000000
236.117000 41.151700 -3.903 -0.176 0.164 0.219 0.045070 20000 1.000000
236.301000 40.575300 -7.593 -0.783 0.172 0.227 0.084865 20000 1.000000
236.427000 40.478900 -8.36 -0.534 0.198 0.262 0.251607 20000 1.000000
236.548000 40.082200 -9.844 -0.231 0.16 0.212 0.035542 20000 1.000000
236.864000 40.324100 -9.565 -0.868 0.16 0.213 0.025150 20000 1.000000
236.676000 40.732900 -6.645 0.717 0.161 0.214 0.000420 20000 1.000000
236.826000 40.546700 -8.928 1.045 0.243 0.328 0.011358 20000 1.000000
237.024000 39.621400 -7.855 -1.18 0.173 0.217 0.082330 20000 1.000000
237.264000 39.493600 -7.543 -0.168 0.163 0.213 0.005449 20000 1.000000
237.126000 39.726200 -8.624 -1.175 0.167 0.22 0.090823 20000 1.000000
237.077000 40.747600 -7.255 -0.217 0.168 0.221 0.018148 20000 1.000000
237.332000 40.034100 -9.611 -2.884 0.164 0.215 0.020164 20000 1.000000
237.393000 40.650700 -9.029 -1.944 0.168 0.228 -0.012131 20000 1.000000
236.666000 40.887100 -6.103 0.617 0.163 0.219 0.021731 20000 1.000000
237.729000 40.271200 -9.188 -1.233 0.17 0.225 -0.027376 20000 1.000000
239.132000 39.794700 -7.519 -0.991 0.162 0.219 0.003653 20000 1.000000
239.052000 41.183300 -7.936 -2.432 0.163 0.221 0.016101 20000 1.000000
237.681000 40.731100 -8.308 -1.36 0.196 0.241 0.050142 20000 1.000000
235.774000 42.209100 -1.194 -1.11 0.166 0.217 0.015856 20000 1.000000
235.946000 42.860100 -3.342 -1.045 0.187 0.25 0.105154 20000 1.000000
236.617000 42.503500 -5.054 -0.834 0.164 0.222 0.033856 20000 1.000000
237.344000 42.191000 -5.729 -2.372 0.167 0.227 -0.005828 20000 1.000000
238.220000 42.259700 -8.177 -1.966 0.163 0.217 0.028334 20000 1.000000
239.622000 42.468800 -7.886 -3.059 0.167 0.23 -0.016236 20000 1.000000
241.588000 42.254600 -5.823 -2.42 0.159 0.217 0.031698 20000 1.000000
243.371000 36.071300 -6.358 -3.461 0.174 0.223 0.115721 20000 1.000000
242.835000 36.022500 -6.716 -1.123 0.172 0.209 0.026926 20000 1.000000
242.590000 36.159000 -7.524 -1.622 0.175 0.221 0.080224 20000 1.000000
241.868000 36.466800 -10.396 0.99 0.182 0.237 -0.155662 20000 1.000000
242.211000 36.531200 -7.492 -1.121 0.16 0.205 0.043406 20000 1.000000
241.909000 36.570200 -9.264 -1.276 0.184 0.217 -0.007158 20000 1.000000
241.882000 36.975700 -7.648 -1.209 0.16 0.204 0.039988 20000 1.000000
242.064000 37.231400 -7.338 -2.504 0.167 0.21 0.087982 20000 1.000000
242.606000 34.462400 -9.524 1.681 0.174 0.21 0.031728 20000 1.000000
242.459000 33.562100 -13.547 5.497 0.165 0.202 0.072077 20000 1.000000
242.895000 32.889200 -14.351 6.052 0.168 0.202 0.032773 20000 1.000000
243.050000 32.733800 -14.634 5.841 0.162 0.197 0.040691 20000 1.000000
242.756000 32.666400 -14.666 6.379 0.18 0.209 0.142655 20000 1.000000
242.810000 33.439600 -14.349 5.55 0.164 0.201 0.051407 20000 1.000000
242.928000 33.235700 -13.507 5.619 0.174 0.206 0.102579 20000 1.000000
243.217000 33.493300 -12.445 4.364 0.164 0.201 0.040106 20000 1.000000
243.651000 32.976000 -13.146 5.104 0.168 0.204 0.052319 20000 1.000000
243.989000 32.822200 -13.315 4.609 0.169 0.204 0.002920 20000 1.000000
243.329000 33.240200 -13.589 4.625 0.174 0.209 0.048237 20000 1.000000
243.431000 33.059200 -13.657 4.898 0.163 0.198 0.036596 20000 1.000000
243.379000 33.375600 -12.294 4.188 0.169 0.206 0.092116 20000 1.000000
243.591000 33.210200 -12.476 5.19 0.178 0.217 0.046954 20000 1.000000
243.817000 33.213500 -11.569 2.441 0.165 0.2 0.046487 20000 1.000000
243.921000 33.201000 -10.819 2.829 0.166 0.202 0.044854 20000 1.000000
243.888000 33.296200 -9.747 1.562 0.17 0.206 -0.011595 20000 1.000000
243.574000 33.523500 -10.671 1.627 0.178 0.208 0.126650 20000 1.000000
243.773000 33.574700 -9.776 0.876 0.171 0.215 0.066985 20000 1.000000
244.031000 32.887000 -12.597 4.215 0.169 0.205 0.034784 20000 1.000000
244.175000 32.954700 -11.531 3.022 0.166 0.2 0.045655 20000 1.000000
244.268000 32.759700 -12.245 2.903 0.175 0.214 0.064656 20000 1.000000
244.404000 32.750600 -10.739 2.021 0.174 0.207 0.032659 20000 1.000000
244.423000 32.834700 -8.687 1.454 0.173 0.208 0.042456 20000 1.000000
244.430000 32.898400 -8.771 1.134 0.176 0.21 0.068520 20000 1.000000
244.700000 32.690000 -4.978 -2.582 0.165 0.199 0.044066 20000 1.000000
244.602000 32.875800 -4.913 -3.087 0.173 0.209 0.069470 20000 1.000000
244.578000 32.982500 -5.043 -3.629 0.173 0.213 0.084055 20000 1.000000
244.280000 32.948900 -10.156 2.566 0.171 0.206 0.032635 20000 1.000000
244.234000 33.516400 -6.915 -2.285 0.174 0.21 0.114731 20000 1.000000
244.313000 33.423900 -7.166 -2.732 0.173 0.209 0.095865 20000 1.000000
244.571000 33.247800 -5.595 -3.144 0.17 0.206 0.036268 20000 1.000000
244.657000 33.143600 -4.69 -4.138 0.171 0.207 0.000235 20000 1.000000
244.704000 33.886900 -5.602 -3.375 0.174 0.206 0.059369 20000 1.000000
240.305000 37.562600 -10.182 -2.055 0.18 0.217 0.152047 20000 1.000000
239.350000 34.907300 -14.704 8.095 0.161 0.201 0.036704 20000 1.000000
239.590000 35.010700 -14.812 7.362 0.169 0.209 0.035279 20000 1.000000
239.760000 34.870600 -14.806 6.948 0.165 0.204 0.060887 20000 1.000000
239.617000 35.106200 -14.414 6.784 0.174 0.213 0.124917 20000 1.000000
241.822000 34.376400 -12.121 3.493 0.165 0.205 0.045836 20000 1.000000
239.925000 35.020000 -13.642 6.424 0.162 0.202 0.032859 20000 1.000000
240.208000 34.507800 -14.511 6.879 0.169 0.202 0.035784 20000 1.000000
240.384000 34.630500 -14.855 5.521 0.162 0.201 0.030786 20000 1.000000
240.185000 34.888600 -13.52 6.457 0.163 0.204 0.029735 20000 1.000000
240.464000 35.086600 -11.552 3.016 0.164 0.207 0.037101 20000 1.000000
239.192000 35.425800 -14.411 7.934 0.164 0.204 0.018792 20000 1.000000
239.455000 35.327800 -13.615 7.513 0.168 0.211 0.095194 20000 1.000000
239.646000 35.440500 -13.632 7.034 0.165 0.205 0.030052 20000 1.000000
239.520000 35.624800 -13.765 6.615 0.163 0.205 0.044778 20000 1.000000
239.463000 35.792700 -12.878 6.293 0.165 0.209 0.058417 20000 1.000000
239.733000 35.633800 -12.062 5.492 0.169 0.207 0.068652 20000 1.000000
239.629000 35.747900 -12.839 6.31 0.167 0.208 0.044514 20000 1.000000
237.762000 37.061200 -13.786 7.635 0.165 0.211 0.053434 20000 1.000000
239.899000 35.235100 -12.91 6.21 0.188 0.221 0.092800 20000 1.000000
239.975000 35.279800 -12.634 5.844 0.171 0.215 0.006197 20000 1.000000
240.065000 35.316800 -12.187 4.349 0.168 0.212 0.050580 20000 1.000000
239.887000 35.534200 -11.89 2.787 0.195 0.239 0.047435 20000 1.000000
239.818000 35.702700 -10.172 3.018 0.163 0.204 0.042155 20000 1.000000
239.869000 35.801300 -8.594 1.808 0.171 0.209 0.052232 20000 1.000000
239.999000 35.686700 -9.218 2.205 0.168 0.208 -0.007066 20000 1.000000
239.707000 35.688900 -12.064 5.853 0.163 0.204 0.031750 20000 1.000000
240.287000 35.319000 -10.762 2.994 0.179 0.225 0.027008 20000 1.000000
240.091000 35.934700 -8.071 1.098 0.164 0.205 0.040497 20000 1.000000
240.496000 34.466800 -14.148 5.283 0.161 0.199 0.041361 20000 1.000000
240.674000 34.599600 -13.95 3.802 0.172 0.216 0.131482 20000 1.000000
240.885000 34.660100 -13.336 3.963 0.173 0.211 0.111024 20000 1.000000
240.845000 34.856200 -12.229 3.482 0.233 0.348 -0.033760 20000 1.000000
239.755000 35.686700 -11.525 5.135 0.165 0.205 0.025979 20000 1.000000
241.121000 34.835100 -11.285 3.157 0.164 0.203 0.054271 20000 1.000000
241.152000 34.792300 -11.596 2.698 0.169 0.215 0.045132 20000 1.000000
241.331000 34.695000 -10.951 2.949 0.173 0.214 0.120695 20000 1.000000
241.454000 34.771100 -10.345 1.976 0.165 0.205 0.040984 20000 1.000000
241.344000 34.944400 -10.766 1.6 0.17 0.212 0.010606 20000 1.000000
241.388000 35.138600 -8.848 1.355 0.164 0.204 0.021063 20000 1.000000
241.382000 34.838900 -10.97 3.297 0.171 0.212 0.049929 20000 1.000000
241.459000 34.821800 -10.11 2.392 0.174 0.214 0.068770 20000 1.000000
241.811000 34.982100 -8.323 1.318 0.165 0.206 0.026235 20000 1.000000
241.876000 35.378000 -8.438 0.898 0.164 0.203 0.035200 20000 1.000000
241.740000 35.667300 -9.21 1.038 0.17 0.207 0.043455 20000 1.000000
241.233000 36.231400 -8.316 1.043 0.17 0.21 0.100659 20000 1.000000
241.045000 36.585500 -8.098 -0.032 0.161 0.206 0.033412 20000 1.000000
241.740000 36.093100 -8.784 0.348 0.166 0.207 0.033420 20000 1.000000
241.994000 35.038800 -8.442 1.688 0.164 0.204 0.049885 20000 1.000000
242.271000 34.509700 -9.852 2.491 0.165 0.203 0.033425 20000 1.000000
242.451000 34.634300 -8.933 1.786 0.166 0.205 0.040016 20000 1.000000
242.457000 34.987000 -7.864 1.03 0.167 0.207 0.084930 20000 1.000000
243.048000 33.892600 -10.122 3.035 0.162 0.199 0.043417 20000 1.000000
243.454000 34.019300 -7.917 1.183 0.164 0.201 0.041815 20000 1.000000
242.719000 34.534800 -9.413 1.438 0.189 0.212 -0.047257 20000 1.000000
241.969000 34.332200 -12.578 3.732 0.166 0.205 0.065496 20000 1.000000
242.635000 35.116800 -7.5 0.339 0.166 0.205 0.032397 20000 1.000000
241.983000 35.152400 -7.462 0.915 0.166 0.206 0.048615 20000 1.000000
242.697000 35.238500 -7.328 -0.191 0.166 0.206 0.048798 20000 1.000000
242.795000 35.387900 -6.581 0.134 0.161 0.201 0.049474 20000 1.000000
242.610000 35.896700 -7.649 -1.157 0.179 0.225 0.039817 20000 1.000000
242.597000 35.697600 -7.57 0.253 0.163 0.204 0.042835 20000 1.000000
243.111000 35.998200 -7.272 -1.138 0.173 0.209 0.045234 20000 1.000000
243.112000 35.710600 -6.155 -2.123 0.162 0.205 0.048541 20000 1.000000
243.290000 34.192500 -8.782 0.53 0.169 0.204 0.028542 20000 1.000000
243.463000 34.217200 -7.684 0.781 0.167 0.202 0.058433 20000 1.000000
243.788000 33.865800 -7.897 -0.112 0.164 0.201 0.058548 20000 1.000000
243.920000 33.959300 -6.318 -1.928 0.166 0.201 0.045959 20000 1.000000
239.772000 35.729200 -9.343 3.291 0.166 0.206 0.056419 20000 1.000000
243.971000 34.716900 -6.008 -3.476 0.171 0.208 0.015748 20000 1.000000
243.329000 34.936800 -7.315 -1.374 0.165 0.205 0.051403 20000 1.000000
242.063000 34.341100 -11.471 3.355 0.177 0.22 0.021083 20000 1.000000
243.120000 34.462100 -8.178 0.494 0.164 0.202 0.044347 20000 1.000000
244.179000 33.741000 -6.732 -1.901 0.172 0.21 0.043492 20000 1.000000
243.107000 34.062700 -8.319 2.856 0.182 0.222 0.002048 20000 1.000000
244.236000 34.425700 -5.843 -3.29 0.207 0.225 0.080341 20000 1.000000
244.350000 35.204800 -5.844 -3.154 0.17 0.208 0.015382 20000 1.000000
242.685000 34.187400 -10.623 3.126 0.167 0.207 0.093254 20000 1.000000
242.950000 34.196200 -6.687 5.162 0.2 0.213 0.125073 20000 1.000000
244.750000 34.731800 -5.266 -3.057 0.201 0.257 0.124920 20000 1.000000
243.237000 35.204600 -6.922 -0.676 0.164 0.203 0.051411 20000 1.000000
242.107000 35.424600 -7.288 0.816 0.164 0.204 0.041162 20000 1.000000
243.428000 35.320600 -6.039 -2.402 0.164 0.206 0.037176 20000 1.000000
243.896000 35.141900 -5.817 -2.855 0.175 0.208 0.024265 20000 1.000000
243.878000 35.526000 -6.541 -2.62 0.166 0.208 0.035001 20000 1.000000
243.855000 35.785400 -5.259 -2.704 0.164 0.205 0.031662 20000 1.000000
244.456000 35.472800 -5.876 -2.546 0.165 0.208 0.058713 20000 1.000000
244.634000 35.163000 -5.31 -3.096 0.173 0.214 0.029169 20000 1.000000
245.401000 34.188900 -5.489 -2.943 0.17 0.208 0.062105 20000 1.000000
245.035000 34.844400 -5.905 -2.914 0.169 0.207 0.044429 20000 1.000000
244.762000 35.291100 -5.489 -2.75 0.166 0.206 0.050449 20000 1.000000
241.621000 37.973100 -7.123 -1.953 0.164 0.213 0.000300 20000 1.000000
241.000000 37.613000 -10.581 -6.768 0.166 0.211 -0.000169 20000 1.000000
241.084000 37.605300 -11.116 -9.079 0.17 0.228 0.000682 20000 1.000000
240.914000 37.785700 -11.501 -0.703 0.204 0.242 -0.054061 20000 1.000000
240.967000 37.913500 -8.661 -0.138 0.161 0.207 0.041762 20000 1.000000
240.974000 37.696600 -11.962 -1.621 0.19 0.227 0.161654 20000 1.000000
240.862000 37.839300 -11.134 -0.71 0.177 0.221 0.047320 20000 1.000000
240.853000 37.962800 -10.714 0.25 0.162 0.207 0.044125 20000 1.000000
240.916000 37.914100 -10.007 -1.064 0.164 0.209 0.047247 20000 1.000000
241.056000 37.734300 -10.108 1.536 0.163 0.21 0.047987 20000 1.000000
241.131000 37.654600 -6.486 -4.144 0.164 0.212 0.039837 20000 1.000000
241.040000 37.891700 -9.132 -0.08 0.173 0.215 0.032268 20000 1.000000
241.148000 37.878200 -7.845 0.029 0.162 0.208 0.032412 20000 1.000000
241.183000 37.591400 -9.925 -7.058 0.166 0.223 0.087785 20000 1.000000
241.302000 37.561600 -8.283 -2.928 0.167 0.232 0.007050 20000 1.000000
241.316000 37.495400 -10.483 -3.247 0.16 0.205 0.042989 20000 1.000000
241.406000 37.541300 -8.314 -2.292 0.163 0.209 0.045873 20000 1.000000
241.180000 37.677000 -5.032 -2.548 0.162 0.209 0.042074 20000 1.000000
241.232000 37.754400 -6.075 -0.072 0.177 0.237 0.103188 20000 1.000000
240.981000 37.800000 -11.003 -0.573 0.165 0.21 0.070509 20000 1.000000
241.264000 37.903500 -6.821 0.406 0.186 0.234 0.042444 20000 1.000000
241.445000 37.891300 -6.716 -1.345 0.173 0.218 0.097686 20000 1.000000
241.762000 37.589200 -6.557 -1.549 0.162 0.208 0.043945 20000 1.000000
241.528000 37.737500 -7.356 -1.481 0.168 0.213 0.062489 20000 1.000000
240.850000 38.057900 -11.045 -1.566 0.17 0.214 0.044315 20000 1.000000
237.706000 41.381200 -7.074 -1.672 0.17 0.22 0.083626 20000 1.000000
237.809000 41.479200 -6.9 -3.432 0.162 0.227 -0.007044 20000 1.000000
237.687000 41.463600 -5.719 -1.584 0.165 0.23 -0.019336 20000 1.000000
237.847000 41.531900 -6.466 -1.999 0.198 0.24 0.083512 20000 1.000000
238.493000 41.711600 -7.152 -2.764 0.162 0.219 0.038659 20000 1.000000
246.132000 42.878900 -6.529 -2.412 0.161 0.22 0.038684 20000 1.000000
241.275000 37.380400 -15.564 -4.3 0.23 0.265 0.214383 20000 1.000000
241.439000 37.439500 -9.287 -1.653 0.177 0.221 0.049758 20000 1.000000
240.254000 37.088900 -8.26 -0.56 0.168 0.213 0.099749 20000 1.000000
241.853000 37.280500 -7.139 -1.76 0.165 0.213 0.044395 20000 1.000000
239.172000 41.359200 -6.561 -2.319 0.194 0.257 -0.018383 20000 1.000000
239.527000 41.332500 -7.416 -2.463 0.166 0.221 0.046318 20000 1.000000
235.587000 42.442000 -2.827 -0.275 0.164 0.225 -0.023409 20000 1.000000
235.707000 42.076600 -3.957 -0.522 0.207 0.265 0.047187 20000 1.000000
238.120000 42.579800 -6.028 -1.256 0.167 0.222 0.027712 20000 1.000000
237.390000 42.727100 -6.285 -2.868 0.239 0.296 0.194153 20000 1.000000
240.341000 42.546100 -7.83 -3.686 0.162 0.222 0.026888 20000 1.000000
242.275000 42.020200 -6.029 -2.8 0.165 0.221 0.038452 20000 1.000000
243.404000 33.598200 -9.998 2.652 0.237 0.294 -0.067702 20000 1.000000
243.397000 33.495500 -11.471 3.371 0.17 0.208 0.058509 20000 1.000000
244.492000 32.829400 -10.026 0.546 0.171 0.206 0.016509 20000 1.000000
238.928000 37.699000 -8.132 -0.362 0.167 0.215 0.019120 20000 1.000000
239.784000 35.693800 -10.705 3.753 0.201 0.244 0.078880 20000 1.000000
237.579000 41.830800 -8.964 0.325 0.176 0.241 0.095022 20000 1.000000
236.019000 41.845500 -3.55 -0.17 0.182 0.27 -0.059290 20000 1.000000
238.521000 36.744300 -15.441 6.733 0.256 0.315 0.091240 20000 1.000000
239.528000 35.946600 -8.316 1.955 0.181 0.221 0.103054 20000 1.000000
239.485000 35.929100 -12.742 6.895 0.234 0.309 0.045034 20000 1.000000
236.427000 40.478800 -7.99 -0.785 0.198 0.264 0.241986 20000 1.000000
237.036000 39.845700 -8.948 -1.811 0.165 0.219 -0.014334 20000 1.000000
243.852000 34.508100 -5.906 -1.982 0.164 0.204 0.035956 20000 1.000000
245.241000 32.497900 -4.237 -2.329 0.168 0.201 0.042823 20000 1.000000
243.407000 33.537300 -11.166 3.699 0.175 0.214 0.097116 20000 1.000000
241.651000 34.021700 -13.122 5.821 0.172 0.215 0.070769 20000 1.000000
243.936000 31.559100 -14.334 7.264 0.174 0.205 0.108449 20000 1.000000
238.728000 35.709000 -14.012 8.479 0.19 0.236 0.006684 20000 1.000000
242.077000 34.508200 -10.145 3.333 0.236 0.271 0.023523 20000 1.000000
244.450000 32.490100 -10.156 4.926 0.17 0.211 0.004275 20000 1.000000
242.305000 34.925400 -7.802 0.874 0.174 0.215 0.006346 20000 1.000000
244.116000 32.417000 -15.077 6.615 0.165 0.199 0.040672 20000 1.000000
239.522000 35.919900 -12.523 5.236 0.177 0.223 0.088075 20000 1.000000
242.818000 33.835700 -11.661 4.153 0.185 0.215 0.039150 20000 1.000000
243.506000 33.819200 -9.275 0.923 0.172 0.211 0.030033 20000 1.000000
242.193000 34.091800 -13.121 4.854 0.172 0.223 0.010908 20000 1.000000
244.165000 31.313100 -15.273 6.801 0.165 0.2 0.024112 20000 1.000000
244.543000 32.377900 -10.779 5.87 0.163 0.196 0.044011 20000 1.000000
241.596000 33.743300 -13.873 6.449 0.163 0.2 0.041061 20000 1.000000
241.628000 33.779500 -13.326 6.125 0.206 0.258 0.055849 20000 1.000000
238.863000 36.161100 -14.485 7.463 0.171 0.212 0.067657 20000 1.000000
241.755000 34.628700 -9.558 3.459 0.228 0.284 0.015717 20000 1.000000
239.056000 39.974600 -10.118 -2.847 0.172 0.225 -0.004711 20000 1.000000
242.317000 35.338700 -7.064 0.406 0.163 0.204 0.048835 20000 1.000000
240.280000 34.500000 -14.446 6.084 0.169 0.209 0.012535 20000 1.000000
243.375000 34.643900 -7.448 -0.207 0.166 0.202 0.031942 20000 1.000000
241.974000 34.019100 -13.286 4.512 0.187 0.227 -0.005658 20000 1.000000
239.475000 35.900000 -13.003 7.634 0.172 0.216 0.012095 20000 1.000000
241.807000 34.875100 -8.482 1.724 0.174 0.214 0.052340 20000 1.000000
240.816000 34.541500 -14.591 4.7 0.188 0.228 0.123762 20000 1.000000
244.877000 40.617200 -6.246 -2.34 0.164 0.223 0.052949 20000 1.000000
238.442000 37.666500 -8.843 -0.196 0.164 0.21 0.020762 20000 1.000000
241.245000 34.459800 -13.342 4.37 0.183 0.234 0.059898 20000 1.000000
242.138000 34.205600 -12.57 3.845 0.213 0.228 -0.057028 20000 1.000000
239.775000 40.591700 -7.64 -2.624 0.169 0.228 0.023203 20000 1.000000
240.984000 41.868400 -7.401 -2.815 0.172 0.231 0.103345 20000 1.000000
243.701000 35.971300 -5.72 -2.724 0.173 0.21 0.009263 20000 1.000000
241.521000 34.438600 -11.852 3.49 0.191 0.235 0.012990 20000 1.000000
240.116000 39.314300 -9.179 -2.648 0.163 0.216 0.014342 20000 1.000000
244.022000 33.292200 -8.393 1.636 0.17 0.204 0.056480 20000 1.000000
240.476000 33.247900 -13.723 7.435 0.181 0.228 0.014207 20000 1.000000
240.936000 34.319900 -13.921 6.184 0.163 0.201 0.043915 20000 1.000000
241.354000 34.059300 -14.147 6.525 0.168 0.205 0.006614 20000 1.000000
242.151000 33.992700 -13.003 5.563 0.181 0.216 0.056562 20000 1.000000
239.935000 34.004300 -14.786 7.673 0.171 0.208 0.021694 20000 1.000000
239.640000 35.917400 -9.601 1.997 0.189 0.24 0.096175 20000 1.000000
241.585000 35.158200 -8.712 0.791 0.162 0.204 0.040108 20000 1.000000
239.867000 34.483500 -14.297 6.158 0.174 0.217 0.018086 20000 1.000000
243.839000 33.641200 -8.078 0.103 0.19 0.229 0.051658 20000 1.000000
242.951000 39.542200 -6.846 -2.633 0.171 0.218 0.133155 20000 1.000000
242.816000 38.097200 -6.078 -2.925 0.162 0.209 0.033291 20000 1.000000
241.669000 33.797800 -13.704 6.352 0.175 0.212 0.013271 20000 1.000000
241.163000 34.248000 -13.773 6.991 0.171 0.208 0.099071 20000 1.000000
235.849000 41.053900 -3.818 2.015 0.165 0.22 -0.012584 20000 1.000000
241.558000 34.069100 -13.604 5.059 0.205 0.243 0.072640 20000 1.000000
240.156000 34.413300 -12.694 6.825 0.197 0.224 -0.054134 20000 1.000000
241.198000 39.627100 -7.38 -1.954 0.163 0.214 0.057882 20000 1.000000
241.715000 34.024000 -12.871 8.098 0.228 0.276 0.183486 20000 1.000000
243.915000 33.030100 -12.529 3.648 0.167 0.205 0.032989 20000 1.000000
240.516000 34.851500 -14.726 3.962 0.18 0.222 0.037163 20000 1.000000
241.780000 34.178600 -13.628 4.855 0.22 0.237 0.149758 20000 1.000000
241.486000 34.126400 -14.089 5.882 0.164 0.202 0.063692 20000 1.000000
241.516000 34.293200 -13.877 5.04 0.17 0.206 0.044048 20000 1.000000
239.384000 34.556300 -11.113 7.367 0.196 0.232 0.036061 20000 1.000000
241.879000 34.501500 -11.106 2.5 0.179 0.216 0.032741 20000 1.000000
241.706000 33.712600 -10.083 5.587 0.169 0.209 0.022944 20000 1.000000
241.346000 37.664300 -9.054 -0.631 0.163 0.21 0.043449 20000 1.000000
241.016000 35.010800 -9.847 1.55 0.188 0.228 0.024917 20000 1.000000
243.608000 33.934800 -8.363 0.56 0.202 0.244 -0.004124 20000 1.000000
241.258000 34.568500 -12.107 3.676 0.18 0.219 0.178681 20000 1.000000
241.586000 34.259400 -13.281 4.829 0.191 0.239 0.005643 20000 1.000000
243.068000 34.669000 -8.413 0.494 0.183 0.222 -0.071413 20000 1.000000
241.572000 33.958200 -13.083 5.502 0.231 0.253 -0.274327 20000 1.000000
243.346000 33.955300 -8.02 2.244 0.17 0.206 0.026350 20000 1.000000
243.111000 35.425200 -6.009 -0.854 0.178 0.221 0.034429 20000 1.000000
243.920000 35.287000 -6.746 -2.966 0.168 0.208 0.046949 20000 1.000000
