242.907000 34.116400 -9.702 3.11 0.185 0.226 -0.047433 20000 1.000000
242.555000 33.274300 -12.297 9.292 0.176 0.2 -0.018534 20000 1.000000
242.555000 33.274300 -12.45 9.134 0.172 0.197 -0.011996 20000 1.000000
243.571000 34.594300 -6.335 1.702 0.17 0.199 -0.011102 20000 1.000000
241.305000 34.824500 -9.656 7.309 0.19 0.221 -0.052093 20000 1.000000
242.675000 33.341900 -12.086 9.079 0.171 0.198 -0.008225 20000 1.000000
242.524000 33.381100 -12.297 9.125 0.173 0.196 -0.018841 20000 1.000000
242.103000 34.126000 -11.124 7.6 0.236 0.253 -0.018856 20000 1.000000
242.795000 40.412800 -6.112 -0.19 0.168 0.211 -0.025960 20000 1.000000
240.970000 33.480500 -15.785 11.162 0.192 0.214 -0.058954 20000 1.000000
243.116000 34.264300 -8.889 4.002 0.194 0.23 0.031680 20000 1.000000
240.594000 34.920500 -10.716 7.337 0.172 0.202 -0.028767 20000 1.000000
243.379000 37.039900 -5.818 0.171 0.178 0.215 0.012743 20000 1.000000
244.002000 34.000500 -6.603 0.697 0.173 0.2 -0.036571 20000 1.000000
242.935000 33.578200 -11.359 8.101 0.181 0.206 -0.020766 20000 1.000000
243.920000 35.287000 -5.514 -0.214 0.174 0.205 -0.019246 20000 1.000000
245.285000 33.610400 -4.653 -0.949 0.172 0.199 -0.036154 20000 1.000000
243.947000 34.251400 -5.41 1.369 0.173 0.2 -0.018498 20000 1.000000
241.723000 34.184900 -12.461 7.973 0.267 0.304 0.004165 20000 1.000000
242.988000 34.918600 -6.787 3.078 0.172 0.202 -0.005360 20000 1.000000
241.812000 34.292800 -12.197 7.971 0.265 0.268 -0.326549 20000 1.000000
242.156000 42.779500 -5.335 0.716 0.171 0.224 -0.014201 20000 1.000000
240.653000 35.157300 -10.16 5.13 0.174 0.209 0.004344 20000 1.000000
235.437000 42.836100 -0.374 2.66 0.169 0.22 -0.025847 20000 1.000000
244.010000 33.655100 -6.523 2.633 0.179 0.207 0.015197 20000 1.000000
239.566000 35.939400 -7.629 4.355 0.17 0.204 -0.028938 20000 1.000000
239.569000 35.888400 -8.367 7.841 0.195 0.224 -0.007147 20000 1.000000
241.666000 33.311600 -13.651 11.202 0.169 0.195 -0.005468 20000 1.000000
241.517000 33.445800 -13.059 6.136 0.173 0.202 -0.033124 20000 1.000000
241.370000 34.138600 -12.755 8.874 0.21 0.223 0.076549 20000 1.000000
242.329000 35.565300 -8.095 3.387 0.176 0.211 -0.016928 20000 1.000000
240.987000 34.806400 -12.198 4.67 0.186 0.239 -0.107437 20000 1.000000
243.664000 34.829500 -6.011 1.025 0.186 0.21 -0.036651 20000 1.000000
242.035000 34.244000 -8.906 8.55 0.2 0.245 -0.129317 20000 1.000000
241.974000 34.333400 -10.964 7.227 0.19 0.213 0.025241 20000 1.000000
242.172000 34.640500 -8.237 5.191 0.179 0.215 0.027402 20000 1.000000
241.063000 34.109600 -12.056 11.083 0.186 0.222 -0.009752 20000 1.000000
241.873000 34.136700 -16.423 3.084 0.212 0.232 -0.008547 20000 1.000000
242.576000 34.271200 0.725 0.226 0.173 0.198 -0.021302 20000 1.000000
242.521000 34.313800 -8.863 7.048 0.189 0.214 0.083736 20000 1.000000
241.856000 34.530300 -7.691 8.256 0.193 0.214 -0.155031 20000 1.000000
242.291000 34.109900 -11.028 7.638 0.182 0.21 -0.047878 20000 1.000000
245.126000 40.558400 -5.596 -0.137 0.181 0.214 0.017427 20000 1.000000
244.877000 32.863500 -4.045 0.543 0.175 0.197 -0.024150 20000 1.000000
244.272000 32.850500 -10.523 6.609 0.177 0.202 -0.042248 20000 1.000000
240.120000 34.414900 -12.161 12.019 0.177 0.204 -0.051167 20000 1.000000
242.427000 35.071700 -7.242 4.595 0.177 0.206 0.026588 20000 1.000000
239.249000 35.791600 -12.33 12.318 0.178 0.208 -0.035399 20000 1.000000
240.275000 35.242100 -8.799 7.161 0.168 0.198 -0.007702 20000 1.000000
244.265000 33.069800 -9.005 5.497 0.18 0.205 -0.012904 20000 1.000000
240.961000 34.168400 -10.652 9.543 0.173 0.202 0.005768 20000 1.000000
241.743000 33.861500 -12.227 9.806 0.176 0.206 -0.025857 20000 1.000000
241.476000 34.253600 -11.841 9.23 0.18 0.209 0.013746 20000 1.000000
240.629000 34.408100 -11.865 10.099 0.198 0.232 -0.033563 20000 1.000000
241.387000 34.516500 -11.095 7.199 0.178 0.205 -0.031103 20000 1.000000
243.630000 34.124100 -6.739 2.62 0.189 0.22 -0.088081 20000 1.000000
242.098000 34.082000 -10.177 7.909 0.186 0.214 -0.070913 20000 1.000000
241.603000 34.334800 -25.371 5.138 0.356 0.329 -0.066175 20000 1.000000
241.603000 34.334000 -11.367 7.853 0.266 0.259 -0.178084 20000 1.000000
244.212000 33.389800 -7.684 2.752 0.214 0.245 -0.028144 20000 1.000000
242.154000 35.267500 -7.913 4.333 0.447 0.503 -0.102533 20000 1.000000
242.140000 34.413400 -9.669 6.381 0.173 0.216 -0.007696 20000 1.000000
241.873000 33.938300 -12.599 9.546 0.183 0.213 -0.024837 20000 1.000000
242.588000 33.647700 -13.466 8.907 0.168 0.194 -0.013091 20000 1.000000
241.170000 34.946200 -8.682 7.217 0.18 0.214 -0.011048 20000 1.000000
245.061000 39.345200 -4.913 -0.144 0.175 0.217 -0.037336 20000 1.000000
244.183000 40.914700 -5.889 -0.223 0.166 0.213 -0.018184 20000 1.000000
241.871000 33.583500 -13.053 11.269 0.185 0.21 0.015633 20000 1.000000
242.574000 33.649100 -9.374 11.283 0.174 0.202 -0.054845 20000 1.000000
241.574000 34.703100 -6.495 15.135 0.173 0.203 -0.008155 20000 1.000000
242.474000 34.104200 -11.135 7.241 0.198 0.231 -0.036977 20000 1.000000
239.991000 34.733000 -12.413 10.773 0.173 0.201 0.012215 20000 1.000000
243.064000 34.093600 -8.208 3.551 0.193 0.273 0.059267 20000 1.000000
241.116000 34.356300 -12.192 10.985 0.174 0.2 -0.017513 20000 1.000000
246.195000 39.369400 -5.382 -0.389 0.176 0.214 -0.033287 20000 1.000000
241.760000 34.733900 -9.122 6.201 0.173 0.203 -0.016955 20000 1.000000
244.200000 32.945000 -11.734 6.944 0.195 0.212 -0.010294 20000 1.000000
241.107000 34.800200 -10.823 6.035 0.181 0.211 -0.003250 20000 1.000000
240.644000 40.416500 -6.175 0.201 0.171 0.218 -0.053776 20000 1.000000
240.136000 35.189400 -11.181 7.787 0.175 0.209 -0.010475 20000 1.000000
244.479000 33.274800 -5.815 -0.125 0.177 0.201 -0.031517 20000 1.000000
243.617000 34.291400 -6.51 3.097 0.173 0.202 -0.041346 20000 1.000000
245.173000 33.051100 -6.396 -1.459 0.243 0.269 -0.102079 20000 1.000000
244.340000 34.784000 -5.205 0.413 0.194 0.229 -0.075215 20000 1.000000
245.810000 34.308600 -4.469 0.154 0.174 0.2 -0.028175 20000 1.000000
243.111000 35.425200 -8.606 5.756 0.175 0.206 -0.036322 20000 1.000000
245.820000 40.640200 -6.177 0.492 0.197 0.25 -0.002805 20000 1.000000
239.584000 36.399000 -8.165 2.407 0.209 0.242 -0.051873 20000 1.000000
241.887000 34.047400 -12.758 7.674 0.176 0.205 0.010298 20000 1.000000
242.701000 35.011500 -7.626 3.173 0.173 0.202 -0.013190 20000 1.000000
241.714000 33.783600 -13.816 4.234 0.198 0.23 -0.103631 20000 1.000000
243.570000 34.754800 -6.436 1.05 0.173 0.202 -0.004563 20000 1.000000
238.530000 40.815900 -7.704 -0.708 0.17 0.216 -0.017429 20000 1.000000
242.999000 33.708100 -10.686 7.15 0.172 0.2 -0.008734 20000 1.000000
244.365000 33.705000 -6.07 0.489 0.192 0.23 -0.058414 20000 1.000000
239.520000 35.866700 -11.116 10.878 0.208 0.262 0.012294 20000 1.000000
242.155000 34.458200 -9.59 5.864 0.179 0.209 -0.045176 20000 1.000000
239.598000 35.880800 -8.724 6.009 0.182 0.214 0.052713 20000 1.000000
240.812000 34.441200 -11.863 10.08 0.184 0.217 -0.017569 20000 1.000000
244.089000 34.727300 -5.579 0.342 0.176 0.207 -0.009558 20000 1.000000
243.779000 33.796800 -7.556 4.7 0.178 0.206 0.006843 20000 1.000000
244.855000 34.157600 -5.695 0.178 0.171 0.201 0.005279 20000 1.000000
241.526000 35.662300 -8.619 2.729 0.18 0.213 -0.088785 20000 1.000000
242.045000 34.449100 -9.578 6.947 0.169 0.205 -0.027023 20000 1.000000
240.992000 34.398500 -11.47 7.446 0.176 0.206 -0.020845 20000 1.000000
243.827000 33.925400 -6.631 2.45 0.181 0.206 -0.014608 20000 1.000000
243.241000 33.236000 -18.348 5.593 0.192 0.218 0.058927 20000 1.000000
242.165000 34.485500 -9.769 5.417 0.17 0.199 -0.015988 20000 1.000000
242.609000 33.744200 -12.339 8.107 0.192 0.216 0.055341 20000 1.000000
242.555000 33.817400 -11.467 8.821 0.172 0.199 -0.006744 20000 1.000000
243.060000 35.090200 -6.89 2.521 0.177 0.204 -0.019568 20000 1.000000
239.553000 34.691000 2.04 19.354 0.174 0.201 -0.024170 20000 1.000000
242.246000 34.133300 -11.816 8.046 0.19 0.22 0.003426 20000 1.000000
239.406000 35.828700 -11.231 12.817 0.178 0.212 0.007390 20000 1.000000
242.454000 34.314900 -8.129 6.408 0.226 0.253 0.025275 20000 1.000000
241.970000 34.527100 -10.645 4.783 0.179 0.214 -0.058159 20000 1.000000
240.896000 34.733600 -10.987 7.03 0.174 0.208 0.004743 20000 1.000000
239.557000 35.832600 -10 10.684 0.173 0.205 -0.015324 20000 1.000000
242.563000 33.856800 -11.293 8.171 0.174 0.198 -0.026415 20000 1.000000
238.778000 42.418300 -4.886 0.897 0.239 0.32 -0.033902 20000 1.000000
244.021000 36.632500 -4.844 -0.802 0.17 0.205 0.009255 20000 1.000000
239.649000 34.038300 -13.242 13.015 0.176 0.205 -0.061640 20000 1.000000
241.874000 34.136800 -11.959 8.134 0.172 0.199 0.009926 20000 1.000000
243.904000 40.148400 -5.52 -0.379 0.174 0.221 -0.089243 20000 1.000000
242.682000 33.918400 -10.884 7.745 0.173 0.199 -0.007127 20000 1.000000
239.566000 35.969500 -7.333 4.383 0.178 0.203 -0.052328 20000 1.000000
244.588000 40.710700 -5.714 -0.446 0.172 0.227 -0.025358 20000 1.000000
241.122000 34.295500 -12.106 9.903 0.192 0.218 -0.011603 20000 1.000000
242.118000 34.175200 -10.66 8.907 0.23 0.255 -0.289669 20000 1.000000
243.352000 34.038500 -9.385 5.273 0.189 0.221 0.085291 20000 1.000000
242.790000 34.230800 -9.155 2.913 0.27 0.278 0.213047 20000 1.000000
245.381000 34.767700 -5.042 0.571 0.184 0.216 -0.018361 20000 1.000000
240.859000 34.498700 -13.28 7.515 0.17 0.198 -0.022598 20000 1.000000
243.932000 34.141000 -5.261 0.703 0.172 0.199 -0.006780 20000 1.000000
242.653000 33.240700 -14.206 13.12 0.193 0.21 -0.145234 20000 1.000000
244.082000 34.369900 -5.817 0.566 0.173 0.205 -0.049674 20000 1.000000
243.695000 34.427700 -6.289 1.707 0.176 0.209 -0.043323 20000 1.000000
243.708000 34.533000 -5.76 1.592 0.183 0.207 -0.038695 20000 1.000000
243.185000 34.674900 -7.29 3.115 0.182 0.212 0.054387 20000 1.000000
241.793000 34.128800 -11.431 8.363 0.171 0.198 -0.018675 20000 1.000000
240.647000 34.683400 -12.506 7.536 0.182 0.215 -0.032954 20000 1.000000
242.814000 39.521100 -5.267 -0.629 0.172 0.211 -0.022428 20000 1.000000
245.995000 32.722500 -5.369 0.687 0.179 0.202 0.018833 20000 1.000000
244.721000 39.910200 -4.976 -0.686 0.186 0.219 -0.009880 20000 1.000000
245.543000 36.154200 -5.425 -0.02 0.172 0.203 -0.024141 20000 1.000000
245.180000 41.724200 -5.759 -0.157 0.176 0.221 -0.065770 20000 1.000000
242.670000 41.428700 -5.264 -0.662 0.189 0.244 -0.009744 20000 1.000000
242.935000 42.981700 -4.953 -0.653 0.165 0.216 -0.019917 20000 1.000000
235.925000 40.876300 -0.748 4.231 0.218 0.272 0.030080 20000 1.000000
236.274000 38.928300 -10.429 13.183 0.168 0.206 -0.025161 20000 1.000000
237.585000 40.997600 -4.982 -0.085 0.195 0.255 -0.105073 20000 1.000000
243.830000 32.616500 -14.611 8.539 0.172 0.196 -0.029597 20000 1.000000
238.997000 35.551800 -12.686 12.691 0.173 0.206 -0.010823 20000 1.000000
242.015000 39.305600 -5.809 -0.414 0.174 0.219 -0.053163 20000 1.000000
242.395000 39.287900 -6.358 0.103 0.172 0.21 -0.031071 20000 1.000000
243.576000 39.500500 -5.712 -0.055 0.166 0.214 -0.001790 20000 1.000000
243.950000 39.546400 -5.513 -0.683 0.172 0.21 0.000881 20000 1.000000
244.111000 39.374200 -5.973 -0.392 0.168 0.209 -0.002116 20000 1.000000
244.568000 39.388600 -3.847 -0.177 0.163 0.205 -0.019598 20000 1.000000
242.120000 40.433400 -6.312 0.137 0.17 0.213 0.007374 20000 1.000000
245.308000 39.255200 -4.958 -0.673 0.172 0.21 0.025611 20000 1.000000
245.723000 39.119400 -4.217 0.352 0.171 0.216 -0.014046 20000 1.000000
246.129000 39.067300 -5.772 -0.893 0.17 0.212 -0.038407 20000 1.000000
246.495000 39.268900 -4.968 0.166 0.183 0.233 -0.011963 20000 1.000000
242.532000 40.320600 -5.326 0.349 0.174 0.216 -0.062896 20000 1.000000
246.946000 40.494000 -5.212 -0.113 0.166 0.211 0.000293 20000 1.000000
243.264000 40.495500 -5.415 -0.831 0.181 0.225 -0.061013 20000 1.000000
240.200000 39.572800 -7.906 0.452 0.171 0.213 -0.031478 20000 1.000000
242.469000 36.614300 -7.45 0.72 0.171 0.204 -0.022883 20000 1.000000
242.593000 36.804200 -6.296 -0.015 0.165 0.199 -0.017717 20000 1.000000
242.006000 36.606000 -7.849 1.453 0.179 0.209 0.065673 20000 1.000000
242.296000 37.200800 -6.679 0.464 0.17 0.205 -0.016293 20000 1.000000
240.463000 39.698400 -8.679 -0.515 0.177 0.22 -0.019898 20000 1.000000
240.694000 39.795600 -7.262 -0.532 0.199 0.255 0.018939 20000 1.000000
241.316000 39.888900 -6.432 -0.035 0.172 0.216 -0.029815 20000 1.000000
241.841000 39.212300 -6.359 0.053 0.164 0.205 -0.015130 20000 1.000000
246.706000 41.856800 -5.659 -0.204 0.176 0.227 0.006226 20000 1.000000
246.958000 39.345100 -5.174 0.052 0.171 0.211 -0.017505 20000 1.000000
246.988000 41.817300 -4.732 -0.415 0.168 0.215 -0.030453 20000 1.000000
246.722000 40.671300 -5.246 -0.019 0.171 0.217 -0.028194 20000 1.000000
241.550000 39.133900 -7.171 -0.485 0.168 0.209 -0.007496 20000 1.000000
241.062000 39.268000 -8.614 -0.142 0.288 0.364 -0.016932 20000 1.000000
241.649000 39.454700 -7.003 -0.183 0.172 0.213 0.023985 20000 1.000000
241.995000 38.728800 -5.14 -0.028 0.171 0.209 -0.010825 20000 1.000000
241.070000 38.980900 -7.801 -0.586 0.166 0.211 -0.007820 20000 1.000000
240.541000 38.761400 -10.441 2.113 0.184 0.218 -0.100399 20000 1.000000
240.523000 40.779800 -6.795 -0.773 0.184 0.222 0.055936 20000 1.000000
240.990000 40.242200 -6.652 -0.655 0.191 0.222 -0.095135 20000 1.000000
240.278000 39.908200 -7.57 -0.841 0.17 0.214 0.015367 20000 1.000000
239.307000 38.829200 -6.475 2.118 0.239 0.267 0.080330 20000 1.000000
239.614000 39.046600 -7.011 3.373 0.19 0.23 -0.075109 20000 1.000000
240.189000 39.123500 -9.623 0.435 0.174 0.217 -0.081270 20000 1.000000
239.107000 39.466700 -7.128 1.294 0.254 0.296 0.077673 20000 1.000000
240.376000 41.357700 -5.676 0.03 0.169 0.217 -0.013587 20000 1.000000
239.716000 39.937400 -8.186 -0.132 0.164 0.206 -0.020024 20000 1.000000
239.194000 40.418600 -6.708 -1.024 0.2 0.243 0.002806 20000 1.000000
239.923000 40.288900 -7.057 -0.37 0.171 0.215 -0.008665 20000 1.000000
235.692000 40.247500 -8.961 10.419 0.166 0.21 -0.013533 20000 1.000000
235.867000 40.551300 -1.738 5.536 0.177 0.222 -0.025185 20000 1.000000
235.787000 40.637400 -1.821 4.839 0.196 0.245 -0.004483 20000 1.000000
235.943000 40.219600 -7.433 6.465 0.173 0.218 -0.002088 20000 1.000000
236.307000 40.119300 -9.303 3.487 0.18 0.231 0.020625 20000 1.000000
238.207000 36.485500 -13.123 13.243 0.167 0.202 -0.018929 20000 1.000000
238.710000 35.945700 -13.275 11.905 0.174 0.207 0.027796 20000 1.000000
238.949000 36.302100 -11.717 12.699 0.17 0.204 -0.011005 20000 1.000000
238.865000 36.425900 -11.907 12.109 0.175 0.208 0.017884 20000 1.000000
237.668000 37.534500 -10.01 9.157 0.209 0.221 -0.105819 20000 1.000000
237.623000 37.914500 -8.576 7.429 0.176 0.215 -0.015860 20000 1.000000
236.819000 38.495000 -8.734 10.56 0.172 0.213 -0.078503 20000 1.000000
236.652000 38.987400 -10.652 9.072 0.181 0.217 0.058189 20000 1.000000
236.796000 39.242000 -6.97 4.144 0.17 0.211 -0.009807 20000 1.000000
236.895000 39.319700 -8.363 4.518 0.174 0.213 0.009311 20000 1.000000
237.041000 38.664700 -8.275 9.749 0.204 0.263 0.063108 20000 1.000000
237.233000 38.428600 -5.743 9.391 0.171 0.213 -0.004417 20000 1.000000
237.548000 38.239800 -6.831 7.084 0.172 0.212 -0.018568 20000 1.000000
237.083000 38.866100 -12.572 8.663 0.165 0.206 -0.021101 20000 1.000000
237.037000 39.398100 -7.172 0.654 0.292 0.332 -0.082853 20000 1.000000
237.424000 38.777800 -6.218 4.405 0.174 0.226 -0.053125 20000 1.000000
237.281000 39.260000 -9.861 6.736 0.17 0.209 0.020207 20000 1.000000
237.696000 39.109300 -5.778 1.215 0.176 0.217 -0.028531 20000 1.000000
237.873000 37.069200 -12.389 13.568 0.205 0.24 0.164477 20000 1.000000
238.137000 36.962000 -11.448 11.605 0.198 0.223 -0.048573 20000 1.000000
238.009000 37.201700 -9.787 9.294 0.2 0.232 -0.082204 20000 1.000000
238.203000 37.001000 -10.315 9.815 0.257 0.28 0.054123 20000 1.000000
238.274000 37.002400 -9.991 8.479 0.184 0.226 0.003664 20000 1.000000
238.349000 37.104500 -9.692 6.959 0.208 0.229 -0.127876 20000 1.000000
238.286000 37.203500 -8.368 8.574 0.178 0.21 0.033466 20000 1.000000
237.786000 37.329900 -10.124 13.383 0.169 0.205 -0.005350 20000 1.000000
237.901000 37.336900 -10.114 9.622 0.197 0.253 -0.039627 20000 1.000000
237.900000 37.722000 -7.849 6.673 0.169 0.204 -0.023991 20000 1.000000
237.781000 37.863900 -4.795 6.778 0.175 0.218 -0.025631 20000 1.000000
237.942000 37.713900 -8.254 8.392 0.19 0.227 -0.081634 20000 1.000000
238.174000 37.336800 -5.803 8.911 0.172 0.212 -0.010354 20000 1.000000
238.210000 37.533000 -6.103 4.091 0.17 0.206 -0.007578 20000 1.000000
238.313000 37.601800 -6.1 1.734 0.178 0.212 0.034862 20000 1.000000
238.022000 37.749400 -6.448 6.203 0.173 0.209 -0.023798 20000 1.000000
238.214000 37.819000 -2.974 3.849 0.175 0.21 -0.014166 20000 1.000000
238.095000 36.621700 -11.069 8.398 0.175 0.212 -0.033515 20000 1.000000
238.421000 36.724000 -11.568 12.286 0.171 0.205 -0.024078 20000 1.000000
238.580000 36.800400 -7.412 7.576 0.17 0.204 -0.027428 20000 1.000000
238.409000 36.858500 -11.629 10.511 0.171 0.206 -0.036983 20000 1.000000
238.459000 36.814300 -11.444 11.29 0.173 0.205 -0.007319 20000 1.000000
238.445000 36.903500 -8.549 8.535 0.175 0.206 -0.031940 20000 1.000000
238.613000 36.637000 -10.56 11.96 0.18 0.214 -0.077347 20000 1.000000
238.458000 37.007800 -10.78 3.834 0.191 0.236 -0.001933 20000 1.000000
238.426000 37.213000 -7.993 2.609 0.171 0.205 -0.016574 20000 1.000000
238.665000 36.918200 -6.293 4.086 0.168 0.202 -0.017617 20000 1.000000
238.645000 37.010800 -6.091 2.603 0.181 0.22 -0.054010 20000 1.000000
240.294000 37.713100 -6.122 5.421 0.174 0.213 -0.037735 20000 1.000000
238.812000 36.559500 -13.242 8.63 0.167 0.201 -0.022588 20000 1.000000
238.131000 37.975600 -6.484 2.826 0.172 0.209 0.000956 20000 1.000000
238.936000 36.611600 -10.738 -0.477 0.166 0.2 -0.020304 20000 1.000000
238.732000 36.950000 -6.535 3.815 0.17 0.205 0.005441 20000 1.000000
238.652000 36.811400 -6.421 4.243 0.17 0.206 -0.023456 20000 1.000000
238.942000 37.169600 -8.342 2.241 0.175 0.211 -0.006456 20000 1.000000
238.347000 37.478400 -6.7 3.187 0.187 0.224 -0.018727 20000 1.000000
238.531000 37.489600 -5.157 0.291 0.167 0.204 -0.023876 20000 1.000000
238.675000 37.581900 -8.524 1.275 0.173 0.212 -0.026567 20000 1.000000
238.395000 37.932000 -5.722 3.075 0.17 0.208 -0.020743 20000 1.000000
238.536000 37.755300 -8.844 4.751 0.171 0.208 -0.020793 20000 1.000000
238.717000 37.385400 -4.919 0.946 0.173 0.215 -0.021529 20000 1.000000
237.782000 38.153000 -4.83 0.867 0.168 0.206 -0.039905 20000 1.000000
237.904000 38.025100 -4.661 6.99 0.175 0.216 -0.077121 20000 1.000000
237.805000 38.444200 -6.209 4.308 0.179 0.231 -0.010138 20000 1.000000
237.645000 38.999500 -3.98 1.553 0.204 0.225 0.057640 20000 1.000000
238.905000 38.645300 -7.118 2.582 0.168 0.207 -0.014548 20000 1.000000
239.652000 35.544100 -11.496 9.805 0.177 0.208 -0.023761 20000 1.000000
239.611000 35.841100 -11.223 9.649 0.184 0.214 -0.044411 20000 1.000000
239.655000 35.837800 -8.484 6.659 0.175 0.211 -0.024934 20000 1.000000
239.715000 35.806700 -8.49 5.486 0.185 0.219 -0.032406 20000 1.000000
239.093000 35.933300 -9.782 13.188 0.169 0.203 -0.019595 20000 1.000000
239.019000 36.417200 -6.836 3.415 0.196 0.231 -0.016055 20000 1.000000
239.147000 36.515900 -7.134 3.282 0.177 0.215 -0.032838 20000 1.000000
239.302000 36.024800 -14.209 12.238 0.17 0.209 -0.024784 20000 1.000000
239.121000 36.140200 -12.62 11.075 0.171 0.203 -0.024316 20000 1.000000
239.251000 36.106800 -14.444 11.332 0.167 0.199 -0.017965 20000 1.000000
239.272000 36.178900 -6.316 2.843 0.182 0.218 -0.018405 20000 1.000000
239.355000 35.922800 -11.397 12.81 0.169 0.201 -0.031315 20000 1.000000
239.525000 36.007500 -12.41 0.782 0.194 0.217 -0.015341 20000 1.000000
239.457000 36.089400 -3.203 4.224 0.168 0.202 -0.018217 20000 1.000000
239.560000 36.123200 -6.956 4.948 0.169 0.202 -0.021104 20000 1.000000
239.158000 35.697100 -11.491 12.081 0.175 0.202 0.020262 20000 1.000000
239.637000 36.051700 -5.528 4.225 0.173 0.202 -0.020056 20000 1.000000
239.448000 35.974100 -11.218 11.613 0.185 0.211 -0.057200 20000 1.000000
239.706000 36.015800 -5.587 3.059 0.171 0.204 -0.025049 20000 1.000000
239.723000 36.304400 -12.88 0.655 0.172 0.206 -0.023231 20000 1.000000
239.257000 36.806300 -7.868 3.348 0.17 0.206 -0.017972 20000 1.000000
239.803000 37.352200 -7.157 3.878 0.181 0.22 -0.036425 20000 1.000000
239.356000 37.795200 -6.633 3.117 0.178 0.21 -0.020193 20000 1.000000
240.160000 37.901100 -9.186 1.528 0.191 0.216 -0.118843 20000 1.000000
239.049000 38.090000 -5.981 2.063 0.172 0.211 -0.025184 20000 1.000000
239.666000 38.735600 -7.474 2.692 0.191 0.217 0.027143 20000 1.000000
241.480000 37.177600 -10.588 0.902 0.167 0.202 -0.007345 20000 1.000000
236.283000 39.863600 -9.545 6.345 0.207 0.254 -0.116777 20000 1.000000
236.448000 39.905700 -5.976 5.265 0.197 0.255 -0.062286 20000 1.000000
236.628000 39.452400 -8.196 5.066 0.17 0.214 -0.005487 20000 1.000000
236.705000 39.707100 -7.581 3.592 0.181 0.224 -0.070176 20000 1.000000
236.813000 39.492800 -8.292 3.988 0.225 0.302 0.026619 20000 1.000000
236.817000 39.962100 -6.202 1.676 0.169 0.214 -0.061948 20000 1.000000
236.344000 40.256800 -6.16 3.302 0.169 0.215 -0.003092 20000 1.000000
236.117000 41.151700 -0.968 2.18 0.172 0.218 0.006089 20000 1.000000
236.301000 40.575300 -4.583 0.833 0.179 0.224 0.057619 20000 1.000000
236.427000 40.478900 -3.876 2.286 0.204 0.257 0.183794 20000 1.000000
236.548000 40.082200 -7.248 2.406 0.166 0.209 -0.011643 20000 1.000000
236.864000 40.324100 -5.607 2.081 0.166 0.211 -0.025752 20000 1.000000
236.676000 40.732900 -2.525 2.305 0.166 0.211 -0.041633 20000 1.000000
236.826000 40.546700 -4.153 2.589 0.169 0.217 -0.034451 20000 1.000000
237.024000 39.621400 -6.549 3.197 0.181 0.214 0.039400 20000 1.000000
237.264000 39.493600 -2.906 3.674 0.167 0.207 -0.029734 20000 1.000000
237.126000 39.726200 -6.281 -0.088 0.172 0.216 0.024252 20000 1.000000
237.077000 40.747600 -4.231 1.484 0.201 0.251 -0.028900 20000 1.000000
237.332000 40.034100 -7.389 1.03 0.171 0.213 -0.028020 20000 1.000000
237.393000 40.650700 -3.99 0.903 0.175 0.225 -0.060953 20000 1.000000
236.666000 40.887100 -2.806 2.171 0.164 0.209 -0.019574 20000 1.000000
237.729000 40.271200 -5.137 0.773 0.211 0.259 -0.083743 20000 1.000000
239.132000 39.794700 -8.106 -3.041 0.168 0.215 -0.048786 20000 1.000000
239.052000 41.183300 -5.931 -0.705 0.168 0.217 -0.044268 20000 1.000000
237.681000 40.731100 -5.775 2.694 0.199 0.23 0.022617 20000 1.000000
235.774000 42.209100 2.993 1.093 0.173 0.216 -0.008287 20000 1.000000
235.946000 42.860100 -0.973 2.209 0.206 0.261 0.045139 20000 1.000000
236.617000 42.503500 -2.41 1.342 0.17 0.219 -0.011588 20000 1.000000
237.344000 42.191000 -3.468 1.008 0.175 0.228 -0.047849 20000 1.000000
238.220000 42.259700 -6.892 -0.219 0.168 0.213 -0.025083 20000 1.000000
239.622000 42.468800 -6.622 -0.152 0.171 0.224 -0.055442 20000 1.000000
241.588000 42.254600 -5.128 -0.094 0.164 0.214 -0.023153 20000 1.000000
243.371000 36.071300 -4.993 0.007 0.179 0.217 0.031883 20000 1.000000
242.835000 36.022500 -6.15 1.818 0.178 0.205 -0.030629 20000 1.000000
242.590000 36.159000 -3.872 0.864 0.195 0.228 0.022045 20000 1.000000
241.868000 36.466800 -10.21 4.02 0.194 0.237 -0.215414 20000 1.000000
242.211000 36.531200 -7.591 0.22 0.166 0.201 -0.022131 20000 1.000000
241.909000 36.570200 -9.582 3.086 0.193 0.217 -0.081623 20000 1.000000
241.882000 36.975700 -10.221 1.056 0.167 0.203 -0.017518 20000 1.000000
242.064000 37.231400 -6.939 0.759 0.174 0.207 0.024419 20000 1.000000
242.606000 34.462400 -8.49 4.512 0.183 0.207 -0.022718 20000 1.000000
242.459000 33.562100 -11.622 8.899 0.182 0.207 0.004065 20000 1.000000
242.895000 32.889200 -12.498 9.242 0.173 0.197 -0.029242 20000 1.000000
243.050000 32.733800 -12.032 9.755 0.168 0.192 -0.020497 20000 1.000000
242.756000 32.666400 -12.962 9.623 0.187 0.203 0.064612 20000 1.000000
242.810000 33.439600 -12.83 9.503 0.169 0.196 -0.013419 20000 1.000000
242.928000 33.235700 -11.659 8.407 0.179 0.199 0.017501 20000 1.000000
243.217000 33.493300 -11.448 7.852 0.17 0.196 -0.018672 20000 1.000000
243.651000 32.976000 -12.612 8.697 0.175 0.2 -0.018594 20000 1.000000
243.989000 32.822200 -12.313 7.449 0.175 0.197 -0.057367 20000 1.000000
243.329000 33.240200 -11.69 8.068 0.179 0.203 -0.018468 20000 1.000000
243.431000 33.059200 -11.621 8.603 0.169 0.193 -0.022095 20000 1.000000
243.379000 33.375600 -11.217 7.734 0.174 0.199 0.012831 20000 1.000000
243.591000 33.210200 -13.047 7.029 0.185 0.214 -0.006623 20000 1.000000
243.817000 33.213500 -10.598 6.26 0.172 0.197 -0.021612 20000 1.000000
243.888000 33.296200 -10.054 4.367 0.175 0.201 -0.074908 20000 1.000000
243.574000 33.523500 -9.408 3.897 0.182 0.203 0.045114 20000 1.000000
243.773000 33.574700 -8.918 4.247 0.179 0.213 0.001480 20000 1.000000
244.031000 32.887000 -11.927 7.581 0.174 0.198 -0.020646 20000 1.000000
244.175000 32.954700 -9.157 5.625 0.199 0.22 -0.016872 20000 1.000000
244.268000 32.759700 -12.112 7.148 0.178 0.205 -0.012797 20000 1.000000
244.404000 32.750600 -9.634 5.636 0.183 0.203 -0.015939 20000 1.000000
244.423000 32.834700 -8.906 6.185 0.177 0.201 -0.021298 20000 1.000000
244.430000 32.898400 -8.06 6.26 0.213 0.239 -0.002398 20000 1.000000
244.700000 32.690000 -5.853 1.724 0.171 0.195 -0.027149 20000 1.000000
244.602000 32.875800 -5.692 0.488 0.178 0.204 -0.005538 20000 1.000000
244.578000 32.982500 -6.027 0.163 0.178 0.207 -0.002746 20000 1.000000
244.280000 32.948900 -9.767 5.939 0.176 0.2 -0.019622 20000 1.000000
244.234000 33.516400 -7.065 1.048 0.181 0.205 0.032212 20000 1.000000
244.313000 33.423900 -6.752 0.891 0.178 0.204 0.021270 20000 1.000000
244.571000 33.247800 -5.503 0.434 0.174 0.2 -0.028578 20000 1.000000
244.657000 33.143600 -4.623 -0.332 0.178 0.204 -0.078551 20000 1.000000
244.704000 33.886900 -5.842 0.167 0.181 0.203 -0.013721 20000 1.000000
240.305000 37.562600 -8.908 0.812 0.187 0.21 0.082885 20000 1.000000
239.350000 34.907300 -12.818 13.658 0.184 0.216 -0.015485 20000 1.000000
239.590000 35.010700 -12.705 10.847 0.174 0.201 -0.009725 20000 1.000000
239.760000 34.870600 -12.675 10.942 0.171 0.199 0.002776 20000 1.000000
239.617000 35.106200 -11.291 11.938 0.18 0.207 0.055015 20000 1.000000
241.822000 34.376400 -11.093 6.672 0.171 0.201 -0.011572 20000 1.000000
239.925000 35.020000 -14.286 7.045 0.167 0.196 -0.018652 20000 1.000000
240.208000 34.507800 -14.869 9.865 0.173 0.196 -0.011082 20000 1.000000
240.384000 34.630500 -12.456 6.652 0.167 0.195 -0.015684 20000 1.000000
240.185000 34.888600 -14.777 9.435 0.166 0.196 -0.013248 20000 1.000000
240.464000 35.086600 -9.243 7.355 0.169 0.199 -0.014727 20000 1.000000
239.192000 35.425800 -11.235 10.989 0.171 0.201 -0.041062 20000 1.000000
239.455000 35.327800 -11.1 11.412 0.174 0.206 0.033950 20000 1.000000
239.646000 35.440500 -11.737 9.654 0.183 0.214 -0.036051 20000 1.000000
239.520000 35.624800 -13.141 8.143 0.17 0.203 -0.009508 20000 1.000000
239.463000 35.792700 -11.491 12.164 0.19 0.225 0.033335 20000 1.000000
239.733000 35.633800 -10.275 9.045 0.199 0.231 0.014409 20000 1.000000
239.629000 35.747900 -10.678 9.957 0.175 0.207 -0.006679 20000 1.000000
237.762000 37.061200 -11.343 11.607 0.169 0.204 -0.018299 20000 1.000000
239.899000 35.235100 -11.507 9.542 0.194 0.216 0.029100 20000 1.000000
239.975000 35.279800 -11.52 9.479 0.177 0.212 -0.046543 20000 1.000000
240.065000 35.316800 -10.792 8.29 0.171 0.203 -0.017129 20000 1.000000
239.887000 35.534200 -10.207 7.899 0.172 0.205 -0.018994 20000 1.000000
239.818000 35.702700 -8.329 6.794 0.17 0.201 -0.012018 20000 1.000000
239.869000 35.801300 -7.833 5.717 0.179 0.206 -0.002646 20000 1.000000
239.999000 35.686700 -7.685 5.508 0.178 0.206 -0.072178 20000 1.000000
239.707000 35.688900 -10.177 8.979 0.17 0.201 -0.029688 20000 1.000000
240.287000 35.319000 -10.247 4.79 0.184 0.216 -0.033800 20000 1.000000
240.091000 35.934700 -6.734 3.808 0.171 0.202 -0.013962 20000 1.000000
240.496000 34.466800 -11.355 11.986 0.167 0.195 -0.015203 20000 1.000000
240.674000 34.599600 -12.273 8.363 0.175 0.209 0.057038 20000 1.000000
240.885000 34.660100 -11.792 6.779 0.177 0.203 0.043457 20000 1.000000
240.845000 34.856200 -9.223 6.272 0.253 0.333 -0.119461 20000 1.000000
239.755000 35.686700 -9.503 7.923 0.172 0.201 -0.024281 20000 1.000000
241.121000 34.835100 -10.14 7.249 0.171 0.199 -0.005319 20000 1.000000
241.152000 34.792300 -10.673 5.255 0.176 0.209 -0.015515 20000 1.000000
241.331000 34.695000 -7.924 5.177 0.177 0.207 0.040192 20000 1.000000
241.454000 34.771100 -9.367 7.008 0.173 0.204 -0.012062 20000 1.000000
241.344000 34.944400 -8.357 4.962 0.178 0.209 -0.065259 20000 1.000000
241.388000 35.138600 -7.651 4.691 0.169 0.199 -0.037717 20000 1.000000
241.459000 34.821800 -8.862 5.115 0.179 0.206 -0.024775 20000 1.000000
241.811000 34.982100 -7.848 4.736 0.17 0.199 -0.018134 20000 1.000000
241.876000 35.378000 -8.286 3.927 0.173 0.201 -0.030303 20000 1.000000
241.740000 35.667300 -7.82 2.889 0.177 0.204 -0.012096 20000 1.000000
241.233000 36.231400 -7.318 4.77 0.175 0.203 0.037831 20000 1.000000
241.045000 36.585500 -6.426 3.895 0.167 0.202 -0.018440 20000 1.000000
241.740000 36.093100 -9.757 2.024 0.172 0.201 -0.021554 20000 1.000000
241.994000 35.038800 -6.935 4.771 0.171 0.2 -0.011595 20000 1.000000
242.271000 34.509700 -9.045 4.919 0.172 0.2 -0.020105 20000 1.000000
242.451000 34.634300 -7.862 4.869 0.171 0.2 -0.026344 20000 1.000000
242.457000 34.987000 -7.381 4.499 0.173 0.203 0.015485 20000 1.000000
243.048000 33.892600 -9.413 6.089 0.168 0.195 -0.019077 20000 1.000000
243.454000 34.019300 -8.187 2.563 0.17 0.198 -0.028550 20000 1.000000
242.719000 34.534800 -7.991 4.23 0.197 0.21 -0.128962 20000 1.000000
241.969000 34.332200 -11.107 7.325 0.173 0.202 -0.004200 20000 1.000000
242.635000 35.116800 -6.988 3.583 0.181 0.209 -0.038682 20000 1.000000
241.983000 35.152400 -6.706 4.226 0.171 0.201 -0.024330 20000 1.000000
242.697000 35.238500 -6.401 3.511 0.173 0.202 -0.010683 20000 1.000000
242.795000 35.387900 -6.354 2.417 0.167 0.198 -0.009487 20000 1.000000
242.610000 35.896700 -6.87 2.853 0.186 0.219 -0.051961 20000 1.000000
242.597000 35.697600 -7.356 2.782 0.171 0.201 -0.018291 20000 1.000000
243.111000 35.998200 -5.695 1.041 0.182 0.206 -0.026802 20000 1.000000
243.112000 35.710600 -5.961 0.982 0.169 0.203 -0.010783 20000 1.000000
243.290000 34.192500 -6.615 4.048 0.174 0.2 -0.023317 20000 1.000000
243.463000 34.217200 -6.475 3.451 0.173 0.199 -0.001845 20000 1.000000
243.788000 33.865800 -7.082 3.148 0.169 0.197 -0.006398 20000 1.000000
243.920000 33.959300 -6.42 1.086 0.172 0.197 -0.013975 20000 1.000000
239.772000 35.729200 -8.824 5.966 0.171 0.202 -0.005714 20000 1.000000
243.971000 34.716900 -5.34 0.207 0.178 0.204 -0.052830 20000 1.000000
243.329000 34.936800 -6.209 1.353 0.173 0.204 -0.007050 20000 1.000000
242.063000 34.341100 -11.289 6.359 0.185 0.22 -0.027521 20000 1.000000
243.120000 34.462100 -7.639 2.823 0.171 0.199 -0.019817 20000 1.000000
244.179000 33.741000 -6.538 1.05 0.184 0.209 -0.017050 20000 1.000000
244.236000 34.425700 -4.943 0.052 0.208 0.22 0.017278 20000 1.000000
244.350000 35.204800 -5.053 -0.041 0.175 0.204 -0.050973 20000 1.000000
242.685000 34.187400 -9.215 2.645 0.173 0.202 0.018111 20000 1.000000
242.950000 34.196200 -7.4 4.155 0.205 0.206 0.066979 20000 1.000000
244.750000 34.731800 -4.797 0.225 0.214 0.249 -0.035652 20000 1.000000
243.237000 35.204600 -6.182 2.314 0.17 0.199 -0.010424 20000 1.000000
242.107000 35.424600 -7.601 3.853 0.169 0.2 -0.021554 20000 1.000000
243.428000 35.320600 -5.909 0.6 0.17 0.203 -0.022013 20000 1.000000
243.896000 35.141900 -5.873 0.211 0.183 0.205 -0.052940 20000 1.000000
243.878000 35.526000 -5.787 -0.065 0.172 0.204 -0.027789 20000 1.000000
243.855000 35.785400 -4.802 0.551 0.173 0.206 -0.031205 20000 1.000000
244.456000 35.472800 -5.488 -0.003 0.171 0.205 -0.010495 20000 1.000000
244.634000 35.163000 -5.041 0.333 0.187 0.219 -0.028693 20000 1.000000
245.401000 34.188900 -5.094 0.382 0.175 0.204 -0.015071 20000 1.000000
245.035000 34.844400 -4.841 -0.26 0.175 0.203 -0.028382 20000 1.000000
244.762000 35.291100 -4.612 -0.42 0.171 0.203 -0.018922 20000 1.000000
241.621000 37.973100 -6.953 -1.198 0.218 0.265 -0.049032 20000 1.000000
241.000000 37.613000 -9.63 0.311 0.173 0.208 -0.048406 20000 1.000000
241.084000 37.605300 -9.682 -0.536 0.177 0.226 -0.032847 20000 1.000000
240.914000 37.785700 -9.117 3.946 0.208 0.235 -0.142076 20000 1.000000
240.967000 37.913500 -10.462 2.391 0.168 0.204 -0.015237 20000 1.000000
240.862000 37.839300 -8.452 3.67 0.186 0.219 0.007820 20000 1.000000
240.853000 37.962800 -8.468 2.634 0.181 0.219 -0.020134 20000 1.000000
240.916000 37.914100 -12.66 1.503 0.171 0.206 -0.015119 20000 1.000000
241.056000 37.734300 -10.219 2.503 0.17 0.208 -0.017278 20000 1.000000
241.131000 37.654600 -8.408 1.201 0.171 0.211 -0.025372 20000 1.000000
241.040000 37.891700 -9.114 3.155 0.179 0.211 -0.022225 20000 1.000000
241.148000 37.878200 -9.407 3.411 0.172 0.208 -0.035823 20000 1.000000
241.183000 37.591400 -9.285 -0.299 0.176 0.224 0.060824 20000 1.000000
241.302000 37.561600 -6.763 -0.228 0.176 0.231 -0.021116 20000 1.000000
241.316000 37.495400 -11.102 0.543 0.166 0.201 -0.016372 20000 1.000000
241.406000 37.541300 -8.864 1.154 0.173 0.21 -0.017045 20000 1.000000
241.232000 37.754400 -7.99 3.105 0.178 0.222 0.019615 20000 1.000000
240.981000 37.800000 -7.639 2.618 0.35 0.415 0.015548 20000 1.000000
241.264000 37.903500 -7.254 1.176 0.171 0.209 -0.030352 20000 1.000000
241.762000 37.589200 -8.539 -0.044 0.167 0.203 -0.014688 20000 1.000000
241.528000 37.737500 -6.74 1.11 0.265 0.301 -0.030726 20000 1.000000
240.850000 38.057900 -14.581 1.907 0.183 0.219 -0.001920 20000 1.000000
237.804000 41.344800 -28.38 -227.509 0.311 0.389 0.102278 20000 1.000000
237.706000 41.381200 -3.244 -0.168 0.179 0.219 0.039335 20000 1.000000
237.809000 41.479200 -3.262 0.535 0.168 0.228 -0.058219 20000 1.000000
237.687000 41.463600 -3.547 0.753 0.17 0.228 -0.055925 20000 1.000000
237.847000 41.531900 -3.492 -1.202 0.25 0.288 0.037755 20000 1.000000
238.493000 41.711600 -4.989 -0.003 0.167 0.217 -0.016141 20000 1.000000
246.132000 42.878900 -5.512 -0.073 0.166 0.218 -0.029905 20000 1.000000
241.275000 37.380400 -21.177 33.417 0.414 0.453 0.132124 20000 1.000000
241.439000 37.439500 -9.716 1.723 0.182 0.215 -0.016431 20000 1.000000
240.254000 37.088900 -6.968 3.215 0.171 0.206 0.018517 20000 1.000000
241.853000 37.280500 -8.228 0.852 0.17 0.207 -0.008471 20000 1.000000
239.172000 41.359200 -6.301 0.551 0.199 0.25 -0.070414 20000 1.000000
239.527000 41.332500 -5.995 -0.517 0.172 0.217 -0.013193 20000 1.000000
235.587000 42.442000 -0.57 3.196 0.178 0.23 -0.088694 20000 1.000000
235.707000 42.076600 -1.154 1.989 0.174 0.217 0.000103 20000 1.000000
238.120000 42.579800 -4.681 0.835 0.17 0.217 -0.031332 20000 1.000000
237.390000 42.727100 -3.533 1.578 0.31 0.373 0.096175 20000 1.000000
242.275000 42.020200 -4.512 0.261 0.169 0.217 -0.019341 20000 1.000000
243.404000 33.598200 -7.893 5.016 0.247 0.284 -0.157073 20000 1.000000
243.397000 33.495500 -8.54 5.676 0.176 0.203 -0.014521 20000 1.000000
244.492000 32.829400 -7.372 6.716 0.175 0.197 -0.023964 20000 1.000000
239.784000 35.693800 -9.892 7.447 0.192 0.22 0.039100 20000 1.000000
237.579000 41.830800 -7.191 -0.376 0.176 0.225 0.008953 20000 1.000000
236.019000 41.845500 -0.146 2.469 0.188 0.269 -0.083091 20000 1.000000
238.521000 36.744300 -14.021 12.257 0.207 0.243 0.041479 20000 1.000000
239.528000 35.946600 -6.382 6.073 0.258 0.295 0.057766 20000 1.000000
239.485000 35.929100 -9.902 13.653 0.245 0.3 -0.011027 20000 1.000000
236.427000 40.478800 -2.737 3.064 0.249 0.314 0.171825 20000 1.000000
237.036000 39.845700 -9.026 -1.366 0.167 0.21 -0.040559 20000 1.000000
243.852000 34.508100 -5.985 0.711 0.168 0.197 -0.017073 20000 1.000000
245.241000 32.497900 -4.635 0.966 0.179 0.198 -0.019624 20000 1.000000
243.407000 33.537300 -9.361 7.398 0.184 0.214 0.042054 20000 1.000000
241.651000 34.021700 -12.401 12.867 0.181 0.217 -0.016629 20000 1.000000
241.379000 34.836000 -8.638 5.615 0.174 0.203 -0.015993 20000 1.000000
241.983000 35.152400 -6.558 3.854 0.173 0.203 -0.018654 20000 1.000000
241.983000 35.152500 -5.511 4.937 0.173 0.204 -0.014343 20000 1.000000
242.968000 33.389000 -10.024 11.363 0.177 0.205 0.023265 20000 1.000000
243.936000 31.559100 -11.762 10.538 0.177 0.196 0.043437 20000 1.000000
238.728000 35.709000 -12.057 12.612 0.19 0.225 -0.037156 20000 1.000000
242.077000 34.508200 -8.638 5.483 0.177 0.205 -0.009534 20000 1.000000
244.450000 32.490100 -10.826 8.32 0.174 0.205 -0.047957 20000 1.000000
242.305000 34.925400 -7.873 4.541 0.174 0.203 -0.041944 20000 1.000000
243.076000 33.687100 -15.33 7.567 0.167 0.193 -0.022810 20000 1.000000
239.522000 35.919900 -10.635 6.871 0.175 0.208 0.012710 20000 1.000000
242.818000 33.835700 -10.441 7.447 0.19 0.21 -0.026623 20000 1.000000
242.193000 34.091800 -11.902 7.342 0.173 0.212 -0.023844 20000 1.000000
244.543000 32.377900 -10.53 8.747 0.169 0.191 -0.024862 20000 1.000000
241.596000 33.743300 -13.13 10.572 0.178 0.208 -0.055074 20000 1.000000
241.628000 33.779500 -11.648 10.608 0.198 0.225 0.040788 20000 1.000000
238.863000 36.161100 -12.608 11.259 0.179 0.21 0.016126 20000 1.000000
241.755000 34.628700 -9.742 6.017 0.196 0.229 -0.046933 20000 1.000000
239.056000 39.974600 -10.21 -1.141 0.183 0.228 -0.057243 20000 1.000000
243.849000 34.683200 -5.853 0.239 0.168 0.198 -0.016748 20000 1.000000
242.317000 35.338700 -7.006 3.518 0.172 0.201 -0.012941 20000 1.000000
240.280000 34.500000 -12.203 12.166 0.173 0.202 -0.022650 20000 1.000000
243.375000 34.643900 -6.431 2.062 0.175 0.2 -0.048385 20000 1.000000
241.974000 34.019100 -11.854 9.489 0.192 0.222 -0.063144 20000 1.000000
242.391000 33.674100 -0.868 4.781 0.179 0.206 0.005367 20000 1.000000
242.445000 33.485800 -12.509 9.319 0.183 0.208 0.030661 20000 1.000000
239.475000 35.900000 -4.804 12.376 0.178 0.212 -0.031184 20000 1.000000
241.807000 34.875100 -7.932 5.192 0.18 0.209 -0.002153 20000 1.000000
240.816000 34.541500 -13.243 9.984 0.19 0.219 0.053231 20000 1.000000
244.877000 40.617200 -6.191 0.924 0.17 0.221 -0.005178 20000 1.000000
243.350000 36.316300 -5.084 -1.008 0.203 0.243 -0.004578 20000 1.000000
238.442000 37.666500 -6.089 3.526 0.171 0.208 -0.028955 20000 1.000000
241.245000 34.459800 -12.555 8.152 0.19 0.226 -0.034705 20000 1.000000
242.138000 34.205600 -10.233 6.177 0.222 0.22 -0.096888 20000 1.000000
239.775000 40.591700 -6.606 -1.196 0.174 0.222 -0.043124 20000 1.000000
240.984000 41.868400 -5.658 -0.825 0.18 0.23 0.047877 20000 1.000000
243.701000 35.971300 -5.398 0.37 0.181 0.209 -0.066168 20000 1.000000
241.521000 34.438600 -11.648 6.473 0.207 0.233 -0.074102 20000 1.000000
243.746000 33.192600 -10.731 6.894 0.172 0.198 -0.025009 20000 1.000000
244.022000 33.292200 -8.478 4.668 0.175 0.199 -0.018547 20000 1.000000
240.476000 33.247900 -8.581 7.908 0.18 0.217 -0.053109 20000 1.000000
240.936000 34.319900 -12.644 10.438 0.173 0.2 -0.016042 20000 1.000000
241.354000 34.059300 -12.138 10.839 0.175 0.201 -0.061285 20000 1.000000
242.151000 33.992700 -11.441 7.901 0.18 0.206 -0.006157 20000 1.000000
239.935000 34.004300 -13.852 12.394 0.18 0.204 -0.034522 20000 1.000000
239.930000 34.607300 -18.299 -0.476 0.178 0.219 -0.047771 20000 1.000000
239.640000 35.917400 -4.797 6.096 0.196 0.219 0.064240 20000 1.000000
241.585000 35.158200 -8.326 3.333 0.169 0.2 -0.015989 20000 1.000000
243.923000 33.650600 -7.177 3.588 0.174 0.202 0.013780 20000 1.000000
242.233000 33.549600 -10.944 9.544 0.199 0.213 -0.032854 20000 1.000000
243.770000 36.934800 -5.358 -0.684 0.167 0.201 0.000550 20000 1.000000
239.867000 34.483500 -12.266 10.867 0.177 0.209 -0.027803 20000 1.000000
243.839000 33.641200 -8.186 3.312 0.18 0.204 -0.011258 20000 1.000000
246.368000 31.335500 -4.115 0.143 0.174 0.192 -0.036165 20000 1.000000
242.951000 39.542200 -6.068 -0.167 0.175 0.211 0.056836 20000 1.000000
242.816000 38.097200 -5.781 -0.362 0.168 0.205 -0.026912 20000 1.000000
241.669000 33.797800 -12.554 10.172 0.256 0.296 -0.023431 20000 1.000000
241.163000 34.248000 -12.497 10.241 0.176 0.202 0.031319 20000 1.000000
241.771000 34.878900 -8.295 4.349 0.18 0.214 -0.086196 20000 1.000000
235.849000 41.053900 -0.315 4.618 0.174 0.219 -0.032187 20000 1.000000
241.198000 39.627100 -7.023 -0.119 0.175 0.218 -0.012081 20000 1.000000
241.723000 34.019500 -10.346 12.153 0.168 0.195 -0.016670 20000 1.000000
243.915000 33.030100 -11.12 7.328 0.171 0.197 -0.022874 20000 1.000000
240.516000 34.851500 -12.006 7.555 0.185 0.213 -0.002622 20000 1.000000
238.053000 38.394500 -7.202 3.987 0.171 0.212 -0.024548 20000 1.000000
241.780000 34.178600 -13.504 7.836 0.217 0.228 0.051172 20000 1.000000
241.486000 34.126400 -12.793 10.064 0.17 0.198 -0.000802 20000 1.000000
241.516000 34.293200 -12.438 8.575 0.175 0.2 -0.014670 20000 1.000000
239.384000 34.556300 -12.271 12.218 0.17 0.199 -0.018310 20000 1.000000
241.879000 34.501500 -10.869 6.773 0.188 0.212 0.006480 20000 1.000000
241.706000 33.712600 -13.239 9.469 0.176 0.204 -0.035030 20000 1.000000
242.807000 33.225000 -12.325 8.49 0.17 0.195 -0.006770 20000 1.000000
241.443000 35.738400 -6.375 3.551 0.421 0.488 0.309696 20000 1.000000
241.346000 37.664300 -7.673 0.25 0.182 0.226 -0.007746 20000 1.000000
241.016000 35.010800 -8.24 3.887 0.187 0.223 -0.055004 20000 1.000000
241.648000 35.695000 -7.875 2.959 0.185 0.219 -0.059166 20000 1.000000
243.608000 33.934800 -7.307 2.868 0.185 0.213 -0.024555 20000 1.000000
241.258000 34.568500 -11.758 7.224 0.186 0.212 0.097944 20000 1.000000
241.586000 34.259400 -11.54 8.277 0.201 0.235 -0.042626 20000 1.000000
244.418000 33.038300 -11.123 5.085 0.173 0.198 -0.023450 20000 1.000000
243.068000 34.669000 -6.888 4.752 0.189 0.22 -0.129636 20000 1.000000
241.758000 35.695600 -7.369 3.137 0.261 0.308 0.129037 20000 1.000000
241.572000 33.958200 -11.94 9.962 0.249 0.263 -0.289727 20000 1.000000
244.421000 33.278800 -5.224 3.315 0.182 0.205 0.003208 20000 1.000000
243.346000 33.955300 -10.345 3.114 0.175 0.2 -0.025316 20000 1.000000
243.111000 35.425200 -8.585 5.936 0.186 0.218 -0.031867 20000 1.000000
243.920000 35.287000 -5.514 -0.215 0.174 0.205 -0.019246 20000 1.000000
