242.907000 34.116400 -8.486 2.026 0.192 0.241 0.034488 20000 1.000000
243.571000 34.594300 -7.033 -1.794 0.169 0.204 0.062419 20000 1.000000
241.305000 34.824500 -7.721 -2.027 0.178 0.217 0.045302 20000 1.000000
242.103000 34.126000 -12.882 2.485 0.249 0.276 0.171606 20000 1.000000
242.795000 40.412800 -5.327 -4.16 0.166 0.215 0.053004 20000 1.000000
240.970000 33.480500 -14.723 7.229 0.189 0.218 0.034402 20000 1.000000
243.116000 34.264300 -7.731 -0.169 0.197 0.235 0.141633 20000 1.000000
240.594000 34.920500 -11.242 1.85 0.168 0.206 0.031156 20000 1.000000
244.002000 34.000500 -5.511 -2.36 0.171 0.205 0.047344 20000 1.000000
242.935000 33.578200 -12.548 4.003 0.183 0.215 0.047247 20000 1.000000
243.920000 35.287000 -4.941 -3.197 0.175 0.213 0.064691 20000 1.000000
245.285000 33.610400 -4.564 -3.358 0.172 0.204 0.057950 20000 1.000000
243.947000 34.251400 -5.131 -2.809 0.173 0.207 0.058453 20000 1.000000
241.723000 34.184900 -12.629 2.757 0.196 0.235 0.093900 20000 1.000000
242.988000 34.918600 -6.793 -0.467 0.173 0.21 0.068730 20000 1.000000
241.812000 34.292800 -11.747 1.716 0.254 0.268 -0.282347 20000 1.000000
242.156000 42.779500 -6.614 -5.022 0.176 0.235 0.061032 20000 1.000000
240.653000 35.157300 -8.396 0.494 0.173 0.215 0.073000 20000 1.000000
235.437000 42.836100 -4.901 0.079 0.175 0.237 0.037695 20000 1.000000
244.010000 33.655100 -7.398 -0.953 0.172 0.209 0.074150 20000 1.000000
239.566000 35.939400 -8.285 1.336 0.168 0.208 0.036791 20000 1.000000
239.569000 35.888400 -12.106 4.416 0.193 0.233 0.049037 20000 1.000000
241.666000 33.311600 -14.168 6.176 0.171 0.205 0.061336 20000 1.000000
241.517000 33.445800 -14.047 5.725 0.17 0.206 0.038479 20000 1.000000
241.370000 34.138600 -13.155 4.631 0.206 0.233 0.149247 20000 1.000000
242.329000 35.565300 -6.745 -1.272 0.175 0.216 0.058195 20000 1.000000
240.987000 34.806400 -9.802 0.786 0.185 0.244 -0.059004 20000 1.000000
243.664000 34.829500 -6.341 -4.074 0.184 0.215 0.054920 20000 1.000000
242.035000 34.244000 -11.769 1.48 0.199 0.249 -0.040625 20000 1.000000
241.974000 34.333400 -11.047 1.815 0.19 0.218 0.138025 20000 1.000000
242.172000 34.640500 -9.003 0.701 0.178 0.219 0.095705 20000 1.000000
241.063000 34.109600 -14.268 4.846 0.184 0.229 0.090810 20000 1.000000
241.873000 34.136700 -11.556 3.247 0.168 0.203 0.063597 20000 1.000000
242.521000 34.313800 -10.573 0.782 0.185 0.225 0.168751 20000 1.000000
242.291000 34.109900 -12.091 3.026 0.176 0.212 0.033979 20000 1.000000
245.126000 40.558400 -5.871 -4.08 0.182 0.22 0.105730 20000 1.000000
244.272000 32.850500 -11.597 4.524 0.18 0.211 0.057307 20000 1.000000
240.120000 34.414900 -14.911 4.543 0.174 0.21 0.020720 20000 1.000000
242.427000 35.071700 -6.651 0.193 0.175 0.212 0.108276 20000 1.000000
239.249000 35.791600 -12.692 5.818 0.175 0.214 0.047735 20000 1.000000
242.900000 34.039100 -8.888 1.031 0.175 0.209 0.072390 20000 1.000000
244.265000 33.069800 -8.296 1.131 0.181 0.213 0.062987 20000 1.000000
240.961000 34.168400 -14.713 5.497 0.172 0.207 0.072829 20000 1.000000
241.743000 33.861500 -12.806 4.84 0.172 0.209 0.039254 20000 1.000000
241.476000 34.253600 -13.113 3.77 0.178 0.218 0.111881 20000 1.000000
240.629000 34.408100 -14.833 3.577 0.194 0.237 0.037807 20000 1.000000
241.387000 34.516500 -12.312 3.263 0.177 0.211 0.045785 20000 1.000000
243.630000 34.124100 -6.143 -1.181 0.185 0.219 0.029563 20000 1.000000
242.098000 34.082000 -14.37 3.591 0.183 0.219 -0.007047 20000 1.000000
241.603000 34.334800 -4.781 4.002 0.31 0.307 -0.060785 20000 1.000000
241.603000 34.334000 -13.271 2.622 0.275 0.268 -0.129451 20000 1.000000
244.212000 33.389800 -7.155 -1.647 0.18 0.215 0.050983 20000 1.000000
242.140000 34.413400 -9.893 0.595 0.17 0.219 0.044860 20000 1.000000
241.873000 33.938300 -12.935 3.455 0.168 0.204 0.062894 20000 1.000000
242.588000 33.647700 -11.818 4.347 0.168 0.201 0.057896 20000 1.000000
241.170000 34.946200 -9.814 -1.455 0.179 0.219 0.057348 20000 1.000000
245.061000 39.345200 -6.291 -5.577 0.172 0.216 0.060734 20000 1.000000
244.183000 40.914700 -5.156 -4.527 0.165 0.215 0.058380 20000 1.000000
241.871000 33.583500 -12.833 9.244 0.179 0.212 0.080730 20000 1.000000
241.574000 34.703100 -12.562 0.776 0.178 0.216 0.063863 20000 1.000000
242.474000 34.104200 -11.749 3.906 0.192 0.237 0.091625 20000 1.000000
239.991000 34.733000 -15.472 4.755 0.172 0.208 0.082081 20000 1.000000
243.064000 34.093600 -8.34 0.776 0.197 0.295 0.161725 20000 1.000000
241.116000 34.356300 -13.614 5.163 0.171 0.205 0.063160 20000 1.000000
246.195000 39.369400 -5.591 -5.151 0.174 0.216 0.040847 20000 1.000000
244.200000 32.945000 -10.578 1.68 0.195 0.217 0.061715 20000 1.000000
241.107000 34.800200 -10.777 2.498 0.192 0.231 0.075444 20000 1.000000
240.644000 40.416500 -6.554 -3.712 0.168 0.221 0.021537 20000 1.000000
240.136000 35.189400 -12.402 3.702 0.171 0.214 0.053514 20000 1.000000
244.479000 33.274800 -5.899 -2.957 0.176 0.208 0.063036 20000 1.000000
245.173000 33.051100 -4.22 -4.196 0.23 0.257 -0.037831 20000 1.000000
244.340000 34.784000 -5.138 -2.979 0.194 0.238 0.053153 20000 1.000000
245.810000 34.308600 -4.697 -3.745 0.177 0.211 0.074210 20000 1.000000
243.111000 35.425200 -6.708 -3.993 0.175 0.213 0.041542 20000 1.000000
245.820000 40.640200 -4.927 -4.765 0.168 0.215 0.068463 20000 1.000000
239.584000 36.399000 -6.485 -0.143 0.208 0.253 0.040685 20000 1.000000
241.887000 34.047400 -11.796 3.402 0.17 0.208 0.088384 20000 1.000000
239.318000 34.469400 -11.615 11.648 0.18 0.22 0.062148 20000 1.000000
241.714000 33.783600 -13.111 4.12 0.197 0.239 0.014030 20000 1.000000
243.570000 34.754800 -6.196 -2.966 0.173 0.209 0.079780 20000 1.000000
238.530000 40.815900 -5.811 -2.769 0.167 0.221 0.052963 20000 1.000000
244.365000 33.705000 -5.738 -3.988 0.192 0.239 0.049713 20000 1.000000
239.520000 35.866700 -12.22 4.644 0.195 0.252 0.063733 20000 1.000000
242.155000 34.458200 -9.305 2.102 0.194 0.235 0.032275 20000 1.000000
239.598000 35.880800 -9.577 1.364 0.182 0.223 0.147927 20000 1.000000
240.812000 34.441200 -14.353 4.473 0.185 0.225 0.065213 20000 1.000000
244.089000 34.727300 -5.201 -3.993 0.175 0.212 0.077181 20000 1.000000
243.779000 33.796800 -8.926 -0.086 0.177 0.214 0.116340 20000 1.000000
244.855000 34.157600 -4.752 -3.65 0.17 0.204 0.085537 20000 1.000000
241.526000 35.662300 -6.832 -0.562 0.227 0.286 0.024704 20000 1.000000
240.992000 34.398500 -12.873 2.059 0.175 0.213 0.055459 20000 1.000000
243.827000 33.925400 -5.899 -1.484 0.178 0.212 0.066541 20000 1.000000
242.165000 34.485500 -8.558 1.018 0.29 0.356 0.050092 20000 1.000000
243.060000 35.090200 -6.535 -0.964 0.173 0.208 0.067367 20000 1.000000
242.246000 34.133300 -12.048 3.389 0.177 0.212 0.084293 20000 1.000000
239.406000 35.828700 -13.105 5.393 0.176 0.217 0.083528 20000 1.000000
242.454000 34.314900 -10.375 -0.016 0.189 0.233 0.152828 20000 1.000000
240.896000 34.733600 -12.19 2.064 0.172 0.212 0.046291 20000 1.000000
239.557000 35.832600 -12.285 4.833 0.17 0.21 0.065437 20000 1.000000
242.563000 33.856800 -11.82 3.878 0.172 0.204 0.058887 20000 1.000000
238.778000 42.418300 -6.463 -3.22 0.245 0.332 0.028513 20000 1.000000
239.241000 36.186900 -10.06 -3.552 0.173 0.211 0.107285 20000 1.000000
239.233000 36.180500 -13.48 4.96 0.172 0.211 0.064560 20000 1.000000
239.649000 34.038300 -15.034 7.52 0.172 0.208 0.012459 20000 1.000000
243.904000 40.148400 -5.603 -3.924 0.172 0.224 -0.001854 20000 1.000000
242.682000 33.918400 -11.908 3.536 0.173 0.205 0.069504 20000 1.000000
239.566000 35.969500 -7.215 1.639 0.177 0.209 0.007273 20000 1.000000
244.588000 40.710700 -5.55 -3.79 0.172 0.231 0.047187 20000 1.000000
241.122000 34.295500 -13.76 4.813 0.19 0.224 0.040176 20000 1.000000
242.118000 34.175200 -13.007 1.897 0.239 0.259 -0.235137 20000 1.000000
243.352000 34.038500 -7.437 0.154 0.188 0.231 0.181999 20000 1.000000
242.790000 34.230800 -8.419 2.01 0.235 0.249 0.250257 20000 1.000000
241.755000 34.055200 -14.123 2.734 0.222 0.229 0.216560 20000 1.000000
245.381000 34.767700 -5.358 -4.157 0.187 0.225 0.066656 20000 1.000000
242.491000 39.685600 -5.776 -4.649 0.172 0.221 0.051299 20000 1.000000
240.859000 34.498700 -12.746 3.817 0.168 0.203 0.053919 20000 1.000000
243.932000 34.141000 -5.243 -3.004 0.174 0.208 0.089197 20000 1.000000
242.653000 33.240700 -13.89 4.946 0.178 0.206 0.005240 20000 1.000000
244.082000 34.369900 -4.867 -2.779 0.173 0.21 0.020165 20000 1.000000
243.695000 34.427700 -6.735 -1.207 0.176 0.215 0.035129 20000 1.000000
243.708000 34.533000 -6.591 -2.458 0.181 0.213 0.055676 20000 1.000000
243.185000 34.674900 -8.089 -1.147 0.17 0.207 0.075924 20000 1.000000
241.793000 34.128800 -12.506 3.003 0.168 0.204 0.048585 20000 1.000000
240.647000 34.683400 -13.142 2.445 0.195 0.239 0.003302 20000 1.000000
242.814000 39.521100 -5.68 -4.432 0.171 0.217 0.067480 20000 1.000000
245.995000 32.722500 -3.485 -3.939 0.18 0.21 0.119360 20000 1.000000
244.721000 39.910200 -5.21 -5.102 0.229 0.276 0.057617 20000 1.000000
245.543000 36.154200 -4.23 -4.033 0.173 0.209 0.058622 20000 1.000000
245.180000 41.724200 -5.147 -5.546 0.169 0.219 0.028103 20000 1.000000
242.670000 41.428700 -6.048 -4.389 0.167 0.221 0.075647 20000 1.000000
242.935000 42.981700 -5.78 -4.77 0.165 0.223 0.035718 20000 1.000000
235.925000 40.876300 -6.193 1.051 0.218 0.277 0.110734 20000 1.000000
236.274000 38.928300 -14.019 6.33 0.164 0.209 0.042110 20000 1.000000
237.585000 40.997600 -8.634 -2.577 0.192 0.266 -0.030239 20000 1.000000
235.986000 42.967400 -5.306 -0.402 0.169 0.235 0.083351 20000 1.000000
243.830000 32.616500 -14.142 4.801 0.17 0.2 0.049342 20000 1.000000
238.997000 35.551800 -13.828 6.817 0.169 0.209 0.060269 20000 1.000000
242.015000 39.305600 -5.132 -4.193 0.176 0.228 0.032349 20000 1.000000
242.395000 39.287900 -5.199 -3.774 0.171 0.215 0.054549 20000 1.000000
243.576000 39.500500 -6.05 -4.416 0.165 0.218 0.073255 20000 1.000000
243.950000 39.546400 -5.945 -4.957 0.172 0.215 0.077263 20000 1.000000
244.111000 39.374200 -5.214 -5.502 0.167 0.214 0.074587 20000 1.000000
244.487000 39.536100 -5.188 -4.236 0.168 0.215 0.062629 20000 1.000000
244.568000 39.388600 -8.493 -4.982 0.163 0.21 0.059234 20000 1.000000
242.120000 40.433400 -6.031 -4.147 0.169 0.219 0.090706 20000 1.000000
245.308000 39.255200 -6.101 -3.729 0.173 0.216 0.110783 20000 1.000000
245.723000 39.119400 -5.345 -4.921 0.171 0.222 0.069726 20000 1.000000
246.129000 39.067300 -5.763 -3.966 0.169 0.216 0.047141 20000 1.000000
246.495000 39.268900 -5.524 -4.284 0.167 0.216 0.068108 20000 1.000000
242.532000 40.320600 -4.863 -5.149 0.174 0.221 0.015253 20000 1.000000
246.946000 40.494000 -5.984 -4.956 0.167 0.216 0.073453 20000 1.000000
243.264000 40.495500 -5.844 -4.46 0.176 0.226 0.017252 20000 1.000000
243.721000 40.363200 -6.41 -3.75 0.165 0.215 0.076981 20000 1.000000
240.200000 39.572800 -6.192 -2.794 0.168 0.216 0.054094 20000 1.000000
242.469000 36.614300 -5.219 -3.588 0.167 0.207 0.055987 20000 1.000000
242.593000 36.804200 -5.96 -1.826 0.164 0.204 0.059299 20000 1.000000
242.006000 36.606000 -7.077 -2.149 0.176 0.214 0.146628 20000 1.000000
242.296000 37.200800 -7.028 -3.016 0.168 0.211 0.060612 20000 1.000000
240.463000 39.698400 -5.937 -2.999 0.175 0.225 0.065112 20000 1.000000
240.694000 39.795600 -6.064 -3.393 0.185 0.243 0.127799 20000 1.000000
241.126000 39.838800 -5.866 -3.289 0.176 0.223 0.018063 20000 1.000000
241.316000 39.888900 -6.075 -3.915 0.171 0.222 0.035721 20000 1.000000
241.841000 39.212300 -6.612 -2.687 0.203 0.257 0.061665 20000 1.000000
246.706000 41.856800 -4.743 -4.805 0.176 0.231 0.101159 20000 1.000000
246.958000 39.345100 -5.256 -4.602 0.17 0.214 0.059354 20000 1.000000
246.988000 41.817300 -7.308 -4.053 0.167 0.218 0.049630 20000 1.000000
246.722000 40.671300 -5.881 -4.534 0.171 0.22 0.064068 20000 1.000000
240.400000 39.499200 -6.419 -2.452 0.183 0.225 0.104062 20000 1.000000
240.931000 39.486100 -5.645 -3.051 0.171 0.219 0.060614 20000 1.000000
241.550000 39.133900 -5.153 -3.206 0.168 0.215 0.071623 20000 1.000000
241.062000 39.268000 -5.53 -2.811 0.222 0.279 0.052546 20000 1.000000
241.649000 39.454700 -6.214 -3.792 0.169 0.216 0.110156 20000 1.000000
241.995000 38.728800 -5.485 -4.099 0.222 0.275 0.062158 20000 1.000000
241.540000 38.724600 -5.464 -2.978 0.168 0.216 0.061168 20000 1.000000
241.070000 38.980900 -5.883 -2.78 0.163 0.215 0.070253 20000 1.000000
240.985000 38.704600 -6.201 -2.296 0.172 0.219 0.004382 20000 1.000000
240.541000 38.761400 -5.517 -2.87 0.178 0.22 -0.016834 20000 1.000000
240.523000 40.779800 -5.707 -3.524 0.185 0.231 0.144095 20000 1.000000
240.990000 40.242200 -5.519 -2.991 0.187 0.225 -0.003561 20000 1.000000
240.278000 39.908200 -5.925 -2.641 0.172 0.223 0.112066 20000 1.000000
239.307000 38.829200 -8.84 -2.938 0.192 0.223 0.169530 20000 1.000000
239.614000 39.046600 -7.048 -1.864 0.189 0.234 -0.017217 20000 1.000000
240.189000 39.123500 -4.256 -1.72 0.171 0.22 0.002740 20000 1.000000
239.107000 39.466700 -7.313 -2.302 0.182 0.226 0.153777 20000 1.000000
240.376000 41.357700 -6.217 -4.052 0.167 0.221 0.054912 20000 1.000000
239.716000 39.937400 -6.44 -2.779 0.16 0.208 0.053354 20000 1.000000
239.194000 40.418600 -4.142 -1.873 0.179 0.222 0.053745 20000 1.000000
239.923000 40.288900 -5.716 -3.298 0.168 0.22 0.074054 20000 1.000000
235.692000 40.247500 -12.414 5.67 0.164 0.214 0.054914 20000 1.000000
235.867000 40.551300 -7.779 2.506 0.165 0.216 0.039338 20000 1.000000
235.787000 40.637400 -6.432 1.603 0.186 0.245 0.043214 20000 1.000000
235.943000 40.219600 -9.386 2.424 0.168 0.22 0.064620 20000 1.000000
236.307000 40.119300 -10.373 -0.455 0.179 0.237 0.109558 20000 1.000000
238.207000 36.485500 -13.015 9.139 0.163 0.204 0.052027 20000 1.000000
238.710000 35.945700 -13.575 6.602 0.171 0.213 0.106265 20000 1.000000
238.949000 36.302100 -14.089 5.391 0.166 0.208 0.058096 20000 1.000000
238.865000 36.425900 -14.376 6.298 0.17 0.212 0.086480 20000 1.000000
237.668000 37.534500 -13.457 4.709 0.195 0.223 -0.010944 20000 1.000000
237.623000 37.914500 -11.552 3.733 0.173 0.22 0.062949 20000 1.000000
236.819000 38.495000 -12.548 5.264 0.169 0.22 -0.004994 20000 1.000000
236.291000 39.117200 -13.331 4.716 0.167 0.218 0.051730 20000 1.000000
236.652000 38.987400 -12.279 3.274 0.176 0.222 0.130130 20000 1.000000
236.796000 39.242000 -11.523 -0.096 0.166 0.216 0.060706 20000 1.000000
236.368000 42.275400 -8.074 -2.316 0.171 0.228 0.049116 20000 1.000000
236.895000 39.319700 -10.702 -1.045 0.171 0.22 0.076497 20000 1.000000
237.041000 38.664700 -11.39 3.357 0.192 0.263 0.122289 20000 1.000000
237.233000 38.428600 -14.25 1.924 0.168 0.218 0.076343 20000 1.000000
237.548000 38.239800 -11.606 2.248 0.168 0.216 0.054427 20000 1.000000
237.083000 38.866100 -13.543 0.878 0.162 0.209 0.044354 20000 1.000000
237.037000 39.398100 -11.415 5.97 0.217 0.269 -0.016185 20000 1.000000
237.424000 38.777800 -8.738 -0.667 0.174 0.233 0.044805 20000 1.000000
237.281000 39.260000 -8.68 -4.551 0.166 0.214 0.084261 20000 1.000000
237.696000 39.109300 -8.474 -2.228 0.171 0.22 0.045512 20000 1.000000
237.873000 37.069200 -13.223 4.513 0.196 0.243 0.221488 20000 1.000000
238.137000 36.962000 -13.669 6.151 0.189 0.222 0.024037 20000 1.000000
238.009000 37.201700 -11.998 4.559 0.194 0.236 -0.013314 20000 1.000000
238.203000 37.001000 -13.432 4.3 0.254 0.283 0.134242 20000 1.000000
238.274000 37.002400 -14.013 3.681 0.178 0.231 0.080416 20000 1.000000
238.349000 37.104500 -12.206 2.406 0.204 0.243 -0.057522 20000 1.000000
238.286000 37.203500 -11.278 2.391 0.174 0.214 0.101203 20000 1.000000
237.786000 37.329900 -13.401 5.55 0.165 0.208 0.064392 20000 1.000000
237.901000 37.336900 -12.293 4.158 0.169 0.22 0.043467 20000 1.000000
237.900000 37.722000 -10.574 1.115 0.164 0.207 0.048894 20000 1.000000
237.781000 37.863900 -9.453 0.778 0.167 0.213 0.008359 20000 1.000000
237.942000 37.713900 -10.025 -0.399 0.181 0.227 0.008030 20000 1.000000
238.174000 37.336800 -15.411 1.668 0.169 0.218 0.069098 20000 1.000000
238.210000 37.533000 -9.146 0.107 0.168 0.212 0.062917 20000 1.000000
238.313000 37.601800 -8.986 -0.99 0.172 0.214 0.100067 20000 1.000000
238.022000 37.749400 -10.174 -0.187 0.165 0.208 0.049780 20000 1.000000
238.214000 37.819000 -10.182 -2.053 0.17 0.214 0.058641 20000 1.000000
238.095000 36.621700 -14.807 6.578 0.167 0.21 0.045910 20000 1.000000
238.421000 36.724000 -14.855 6.543 0.169 0.212 0.038860 20000 1.000000
238.580000 36.800400 -11.75 3.761 0.166 0.207 0.045648 20000 1.000000
238.409000 36.858500 -14.282 5.891 0.167 0.21 0.033159 20000 1.000000
238.459000 36.814300 -14.722 5.918 0.173 0.211 0.067772 20000 1.000000
238.445000 36.903500 -12.603 2.909 0.169 0.209 0.039395 20000 1.000000
238.613000 36.637000 -15.218 6.897 0.175 0.22 0.011353 20000 1.000000
238.458000 37.007800 -10.848 4.592 0.166 0.212 0.058002 20000 1.000000
238.426000 37.213000 -7.54 -0.142 0.168 0.209 0.055018 20000 1.000000
238.665000 36.918200 -9.253 -1.666 0.165 0.206 0.056724 20000 1.000000
238.645000 37.010800 -8.313 -2.142 0.185 0.227 0.014515 20000 1.000000
240.294000 37.713100 -8.983 -5.051 0.174 0.22 0.040224 20000 1.000000
238.812000 36.559500 -13.646 7.695 0.17 0.212 0.058557 20000 1.000000
238.131000 37.975600 -8.342 -1.965 0.167 0.212 0.069666 20000 1.000000
238.936000 36.611600 -5.29 1.893 0.163 0.204 0.050594 20000 1.000000
238.732000 36.950000 -8.924 -2.392 0.175 0.218 0.083018 20000 1.000000
238.652000 36.811400 -9.828 -0.551 0.167 0.209 0.052105 20000 1.000000
238.942000 37.169600 -7.774 -1.927 0.174 0.217 0.070589 20000 1.000000
238.347000 37.478400 -9.087 -0.113 0.179 0.226 0.051138 20000 1.000000
238.531000 37.489600 -8.38 0.439 0.164 0.208 0.045789 20000 1.000000
238.675000 37.581900 -8.064 -0.987 0.169 0.215 0.041568 20000 1.000000
238.395000 37.932000 -9.388 -2.223 0.167 0.212 0.050156 20000 1.000000
238.536000 37.755300 -7.393 -3.477 0.166 0.21 0.047312 20000 1.000000
238.717000 37.385400 -10.574 -1.469 0.171 0.222 0.064893 20000 1.000000
237.782000 38.153000 -9.413 2.395 0.164 0.21 0.034380 20000 1.000000
237.904000 38.025100 -10.571 0.204 0.168 0.216 0.008819 20000 1.000000
237.805000 38.444200 -9.076 -1.567 0.174 0.235 0.072470 20000 1.000000
237.645000 38.999500 -8.479 -2.269 0.204 0.231 0.144486 20000 1.000000
238.905000 38.645300 -8.767 -2.615 0.165 0.211 0.057648 20000 1.000000
239.652000 35.544100 -12.774 5.802 0.171 0.21 0.050109 20000 1.000000
239.611000 35.841100 -9.68 4.222 0.175 0.213 0.033385 20000 1.000000
239.655000 35.837800 -9.435 1.899 0.171 0.215 0.046683 20000 1.000000
239.715000 35.806700 -9.888 2.673 0.182 0.224 0.044202 20000 1.000000
239.093000 35.933300 -12.948 6.916 0.166 0.207 0.049304 20000 1.000000
239.019000 36.417200 -8.375 -0.45 0.168 0.212 0.069624 20000 1.000000
239.147000 36.515900 -6.74 -0.758 0.173 0.219 0.039346 20000 1.000000
239.302000 36.024800 -13.894 5.466 0.167 0.212 0.051589 20000 1.000000
239.121000 36.140200 -14.383 6.575 0.168 0.208 0.050274 20000 1.000000
239.251000 36.106800 -12.871 6.132 0.164 0.203 0.056032 20000 1.000000
239.272000 36.178900 -7.577 -0.246 0.164 0.204 0.054975 20000 1.000000
239.355000 35.922800 -12.393 6.249 0.167 0.206 0.047409 20000 1.000000
239.525000 36.007500 -3.272 4.282 0.183 0.217 0.058518 20000 1.000000
239.457000 36.089400 -10.368 -0.418 0.165 0.206 0.052419 20000 1.000000
239.560000 36.123200 -7.403 0.085 0.166 0.206 0.053546 20000 1.000000
239.158000 35.697100 -13.916 6.41 0.171 0.206 0.092776 20000 1.000000
239.637000 36.051700 -7.392 0.422 0.169 0.206 0.049209 20000 1.000000
239.448000 35.974100 -12.385 5.32 0.184 0.219 0.016724 20000 1.000000
239.706000 36.015800 -7.624 0.51 0.169 0.208 0.045204 20000 1.000000
239.723000 36.304400 0.216 1.959 0.17 0.212 0.044246 20000 1.000000
239.257000 36.806300 -6.568 -1.967 0.167 0.21 0.055284 20000 1.000000
239.803000 37.352200 -8.589 -2.293 0.175 0.221 0.053115 20000 1.000000
239.356000 37.795200 -8.592 -2.228 0.179 0.219 0.061873 20000 1.000000
240.160000 37.901100 -7.532 0.571 0.186 0.222 -0.037850 20000 1.000000
239.049000 38.090000 -11.402 -2.542 0.17 0.216 0.050826 20000 1.000000
239.666000 38.735600 -7.21 -2.619 0.181 0.217 0.074022 20000 1.000000
241.480000 37.177600 -5.654 -0.641 0.165 0.206 0.058500 20000 1.000000
236.283000 39.863600 -13.119 -0.294 0.202 0.257 -0.033709 20000 1.000000
236.448000 39.905700 -13.207 -1.083 0.191 0.258 0.013251 20000 1.000000
236.628000 39.452400 -11.604 -1.152 0.166 0.216 0.054900 20000 1.000000
236.705000 39.707100 -11.8 -2.324 0.198 0.258 -0.031514 20000 1.000000
236.813000 39.492800 -11.445 -2.363 0.18 0.254 0.087667 20000 1.000000
236.817000 39.962100 -10.189 -3.273 0.164 0.216 0.010206 20000 1.000000
236.344000 40.256800 -11.153 -1.15 0.166 0.221 0.072234 20000 1.000000
236.117000 41.151700 -7.763 -1.077 0.167 0.221 0.067548 20000 1.000000
236.301000 40.575300 -9.166 -1.426 0.176 0.23 0.095680 20000 1.000000
236.427000 40.478900 -10.339 -2.085 0.205 0.266 0.265055 20000 1.000000
236.548000 40.082200 -11.554 -1.871 0.163 0.214 0.057230 20000 1.000000
236.864000 40.324100 -9.785 -3.588 0.162 0.214 0.043706 20000 1.000000
236.676000 40.732900 -9.802 -3.172 0.163 0.216 0.024403 20000 1.000000
236.826000 40.546700 -9.942 -4.055 0.167 0.222 0.032834 20000 1.000000
237.024000 39.621400 -9.608 -3.764 0.176 0.218 0.099568 20000 1.000000
237.264000 39.493600 -9.622 -5.243 0.17 0.217 0.048051 20000 1.000000
237.126000 39.726200 -9.518 -3.772 0.167 0.22 0.096087 20000 1.000000
237.077000 40.747600 -9.037 -3.812 0.171 0.223 0.038525 20000 1.000000
237.332000 40.034100 -8.158 -3.205 0.169 0.218 0.043599 20000 1.000000
237.393000 40.650700 -9.177 -3.904 0.171 0.23 0.012658 20000 1.000000
236.666000 40.887100 -8.559 -2.599 0.162 0.214 0.045970 20000 1.000000
237.729000 40.271200 -9.502 -3.225 0.175 0.227 -0.013199 20000 1.000000
239.132000 39.794700 -6.52 -1.491 0.165 0.218 0.022254 20000 1.000000
239.052000 41.183300 -6.431 -3.22 0.167 0.223 0.038916 20000 1.000000
237.681000 40.731100 -8.437 -4.701 0.201 0.244 0.076203 20000 1.000000
235.774000 42.209100 -9.654 -0.667 0.169 0.219 0.038368 20000 1.000000
235.946000 42.860100 -5.733 -0.992 0.188 0.249 0.119690 20000 1.000000
236.617000 42.503500 -8.553 -2.695 0.167 0.224 0.056274 20000 1.000000
237.344000 42.191000 -7.558 -2.365 0.168 0.225 0.027644 20000 1.000000
238.220000 42.259700 -4.772 -3.378 0.166 0.218 0.049642 20000 1.000000
239.622000 42.468800 -4.586 -4.465 0.168 0.228 0.027899 20000 1.000000
241.588000 42.254600 -6.086 -3.994 0.163 0.218 0.049238 20000 1.000000
243.371000 36.071300 -4.128 -3.34 0.179 0.224 0.127276 20000 1.000000
242.835000 36.022500 -5.692 -3.048 0.177 0.211 0.045213 20000 1.000000
242.590000 36.159000 -5.527 -2.708 0.179 0.219 0.107327 20000 1.000000
241.868000 36.466800 -5.3 -2.341 0.187 0.238 -0.139508 20000 1.000000
242.211000 36.531200 -5.279 -2.15 0.164 0.206 0.056623 20000 1.000000
241.909000 36.570200 -6.196 -2.124 0.188 0.221 0.005358 20000 1.000000
241.882000 36.975700 -5.445 -1.991 0.164 0.205 0.057809 20000 1.000000
242.064000 37.231400 -5.968 -2.848 0.171 0.211 0.096837 20000 1.000000
242.606000 34.462400 -8.328 1.078 0.179 0.211 0.042845 20000 1.000000
242.459000 33.562100 -12.637 4.979 0.17 0.204 0.087622 20000 1.000000
242.895000 32.889200 -13.425 4.941 0.17 0.201 0.043464 20000 1.000000
243.050000 32.733800 -14.137 5.045 0.167 0.198 0.053769 20000 1.000000
242.756000 32.666400 -14.167 5.459 0.184 0.211 0.145778 20000 1.000000
242.810000 33.439600 -12.372 4.55 0.169 0.202 0.062109 20000 1.000000
242.928000 33.235700 -13.382 5.727 0.18 0.208 0.109911 20000 1.000000
243.217000 33.493300 -11.275 3.358 0.17 0.202 0.054281 20000 1.000000
243.651000 32.976000 -12.455 3.703 0.171 0.204 0.065794 20000 1.000000
243.989000 32.822200 -13.474 4.018 0.172 0.203 0.025134 20000 1.000000
243.329000 33.240200 -12.987 3.862 0.178 0.21 0.064445 20000 1.000000
243.431000 33.059200 -14.09 4.139 0.169 0.199 0.046127 20000 1.000000
243.379000 33.375600 -12.044 3.376 0.174 0.207 0.100527 20000 1.000000
243.591000 33.210200 -12.483 3.754 0.183 0.218 0.070797 20000 1.000000
243.817000 33.213500 -11.25 2.771 0.171 0.202 0.059941 20000 1.000000
243.921000 33.201000 -10.822 1.616 0.169 0.201 0.063365 20000 1.000000
243.888000 33.296200 -9.47 1.131 0.174 0.207 0.012005 20000 1.000000
243.574000 33.523500 -9.231 1.902 0.182 0.208 0.135986 20000 1.000000
243.773000 33.574700 -8.489 0.277 0.177 0.218 0.076023 20000 1.000000
244.031000 32.887000 -11.469 3.674 0.172 0.203 0.056571 20000 1.000000
244.175000 32.954700 -11.367 2.41 0.171 0.202 0.058694 20000 1.000000
244.268000 32.759700 -10.855 3.346 0.179 0.216 0.078506 20000 1.000000
244.404000 32.750600 -9.376 2.015 0.18 0.21 0.071174 20000 1.000000
244.423000 32.834700 -8.818 1.634 0.176 0.207 0.063242 20000 1.000000
244.430000 32.898400 -8.006 0.745 0.181 0.211 0.091933 20000 1.000000
244.700000 32.690000 -4.96 -2.326 0.171 0.202 0.058051 20000 1.000000
244.602000 32.875800 -4.407 -2.839 0.18 0.212 0.078928 20000 1.000000
244.578000 32.982500 -4.818 -3.697 0.177 0.214 0.091197 20000 1.000000
244.280000 32.948900 -9.804 1.306 0.175 0.206 0.059455 20000 1.000000
244.234000 33.516400 -6.258 -3.1 0.179 0.212 0.124905 20000 1.000000
244.313000 33.423900 -5.128 -2.803 0.178 0.212 0.105366 20000 1.000000
244.571000 33.247800 -5.144 -3.765 0.177 0.21 0.054279 20000 1.000000
244.657000 33.143600 -5.233 -3.213 0.177 0.209 0.015790 20000 1.000000
244.704000 33.886900 -5.936 -4.087 0.179 0.208 0.067948 20000 1.000000
240.305000 37.562600 -5.602 -0.358 0.186 0.218 0.163097 20000 1.000000
239.350000 34.907300 -14.841 6.686 0.164 0.201 0.053120 20000 1.000000
239.590000 35.010700 -14.647 5.738 0.17 0.207 0.052082 20000 1.000000
239.760000 34.870600 -15.124 5.573 0.167 0.204 0.068320 20000 1.000000
239.617000 35.106200 -13.885 6.056 0.176 0.213 0.136026 20000 1.000000
241.822000 34.376400 -11.933 3.26 0.17 0.206 0.072231 20000 1.000000
239.925000 35.020000 -12.033 9.624 0.165 0.202 0.049660 20000 1.000000
240.208000 34.507800 -13.225 5.842 0.175 0.205 0.041886 20000 1.000000
240.384000 34.630500 -14.448 5.749 0.167 0.203 0.053138 20000 1.000000
240.185000 34.888600 -12.493 4.643 0.164 0.201 0.057292 20000 1.000000
240.464000 35.086600 -10.528 1.473 0.167 0.205 0.073182 20000 1.000000
239.192000 35.425800 -14.517 6.912 0.166 0.204 0.037979 20000 1.000000
239.455000 35.327800 -13.793 6.005 0.17 0.211 0.102392 20000 1.000000
239.646000 35.440500 -12.924 5.362 0.168 0.206 0.044337 20000 1.000000
239.520000 35.624800 -11.591 7.421 0.168 0.207 0.062348 20000 1.000000
239.463000 35.792700 -12.831 5.34 0.169 0.21 0.083623 20000 1.000000
239.733000 35.633800 -12.381 4.511 0.173 0.208 0.087684 20000 1.000000
239.629000 35.747900 -11.676 4.243 0.171 0.21 0.064448 20000 1.000000
237.762000 37.061200 -14.58 6.326 0.167 0.211 0.069307 20000 1.000000
239.899000 35.235100 -12.524 5.049 0.189 0.221 0.102019 20000 1.000000
239.975000 35.279800 -13.124 4.135 0.175 0.218 0.028603 20000 1.000000
240.065000 35.316800 -11.236 3.525 0.178 0.221 0.063311 20000 1.000000
239.887000 35.534200 -11.63 3.184 0.221 0.265 0.052981 20000 1.000000
239.818000 35.702700 -10.148 1.826 0.167 0.206 0.056335 20000 1.000000
239.869000 35.801300 -8.751 0.626 0.176 0.211 0.067300 20000 1.000000
239.999000 35.686700 -8.913 0.258 0.172 0.208 0.010767 20000 1.000000
239.707000 35.688900 -11.727 3.984 0.167 0.206 0.048490 20000 1.000000
240.287000 35.319000 -9.693 1.721 0.184 0.226 0.042604 20000 1.000000
240.091000 35.934700 -7.775 -0.188 0.168 0.206 0.061147 20000 1.000000
240.496000 34.466800 -15.74 5.526 0.165 0.2 0.056034 20000 1.000000
240.674000 34.599600 -14.233 0.808 0.175 0.217 0.133686 20000 1.000000
240.885000 34.660100 -12.212 1.462 0.176 0.21 0.122741 20000 1.000000
240.845000 34.856200 -11.404 1.54 0.236 0.339 -0.038541 20000 1.000000
239.755000 35.686700 -11.982 4.141 0.169 0.205 0.044173 20000 1.000000
241.121000 34.835100 -10.018 0.837 0.168 0.204 0.063058 20000 1.000000
241.152000 34.792300 -11.964 4.058 0.174 0.216 0.063535 20000 1.000000
241.331000 34.695000 -12.547 2.264 0.176 0.214 0.135545 20000 1.000000
241.454000 34.771100 -10.663 1.96 0.17 0.208 0.052439 20000 1.000000
241.344000 34.944400 -8.187 1.071 0.174 0.213 0.025566 20000 1.000000
241.388000 35.138600 -8.534 0.413 0.18 0.219 0.030911 20000 1.000000
241.459000 34.821800 -8.425 -1.271 0.181 0.216 0.079390 20000 1.000000
241.811000 34.982100 -7.493 0.841 0.168 0.204 0.056325 20000 1.000000
241.876000 35.378000 -7.19 -0.474 0.17 0.206 0.044839 20000 1.000000
241.740000 35.667300 -6.313 -0.53 0.176 0.21 0.063941 20000 1.000000
241.233000 36.231400 -6.51 -2.229 0.175 0.21 0.122741 20000 1.000000
241.045000 36.585500 -7.845 -1.389 0.166 0.207 0.061557 20000 1.000000
241.740000 36.093100 -7.322 -1.439 0.17 0.207 0.059199 20000 1.000000
241.994000 35.038800 -7.097 0.266 0.169 0.206 0.062412 20000 1.000000
242.271000 34.509700 -8.778 1.615 0.17 0.205 0.053410 20000 1.000000
242.451000 34.634300 -8.048 0.789 0.175 0.212 0.049924 20000 1.000000
242.457000 34.987000 -6.834 -0.374 0.172 0.209 0.099590 20000 1.000000
243.048000 33.892600 -9.504 2.484 0.167 0.201 0.059209 20000 1.000000
243.454000 34.019300 -7.978 1.431 0.169 0.203 0.053252 20000 1.000000
242.719000 34.534800 -8.241 0.265 0.193 0.214 -0.034783 20000 1.000000
241.969000 34.332200 -11.717 2.431 0.173 0.209 0.073105 20000 1.000000
242.635000 35.116800 -6.435 -0.295 0.171 0.208 0.050314 20000 1.000000
241.983000 35.152400 -6.924 -0.126 0.168 0.206 0.060366 20000 1.000000
242.697000 35.238500 -6.476 -0.929 0.171 0.206 0.073466 20000 1.000000
242.795000 35.387900 -6.427 -1.376 0.165 0.203 0.067070 20000 1.000000
242.610000 35.896700 -5.662 -2.662 0.183 0.226 0.053509 20000 1.000000
242.597000 35.697600 -5.546 -1.557 0.169 0.206 0.056629 20000 1.000000
243.111000 35.998200 -5.346 -2.417 0.178 0.211 0.055589 20000 1.000000
243.112000 35.710600 -6.487 -2.196 0.167 0.206 0.064214 20000 1.000000
243.290000 34.192500 -7.549 0.253 0.174 0.206 0.033542 20000 1.000000
243.463000 34.217200 -6.845 -0.626 0.172 0.205 0.064407 20000 1.000000
243.788000 33.865800 -7.03 -1.547 0.168 0.202 0.069293 20000 1.000000
243.920000 33.959300 -5.609 -1.947 0.171 0.203 0.062522 20000 1.000000
239.772000 35.729200 -10.673 2.164 0.176 0.215 0.071944 20000 1.000000
243.971000 34.716900 -5.064 -3.293 0.175 0.209 0.032982 20000 1.000000
243.329000 34.936800 -6.527 -1.905 0.171 0.208 0.065498 20000 1.000000
242.063000 34.341100 -11.571 2.585 0.181 0.219 0.041804 20000 1.000000
243.120000 34.462100 -7.633 0.134 0.169 0.204 0.056805 20000 1.000000
244.179000 33.741000 -5.631 -2.833 0.179 0.213 0.070682 20000 1.000000
243.107000 34.062700 -8.87 1.148 0.185 0.221 0.033789 20000 1.000000
244.236000 34.425700 -5.197 -3.757 0.212 0.228 0.087364 20000 1.000000
244.350000 35.204800 -4.91 -3.794 0.173 0.208 0.038400 20000 1.000000
242.685000 34.187400 -10.183 2.461 0.172 0.208 0.110037 20000 1.000000
242.950000 34.196200 -7.924 2.853 0.205 0.214 0.132663 20000 1.000000
244.750000 34.731800 -5.386 -4.114 0.211 0.26 0.148151 20000 1.000000
243.237000 35.204600 -5.95 -2.12 0.173 0.209 0.068362 20000 1.000000
242.107000 35.424600 -6.967 -0.558 0.169 0.206 0.060265 20000 1.000000
243.428000 35.320600 -6.101 -3.252 0.168 0.207 0.048904 20000 1.000000
243.896000 35.141900 -6.109 -3.778 0.18 0.21 0.038690 20000 1.000000
243.878000 35.526000 -4.297 -3.069 0.175 0.214 0.054947 20000 1.000000
243.855000 35.785400 -5.256 -4.855 0.169 0.207 0.051651 20000 1.000000
244.456000 35.472800 -4.859 -3.955 0.17 0.209 0.068445 20000 1.000000
244.634000 35.163000 -4.338 -5.003 0.177 0.216 0.051994 20000 1.000000
245.401000 34.188900 -5.143 -4.075 0.174 0.209 0.070372 20000 1.000000
245.035000 34.844400 -4.701 -4.107 0.174 0.209 0.056784 20000 1.000000
244.762000 35.291100 -5.007 -4.588 0.17 0.207 0.056927 20000 1.000000
241.621000 37.973100 -5.191 -2.665 0.166 0.212 0.030066 20000 1.000000
241.000000 37.613000 -7.425 0.24 0.171 0.212 0.014327 20000 1.000000
241.084000 37.605300 -5.678 -3.907 0.175 0.229 0.020103 20000 1.000000
240.914000 37.785700 -9.115 0.315 0.243 0.289 -0.033596 20000 1.000000
240.967000 37.913500 -7.76 1.117 0.164 0.208 0.056025 20000 1.000000
240.974000 37.696600 -9.099 0.22 0.199 0.233 0.185378 20000 1.000000
240.862000 37.839300 -5.853 -2.208 0.181 0.22 0.080725 20000 1.000000
240.853000 37.962800 -6.01 -0.246 0.166 0.207 0.054728 20000 1.000000
240.916000 37.914100 -5.967 -0.613 0.168 0.21 0.059134 20000 1.000000
241.056000 37.734300 -8.089 2.194 0.167 0.211 0.060675 20000 1.000000
241.131000 37.654600 -2.51 -3.522 0.168 0.213 0.058234 20000 1.000000
241.040000 37.891700 -6.055 0.941 0.179 0.219 0.044218 20000 1.000000
241.148000 37.878200 -4.876 -0.005 0.167 0.209 0.047581 20000 1.000000
241.183000 37.591400 -3.878 -1.559 0.17 0.223 0.100455 20000 1.000000
241.302000 37.561600 -6.359 -2.086 0.171 0.232 0.023522 20000 1.000000
241.316000 37.495400 -4.957 -2.428 0.164 0.205 0.056418 20000 1.000000
241.406000 37.541300 -4.548 -2.013 0.167 0.21 0.059776 20000 1.000000
241.180000 37.677000 -1.128 -1.216 0.166 0.21 0.059334 20000 1.000000
241.232000 37.754400 -2.275 -0.841 0.195 0.253 0.116202 20000 1.000000
240.981000 37.800000 -7.694 0.409 0.169 0.212 0.090798 20000 1.000000
241.264000 37.903500 -4.211 -0.453 0.17 0.214 0.046047 20000 1.000000
241.445000 37.891300 -4.833 -1.573 0.178 0.217 0.126727 20000 1.000000
241.762000 37.589200 -6.149 -2.824 0.166 0.209 0.057968 20000 1.000000
241.528000 37.737500 -4.075 -2.325 0.174 0.216 0.085157 20000 1.000000
240.850000 38.057900 -5.78 -1.684 0.173 0.215 0.060392 20000 1.000000
237.706000 41.381200 -8.265 -2.427 0.174 0.222 0.108263 20000 1.000000
237.809000 41.479200 -8.493 -2.981 0.165 0.229 0.014998 20000 1.000000
237.687000 41.463600 -7.624 -3.373 0.169 0.232 0.003938 20000 1.000000
237.847000 41.531900 -7.682 -3.137 0.204 0.243 0.104973 20000 1.000000
238.493000 41.711600 -6.104 -2.31 0.173 0.23 0.050734 20000 1.000000
246.132000 42.878900 -5.152 -4.751 0.165 0.222 0.045315 20000 1.000000
241.275000 37.380400 -2.54 0.144 0.23 0.265 0.224203 20000 1.000000
241.439000 37.439500 -5.07 -1.91 0.18 0.219 0.061083 20000 1.000000
240.254000 37.088900 -7.779 -1.569 0.172 0.214 0.119204 20000 1.000000
241.853000 37.280500 -5.521 -2.953 0.168 0.211 0.075860 20000 1.000000
239.172000 41.359200 -6.925 -3.238 0.177 0.231 -0.017202 20000 1.000000
239.527000 41.332500 -6.906 -3.394 0.169 0.222 0.062836 20000 1.000000
235.587000 42.442000 -5.945 -0.985 0.166 0.227 -0.003412 20000 1.000000
235.707000 42.076600 -7.305 -2.04 0.172 0.224 0.068096 20000 1.000000
238.120000 42.579800 -5.927 -3.721 0.169 0.222 0.044255 20000 1.000000
237.390000 42.727100 -5.498 -3.259 0.234 0.287 0.210797 20000 1.000000
240.341000 42.546100 -5.231 -3.694 0.166 0.223 0.048758 20000 1.000000
242.275000 42.020200 -7.855 -5.514 0.169 0.223 0.056049 20000 1.000000
243.404000 33.598200 -11.345 1.209 0.246 0.305 -0.082576 20000 1.000000
243.397000 33.495500 -13.338 3.944 0.174 0.209 0.062735 20000 1.000000
244.492000 32.829400 -6.92 1.905 0.173 0.203 0.058096 20000 1.000000
238.928000 37.699000 -7.657 -2.508 0.172 0.217 0.033988 20000 1.000000
239.784000 35.693800 -11.43 1.787 0.189 0.224 0.099445 20000 1.000000
237.579000 41.830800 -5.355 -3.115 0.18 0.243 0.104894 20000 1.000000
236.019000 41.845500 -7.957 -2.771 0.185 0.271 -0.038210 20000 1.000000
238.521000 36.744300 -10.013 5.883 0.181 0.222 0.116725 20000 1.000000
239.528000 35.946600 -10.191 0.975 0.186 0.223 0.111934 20000 1.000000
239.485000 35.929100 -13.093 4.804 0.231 0.304 0.036201 20000 1.000000
236.427000 40.478800 -10.601 -1.917 0.198 0.263 0.252588 20000 1.000000
237.036000 39.845700 -9.186 -2.714 0.163 0.213 0.030781 20000 1.000000
243.852000 34.508100 -5.667 -2.948 0.168 0.203 0.058502 20000 1.000000
245.241000 32.497900 -4.007 -4.085 0.174 0.203 0.060668 20000 1.000000
243.407000 33.537300 -12.544 2.173 0.181 0.217 0.108974 20000 1.000000
241.651000 34.021700 -12.623 5.007 0.175 0.218 0.085305 20000 1.000000
241.379000 34.836000 -9.954 1.938 0.172 0.208 0.059233 20000 1.000000
241.983000 35.152400 -7.347 0.83 0.171 0.208 0.060714 20000 1.000000
241.983000 35.152500 -6.931 -0.389 0.17 0.207 0.058985 20000 1.000000
243.936000 31.559100 -15.681 5.374 0.176 0.202 0.129034 20000 1.000000
238.728000 35.709000 -14.586 6.935 0.189 0.231 0.040418 20000 1.000000
242.077000 34.508200 -9.927 2.098 0.177 0.212 0.066799 20000 1.000000
244.450000 32.490100 -9.914 4.029 0.173 0.21 0.013897 20000 1.000000
242.305000 34.925400 -7.572 0.007 0.172 0.209 0.024361 20000 1.000000
244.116000 32.417000 -13.832 4.991 0.169 0.199 0.062319 20000 1.000000
239.522000 35.919900 -17.418 0.735 0.175 0.216 0.098310 20000 1.000000
242.818000 33.835700 -11.711 3.543 0.191 0.218 0.057756 20000 1.000000
243.506000 33.819200 -8.976 0.443 0.178 0.211 0.065816 20000 1.000000
242.193000 34.091800 -11.909 3.011 0.176 0.221 0.041976 20000 1.000000
244.165000 31.313100 -14.995 7.458 0.169 0.198 0.053261 20000 1.000000
244.543000 32.377900 -9.991 4.734 0.168 0.198 0.057690 20000 1.000000
241.596000 33.743300 -13.063 4.311 0.168 0.201 0.054200 20000 1.000000
241.628000 33.779500 -14.091 5.061 0.206 0.252 0.070581 20000 1.000000
238.863000 36.161100 -14.271 6.516 0.175 0.212 0.082687 20000 1.000000
241.755000 34.628700 -8.732 0.893 0.188 0.228 0.013271 20000 1.000000
239.056000 39.974600 -5.719 -0.223 0.176 0.229 0.021286 20000 1.000000
242.317000 35.338700 -6.639 0.094 0.169 0.206 0.067448 20000 1.000000
240.280000 34.500000 -14.564 4.482 0.17 0.208 0.044930 20000 1.000000
243.375000 34.643900 -8 -1.404 0.171 0.204 0.050090 20000 1.000000
241.974000 34.019100 -12.466 4.762 0.188 0.227 0.000250 20000 1.000000
242.445000 33.485800 -12.716 4.765 0.186 0.218 0.100805 20000 1.000000
239.475000 35.900000 -17.323 5.466 0.181 0.225 0.014538 20000 1.000000
241.807000 34.875100 -7.968 0.668 0.179 0.216 0.068801 20000 1.000000
240.816000 34.541500 -12.905 0.788 0.192 0.23 0.126468 20000 1.000000
244.877000 40.617200 -6.183 -4.53 0.169 0.224 0.068040 20000 1.000000
243.350000 36.316300 -5.535 -2.962 0.2 0.25 0.066747 20000 1.000000
238.442000 37.666500 -8.642 -1.553 0.168 0.211 0.044496 20000 1.000000
241.245000 34.459800 -12.671 3.605 0.19 0.235 0.067026 20000 1.000000
242.138000 34.205600 -11.615 3.01 0.215 0.226 -0.017952 20000 1.000000
239.775000 40.591700 -6.156 -1.323 0.173 0.229 0.039786 20000 1.000000
240.984000 41.868400 -6.203 -4.212 0.177 0.234 0.139279 20000 1.000000
243.701000 35.971300 -5.254 -3.362 0.178 0.212 0.018025 20000 1.000000
241.521000 34.438600 -12.783 3.552 0.197 0.241 0.044910 20000 1.000000
240.116000 39.314300 -4.514 -2.325 0.166 0.216 0.028770 20000 1.000000
244.022000 33.292200 -7.986 0.65 0.176 0.207 0.072583 20000 1.000000
240.936000 34.319900 -13.987 4.874 0.167 0.202 0.058883 20000 1.000000
241.354000 34.059300 -13.39 4.112 0.17 0.205 0.022921 20000 1.000000
242.151000 33.992700 -12.488 3.769 0.182 0.213 0.071950 20000 1.000000
239.935000 34.004300 -15.216 7.079 0.174 0.208 0.055403 20000 1.000000
239.640000 35.917400 -11.02 -0.364 0.197 0.238 0.124315 20000 1.000000
241.585000 35.158200 -7.422 0.086 0.167 0.205 0.057580 20000 1.000000
243.923000 33.650600 -7.242 -0.986 0.174 0.21 0.094759 20000 1.000000
243.770000 36.934800 -4.741 -3.412 0.164 0.205 0.081239 20000 1.000000
239.867000 34.483500 -14.459 4.403 0.176 0.218 0.035797 20000 1.000000
243.839000 33.641200 -8.417 0.941 0.181 0.213 0.080754 20000 1.000000
242.951000 39.542200 -6.333 -4.116 0.175 0.219 0.141437 20000 1.000000
242.816000 38.097200 -5.865 -3.246 0.168 0.212 0.050046 20000 1.000000
241.669000 33.797800 -13.476 4.357 0.175 0.21 0.048059 20000 1.000000
241.163000 34.248000 -13.855 4.76 0.175 0.21 0.118978 20000 1.000000
235.849000 41.053900 -9.964 -2.476 0.177 0.226 0.002845 20000 1.000000
241.558000 34.069100 -13.24 4.106 0.187 0.215 0.103869 20000 1.000000
240.156000 34.413300 -15.655 5.549 0.194 0.219 -0.035398 20000 1.000000
241.198000 39.627100 -5.999 -3.668 0.168 0.216 0.068362 20000 1.000000
241.715000 34.024000 -12.488 3.595 0.236 0.269 0.150845 20000 1.000000
243.915000 33.030100 -11.844 3.437 0.172 0.204 0.064109 20000 1.000000
240.516000 34.851500 -11.772 3.161 0.185 0.222 0.066466 20000 1.000000
238.053000 38.394500 -9.597 -0.602 0.17 0.219 0.011702 20000 1.000000
241.780000 34.178600 -12.56 3.654 0.223 0.237 0.168262 20000 1.000000
241.486000 34.126400 -13.012 4.152 0.168 0.203 0.076601 20000 1.000000
241.516000 34.293200 -12.071 3.199 0.175 0.207 0.062942 20000 1.000000
239.384000 34.556300 -15.639 7.457 0.174 0.213 0.062078 20000 1.000000
241.879000 34.501500 -10.961 3.125 0.181 0.215 0.051874 20000 1.000000
241.706000 33.712600 -12.903 6.237 0.17 0.206 0.042696 20000 1.000000
242.807000 33.225000 -12.823 5.341 0.168 0.201 0.077494 20000 1.000000
241.346000 37.664300 -4.139 -1.6 0.204 0.265 0.067971 20000 1.000000
241.016000 35.010800 -10.127 2.896 0.209 0.252 0.033503 20000 1.000000
243.608000 33.934800 -7.374 -0.082 0.211 0.245 0.015688 20000 1.000000
241.258000 34.568500 -12.027 2.638 0.186 0.222 0.188007 20000 1.000000
241.586000 34.259400 -12.654 3.156 0.199 0.243 0.028719 20000 1.000000
243.068000 34.669000 -7.48 -0.275 0.187 0.222 -0.049552 20000 1.000000
241.572000 33.958200 -12.754 4.348 0.232 0.253 -0.262803 20000 1.000000
243.346000 33.955300 -9.992 0.482 0.174 0.206 0.036288 20000 1.000000
243.111000 35.425200 -6.417 -4.163 0.187 0.227 0.052681 20000 1.000000
243.920000 35.287000 -4.941 -3.197 0.175 0.213 0.064691 20000 1.000000
