242.907000 34.116400 -10.554 0.337 0.242 0.304 0.011161 20000 1.000000
243.571000 34.594300 -6.766 -2.518 0.164 0.201 0.045211 20000 1.000000
241.305000 34.824500 -10.936 1.902 0.172 0.21 0.051075 20000 1.000000
242.103000 34.126000 -14.525 2.953 0.244 0.268 0.156945 20000 1.000000
242.795000 40.412800 -7.132 -3.881 0.163 0.211 0.047745 20000 1.000000
240.970000 33.480500 -14.937 6.695 0.191 0.224 0.016240 20000 1.000000
243.116000 34.264300 -9.378 -0.908 0.187 0.231 0.123550 20000 1.000000
240.594000 34.920500 -11.616 1.957 0.166 0.204 0.029970 20000 1.000000
244.002000 34.000500 -7.248 -3.397 0.166 0.2 0.037798 20000 1.000000
242.935000 33.578200 -12.803 3.455 0.168 0.199 0.042673 20000 1.000000
243.920000 35.287000 -6.545 -3.5 0.167 0.206 0.054767 20000 1.000000
245.285000 33.610400 -5.391 -3.618 0.167 0.203 0.035315 20000 1.000000
243.947000 34.251400 -6.215 -3.266 0.167 0.202 0.050401 20000 1.000000
241.723000 34.184900 -13.293 3.603 0.195 0.236 0.082493 20000 1.000000
242.988000 34.918600 -8.41 -1.908 0.167 0.205 0.063167 20000 1.000000
241.812000 34.292800 -14.443 4.4 0.245 0.259 -0.269143 20000 1.000000
242.156000 42.779500 -6.088 -2.762 0.165 0.225 0.048957 20000 1.000000
240.653000 35.157300 -10.63 0.392 0.169 0.209 0.070108 20000 1.000000
235.437000 42.836100 -2.577 -0.995 0.171 0.23 0.031579 20000 1.000000
244.010000 33.655100 -7.904 -2.591 0.168 0.204 0.062550 20000 1.000000
239.566000 35.939400 -10.13 0.654 0.164 0.205 0.021430 20000 1.000000
239.569000 35.888400 -13.023 3.134 0.187 0.224 0.042193 20000 1.000000
241.666000 33.311600 -14.298 5.764 0.163 0.197 0.055922 20000 1.000000
241.517000 33.445800 -14.96 5.912 0.169 0.205 0.023526 20000 1.000000
241.370000 34.138600 -14.767 4.151 0.201 0.227 0.142725 20000 1.000000
242.329000 35.565300 -8.604 -0.75 0.17 0.21 0.054490 20000 1.000000
241.789000 33.876300 -10.631 4.497 0.177 0.215 0.117834 20000 1.000000
240.987000 34.806400 -12.1 2.924 0.182 0.243 -0.076673 20000 1.000000
243.664000 34.829500 -6.765 -3.677 0.18 0.212 0.039223 20000 1.000000
242.035000 34.244000 -13.394 4.059 0.197 0.25 -0.073654 20000 1.000000
237.881000 37.724100 -10.412 2.524 0.201 0.25 0.027892 20000 1.000000
241.974000 34.333400 -11.954 2.603 0.196 0.229 0.115437 20000 1.000000
242.172000 34.640500 -10.046 -0.483 0.261 0.321 0.080184 20000 1.000000
241.063000 34.109600 -13.813 5.153 0.18 0.228 0.092576 20000 1.000000
241.873000 34.136700 -13.4 3.287 0.165 0.202 0.039313 20000 1.000000
242.521000 34.313800 -11.31 1.107 0.189 0.226 0.167149 20000 1.000000
242.291000 34.109900 -9.588 3.681 0.18 0.215 0.022105 20000 1.000000
245.126000 40.558400 -5.811 -3.742 0.177 0.217 0.101362 20000 1.000000
240.120000 34.414900 -14.681 4.904 0.17 0.207 0.015451 20000 1.000000
242.427000 35.071700 -8.072 0.043 0.171 0.207 0.105673 20000 1.000000
239.249000 35.791600 -14.048 6.387 0.17 0.208 0.035720 20000 1.000000
244.265000 33.069800 -9.5 -0.017 0.174 0.208 0.046317 20000 1.000000
240.961000 34.168400 -14.171 5.338 0.166 0.202 0.066364 20000 1.000000
241.743000 33.861500 -14.141 4.879 0.168 0.205 0.046866 20000 1.000000
241.476000 34.253600 -13.044 5.071 0.175 0.217 0.076411 20000 1.000000
240.629000 34.408100 -14.539 4.369 0.189 0.232 0.026090 20000 1.000000
241.387000 34.516500 -13.062 2.451 0.171 0.206 0.038218 20000 1.000000
243.630000 34.124100 -6.876 -1.728 0.178 0.213 0.009743 20000 1.000000
242.098000 34.082000 -14.883 4.518 0.175 0.214 -0.008853 20000 1.000000
244.212000 33.389800 -8.818 -2.57 0.188 0.225 0.053956 20000 1.000000
242.140000 34.413400 -11.639 1.047 0.168 0.217 0.046484 20000 1.000000
242.588000 33.647700 -12.904 3.883 0.163 0.197 0.052569 20000 1.000000
241.170000 34.946200 -10.733 -0.863 0.172 0.213 0.049085 20000 1.000000
245.061000 39.345200 -6.946 -4.503 0.174 0.22 0.051260 20000 1.000000
244.183000 40.914700 -7.498 -3.767 0.16 0.212 0.056766 20000 1.000000
241.574000 34.703100 -10.32 2.813 0.171 0.21 0.046128 20000 1.000000
242.474000 34.104200 -12.057 2.544 0.186 0.232 0.072871 20000 1.000000
239.991000 34.733000 -14.198 5.877 0.167 0.202 0.075992 20000 1.000000
243.064000 34.093600 -10.142 -0.076 0.196 0.295 0.134141 20000 1.000000
241.116000 34.356300 -14.46 5.346 0.167 0.201 0.053089 20000 1.000000
246.195000 39.369400 -6.573 -3.832 0.169 0.212 0.047144 20000 1.000000
241.107000 34.800200 -12.419 1.606 0.193 0.234 0.032337 20000 1.000000
240.644000 40.416500 -7.372 -4.107 0.166 0.218 0.012335 20000 1.000000
240.136000 35.189400 -12.995 3.794 0.17 0.212 0.044588 20000 1.000000
244.479000 33.274800 -6.591 -4.655 0.173 0.206 0.052303 20000 1.000000
245.173000 33.051100 -4.551 -4.179 0.211 0.237 -0.043010 20000 1.000000
244.340000 34.784000 -6.989 -3.915 0.189 0.234 0.048359 20000 1.000000
245.810000 34.308600 -6.18 -3.984 0.171 0.204 0.062991 20000 1.000000
243.111000 35.425200 -6.473 -3.8 0.168 0.208 0.041925 20000 1.000000
245.820000 40.640200 -7.302 -4.04 0.164 0.212 0.069360 20000 1.000000
239.584000 36.399000 -7.998 -0.489 0.205 0.249 0.033661 20000 1.000000
241.887000 34.047400 -13.984 3.551 0.171 0.208 0.062728 20000 1.000000
243.570000 34.754800 -7.367 -3.372 0.168 0.204 0.072115 20000 1.000000
238.530000 40.815900 -9.105 -4.488 0.163 0.216 0.036495 20000 1.000000
244.365000 33.705000 -6.536 -4.521 0.186 0.233 0.028136 20000 1.000000
239.520000 35.866700 -12.611 6.046 0.195 0.254 0.074714 20000 1.000000
242.155000 34.458200 -10.602 -0.347 0.176 0.213 0.036748 20000 1.000000
239.598000 35.880800 -10.281 1.442 0.177 0.217 0.138357 20000 1.000000
240.812000 34.441200 -15.094 3.013 0.179 0.219 0.041379 20000 1.000000
244.089000 34.727300 -6.222 -4.187 0.169 0.208 0.070525 20000 1.000000
243.779000 33.796800 -8.926 -1.572 0.173 0.214 0.086645 20000 1.000000
244.855000 34.157600 -6.22 -4.22 0.168 0.205 0.089729 20000 1.000000
241.526000 35.662300 -8.796 -0.559 0.181 0.227 0.013748 20000 1.000000
240.992000 34.398500 -14.392 3.382 0.178 0.216 0.062314 20000 1.000000
243.827000 33.925400 -7.288 -1.374 0.183 0.219 0.052295 20000 1.000000
242.165000 34.485500 -9.605 -0.386 0.168 0.205 0.041364 20000 1.000000
243.060000 35.090200 -6.989 -1.379 0.168 0.204 0.057414 20000 1.000000
242.246000 34.133300 -12.717 3.175 0.17 0.204 0.073421 20000 1.000000
239.406000 35.828700 -13.599 5.484 0.171 0.214 0.071768 20000 1.000000
240.896000 34.733600 -13.474 1.524 0.167 0.209 0.043018 20000 1.000000
239.557000 35.832600 -12.452 4.821 0.167 0.207 0.057523 20000 1.000000
242.563000 33.856800 -12.962 3.002 0.167 0.201 0.043614 20000 1.000000
238.778000 42.418300 -6.102 -2.552 0.226 0.3 -0.002476 20000 1.000000
239.241000 36.186900 -7.603 1.416 0.169 0.208 0.106597 20000 1.000000
239.233000 36.180500 -14.284 6.667 0.168 0.207 0.054980 20000 1.000000
239.649000 34.038300 -15.255 6.445 0.17 0.207 -0.004932 20000 1.000000
243.904000 40.148400 -6.419 -4.073 0.169 0.22 -0.013751 20000 1.000000
242.682000 33.918400 -12.322 3.237 0.168 0.201 0.064032 20000 1.000000
239.566000 35.969500 -10.126 0.416 0.172 0.205 0.004191 20000 1.000000
244.588000 40.710700 -6.883 -4.297 0.167 0.228 0.041475 20000 1.000000
241.122000 34.295500 -14.085 4.784 0.187 0.221 0.028692 20000 1.000000
242.118000 34.175200 -12.892 2.84 0.232 0.259 -0.258661 20000 1.000000
242.790000 34.230800 -10.18 1.582 0.225 0.243 0.231982 20000 1.000000
245.381000 34.767700 -5.985 -4.081 0.181 0.219 0.049429 20000 1.000000
242.491000 39.685600 -6.453 -3.955 0.17 0.218 0.047163 20000 1.000000
240.859000 34.498700 -14.064 3.597 0.165 0.201 0.047823 20000 1.000000
243.932000 34.141000 -7.153 -3.544 0.168 0.202 0.078415 20000 1.000000
244.082000 34.369900 -5.861 -3.311 0.169 0.206 0.012143 20000 1.000000
243.695000 34.427700 -6.518 -1.84 0.172 0.211 0.008516 20000 1.000000
243.708000 34.533000 -6.828 -2.484 0.174 0.208 0.031848 20000 1.000000
243.185000 34.674900 -7.788 -1.076 0.165 0.202 0.067802 20000 1.000000
241.793000 34.128800 -13.642 3.332 0.166 0.202 0.046174 20000 1.000000
240.647000 34.683400 -13.539 3.106 0.192 0.237 0.004816 20000 1.000000
242.814000 39.521100 -7.03 -3.763 0.168 0.214 0.064980 20000 1.000000
245.995000 32.722500 -3.986 -4.408 0.173 0.204 0.104215 20000 1.000000
244.721000 39.910200 -6.289 -4.295 0.182 0.225 0.038325 20000 1.000000
245.543000 36.154200 -5.696 -4.676 0.167 0.204 0.055101 20000 1.000000
245.180000 41.724200 -7.032 -3.943 0.165 0.217 0.024902 20000 1.000000
242.670000 41.428700 -6.827 -3.952 0.163 0.217 0.069732 20000 1.000000
242.935000 42.981700 -6.176 -3.882 0.161 0.22 0.032966 20000 1.000000
235.925000 40.876300 -3.832 0.719 0.215 0.267 0.089609 20000 1.000000
236.274000 38.928300 -12.049 8.001 0.163 0.21 0.013657 20000 1.000000
237.585000 40.997600 -6.67 -3.122 0.187 0.259 -0.049220 20000 1.000000
235.986000 42.967400 -4.106 -1.742 0.167 0.231 0.075220 20000 1.000000
243.830000 32.616500 -15.993 4.168 0.165 0.197 0.042875 20000 1.000000
238.997000 35.551800 -13.878 7.693 0.165 0.206 0.059744 20000 1.000000
242.015000 39.305600 -7.004 -4.176 0.169 0.221 0.027010 20000 1.000000
242.395000 39.287900 -7.378 -3.678 0.168 0.213 0.051997 20000 1.000000
243.576000 39.500500 -6.734 -4.224 0.162 0.215 0.069794 20000 1.000000
243.950000 39.546400 -7.057 -5.201 0.167 0.211 0.083538 20000 1.000000
244.111000 39.374200 -6.491 -4.123 0.163 0.21 0.073690 20000 1.000000
244.487000 39.536100 -6.952 -4.072 0.164 0.213 0.053337 20000 1.000000
244.568000 39.388600 -6.497 -3.967 0.159 0.206 0.056834 20000 1.000000
242.120000 40.433400 -7.397 -3.704 0.165 0.215 0.086471 20000 1.000000
245.308000 39.255200 -6.54 -3.432 0.167 0.211 0.106108 20000 1.000000
245.723000 39.119400 -6.595 -4.878 0.169 0.22 0.067732 20000 1.000000
246.129000 39.067300 -6.798 -3.729 0.164 0.211 0.042734 20000 1.000000
246.495000 39.268900 -6.308 -4.233 0.162 0.213 0.066987 20000 1.000000
242.532000 40.320600 -7.659 -3.692 0.17 0.218 0.016426 20000 1.000000
246.946000 40.494000 -6.205 -3.717 0.162 0.213 0.075110 20000 1.000000
243.264000 40.495500 -6.195 -4.593 0.172 0.221 0.013744 20000 1.000000
243.721000 40.363200 -6.778 -4.278 0.162 0.212 0.073009 20000 1.000000
240.200000 39.572800 -8.961 -2.794 0.164 0.213 0.049027 20000 1.000000
242.469000 36.614300 -6.857 -3.587 0.163 0.202 0.050201 20000 1.000000
242.593000 36.804200 -7.26 -2.915 0.16 0.2 0.055193 20000 1.000000
242.006000 36.606000 -8.993 -2.687 0.175 0.212 0.151292 20000 1.000000
242.296000 37.200800 -6.874 -3.163 0.164 0.207 0.057694 20000 1.000000
240.463000 39.698400 -9.295 -3.782 0.172 0.223 0.059741 20000 1.000000
240.694000 39.795600 -7.638 -3.386 0.175 0.235 0.114634 20000 1.000000
241.126000 39.838800 -8.021 -4.084 0.171 0.218 0.031674 20000 1.000000
241.316000 39.888900 -8.093 -3.639 0.167 0.217 0.041447 20000 1.000000
241.841000 39.212300 -7.062 -3.34 0.162 0.21 0.064015 20000 1.000000
246.706000 41.856800 -6.964 -3.622 0.172 0.227 0.096336 20000 1.000000
246.958000 39.345100 -6.242 -3.802 0.167 0.211 0.053838 20000 1.000000
246.988000 41.817300 -6.98 -4.068 0.163 0.215 0.053317 20000 1.000000
246.722000 40.671300 -6.694 -3.919 0.167 0.218 0.058793 20000 1.000000
240.400000 39.499200 -9.12 -2.947 0.181 0.224 0.097844 20000 1.000000
240.931000 39.486100 -8.1 -3.285 0.166 0.215 0.058113 20000 1.000000
241.550000 39.133900 -7.501 -3.673 0.165 0.216 0.050611 20000 1.000000
241.062000 39.268000 -8.185 -3.438 0.168 0.217 0.042297 20000 1.000000
241.649000 39.454700 -7.087 -3.789 0.167 0.217 0.088507 20000 1.000000
241.995000 38.728800 -7.341 -3.315 0.168 0.213 0.068312 20000 1.000000
241.540000 38.724600 -7.828 -3.821 0.165 0.214 0.057621 20000 1.000000
241.070000 38.980900 -8.535 -3.279 0.16 0.211 0.057445 20000 1.000000
240.985000 38.704600 -7.842 -3.244 0.171 0.219 -0.015131 20000 1.000000
240.541000 38.761400 -8.272 -2.842 0.171 0.214 -0.017168 20000 1.000000
240.523000 40.779800 -8.679 -4.119 0.181 0.227 0.137155 20000 1.000000
240.990000 40.242200 -8.855 -3.3 0.183 0.221 -0.011403 20000 1.000000
240.278000 39.908200 -9.605 -3.646 0.168 0.218 0.111666 20000 1.000000
239.307000 38.829200 -8.939 -1.59 0.187 0.219 0.158880 20000 1.000000
239.614000 39.046600 -9.084 -1.607 0.186 0.232 -0.021228 20000 1.000000
240.189000 39.123500 -10.575 -1.925 0.167 0.217 -0.006190 20000 1.000000
239.107000 39.466700 -8.557 -2.295 0.18 0.223 0.145977 20000 1.000000
240.376000 41.357700 -7.589 -3.74 0.164 0.219 0.038992 20000 1.000000
239.716000 39.937400 -8.593 -2.962 0.158 0.207 0.044937 20000 1.000000
239.194000 40.418600 -9.409 -3.215 0.169 0.213 0.032164 20000 1.000000
239.923000 40.288900 -8.673 -3.139 0.165 0.216 0.067172 20000 1.000000
235.692000 40.247500 -10.867 6.404 0.232 0.299 0.019644 20000 1.000000
235.867000 40.551300 -5.033 1.484 0.164 0.216 0.031811 20000 1.000000
235.787000 40.637400 -4.393 2.008 0.183 0.238 0.023125 20000 1.000000
235.943000 40.219600 -9.798 1.068 0.167 0.22 0.051207 20000 1.000000
236.307000 40.119300 -11.316 -0.39 0.175 0.234 0.100638 20000 1.000000
238.207000 36.485500 -14.918 6.272 0.16 0.201 0.044300 20000 1.000000
238.710000 35.945700 -14.37 6.684 0.167 0.209 0.092866 20000 1.000000
238.949000 36.302100 -14.278 6.859 0.163 0.205 0.040204 20000 1.000000
238.865000 36.425900 -14 7.05 0.166 0.208 0.073312 20000 1.000000
237.668000 37.534500 -12.543 4.576 0.191 0.221 -0.036981 20000 1.000000
237.623000 37.914500 -11.266 2.909 0.169 0.216 0.056455 20000 1.000000
236.819000 38.495000 -11.606 5.636 0.165 0.215 -0.019372 20000 1.000000
236.291000 39.117200 -12.921 4.521 0.186 0.239 0.024944 20000 1.000000
236.652000 38.987400 -11.371 4.343 0.174 0.219 0.125490 20000 1.000000
236.796000 39.242000 -10.038 0.926 0.164 0.214 0.057299 20000 1.000000
236.368000 42.275400 -4.401 -2.762 0.17 0.228 0.040442 20000 1.000000
236.895000 39.319700 -10.582 -0.12 0.169 0.218 0.063516 20000 1.000000
237.041000 38.664700 -10.863 4.459 0.182 0.254 0.084045 20000 1.000000
237.233000 38.428600 -9.616 4.716 0.165 0.213 0.065635 20000 1.000000
237.548000 38.239800 -10.106 1.539 0.165 0.212 0.046516 20000 1.000000
237.083000 38.866100 -9.705 1.374 0.159 0.206 0.035581 20000 1.000000
237.037000 39.398100 -8.433 -2.58 0.189 0.24 -0.002697 20000 1.000000
237.424000 38.777800 -8.082 1.231 0.173 0.232 0.038143 20000 1.000000
237.281000 39.260000 -9.646 1.162 0.163 0.21 0.074564 20000 1.000000
237.696000 39.109300 -8.646 -1.963 0.168 0.216 0.037245 20000 1.000000
237.873000 37.069200 -14.59 7.844 0.19 0.237 0.195493 20000 1.000000
238.137000 36.962000 -13.804 6.004 0.185 0.218 0.010249 20000 1.000000
238.009000 37.201700 -12.257 4.2 0.192 0.235 -0.015944 20000 1.000000
238.203000 37.001000 -13.185 5.462 0.249 0.279 0.170594 20000 1.000000
238.274000 37.002400 -12.254 4.341 0.175 0.228 0.060508 20000 1.000000
238.349000 37.104500 -11.428 3.361 0.192 0.233 -0.051741 20000 1.000000
238.286000 37.203500 -11.683 2.948 0.17 0.211 0.097375 20000 1.000000
237.786000 37.329900 -11.334 6.606 0.163 0.206 0.059090 20000 1.000000
237.901000 37.336900 -12.667 4.516 0.186 0.248 0.027841 20000 1.000000
237.900000 37.722000 -10.213 2.124 0.163 0.206 0.038561 20000 1.000000
237.781000 37.863900 -7.589 2.396 0.164 0.21 -0.008783 20000 1.000000
237.942000 37.713900 -9.996 1.674 0.175 0.22 0.001716 20000 1.000000
238.174000 37.336800 -9.941 3.654 0.167 0.215 0.055401 20000 1.000000
238.210000 37.533000 -8.503 0.495 0.164 0.208 0.051074 20000 1.000000
238.313000 37.601800 -9.271 -0.888 0.17 0.211 0.097343 20000 1.000000
238.022000 37.749400 -10.079 0.792 0.163 0.206 0.041263 20000 1.000000
238.214000 37.819000 -8.825 -0.841 0.168 0.211 0.040148 20000 1.000000
238.095000 36.621700 -14.416 6.903 0.164 0.207 0.036114 20000 1.000000
238.421000 36.724000 -13.899 6.128 0.163 0.206 0.032997 20000 1.000000
238.580000 36.800400 -11.271 3.379 0.163 0.204 0.035148 20000 1.000000
238.409000 36.858500 -14.188 5.551 0.163 0.206 0.033696 20000 1.000000
238.459000 36.814300 -13.987 6.813 0.17 0.209 0.060625 20000 1.000000
238.445000 36.903500 -12.167 3.74 0.167 0.206 0.024579 20000 1.000000
238.613000 36.637000 -13.774 6.684 0.172 0.216 -0.002486 20000 1.000000
238.458000 37.007800 -11.81 2.364 0.163 0.207 0.049968 20000 1.000000
238.426000 37.213000 -9.979 -0.952 0.165 0.206 0.046323 20000 1.000000
238.665000 36.918200 -9.394 -0.533 0.162 0.204 0.049973 20000 1.000000
238.645000 37.010800 -8.345 -0.864 0.175 0.221 0.005409 20000 1.000000
240.294000 37.713100 -8.329 -1.688 0.17 0.216 0.030664 20000 1.000000
238.812000 36.559500 -14.728 6.066 0.161 0.202 0.039237 20000 1.000000
238.131000 37.975600 -8.57 -1.226 0.163 0.208 0.057940 20000 1.000000
238.936000 36.611600 -8.85 -1.746 0.16 0.201 0.042933 20000 1.000000
238.732000 36.950000 -8.771 -0.395 0.171 0.213 0.069069 20000 1.000000
238.652000 36.811400 -9.119 0.31 0.164 0.206 0.042471 20000 1.000000
238.942000 37.169600 -8.758 -1.265 0.169 0.212 0.058337 20000 1.000000
238.347000 37.478400 -8.341 -1.039 0.176 0.224 0.044435 20000 1.000000
238.531000 37.489600 -8.424 -1.899 0.16 0.204 0.036029 20000 1.000000
238.675000 37.581900 -8.517 -1.766 0.165 0.212 0.030620 20000 1.000000
238.395000 37.932000 -7.91 -1.277 0.164 0.209 0.042056 20000 1.000000
238.536000 37.755300 -9.34 -1.256 0.166 0.209 0.052861 20000 1.000000
238.717000 37.385400 -8.316 -0.994 0.172 0.223 0.058304 20000 1.000000
237.782000 38.153000 -8.732 -0.555 0.161 0.207 0.024221 20000 1.000000
237.904000 38.025100 -8.623 0.565 0.165 0.213 -0.006764 20000 1.000000
237.805000 38.444200 -8.701 -0.659 0.172 0.231 0.070042 20000 1.000000
237.645000 38.999500 -7.739 -1.586 0.201 0.227 0.143420 20000 1.000000
238.905000 38.645300 -9.049 -1.45 0.161 0.207 0.043199 20000 1.000000
239.652000 35.544100 -12.186 5.302 0.168 0.206 0.046408 20000 1.000000
239.611000 35.841100 -12.939 3.873 0.17 0.21 0.023851 20000 1.000000
239.655000 35.837800 -10.548 1.548 0.168 0.211 0.035700 20000 1.000000
239.715000 35.806700 -9.767 1.329 0.175 0.217 0.048464 20000 1.000000
239.093000 35.933300 -14.192 5.528 0.162 0.203 0.042620 20000 1.000000
239.019000 36.417200 -9.058 0.131 0.164 0.208 0.054829 20000 1.000000
239.147000 36.515900 -9.224 -1.187 0.17 0.215 0.021599 20000 1.000000
239.302000 36.024800 -13.238 6.29 0.163 0.209 0.040374 20000 1.000000
239.121000 36.140200 -13.329 6.191 0.164 0.203 0.045935 20000 1.000000
239.251000 36.106800 -14.079 6.156 0.16 0.2 0.047691 20000 1.000000
239.272000 36.178900 -8.074 -0.783 0.161 0.201 0.045593 20000 1.000000
239.355000 35.922800 -13.648 5.982 0.162 0.202 0.039279 20000 1.000000
239.525000 36.007500 -11.811 1.428 0.177 0.213 0.053565 20000 1.000000
239.457000 36.089400 -10.542 -0.025 0.161 0.202 0.044520 20000 1.000000
239.560000 36.123200 -8.294 0.386 0.161 0.202 0.045699 20000 1.000000
239.158000 35.697100 -13.264 6.36 0.168 0.203 0.089470 20000 1.000000
239.637000 36.051700 -8.316 0.318 0.165 0.202 0.045435 20000 1.000000
239.448000 35.974100 -13.306 5.511 0.181 0.215 -0.002998 20000 1.000000
239.706000 36.015800 -8.685 -0.176 0.164 0.204 0.035697 20000 1.000000
239.723000 36.304400 -8.01 -0.928 0.165 0.205 0.050366 20000 1.000000
239.257000 36.806300 -8.005 -1.155 0.163 0.206 0.045274 20000 1.000000
239.803000 37.352200 -8.29 -1.193 0.169 0.214 0.029556 20000 1.000000
239.356000 37.795200 -8.178 -1.07 0.173 0.214 0.051740 20000 1.000000
240.160000 37.901100 -8.498 -0.811 0.181 0.219 -0.041063 20000 1.000000
239.049000 38.090000 -8.474 -1.315 0.165 0.211 0.041268 20000 1.000000
239.666000 38.735600 -9.362 -2.232 0.175 0.212 0.065238 20000 1.000000
241.480000 37.177600 -8.377 -4.137 0.161 0.204 0.047289 20000 1.000000
236.283000 39.863600 -11.635 2.738 0.198 0.256 -0.028379 20000 1.000000
236.448000 39.905700 -9.362 0.367 0.183 0.252 0.007138 20000 1.000000
236.628000 39.452400 -10.126 -0.175 0.163 0.211 0.038727 20000 1.000000
236.705000 39.707100 -11.109 -2.72 0.172 0.223 -0.040050 20000 1.000000
236.813000 39.492800 -11.014 -0.394 0.18 0.253 0.068679 20000 1.000000
236.817000 39.962100 -9.929 -3.794 0.161 0.213 -0.005121 20000 1.000000
236.344000 40.256800 -8.862 -0.307 0.163 0.218 0.055959 20000 1.000000
236.117000 41.151700 -3.461 -1.625 0.164 0.217 0.057843 20000 1.000000
236.301000 40.575300 -7.512 -2.276 0.172 0.226 0.090085 20000 1.000000
236.427000 40.478900 -7.024 -1.509 0.197 0.26 0.258267 20000 1.000000
236.548000 40.082200 -9.486 -1.478 0.16 0.21 0.047484 20000 1.000000
236.864000 40.324100 -9.774 -1.425 0.159 0.211 0.033065 20000 1.000000
236.676000 40.732900 -6.67 -1.133 0.16 0.212 0.011765 20000 1.000000
236.826000 40.546700 -8.275 -0.538 0.172 0.229 0.021049 20000 1.000000
237.024000 39.621400 -8.181 -1.602 0.172 0.215 0.087810 20000 1.000000
237.264000 39.493600 -7.744 -2.021 0.162 0.211 0.014693 20000 1.000000
237.126000 39.726200 -8.618 -2.694 0.166 0.218 0.098638 20000 1.000000
237.077000 40.747600 -7.775 -1.071 0.168 0.22 0.028822 20000 1.000000
237.332000 40.034100 -8.672 -3.086 0.164 0.213 0.028860 20000 1.000000
237.393000 40.650700 -8.33 -3.312 0.168 0.226 0.000222 20000 1.000000
236.666000 40.887100 -4.414 -0.436 0.245 0.326 0.038504 20000 1.000000
237.729000 40.271200 -9.018 -2.224 0.17 0.222 -0.020044 20000 1.000000
239.132000 39.794700 -8.825 -2.349 0.162 0.216 0.013948 20000 1.000000
239.052000 41.183300 -7.81 -3.486 0.163 0.219 0.026028 20000 1.000000
237.681000 40.731100 -8.734 -1.532 0.196 0.239 0.065402 20000 1.000000
235.774000 42.209100 -0.784 -2.25 0.165 0.215 0.026328 20000 1.000000
235.946000 42.860100 -3.599 -2.374 0.186 0.246 0.116346 20000 1.000000
236.617000 42.503500 -5.172 -1.653 0.164 0.221 0.043478 20000 1.000000
237.344000 42.191000 -5.043 -2.692 0.166 0.224 0.007402 20000 1.000000
238.220000 42.259700 -7.729 -3.1 0.164 0.216 0.038266 20000 1.000000
239.622000 42.468800 -6.935 -4.952 0.167 0.229 -0.008953 20000 1.000000
241.588000 42.254600 -6.223 -3.991 0.159 0.215 0.039401 20000 1.000000
243.371000 36.071300 -6.55 -4.952 0.174 0.22 0.122205 20000 1.000000
242.835000 36.022500 -6.958 -2.762 0.172 0.206 0.041286 20000 1.000000
242.590000 36.159000 -7.578 -2.785 0.174 0.218 0.091056 20000 1.000000
241.868000 36.466800 -10.323 0.346 0.182 0.233 -0.146305 20000 1.000000
242.211000 36.531200 -7.495 -1.967 0.16 0.203 0.051632 20000 1.000000
241.909000 36.570200 -9.934 -2.401 0.183 0.215 -0.001552 20000 1.000000
241.882000 36.975700 -8.563 -2.188 0.16 0.202 0.051168 20000 1.000000
242.064000 37.231400 -8.099 -3.315 0.168 0.208 0.100319 20000 1.000000
242.606000 34.462400 -9.952 0.639 0.174 0.207 0.047214 20000 1.000000
242.459000 33.562100 -13.973 4.362 0.165 0.2 0.084156 20000 1.000000
242.895000 32.889200 -14.588 4.209 0.17 0.201 0.037838 20000 1.000000
243.050000 32.733800 -14.927 4.173 0.163 0.194 0.047069 20000 1.000000
242.756000 32.666400 -15.074 4.847 0.18 0.206 0.147251 20000 1.000000
242.810000 33.439600 -14.289 5.083 0.164 0.198 0.059166 20000 1.000000
242.928000 33.235700 -13.928 3.91 0.174 0.203 0.113063 20000 1.000000
243.217000 33.493300 -12.874 3.263 0.165 0.198 0.046828 20000 1.000000
243.651000 32.976000 -14.189 4.159 0.168 0.201 0.059431 20000 1.000000
243.989000 32.822200 -13.612 3.215 0.168 0.2 0.012429 20000 1.000000
243.329000 33.240200 -13.397 3.627 0.174 0.206 0.058283 20000 1.000000
243.431000 33.059200 -13.432 3.834 0.164 0.195 0.042658 20000 1.000000
243.379000 33.375600 -12.425 2.661 0.169 0.203 0.094620 20000 1.000000
243.591000 33.210200 -13.018 2.818 0.178 0.214 0.051819 20000 1.000000
243.817000 33.213500 -12.082 1.518 0.166 0.198 0.054006 20000 1.000000
243.921000 33.201000 -11.539 0.804 0.166 0.2 0.050154 20000 1.000000
243.888000 33.296200 -10.26 0.269 0.169 0.204 -0.004137 20000 1.000000
243.574000 33.523500 -10.564 1.208 0.178 0.206 0.133001 20000 1.000000
243.773000 33.574700 -10.054 0.282 0.171 0.212 0.074839 20000 1.000000
244.031000 32.887000 -12.75 2.952 0.168 0.202 0.043281 20000 1.000000
244.175000 32.954700 -11.914 1.616 0.166 0.197 0.050154 20000 1.000000
244.268000 32.759700 -12.226 1.637 0.174 0.211 0.068042 20000 1.000000
244.404000 32.750600 -11.151 0.62 0.175 0.204 0.036677 20000 1.000000
244.423000 32.834700 -9.26 0.01 0.172 0.205 0.049164 20000 1.000000
244.430000 32.898400 -8.817 -0.402 0.176 0.207 0.076948 20000 1.000000
244.700000 32.690000 -5.484 -4.177 0.165 0.197 0.051373 20000 1.000000
244.602000 32.875800 -6.328 -4.458 0.174 0.207 0.076319 20000 1.000000
244.578000 32.982500 -5.326 -5.383 0.173 0.21 0.094621 20000 1.000000
244.280000 32.948900 -10.88 0.508 0.171 0.203 0.047233 20000 1.000000
244.234000 33.516400 -7.634 -4.466 0.174 0.208 0.121230 20000 1.000000
244.313000 33.423900 -7.736 -4.988 0.173 0.207 0.100225 20000 1.000000
244.571000 33.247800 -6.176 -4.904 0.171 0.204 0.044647 20000 1.000000
244.657000 33.143600 -5.459 -5.661 0.171 0.204 0.009137 20000 1.000000
244.704000 33.886900 -6.413 -4.361 0.174 0.204 0.063708 20000 1.000000
240.305000 37.562600 -10.396 -2.899 0.181 0.214 0.159996 20000 1.000000
239.350000 34.907300 -14.59 7.055 0.161 0.198 0.047109 20000 1.000000
239.590000 35.010700 -14.096 6.574 0.167 0.205 0.049059 20000 1.000000
239.760000 34.870600 -15.544 6.056 0.164 0.201 0.063775 20000 1.000000
239.617000 35.106200 -14.171 5.927 0.172 0.209 0.134649 20000 1.000000
241.822000 34.376400 -12.467 3.272 0.165 0.203 0.057859 20000 1.000000
239.925000 35.020000 -14.809 4.881 0.163 0.2 0.046352 20000 1.000000
240.208000 34.507800 -15.481 5.536 0.169 0.2 0.042097 20000 1.000000
240.384000 34.630500 -14.812 3.281 0.162 0.199 0.040724 20000 1.000000
240.185000 34.888600 -14.322 4.947 0.163 0.202 0.037922 20000 1.000000
240.464000 35.086600 -11.178 1.862 0.164 0.205 0.047025 20000 1.000000
239.192000 35.425800 -14.292 7.273 0.163 0.201 0.033818 20000 1.000000
239.455000 35.327800 -13.853 6.009 0.167 0.208 0.101655 20000 1.000000
239.646000 35.440500 -13.584 5.284 0.165 0.203 0.042100 20000 1.000000
239.520000 35.624800 -13.407 6.449 0.163 0.202 0.054061 20000 1.000000
239.463000 35.792700 -13.271 5.314 0.164 0.206 0.065864 20000 1.000000
239.733000 35.633800 -12.137 4.529 0.168 0.204 0.075382 20000 1.000000
239.629000 35.747900 -11.817 4.933 0.174 0.215 0.054718 20000 1.000000
237.762000 37.061200 -13.769 6.497 0.164 0.208 0.061970 20000 1.000000
239.899000 35.235100 -14.015 4.456 0.187 0.218 0.105268 20000 1.000000
239.975000 35.279800 -12.817 4.838 0.169 0.21 0.025410 20000 1.000000
240.065000 35.316800 -12.428 3.115 0.168 0.209 0.064416 20000 1.000000
239.887000 35.534200 -12.241 1.805 0.195 0.236 0.060855 20000 1.000000
239.818000 35.702700 -10.472 2.1 0.163 0.201 0.052133 20000 1.000000
239.869000 35.801300 -9.085 0.963 0.171 0.206 0.059042 20000 1.000000
239.999000 35.686700 -9.471 0.883 0.168 0.205 0.001298 20000 1.000000
239.707000 35.688900 -12.71 4.791 0.162 0.201 0.043937 20000 1.000000
240.287000 35.319000 -11.082 1.449 0.18 0.223 0.040945 20000 1.000000
240.091000 35.934700 -8.276 0 0.164 0.202 0.050511 20000 1.000000
240.496000 34.466800 -14.502 3.823 0.161 0.197 0.052215 20000 1.000000
240.674000 34.599600 -14.594 3.26 0.172 0.213 0.140684 20000 1.000000
240.885000 34.660100 -13.589 2.73 0.173 0.208 0.122352 20000 1.000000
240.845000 34.856200 -12.745 0.742 0.234 0.344 -0.031023 20000 1.000000
239.755000 35.686700 -12.216 3.804 0.165 0.202 0.035719 20000 1.000000
241.121000 34.835100 -11.761 1.045 0.164 0.2 0.064361 20000 1.000000
241.152000 34.792300 -11.471 3.087 0.169 0.212 0.055721 20000 1.000000
241.331000 34.695000 -11.471 1.144 0.172 0.211 0.129248 20000 1.000000
241.454000 34.771100 -11.465 1.725 0.164 0.202 0.049723 20000 1.000000
241.344000 34.944400 -10.734 0.603 0.17 0.209 0.020203 20000 1.000000
241.388000 35.138600 -9.654 -0.401 0.164 0.201 0.031115 20000 1.000000
241.382000 34.838900 -9.89 1.521 0.171 0.209 0.061772 20000 1.000000
241.459000 34.821800 -10.204 1.177 0.174 0.211 0.076517 20000 1.000000
241.811000 34.982100 -8.281 0.002 0.164 0.203 0.038689 20000 1.000000
241.876000 35.378000 -8.756 -1.088 0.164 0.201 0.042752 20000 1.000000
241.740000 35.667300 -9.765 -0.994 0.17 0.204 0.051937 20000 1.000000
241.233000 36.231400 -8.411 -0.754 0.171 0.208 0.107617 20000 1.000000
241.045000 36.585500 -8.32 -1.318 0.162 0.203 0.046116 20000 1.000000
241.740000 36.093100 -8.972 -1.531 0.166 0.205 0.042251 20000 1.000000
241.994000 35.038800 -8.421 0.165 0.164 0.201 0.060135 20000 1.000000
242.271000 34.509700 -9.989 0.985 0.165 0.201 0.046733 20000 1.000000
242.451000 34.634300 -9.212 0.282 0.166 0.202 0.053976 20000 1.000000
242.457000 34.987000 -8.007 -0.274 0.167 0.204 0.094394 20000 1.000000
243.048000 33.892600 -10.991 1.475 0.163 0.197 0.052760 20000 1.000000
243.454000 34.019300 -8.638 0.064 0.164 0.198 0.050825 20000 1.000000
242.719000 34.534800 -9.821 -0.1 0.188 0.209 -0.040485 20000 1.000000
241.969000 34.332200 -12.88 1.651 0.166 0.202 0.074704 20000 1.000000
242.635000 35.116800 -7.861 -1.02 0.166 0.203 0.043960 20000 1.000000
241.983000 35.152400 -8.39 -0.484 0.165 0.203 0.059630 20000 1.000000
242.697000 35.238500 -7.49 -1.344 0.166 0.204 0.056930 20000 1.000000
242.795000 35.387900 -6.77 -1.766 0.161 0.199 0.061124 20000 1.000000
242.610000 35.896700 -7.529 -3.082 0.179 0.222 0.041631 20000 1.000000
242.597000 35.697600 -7.533 -1.56 0.163 0.202 0.049783 20000 1.000000
243.111000 35.998200 -6.91 -2.161 0.171 0.205 0.052346 20000 1.000000
243.112000 35.710600 -6.352 -3.561 0.162 0.202 0.060468 20000 1.000000
243.290000 34.192500 -8.337 -0.234 0.169 0.202 0.033804 20000 1.000000
243.463000 34.217200 -8.162 -1.053 0.167 0.2 0.063684 20000 1.000000
243.788000 33.865800 -9.017 -2.197 0.164 0.198 0.066026 20000 1.000000
243.920000 33.959300 -6.999 -2.886 0.166 0.199 0.052182 20000 1.000000
239.772000 35.729200 -9.944 2.094 0.165 0.203 0.064632 20000 1.000000
243.971000 34.716900 -6.584 -4.367 0.17 0.204 0.022536 20000 1.000000
243.329000 34.936800 -7.102 -3.134 0.166 0.204 0.060700 20000 1.000000
242.063000 34.341100 -12.333 2.09 0.176 0.215 0.027398 20000 1.000000
243.120000 34.462100 -8.446 -0.303 0.164 0.2 0.053722 20000 1.000000
244.179000 33.741000 -7.228 -3.453 0.172 0.208 0.050641 20000 1.000000
243.107000 34.062700 -9.358 0.532 0.182 0.219 0.010312 20000 1.000000
244.236000 34.425700 -5.74 -4.271 0.207 0.222 0.088512 20000 1.000000
244.350000 35.204800 -6.554 -4.683 0.17 0.205 0.024487 20000 1.000000
242.685000 34.187400 -12.246 -1.605 0.168 0.204 0.103892 20000 1.000000
242.950000 34.196200 -7.184 3.306 0.2 0.21 0.132479 20000 1.000000
244.750000 34.731800 -5.706 -4.242 0.201 0.255 0.129948 20000 1.000000
243.237000 35.204600 -7.485 -1.962 0.164 0.201 0.060184 20000 1.000000
242.107000 35.424600 -8.653 -1.363 0.163 0.201 0.053732 20000 1.000000
243.428000 35.320600 -6.597 -2.966 0.164 0.203 0.042718 20000 1.000000
243.896000 35.141900 -6.123 -4.035 0.175 0.205 0.029240 20000 1.000000
243.878000 35.526000 -6.335 -3.939 0.166 0.205 0.043849 20000 1.000000
243.855000 35.785400 -6.274 -4.061 0.164 0.203 0.040522 20000 1.000000
244.456000 35.472800 -5.443 -4.514 0.165 0.205 0.063264 20000 1.000000
244.634000 35.163000 -5.739 -4.642 0.173 0.212 0.039000 20000 1.000000
245.401000 34.188900 -5.764 -3.939 0.17 0.206 0.067640 20000 1.000000
245.035000 34.844400 -6.237 -4.154 0.169 0.205 0.051660 20000 1.000000
244.762000 35.291100 -6.752 -4.591 0.166 0.204 0.057762 20000 1.000000
241.621000 37.973100 -7.779 -2.586 0.164 0.211 0.009555 20000 1.000000
241.000000 37.613000 -9.969 -6.519 0.167 0.208 0.010670 20000 1.000000
241.084000 37.605300 -10.835 -10.434 0.17 0.225 0.013996 20000 1.000000
240.914000 37.785700 -12.443 -2.147 0.205 0.24 -0.052431 20000 1.000000
240.967000 37.913500 -9.127 -1.017 0.16 0.204 0.051107 20000 1.000000
240.974000 37.696600 -13.182 -2.74 0.19 0.225 0.174814 20000 1.000000
240.862000 37.839300 -12.586 -2.8 0.177 0.218 0.052011 20000 1.000000
240.853000 37.962800 -10.24 -0.261 0.162 0.203 0.051652 20000 1.000000
240.916000 37.914100 -9.191 -1.326 0.163 0.206 0.054789 20000 1.000000
241.056000 37.734300 -10.424 1.356 0.163 0.207 0.058040 20000 1.000000
241.131000 37.654600 -6.594 -4.946 0.164 0.209 0.050080 20000 1.000000
241.040000 37.891700 -9.054 -0.759 0.174 0.214 0.046534 20000 1.000000
241.148000 37.878200 -8.795 -1.372 0.162 0.205 0.043853 20000 1.000000
241.183000 37.591400 -10.23 -7.768 0.166 0.219 0.097786 20000 1.000000
241.302000 37.561600 -8.333 -3.889 0.167 0.228 0.018567 20000 1.000000
241.316000 37.495400 -10.489 -4.03 0.16 0.202 0.054465 20000 1.000000
241.406000 37.541300 -8.329 -3.212 0.163 0.206 0.054328 20000 1.000000
241.180000 37.677000 -5.502 -2.785 0.164 0.209 0.054967 20000 1.000000
241.232000 37.754400 -6.711 -0.858 0.178 0.236 0.109842 20000 1.000000
240.981000 37.800000 -10.661 -1.314 0.164 0.208 0.080024 20000 1.000000
241.264000 37.903500 -7.62 -1.12 0.172 0.217 0.041841 20000 1.000000
241.445000 37.891300 -7.797 -2.339 0.175 0.218 0.101473 20000 1.000000
241.762000 37.589200 -6.988 -2.87 0.162 0.205 0.054230 20000 1.000000
241.528000 37.737500 -8.157 -3.061 0.169 0.211 0.074718 20000 1.000000
240.850000 38.057900 -10.884 -2.212 0.171 0.212 0.050301 20000 1.000000
237.706000 41.381200 -6.925 -3.575 0.171 0.218 0.094274 20000 1.000000
237.809000 41.479200 -6.204 -7.33 0.162 0.225 0.004501 20000 1.000000
237.687000 41.463600 -5.241 -3.249 0.164 0.228 -0.005319 20000 1.000000
237.847000 41.531900 -5.994 -3.464 0.201 0.24 0.094007 20000 1.000000
238.493000 41.711600 -7.691 -4.598 0.161 0.215 0.045963 20000 1.000000
246.132000 42.878900 -7.082 -3.581 0.162 0.219 0.047177 20000 1.000000
241.275000 37.380400 -14.706 -4.68 0.23 0.263 0.220475 20000 1.000000
241.439000 37.439500 -9.045 -2.322 0.176 0.218 0.052042 20000 1.000000
240.254000 37.088900 -8.155 -1.065 0.168 0.209 0.109576 20000 1.000000
241.853000 37.280500 -7.692 -3.206 0.165 0.211 0.051600 20000 1.000000
239.172000 41.359200 -7.785 -3.714 0.189 0.247 -0.019798 20000 1.000000
239.527000 41.332500 -7.87 -3.524 0.166 0.219 0.054686 20000 1.000000
235.587000 42.442000 -2.865 -0.907 0.164 0.223 -0.008929 20000 1.000000
235.707000 42.076600 -3.784 -1.238 0.221 0.282 0.067008 20000 1.000000
238.120000 42.579800 -6.335 -1.969 0.168 0.222 0.037262 20000 1.000000
237.390000 42.727100 -4.907 -3.209 0.209 0.259 0.178154 20000 1.000000
240.341000 42.546100 -7.904 -4.07 0.162 0.22 0.038480 20000 1.000000
242.275000 42.020200 -5.86 -3.607 0.165 0.219 0.048667 20000 1.000000
243.404000 33.598200 -10.781 0.866 0.231 0.286 -0.025133 20000 1.000000
243.397000 33.495500 -12.167 1.838 0.17 0.206 0.062020 20000 1.000000
244.492000 32.829400 -8.253 -0.687 0.168 0.201 0.040785 20000 1.000000
238.928000 37.699000 -8.267 -0.905 0.166 0.21 0.031883 20000 1.000000
239.784000 35.693800 -10.355 2.547 0.188 0.225 0.083803 20000 1.000000
237.579000 41.830800 -9.662 -1.541 0.177 0.241 0.105389 20000 1.000000
236.019000 41.845500 -4.23 -0.512 0.182 0.269 -0.048259 20000 1.000000
238.521000 36.744300 -15.809 6.499 0.204 0.243 0.097862 20000 1.000000
239.528000 35.946600 -8.139 1.661 0.181 0.22 0.111643 20000 1.000000
239.485000 35.929100 -13.361 5.986 0.234 0.306 0.054100 20000 1.000000
236.427000 40.478800 -6.559 -1.382 0.197 0.261 0.251038 20000 1.000000
237.036000 39.845700 -10.104 -4.535 0.163 0.213 -0.001571 20000 1.000000
243.852000 34.508100 -6.104 -3.358 0.164 0.201 0.043257 20000 1.000000
245.241000 32.497900 -4.609 -4.118 0.168 0.199 0.049203 20000 1.000000
243.407000 33.537300 -11.479 1.534 0.176 0.212 0.102787 20000 1.000000
241.651000 34.021700 -13.636 4.483 0.171 0.213 0.077637 20000 1.000000
243.936000 31.559100 -14.925 5.022 0.174 0.203 0.112634 20000 1.000000
238.728000 35.709000 -14.05 7.345 0.189 0.233 0.015663 20000 1.000000
242.077000 34.508200 -11.18 1.15 0.171 0.206 0.051589 20000 1.000000
244.450000 32.490100 -10.78 2.918 0.169 0.206 0.008162 20000 1.000000
242.305000 34.925400 -7.952 0.139 0.173 0.212 0.015307 20000 1.000000
244.116000 32.417000 -15.732 4.722 0.165 0.197 0.045466 20000 1.000000
239.522000 35.919900 -12.529 4.423 0.175 0.219 0.098410 20000 1.000000
242.818000 33.835700 -12.145 3.194 0.186 0.213 0.051790 20000 1.000000
243.506000 33.819200 -8.902 -0.019 0.173 0.209 0.037964 20000 1.000000
242.193000 34.091800 -13.382 3.323 0.173 0.221 0.022612 20000 1.000000
244.165000 31.313100 -15.714 5.427 0.166 0.197 0.027792 20000 1.000000
244.543000 32.377900 -10.683 4.45 0.164 0.194 0.050203 20000 1.000000
241.596000 33.743300 -14.243 4.663 0.164 0.199 0.056275 20000 1.000000
241.628000 33.779500 -14.219 5.319 0.207 0.256 0.064122 20000 1.000000
238.863000 36.161100 -14.042 6.372 0.169 0.208 0.065225 20000 1.000000
239.056000 39.974600 -10.649 -4.398 0.171 0.223 0.010065 20000 1.000000
242.317000 35.338700 -7.4 -0.594 0.163 0.201 0.060063 20000 1.000000
240.280000 34.500000 -14.936 4.9 0.168 0.206 0.024960 20000 1.000000
243.375000 34.643900 -7.397 -2.034 0.166 0.2 0.039491 20000 1.000000
241.974000 34.019100 -13.703 3.639 0.186 0.224 -0.003233 20000 1.000000
239.475000 35.900000 -16.215 7.105 0.173 0.216 0.014257 20000 1.000000
241.807000 34.875100 -8.962 0.561 0.175 0.211 0.054281 20000 1.000000
240.816000 34.541500 -14.887 3.441 0.188 0.225 0.132962 20000 1.000000
244.877000 40.617200 -7.018 -3.76 0.164 0.22 0.059834 20000 1.000000
238.442000 37.666500 -8.867 -1.197 0.164 0.207 0.029893 20000 1.000000
241.245000 34.459800 -13.553 2.931 0.182 0.231 0.069087 20000 1.000000
242.138000 34.205600 -11.972 2.837 0.214 0.227 -0.050754 20000 1.000000
239.775000 40.591700 -8.339 -3.712 0.169 0.226 0.027444 20000 1.000000
240.984000 41.868400 -6.854 -3.383 0.172 0.228 0.111206 20000 1.000000
243.701000 35.971300 -5.934 -4.193 0.173 0.207 0.018252 20000 1.000000
241.521000 34.438600 -13.04 2.041 0.192 0.233 0.019877 20000 1.000000
240.116000 39.314300 -11.152 -3.992 0.162 0.214 0.024946 20000 1.000000
244.022000 33.292200 -8.788 -0.298 0.17 0.201 0.064546 20000 1.000000
240.476000 33.247900 -16.498 6.785 0.176 0.219 0.025315 20000 1.000000
240.936000 34.319900 -14.494 4.737 0.163 0.198 0.050081 20000 1.000000
241.354000 34.059300 -14.443 4.252 0.168 0.203 0.022759 20000 1.000000
242.151000 33.992700 -13.357 4.456 0.181 0.214 0.061526 20000 1.000000
239.935000 34.004300 -14.948 6.075 0.17 0.206 0.036060 20000 1.000000
239.640000 35.917400 -10.754 0.685 0.19 0.238 0.101477 20000 1.000000
241.585000 35.158200 -8.775 -0.395 0.162 0.201 0.051429 20000 1.000000
239.867000 34.483500 -15.096 7.228 0.173 0.215 0.035365 20000 1.000000
243.839000 33.641200 -9.178 -0.664 0.174 0.208 0.058186 20000 1.000000
242.951000 39.542200 -6.856 -3.72 0.171 0.215 0.140753 20000 1.000000
242.816000 38.097200 -6.933 -3.845 0.164 0.209 0.042891 20000 1.000000
241.669000 33.797800 -14.527 4.942 0.173 0.208 0.025294 20000 1.000000
241.163000 34.248000 -13.771 6.139 0.171 0.206 0.111404 20000 1.000000
235.849000 41.053900 -3.544 0.352 0.165 0.218 -0.006411 20000 1.000000
241.558000 34.069100 -14.567 3.989 0.185 0.217 0.081463 20000 1.000000
240.156000 34.413300 -15.195 5.39 0.241 0.269 -0.052774 20000 1.000000
241.198000 39.627100 -7.528 -3.686 0.164 0.212 0.066024 20000 1.000000
241.715000 34.024000 -12.691 6.679 0.231 0.277 0.191109 20000 1.000000
243.915000 33.030100 -12.92 2.265 0.168 0.203 0.037831 20000 1.000000
240.516000 34.851500 -13.636 3.424 0.181 0.22 0.041419 20000 1.000000
241.780000 34.178600 -13.353 3.455 0.219 0.234 0.167081 20000 1.000000
241.486000 34.126400 -14.29 4.682 0.164 0.2 0.073059 20000 1.000000
241.516000 34.293200 -13.572 3.306 0.17 0.204 0.054583 20000 1.000000
239.384000 34.556300 -10.046 7.101 0.189 0.224 0.049938 20000 1.000000
241.879000 34.501500 -11.397 2.742 0.179 0.213 0.047863 20000 1.000000
241.706000 33.712600 -9.893 4.091 0.169 0.207 0.034482 20000 1.000000
241.346000 37.664300 -7.982 -2.881 0.161 0.204 0.056313 20000 1.000000
241.016000 35.010800 -10.28 1.225 0.187 0.225 0.035953 20000 1.000000
243.608000 33.934800 -9.409 -0.807 0.201 0.241 0.008802 20000 1.000000
241.258000 34.568500 -11.951 1.725 0.179 0.217 0.182046 20000 1.000000
241.586000 34.259400 -13.396 3.772 0.192 0.239 0.018101 20000 1.000000
243.068000 34.669000 -7.774 -0.518 0.182 0.219 -0.065249 20000 1.000000
241.572000 33.958200 -14.321 4.332 0.229 0.25 -0.268645 20000 1.000000
243.346000 33.955300 -8.931 1.431 0.17 0.203 0.040510 20000 1.000000
243.111000 35.425200 -6.517 -3.664 0.178 0.218 0.040664 20000 1.000000
243.920000 35.287000 -6.546 -3.501 0.167 0.206 0.054767 20000 1.000000
