242.907000 34.116400 -8.154 1.483 0.185 0.229 0.003477 20000 1.000000
242.555000 33.274300 -12.131 4.472 0.172 0.205 0.046392 20000 1.000000
243.571000 34.594300 -4.847 -1.605 0.17 0.206 0.048895 20000 1.000000
241.305000 34.824500 -7.679 0.39 0.181 0.219 0.031659 20000 1.000000
242.675000 33.341900 -11.849 4.434 0.171 0.205 0.057604 20000 1.000000
242.524000 33.381100 -11.833 4.788 0.172 0.204 0.048059 20000 1.000000
242.103000 34.126000 -11.303 2.543 0.257 0.282 0.161025 20000 1.000000
242.795000 40.412800 -4.64 -4.184 0.168 0.218 0.034578 20000 1.000000
240.970000 33.480500 -12.72 6.257 0.188 0.221 0.014036 20000 1.000000
243.116000 34.264300 -6.632 0.339 0.198 0.238 0.122167 20000 1.000000
240.594000 34.920500 -10.537 1.117 0.173 0.208 0.017889 20000 1.000000
243.379000 37.039900 -3.885 -3.349 0.177 0.22 0.038658 20000 1.000000
244.002000 34.000500 -4.858 -2.488 0.173 0.207 0.026429 20000 1.000000
242.935000 33.578200 -10.872 3.558 0.183 0.216 0.037254 20000 1.000000
243.920000 35.287000 -3.734 -2.921 0.174 0.212 0.047701 20000 1.000000
245.285000 33.610400 -3.487 -1.865 0.172 0.205 0.035790 20000 1.000000
243.947000 34.251400 -4.494 -2.758 0.174 0.208 0.043520 20000 1.000000
241.723000 34.184900 -12.025 2.481 0.197 0.235 0.076677 20000 1.000000
242.988000 34.918600 -5.392 -1.273 0.176 0.214 0.028037 20000 1.000000
241.812000 34.292800 -10.512 2.861 0.263 0.277 -0.303695 20000 1.000000
242.156000 42.779500 -4.174 -3.719 0.17 0.23 0.037236 20000 1.000000
240.653000 35.157300 -7.511 1.118 0.176 0.219 0.064742 20000 1.000000
235.437000 42.836100 -3.486 -0.82 0.186 0.247 0.026503 20000 1.000000
244.010000 33.655100 -5.071 -2.34 0.179 0.215 0.070547 20000 1.000000
239.566000 35.939400 -8.043 0.686 0.17 0.211 0.022791 20000 1.000000
239.569000 35.888400 -11.953 3.375 0.196 0.234 0.051408 20000 1.000000
241.666000 33.311600 -12.674 5.495 0.17 0.204 0.052433 20000 1.000000
241.517000 33.445800 -12.753 5.353 0.174 0.209 0.022488 20000 1.000000
241.370000 34.138600 -12.162 4.655 0.213 0.235 0.137461 20000 1.000000
242.329000 35.565300 -5.779 -0.853 0.176 0.216 0.039888 20000 1.000000
240.987000 34.806400 -9.814 2.103 0.189 0.248 -0.080043 20000 1.000000
243.664000 34.829500 -4.235 -3.142 0.186 0.216 0.032160 20000 1.000000
242.035000 34.244000 -10.146 3.108 0.202 0.253 -0.067306 20000 1.000000
241.974000 34.333400 -10.458 1.441 0.192 0.219 0.101702 20000 1.000000
242.172000 34.640500 -7.148 0.525 0.18 0.224 0.092011 20000 1.000000
241.063000 34.109600 -12.939 4.968 0.186 0.233 0.076520 20000 1.000000
241.873000 34.136700 -12.406 3.355 0.176 0.21 0.078619 20000 1.000000
242.576000 34.271200 -9.153 1.567 0.176 0.207 0.026962 20000 1.000000
242.521000 34.313800 -8.805 -0.624 0.188 0.221 0.143452 20000 1.000000
241.856000 34.530300 -9.5 4.522 0.194 0.223 -0.108955 20000 1.000000
242.291000 34.109900 -11.657 3.018 0.178 0.214 0.025369 20000 1.000000
245.126000 40.558400 -4.131 -4.038 0.184 0.222 0.086273 20000 1.000000
244.877000 32.863500 -3.967 -4.266 0.175 0.204 0.035120 20000 1.000000
244.272000 32.850500 -10.412 3.04 0.175 0.205 0.042320 20000 1.000000
240.120000 34.414900 -13.652 5.332 0.177 0.212 0.004474 20000 1.000000
242.427000 35.071700 -5.44 -0.223 0.178 0.215 0.090028 20000 1.000000
239.249000 35.791600 -11.808 5.953 0.178 0.217 0.029683 20000 1.000000
242.900000 34.039100 -8.274 0.913 0.174 0.204 0.074380 20000 1.000000
240.275000 35.242100 -8.904 1.417 0.169 0.207 0.043554 20000 1.000000
244.265000 33.069800 -7.054 1.563 0.181 0.215 0.055818 20000 1.000000
240.961000 34.168400 -13.18 5.488 0.174 0.21 0.063020 20000 1.000000
241.743000 33.861500 -12.513 3.68 0.173 0.21 0.034440 20000 1.000000
241.476000 34.253600 -12.208 3.796 0.177 0.215 0.088187 20000 1.000000
240.629000 34.408100 -12.9 3.609 0.197 0.241 0.029222 20000 1.000000
241.387000 34.516500 -10.566 2.309 0.177 0.212 0.027957 20000 1.000000
243.630000 34.124100 -5.012 -1.349 0.186 0.221 0.001167 20000 1.000000
242.098000 34.082000 -11.919 3.528 0.185 0.22 -0.033361 20000 1.000000
241.603000 34.334800 -9.678 1.123 0.334 0.324 -0.024551 20000 1.000000
241.603000 34.334000 -10.337 2.078 0.272 0.266 -0.127708 20000 1.000000
244.212000 33.389800 -7.047 -1.294 0.182 0.216 0.038518 20000 1.000000
242.140000 34.413400 -10.021 1.667 0.173 0.221 0.033712 20000 1.000000
241.873000 33.938300 -10.736 5.969 0.172 0.204 0.046855 20000 1.000000
242.588000 33.647700 -10.534 4.053 0.168 0.202 0.045781 20000 1.000000
241.170000 34.946200 -9.723 -1.006 0.181 0.223 0.042675 20000 1.000000
245.061000 39.345200 -4.38 -3.711 0.175 0.221 0.038352 20000 1.000000
244.183000 40.914700 -4.755 -3.718 0.167 0.219 0.044310 20000 1.000000
241.871000 33.583500 -12.534 4.637 0.188 0.222 0.066200 20000 1.000000
242.574000 33.649100 -11.277 3.913 0.182 0.22 0.013685 20000 1.000000
241.574000 34.703100 -10.494 -2.674 0.183 0.22 0.039453 20000 1.000000
242.474000 34.104200 -10.325 2.973 0.198 0.24 0.061535 20000 1.000000
239.991000 34.733000 -13.402 4.688 0.174 0.209 0.066625 20000 1.000000
243.064000 34.093600 -7.545 1.13 0.198 0.29 0.144661 20000 1.000000
241.116000 34.356300 -12.766 4.587 0.174 0.208 0.038989 20000 1.000000
246.195000 39.369400 -3.731 -3.926 0.175 0.219 0.032152 20000 1.000000
244.200000 32.945000 -9.316 2.013 0.197 0.219 0.054823 20000 1.000000
241.107000 34.800200 -9.334 0.924 0.178 0.216 0.040348 20000 1.000000
240.644000 40.416500 -5.384 -3.552 0.171 0.224 0.003027 20000 1.000000
240.136000 35.189400 -11.018 3.497 0.174 0.214 0.030697 20000 1.000000
244.479000 33.274800 -4.657 -3.582 0.177 0.209 0.038021 20000 1.000000
245.173000 33.051100 -2.455 -3.296 0.214 0.247 -0.028898 20000 1.000000
244.340000 34.784000 -4.29 -3.424 0.194 0.24 0.023370 20000 1.000000
245.810000 34.308600 -3.881 -4.225 0.177 0.211 0.049441 20000 1.000000
243.111000 35.425200 -4.804 -2.594 0.175 0.213 0.023352 20000 1.000000
245.820000 40.640200 -3.6 -4.016 0.169 0.218 0.056773 20000 1.000000
239.584000 36.399000 -3.906 0.584 0.209 0.252 0.019224 20000 1.000000
241.887000 34.047400 -11.378 3.58 0.173 0.209 0.082761 20000 1.000000
241.714000 33.783600 -11.503 4.379 0.197 0.238 -0.027775 20000 1.000000
243.570000 34.754800 -4.912 -2.413 0.173 0.209 0.062631 20000 1.000000
238.530000 40.815900 -5.298 -2.061 0.176 0.232 0.031597 20000 1.000000
242.999000 33.708100 -10.505 3.049 0.17 0.205 0.049614 20000 1.000000
244.365000 33.705000 -4.308 -3.834 0.193 0.242 0.022165 20000 1.000000
239.520000 35.866700 -11.279 5.698 0.2 0.261 0.068246 20000 1.000000
242.155000 34.458200 -9.193 1.926 0.231 0.279 0.018173 20000 1.000000
239.598000 35.880800 -8.156 1.398 0.186 0.225 0.129427 20000 1.000000
240.812000 34.441200 -12.141 3.546 0.188 0.227 0.044435 20000 1.000000
244.089000 34.727300 -4.332 -3.395 0.176 0.214 0.062028 20000 1.000000
243.779000 33.796800 -6.342 0.635 0.177 0.215 0.084824 20000 1.000000
244.855000 34.157600 -3.644 -3.442 0.171 0.208 0.076718 20000 1.000000
241.526000 35.662300 -6.326 -0.835 0.181 0.225 -0.005716 20000 1.000000
242.045000 34.449100 -9.521 2.054 0.168 0.208 0.023199 20000 1.000000
240.992000 34.398500 -11.652 2.756 0.177 0.215 0.044164 20000 1.000000
243.827000 33.925400 -6.066 -1.13 0.186 0.221 0.055803 20000 1.000000
242.165000 34.485500 -6.958 2.273 0.17 0.205 0.034945 20000 1.000000
242.609000 33.744200 -9.852 3.311 0.259 0.287 0.121872 20000 1.000000
242.555000 33.817400 -10.963 3.422 0.174 0.208 0.054889 20000 1.000000
243.060000 35.090200 -4.624 -1.001 0.175 0.211 0.054990 20000 1.000000
242.246000 34.133300 -10.581 2.565 0.178 0.213 0.066226 20000 1.000000
239.406000 35.828700 -12.147 5.581 0.176 0.218 0.069681 20000 1.000000
242.454000 34.314900 -7.741 1.108 0.191 0.234 0.128512 20000 1.000000
241.970000 34.527100 -8.216 1.61 0.181 0.221 -0.008105 20000 1.000000
240.896000 34.733600 -10.875 1.808 0.174 0.214 0.034043 20000 1.000000
239.557000 35.832600 -11.275 5.002 0.173 0.213 0.042013 20000 1.000000
242.563000 33.856800 -10.692 3.705 0.174 0.206 0.041181 20000 1.000000
238.778000 42.418300 -4.308 -1.817 0.252 0.338 0.011668 20000 1.000000
239.241000 36.186900 -7.043 -2.242 0.177 0.214 0.092689 20000 1.000000
239.233000 36.180500 -12.624 5.355 0.175 0.214 0.041124 20000 1.000000
244.021000 36.632500 -4.668 -3.732 0.171 0.212 0.079182 20000 1.000000
239.649000 34.038300 -13.909 6.544 0.173 0.21 -0.007064 20000 1.000000
241.874000 34.136800 -10.915 0.662 0.228 0.272 0.067271 20000 1.000000
243.904000 40.148400 -4.766 -3.645 0.176 0.227 -0.032534 20000 1.000000
242.682000 33.918400 -10.488 3.466 0.174 0.208 0.061494 20000 1.000000
239.566000 35.969500 -7.41 -0.253 0.178 0.211 -0.014065 20000 1.000000
244.588000 40.710700 -4.328 -3.766 0.172 0.232 0.027790 20000 1.000000
242.118000 34.175200 -11.413 1.336 0.238 0.26 -0.254020 20000 1.000000
243.352000 34.038500 -5.376 -0.224 0.189 0.229 0.162958 20000 1.000000
242.790000 34.230800 -8.052 0.323 0.268 0.274 0.263170 20000 1.000000
241.755000 34.055200 -13.264 2.922 0.242 0.241 0.247388 20000 1.000000
245.381000 34.767700 -3.607 -3.841 0.188 0.226 0.049349 20000 1.000000
242.491000 39.685600 -4.184 -3.9 0.175 0.223 0.034406 20000 1.000000
240.859000 34.498700 -11.869 2.961 0.17 0.206 0.039195 20000 1.000000
243.932000 34.141000 -4.832 -2.897 0.174 0.208 0.073618 20000 1.000000
242.653000 33.240700 -12.48 5.217 0.191 0.216 -0.077912 20000 1.000000
244.082000 34.369900 -3.801 -3.375 0.173 0.211 0.010526 20000 1.000000
243.695000 34.427700 -4.208 -1.886 0.176 0.216 0.012209 20000 1.000000
243.708000 34.533000 0.62 -1.626 0.182 0.214 0.033392 20000 1.000000
243.185000 34.674900 -5.992 -0.665 0.179 0.216 0.110977 20000 1.000000
241.793000 34.128800 -11.789 3.537 0.171 0.205 0.036231 20000 1.000000
240.647000 34.683400 -12.126 3.255 0.21 0.258 -0.007052 20000 1.000000
242.814000 39.521100 -4.827 -3.978 0.178 0.225 0.042188 20000 1.000000
245.995000 32.722500 -2.339 -3.65 0.18 0.211 0.093515 20000 1.000000
244.721000 39.910200 -4.445 -3.803 0.188 0.226 0.040923 20000 1.000000
245.543000 36.154200 -3.149 -3.432 0.173 0.209 0.038011 20000 1.000000
245.180000 41.724200 -4.394 -4.382 0.169 0.221 0.011508 20000 1.000000
242.670000 41.428700 -4.261 -3.539 0.169 0.223 0.052755 20000 1.000000
242.935000 42.981700 -4.096 -3.973 0.167 0.225 0.015729 20000 1.000000
235.925000 40.876300 -3.489 0.95 0.227 0.28 0.102791 20000 1.000000
236.274000 38.928300 -13.508 5.509 0.167 0.213 0.021290 20000 1.000000
237.585000 40.997600 -6.999 -1.944 0.196 0.268 -0.052803 20000 1.000000
235.986000 42.967400 -6.361 -1.449 0.174 0.238 0.067115 20000 1.000000
243.830000 32.616500 -12.378 4.701 0.172 0.203 0.032466 20000 1.000000
238.997000 35.551800 -12.503 6.483 0.172 0.214 0.047530 20000 1.000000
242.015000 39.305600 -4.53 -4.16 0.183 0.238 0.017196 20000 1.000000
242.395000 39.287900 -4.01 -4.352 0.179 0.225 0.038460 20000 1.000000
243.576000 39.500500 -4.542 -3.703 0.167 0.221 0.057502 20000 1.000000
243.950000 39.546400 -3.869 -3.191 0.172 0.217 0.066592 20000 1.000000
244.111000 39.374200 -4.33 -4.162 0.168 0.215 0.059417 20000 1.000000
244.487000 39.536100 -4.309 -3.778 0.169 0.218 0.045991 20000 1.000000
244.568000 39.388600 -5.204 -4.305 0.164 0.211 0.043105 20000 1.000000
242.120000 40.433400 -4.667 -3.589 0.172 0.222 0.070639 20000 1.000000
245.308000 39.255200 -4.539 -3.207 0.173 0.217 0.088722 20000 1.000000
245.723000 39.119400 -4.129 -3.469 0.172 0.224 0.050503 20000 1.000000
246.129000 39.067300 -4.052 -3.605 0.169 0.217 0.029726 20000 1.000000
246.495000 39.268900 -4.133 -3.876 0.169 0.219 0.055001 20000 1.000000
242.532000 40.320600 -4.102 -4.2 0.175 0.223 -0.005392 20000 1.000000
246.946000 40.494000 -4.517 -4.062 0.167 0.217 0.053664 20000 1.000000
243.264000 40.495500 -4.296 -3.647 0.179 0.228 -0.007928 20000 1.000000
243.721000 40.363200 -4.338 -3.342 0.167 0.218 0.060107 20000 1.000000
240.200000 39.572800 -5.355 -3.519 0.171 0.22 0.026109 20000 1.000000
242.469000 36.614300 -4.626 -2.708 0.168 0.208 0.034354 20000 1.000000
242.593000 36.804200 -4.442 -2.449 0.165 0.206 0.042404 20000 1.000000
242.006000 36.606000 -5.866 -2.24 0.179 0.216 0.127593 20000 1.000000
242.296000 37.200800 -5.415 -3.363 0.17 0.213 0.046532 20000 1.000000
240.463000 39.698400 -5.842 -2.936 0.177 0.228 0.034892 20000 1.000000
240.694000 39.795600 -4.924 -3.013 0.197 0.26 0.102221 20000 1.000000
241.126000 39.838800 -4.677 -2.978 0.177 0.225 0.005773 20000 1.000000
241.316000 39.888900 -5.312 -3.904 0.173 0.224 0.020532 20000 1.000000
241.841000 39.212300 -4.731 -3.326 0.165 0.212 0.040541 20000 1.000000
246.706000 41.856800 -4.194 -4.838 0.179 0.235 0.086002 20000 1.000000
246.958000 39.345100 -4.282 -3.805 0.172 0.217 0.044261 20000 1.000000
246.988000 41.817300 -5.464 -4.298 0.169 0.221 0.034323 20000 1.000000
246.722000 40.671300 -4.203 -3.687 0.173 0.224 0.044985 20000 1.000000
240.400000 39.499200 -5.067 -3.166 0.217 0.264 0.090918 20000 1.000000
240.931000 39.486100 -5.157 -3.254 0.173 0.222 0.044980 20000 1.000000
241.550000 39.133900 -4.917 -3.406 0.169 0.217 0.053103 20000 1.000000
241.062000 39.268000 -5.503 -2.217 0.24 0.31 0.037010 20000 1.000000
241.649000 39.454700 -4.466 -3.445 0.171 0.219 0.086291 20000 1.000000
241.995000 38.728800 -4.864 -3.667 0.17 0.215 0.043121 20000 1.000000
241.540000 38.724600 -4.675 -2.392 0.171 0.22 0.043960 20000 1.000000
241.070000 38.980900 -5.073 -2.346 0.166 0.218 0.043626 20000 1.000000
240.985000 38.704600 -10.285 -6.088 0.212 0.257 0.053678 20000 1.000000
240.541000 38.761400 -5.355 -2.051 0.179 0.222 -0.035567 20000 1.000000
240.523000 40.779800 -4.914 -2.706 0.202 0.251 0.120741 20000 1.000000
240.990000 40.242200 -4.523 -3.446 0.188 0.227 -0.032704 20000 1.000000
240.278000 39.908200 -4.864 -2.974 0.178 0.231 0.080011 20000 1.000000
239.307000 38.829200 -6.687 -2.048 0.196 0.225 0.143619 20000 1.000000
239.614000 39.046600 -6.415 -1.242 0.193 0.236 -0.038158 20000 1.000000
240.189000 39.123500 -4.127 -1.397 0.173 0.222 -0.024650 20000 1.000000
239.107000 39.466700 -6.122 -2.236 0.189 0.229 0.139678 20000 1.000000
240.376000 41.357700 -5.06 -3.449 0.18 0.239 0.038983 20000 1.000000
239.716000 39.937400 -5.704 -2.808 0.164 0.213 0.031943 20000 1.000000
239.194000 40.418600 -5.222 -2.147 0.197 0.239 0.087610 20000 1.000000
239.923000 40.288900 -5.306 -2.903 0.171 0.222 0.049371 20000 1.000000
235.692000 40.247500 -10.355 5.192 0.166 0.217 0.024934 20000 1.000000
235.867000 40.551300 -5.215 2.623 0.167 0.218 0.020643 20000 1.000000
235.787000 40.637400 -3.779 2.013 0.191 0.247 0.030254 20000 1.000000
235.943000 40.219600 -8.418 3.985 0.171 0.223 0.043651 20000 1.000000
236.307000 40.119300 -7.931 1.172 0.318 0.424 0.076108 20000 1.000000
238.207000 36.485500 -13.01 5.573 0.166 0.207 0.029165 20000 1.000000
238.710000 35.945700 -12.66 6.401 0.174 0.216 0.091179 20000 1.000000
238.949000 36.302100 -13.032 6.141 0.17 0.211 0.041744 20000 1.000000
238.865000 36.425900 -12.752 6.315 0.175 0.216 0.077115 20000 1.000000
237.668000 37.534500 -15.754 6.009 0.212 0.233 -0.054567 20000 1.000000
237.623000 37.914500 -9.835 3.685 0.177 0.223 0.041812 20000 1.000000
236.819000 38.495000 -10.207 3.987 0.172 0.22 -0.032552 20000 1.000000
236.291000 39.117200 -12.594 4.875 0.17 0.219 0.035513 20000 1.000000
236.652000 38.987400 -11.778 3.452 0.181 0.225 0.110850 20000 1.000000
236.796000 39.242000 -10.469 0.394 0.17 0.22 0.044333 20000 1.000000
236.368000 42.275400 -3.438 -0.545 0.176 0.234 0.027431 20000 1.000000
236.895000 39.319700 -9.398 -0.314 0.175 0.222 0.061644 20000 1.000000
237.041000 38.664700 -9.78 3.518 0.2 0.272 0.111207 20000 1.000000
237.233000 38.428600 -10.181 3.689 0.171 0.22 0.055908 20000 1.000000
237.548000 38.239800 -9.585 1.891 0.171 0.219 0.029027 20000 1.000000
237.083000 38.866100 -9.244 -0.296 0.165 0.213 0.025937 20000 1.000000
237.037000 39.398100 -9.521 4.729 0.211 0.258 -0.007736 20000 1.000000
237.424000 38.777800 -6.013 1.018 0.18 0.239 0.028615 20000 1.000000
237.281000 39.260000 -7.535 -4.415 0.17 0.218 0.070023 20000 1.000000
237.696000 39.109300 -7.019 -2.317 0.175 0.223 0.025796 20000 1.000000
237.873000 37.069200 -12.672 5.278 0.2 0.247 0.211444 20000 1.000000
238.137000 36.962000 -12.817 5.77 0.193 0.226 -0.008289 20000 1.000000
238.009000 37.201700 -10.621 4.788 0.198 0.24 -0.037863 20000 1.000000
238.203000 37.001000 -12.183 5.032 0.261 0.292 0.138246 20000 1.000000
238.274000 37.002400 -11.665 3.644 0.185 0.238 0.054914 20000 1.000000
238.349000 37.104500 -9.956 1.08 0.208 0.246 -0.069760 20000 1.000000
238.286000 37.203500 -11.419 0.287 0.178 0.218 0.091602 20000 1.000000
237.786000 37.329900 -11.563 5.161 0.169 0.211 0.045015 20000 1.000000
237.901000 37.336900 -10.695 4.354 0.173 0.225 0.013005 20000 1.000000
237.900000 37.722000 -8.989 0.21 0.168 0.211 0.024824 20000 1.000000
237.781000 37.863900 -9.583 0.841 0.172 0.22 0.007463 20000 1.000000
237.942000 37.713900 -8.498 0.547 0.188 0.231 -0.021547 20000 1.000000
238.174000 37.336800 -8.843 2.93 0.172 0.219 0.037984 20000 1.000000
238.210000 37.533000 -7.255 -0.305 0.169 0.213 0.044778 20000 1.000000
238.313000 37.601800 -6.589 -0.955 0.177 0.218 0.087250 20000 1.000000
238.022000 37.749400 -8.5 -0.488 0.17 0.213 0.030865 20000 1.000000
238.214000 37.819000 -8.441 -2.465 0.174 0.217 0.035062 20000 1.000000
238.095000 36.621700 -13.349 6.429 0.171 0.213 0.023378 20000 1.000000
238.421000 36.724000 -13.445 5.858 0.172 0.213 0.022602 20000 1.000000
238.580000 36.800400 -9.226 3.105 0.168 0.209 0.025871 20000 1.000000
238.409000 36.858500 -13.217 5.037 0.171 0.213 0.015244 20000 1.000000
238.459000 36.814300 -13.477 6.948 0.173 0.213 0.045335 20000 1.000000
238.445000 36.903500 -10.563 2.933 0.175 0.215 0.011374 20000 1.000000
238.613000 36.637000 -14.212 6.255 0.179 0.222 -0.016361 20000 1.000000
238.458000 37.007800 -9.058 2.645 0.171 0.218 0.041389 20000 1.000000
238.426000 37.213000 -7.829 -0.709 0.171 0.212 0.034611 20000 1.000000
238.665000 36.918200 -8.1 -1.751 0.168 0.209 0.034760 20000 1.000000
238.645000 37.010800 -5.665 -1.679 0.191 0.232 -0.015081 20000 1.000000
240.294000 37.713100 -6.51 -3.375 0.177 0.222 0.018808 20000 1.000000
238.812000 36.559500 -12.06 7.353 0.167 0.208 0.024955 20000 1.000000
238.131000 37.975600 -7.153 -2.225 0.17 0.215 0.051132 20000 1.000000
238.936000 36.611600 -6.869 -0.652 0.168 0.21 0.030009 20000 1.000000
238.732000 36.950000 -7.067 -1.965 0.225 0.276 0.073209 20000 1.000000
238.652000 36.811400 -7.915 -0.95 0.17 0.212 0.028595 20000 1.000000
238.942000 37.169600 -6.75 -2.079 0.178 0.221 0.057431 20000 1.000000
238.347000 37.478400 -7.48 -0.865 0.185 0.232 0.030425 20000 1.000000
238.531000 37.489600 -6.856 -1.956 0.167 0.21 0.023904 20000 1.000000
238.675000 37.581900 -5.176 -0.153 0.172 0.219 0.022063 20000 1.000000
238.395000 37.932000 -8.045 -1.98 0.169 0.214 0.029678 20000 1.000000
238.536000 37.755300 -6.242 -3.469 0.171 0.215 0.017043 20000 1.000000
238.717000 37.385400 -7.005 -1.117 0.179 0.229 0.043845 20000 1.000000
237.782000 38.153000 -6.477 0.829 0.168 0.213 0.011460 20000 1.000000
237.904000 38.025100 -7.577 0.206 0.18 0.231 -0.026221 20000 1.000000
237.805000 38.444200 -8.298 -2.68 0.179 0.236 0.046721 20000 1.000000
237.645000 38.999500 -6.629 -2.018 0.211 0.235 0.139666 20000 1.000000
238.905000 38.645300 -6.525 -2.205 0.168 0.214 0.034843 20000 1.000000
239.652000 35.544100 -10.033 4.768 0.175 0.214 0.029752 20000 1.000000
239.611000 35.841100 -9.978 4.257 0.177 0.216 0.013059 20000 1.000000
239.655000 35.837800 -8.366 1.247 0.175 0.22 0.032262 20000 1.000000
239.715000 35.806700 -7.978 1.746 0.185 0.227 0.024758 20000 1.000000
239.093000 35.933300 -11.593 4.787 0.168 0.209 0.032514 20000 1.000000
239.019000 36.417200 -7.058 -0.04 0.171 0.215 0.044289 20000 1.000000
239.147000 36.515900 -6.014 -0.486 0.177 0.222 0.016798 20000 1.000000
239.302000 36.024800 -12.221 5.958 0.17 0.216 0.031025 20000 1.000000
239.121000 36.140200 -13.205 6.626 0.169 0.209 0.032183 20000 1.000000
239.251000 36.106800 -12.127 5.799 0.166 0.206 0.033726 20000 1.000000
239.272000 36.178900 -6.607 -0.857 0.166 0.206 0.029357 20000 1.000000
239.355000 35.922800 -12.277 5.8 0.168 0.208 0.023468 20000 1.000000
239.525000 36.007500 -7.376 0.153 0.186 0.221 0.032032 20000 1.000000
239.457000 36.089400 -7.412 -3.224 0.167 0.208 0.031707 20000 1.000000
239.560000 36.123200 -6.198 -0.932 0.168 0.208 0.030731 20000 1.000000
239.158000 35.697100 -12.714 5.902 0.174 0.209 0.074582 20000 1.000000
239.637000 36.051700 -6.465 0.737 0.171 0.208 0.029552 20000 1.000000
239.448000 35.974100 -11.848 5.743 0.186 0.221 -0.002232 20000 1.000000
239.706000 36.015800 -5.924 1.377 0.171 0.21 0.020223 20000 1.000000
239.723000 36.304400 1.264 0.244 0.171 0.212 0.033002 20000 1.000000
239.257000 36.806300 -5.39 -1.602 0.169 0.212 0.029952 20000 1.000000
239.803000 37.352200 -6.833 -1.964 0.18 0.227 0.013384 20000 1.000000
239.356000 37.795200 -8.728 -0.748 0.187 0.224 0.051235 20000 1.000000
240.160000 37.901100 -5.076 0.071 0.186 0.224 -0.051391 20000 1.000000
239.049000 38.090000 -8.345 -1.759 0.172 0.219 0.026146 20000 1.000000
239.666000 38.735600 -6.048 -1.896 0.188 0.221 0.058373 20000 1.000000
241.480000 37.177600 -5.382 -0.93 0.166 0.208 0.043014 20000 1.000000
236.283000 39.863600 -11.73 1.476 0.209 0.266 -0.038833 20000 1.000000
236.448000 39.905700 -10.823 0.003 0.196 0.263 -0.020895 20000 1.000000
236.628000 39.452400 -10.386 -0.354 0.17 0.221 0.039767 20000 1.000000
236.705000 39.707100 -10.503 -1.635 0.181 0.23 -0.059115 20000 1.000000
236.813000 39.492800 -9.851 -0.564 0.187 0.258 0.074653 20000 1.000000
236.817000 39.962100 -8.388 -3.058 0.205 0.265 -0.023590 20000 1.000000
236.344000 40.256800 -7.914 0.228 0.17 0.223 0.047929 20000 1.000000
236.117000 41.151700 -4.311 -0.9 0.171 0.224 0.050047 20000 1.000000
236.301000 40.575300 -5.95 -2.253 0.18 0.231 0.083450 20000 1.000000
236.427000 40.478900 -7.181 -2.108 0.208 0.269 0.246567 20000 1.000000
236.548000 40.082200 -9.095 -0.247 0.166 0.216 0.032432 20000 1.000000
236.864000 40.324100 -8.26 -2.879 0.165 0.217 0.023482 20000 1.000000
236.676000 40.732900 -7.398 -1.986 0.167 0.22 -0.000222 20000 1.000000
236.826000 40.546700 -7.454 -2.83 0.17 0.225 0.014198 20000 1.000000
237.024000 39.621400 -7.714 -2.668 0.181 0.222 0.085712 20000 1.000000
237.264000 39.493600 -8.625 -3.6 0.167 0.214 0.017785 20000 1.000000
237.126000 39.726200 -8.062 -2.698 0.171 0.222 0.078532 20000 1.000000
237.077000 40.747600 -6.186 -2.316 0.175 0.227 0.014427 20000 1.000000
237.393000 40.650700 -6.455 -0.767 0.176 0.233 -0.012473 20000 1.000000
236.666000 40.887100 -7.049 -0.514 0.165 0.217 0.021679 20000 1.000000
237.729000 40.271200 -8.169 -2.587 0.179 0.23 -0.032364 20000 1.000000
239.132000 39.794700 -5.951 -2.25 0.167 0.222 0.001696 20000 1.000000
239.052000 41.183300 -5.481 -2.753 0.17 0.225 0.010725 20000 1.000000
237.681000 40.731100 -7.15 -2.875 0.205 0.242 0.088891 20000 1.000000
235.774000 42.209100 -5.825 -1.564 0.174 0.223 0.025291 20000 1.000000
235.946000 42.860100 -5.127 -1.476 0.194 0.253 0.108841 20000 1.000000
236.617000 42.503500 -4.787 -0.783 0.17 0.228 0.029701 20000 1.000000
237.344000 42.191000 -2.747 0.136 0.173 0.232 0.000032 20000 1.000000
238.220000 42.259700 -3.951 -3.239 0.169 0.221 0.025398 20000 1.000000
239.622000 42.468800 -4.189 -2.761 0.172 0.231 0.012023 20000 1.000000
241.588000 42.254600 -4.932 -4.294 0.165 0.221 0.028997 20000 1.000000
243.371000 36.071300 -4.587 -1.777 0.287 0.341 0.110431 20000 1.000000
242.835000 36.022500 -5.023 -2.328 0.178 0.212 0.026626 20000 1.000000
242.590000 36.159000 -4.654 -2.032 0.18 0.222 0.094054 20000 1.000000
241.868000 36.466800 -5.759 -1.064 0.192 0.242 -0.159125 20000 1.000000
242.211000 36.531200 -5.711 -2.495 0.165 0.208 0.036299 20000 1.000000
241.909000 36.570200 -5.761 -0.962 0.189 0.222 -0.015824 20000 1.000000
241.882000 36.975700 -5.299 -2.062 0.166 0.209 0.043193 20000 1.000000
242.064000 37.231400 -5.272 -2.537 0.173 0.213 0.084869 20000 1.000000
242.606000 34.462400 -7.258 0.694 0.182 0.216 0.038664 20000 1.000000
242.459000 33.562100 -10.56 1.837 0.227 0.26 0.084160 20000 1.000000
242.895000 32.889200 -12.183 4.613 0.173 0.204 0.031548 20000 1.000000
243.050000 32.733800 -12.255 4.396 0.168 0.199 0.037379 20000 1.000000
242.756000 32.666400 -12.822 5.035 0.187 0.21 0.136352 20000 1.000000
242.810000 33.439600 -11.13 3.263 0.17 0.204 0.049846 20000 1.000000
242.928000 33.235700 -11.987 4.648 0.182 0.208 0.087455 20000 1.000000
243.217000 33.493300 -10.165 3.338 0.17 0.203 0.041654 20000 1.000000
243.651000 32.976000 -11.924 4.01 0.174 0.207 0.046937 20000 1.000000
243.989000 32.822200 -11.511 3.311 0.173 0.204 0.010467 20000 1.000000
243.329000 33.240200 -11.453 3.547 0.179 0.211 0.047364 20000 1.000000
243.431000 33.059200 -11.563 4.09 0.17 0.201 0.035607 20000 1.000000
243.379000 33.375600 -10.936 3.129 0.175 0.208 0.086395 20000 1.000000
243.591000 33.210200 -10.775 3.621 0.184 0.22 0.049075 20000 1.000000
243.817000 33.213500 -10.011 1.927 0.171 0.203 0.045415 20000 1.000000
243.921000 33.201000 -9.37 1.175 0.172 0.204 0.050626 20000 1.000000
243.888000 33.296200 -8.364 1.387 0.175 0.208 -0.005320 20000 1.000000
243.574000 33.523500 -7.835 2.148 0.184 0.209 0.124502 20000 1.000000
243.773000 33.574700 -7.886 0.691 0.177 0.22 0.064788 20000 1.000000
244.031000 32.887000 -10.387 3.282 0.174 0.206 0.044027 20000 1.000000
244.175000 32.954700 -9.921 2.766 0.174 0.204 0.044002 20000 1.000000
244.268000 32.759700 -9.993 3.405 0.179 0.213 0.048647 20000 1.000000
244.404000 32.750600 -8.518 1.996 0.182 0.21 0.049101 20000 1.000000
244.423000 32.834700 -7.68 1.9 0.18 0.211 0.039747 20000 1.000000
244.430000 32.898400 -6.644 1.304 0.183 0.214 0.064228 20000 1.000000
244.700000 32.690000 -4.377 -2.32 0.172 0.204 0.038227 20000 1.000000
244.602000 32.875800 -3.414 -2.835 0.179 0.212 0.056839 20000 1.000000
244.578000 32.982500 -4.218 -3.751 0.177 0.211 0.053883 20000 1.000000
244.280000 32.948900 -8.453 1.699 0.175 0.207 0.036429 20000 1.000000
244.234000 33.516400 -5.587 -3.382 0.181 0.214 0.106803 20000 1.000000
244.313000 33.423900 -4.927 -3.534 0.18 0.213 0.093767 20000 1.000000
244.571000 33.247800 -4.012 -3.785 0.177 0.21 0.037246 20000 1.000000
244.657000 33.143600 -4.007 -3.064 0.177 0.21 -0.002266 20000 1.000000
244.704000 33.886900 -3.862 -3.686 0.181 0.21 0.048941 20000 1.000000
240.305000 37.562600 -5.774 0.214 0.191 0.22 0.146359 20000 1.000000
239.350000 34.907300 -13.438 5.57 0.167 0.204 0.036654 20000 1.000000
239.590000 35.010700 -13.115 5.702 0.175 0.213 0.032918 20000 1.000000
239.760000 34.870600 -13.062 5.478 0.172 0.207 0.062888 20000 1.000000
239.617000 35.106200 -12.405 5.966 0.181 0.217 0.116456 20000 1.000000
241.822000 34.376400 -10.334 2.845 0.171 0.209 0.049233 20000 1.000000
239.925000 35.020000 -13.054 5.899 0.167 0.204 0.032847 20000 1.000000
240.208000 34.507800 -12.76 4.403 0.175 0.206 0.022459 20000 1.000000
240.384000 34.630500 -12.364 3.776 0.167 0.203 0.036469 20000 1.000000
240.185000 34.888600 -13.328 4.065 0.166 0.203 0.039867 20000 1.000000
240.464000 35.086600 -10.078 1.095 0.171 0.209 0.069679 20000 1.000000
239.192000 35.425800 -13.031 6.226 0.169 0.207 0.015773 20000 1.000000
239.455000 35.327800 -12.264 6.083 0.173 0.214 0.090252 20000 1.000000
239.646000 35.440500 -11.855 6.143 0.172 0.21 0.023494 20000 1.000000
239.520000 35.624800 -10.607 8.89 0.171 0.211 0.044472 20000 1.000000
239.463000 35.792700 -11.966 5.538 0.172 0.214 0.067163 20000 1.000000
239.733000 35.633800 -11.171 4.327 0.176 0.211 0.070620 20000 1.000000
239.629000 35.747900 -9.923 4.713 0.174 0.214 0.044858 20000 1.000000
237.762000 37.061200 -12.616 6.322 0.171 0.214 0.051574 20000 1.000000
239.899000 35.235100 -11.573 4.387 0.196 0.224 0.090409 20000 1.000000
239.975000 35.279800 -11.233 4.302 0.178 0.22 0.008696 20000 1.000000
240.065000 35.316800 -10.408 3.245 0.174 0.217 0.040293 20000 1.000000
239.887000 35.534200 -9.81 3.021 0.179 0.22 0.041094 20000 1.000000
239.818000 35.702700 -8.049 2.083 0.171 0.21 0.038665 20000 1.000000
239.869000 35.801300 -6.911 0.301 0.176 0.212 0.043558 20000 1.000000
239.999000 35.686700 -7.444 0.149 0.174 0.211 -0.004101 20000 1.000000
239.707000 35.688900 -10.099 4.243 0.169 0.207 0.024269 20000 1.000000
240.287000 35.319000 -8.081 2.114 0.18 0.223 0.031087 20000 1.000000
240.091000 35.934700 -6.435 0.359 0.17 0.208 0.038217 20000 1.000000
240.496000 34.466800 -12.856 3.284 0.167 0.202 0.038701 20000 1.000000
240.674000 34.599600 -12.434 3.559 0.178 0.219 0.118565 20000 1.000000
240.885000 34.660100 -11.355 2.597 0.178 0.213 0.109203 20000 1.000000
240.845000 34.856200 -9.269 3.152 0.239 0.352 -0.020471 20000 1.000000
239.755000 35.686700 -10.836 4.015 0.172 0.208 0.022725 20000 1.000000
241.121000 34.835100 -9.276 1.174 0.17 0.206 0.051226 20000 1.000000
241.152000 34.792300 -9.994 1.591 0.175 0.218 0.042207 20000 1.000000
241.331000 34.695000 -9.714 2.185 0.179 0.217 0.112878 20000 1.000000
241.454000 34.771100 -9.49 1.784 0.171 0.209 0.039217 20000 1.000000
241.344000 34.944400 -7.991 0.54 0.176 0.217 0.004597 20000 1.000000
241.388000 35.138600 -6.962 -0.192 0.17 0.208 0.014214 20000 1.000000
241.459000 34.821800 -7.969 0.199 0.179 0.213 0.035341 20000 1.000000
241.811000 34.982100 -5.749 0.1 0.169 0.205 0.037236 20000 1.000000
241.876000 35.378000 -7.614 -0.943 0.17 0.207 0.027570 20000 1.000000
241.740000 35.667300 -6.447 -1.207 0.177 0.211 0.043496 20000 1.000000
241.233000 36.231400 -5.684 -1.652 0.177 0.212 0.102951 20000 1.000000
241.045000 36.585500 -6.551 -0.955 0.168 0.209 0.038656 20000 1.000000
241.740000 36.093100 -6.245 -0.805 0.171 0.208 0.038052 20000 1.000000
241.994000 35.038800 -5.776 0.11 0.17 0.206 0.045787 20000 1.000000
242.271000 34.509700 -8.003 0.651 0.171 0.206 0.034040 20000 1.000000
242.451000 34.634300 -7.348 0.562 0.169 0.206 0.041105 20000 1.000000
242.457000 34.987000 -5.848 -0.383 0.173 0.21 0.083737 20000 1.000000
243.048000 33.892600 -8.467 2.121 0.168 0.202 0.041525 20000 1.000000
243.454000 34.019300 -7.121 0.588 0.17 0.204 0.035651 20000 1.000000
242.719000 34.534800 -6.92 0.041 0.193 0.217 -0.056518 20000 1.000000
241.969000 34.332200 -10.891 2.079 0.174 0.211 0.052711 20000 1.000000
242.635000 35.116800 -5.687 -0.499 0.172 0.209 0.028720 20000 1.000000
241.983000 35.152400 -6.321 0.679 0.17 0.208 0.037035 20000 1.000000
242.697000 35.238500 -5.232 -1.089 0.172 0.208 0.054654 20000 1.000000
242.795000 35.387900 -4.396 -1.547 0.166 0.204 0.049327 20000 1.000000
242.610000 35.896700 -4.18 -2.256 0.184 0.227 0.018155 20000 1.000000
242.597000 35.697600 -5.1 -1.629 0.169 0.207 0.044581 20000 1.000000
243.111000 35.998200 -4.284 -2.036 0.177 0.211 0.035959 20000 1.000000
243.112000 35.710600 -4.739 -2.503 0.184 0.227 0.044194 20000 1.000000
243.290000 34.192500 -6.315 0.081 0.173 0.206 0.025756 20000 1.000000
243.463000 34.217200 -5.27 -0.095 0.173 0.206 0.060237 20000 1.000000
243.788000 33.865800 -6.25 -1.634 0.17 0.204 0.058423 20000 1.000000
243.920000 33.959300 -4.955 -1.642 0.171 0.204 0.045798 20000 1.000000
239.772000 35.729200 -8.591 1.62 0.192 0.233 0.052373 20000 1.000000
243.971000 34.716900 -4 -3.246 0.175 0.209 0.018558 20000 1.000000
243.329000 34.936800 -5.325 -2.338 0.173 0.211 0.052167 20000 1.000000
242.063000 34.341100 -10.342 2.109 0.185 0.228 0.024700 20000 1.000000
243.120000 34.462100 -6.434 -0.242 0.17 0.205 0.042852 20000 1.000000
244.179000 33.741000 -5.256 -3.062 0.183 0.217 0.062534 20000 1.000000
243.107000 34.062700 -7.719 1.089 0.186 0.224 0.002936 20000 1.000000
244.236000 34.425700 -3.445 -3.597 0.214 0.226 0.080907 20000 1.000000
244.350000 35.204800 -3.903 -3.604 0.174 0.21 0.018288 20000 1.000000
242.685000 34.187400 -12.536 6.015 0.179 0.215 0.086397 20000 1.000000
242.950000 34.196200 -6.558 1.358 0.207 0.214 0.126477 20000 1.000000
244.750000 34.731800 -3.654 -3.749 0.213 0.264 0.096654 20000 1.000000
243.237000 35.204600 -4.499 -1.785 0.169 0.206 0.048603 20000 1.000000
242.107000 35.424600 -6.204 -0.545 0.171 0.209 0.040232 20000 1.000000
243.428000 35.320600 -4.618 -2.435 0.171 0.21 0.038602 20000 1.000000
243.896000 35.141900 -3.886 -3.479 0.18 0.211 0.017820 20000 1.000000
243.878000 35.526000 -4.216 -2.252 0.189 0.227 0.020300 20000 1.000000
243.855000 35.785400 -4.565 -3.316 0.169 0.208 0.029952 20000 1.000000
244.456000 35.472800 -4.063 -3.829 0.17 0.21 0.053447 20000 1.000000
244.634000 35.163000 -3.639 -3.522 0.18 0.22 0.033618 20000 1.000000
245.401000 34.188900 -3.65 -3.247 0.175 0.211 0.053904 20000 1.000000
245.035000 34.844400 -3.41 -3.75 0.175 0.211 0.036944 20000 1.000000
244.762000 35.291100 -3.957 -4.035 0.171 0.209 0.044978 20000 1.000000
241.621000 37.973100 -4.742 -3.32 0.174 0.222 0.013338 20000 1.000000
241.000000 37.613000 -6.659 -1.272 0.172 0.214 -0.003027 20000 1.000000
241.084000 37.605300 -5.571 -2.789 0.177 0.231 0.007798 20000 1.000000
240.914000 37.785700 -5.592 -0.988 0.205 0.242 -0.070156 20000 1.000000
240.967000 37.913500 -5.554 -0.557 0.166 0.21 0.036605 20000 1.000000
240.974000 37.696600 -6.647 -0.936 0.2 0.234 0.161506 20000 1.000000
240.862000 37.839300 -5.128 -0.887 0.179 0.22 0.057203 20000 1.000000
240.853000 37.962800 -5.869 -0.981 0.168 0.21 0.036168 20000 1.000000
240.916000 37.914100 -5.692 -0.921 0.169 0.211 0.037841 20000 1.000000
241.056000 37.734300 -5.786 0.853 0.168 0.213 0.039014 20000 1.000000
241.131000 37.654600 -3.703 -1.165 0.169 0.215 0.034571 20000 1.000000
241.040000 37.891700 -5.754 -0.296 0.177 0.217 0.021846 20000 1.000000
241.148000 37.878200 -5.021 -0.26 0.168 0.212 0.027753 20000 1.000000
241.183000 37.591400 -4.746 -1.561 0.172 0.227 0.090494 20000 1.000000
241.302000 37.561600 -4.152 -1.472 0.175 0.236 0.018361 20000 1.000000
241.316000 37.495400 -5.082 -2.022 0.165 0.207 0.037907 20000 1.000000
241.406000 37.541300 -4.817 -1.488 0.169 0.213 0.041736 20000 1.000000
241.180000 37.677000 -3.438 -1.584 0.168 0.213 0.038793 20000 1.000000
241.232000 37.754400 -4.749 -0.731 0.178 0.231 0.093106 20000 1.000000
240.981000 37.800000 -6.001 -0.019 0.171 0.215 0.070186 20000 1.000000
241.264000 37.903500 -4.787 -0.683 0.172 0.216 0.025234 20000 1.000000
241.445000 37.891300 -4.455 -2.272 0.178 0.217 0.095312 20000 1.000000
241.762000 37.589200 -5.551 -2.81 0.168 0.211 0.039098 20000 1.000000
241.528000 37.737500 -4.462 -2.081 0.177 0.218 0.063960 20000 1.000000
240.850000 38.057900 -5.371 -1.576 0.175 0.217 0.038159 20000 1.000000
237.804000 41.344800 -14.057 62.219 0.195 0.266 0.081008 20000 1.000000
237.706000 41.381200 -4.933 -3.197 0.179 0.226 0.089562 20000 1.000000
237.809000 41.479200 -6.117 -1.448 0.168 0.233 -0.009824 20000 1.000000
237.687000 41.463600 -5.613 -3.66 0.172 0.235 -0.009543 20000 1.000000
237.847000 41.531900 -4.633 -2.36 0.209 0.244 0.089582 20000 1.000000
238.493000 41.711600 -4.582 -1.137 0.167 0.222 0.030301 20000 1.000000
246.132000 42.878900 -3.732 -3.563 0.166 0.223 0.029915 20000 1.000000
241.275000 37.380400 -5.349 -0.415 0.237 0.267 0.207293 20000 1.000000
241.439000 37.439500 -5.204 -2.063 0.182 0.222 0.049425 20000 1.000000
240.254000 37.088900 -6.404 -1.277 0.174 0.216 0.088020 20000 1.000000
241.853000 37.280500 -5.228 -2.764 0.175 0.22 0.054600 20000 1.000000
239.172000 41.359200 -5.648 -2.743 0.192 0.248 -0.041174 20000 1.000000
239.527000 41.332500 -5.312 -3.721 0.171 0.224 0.036440 20000 1.000000
235.587000 42.442000 -3.399 -1.95 0.172 0.23 -0.035303 20000 1.000000
235.707000 42.076600 -3.453 -1.292 0.176 0.226 0.046437 20000 1.000000
238.120000 42.579800 -4.693 -2.513 0.171 0.226 0.018205 20000 1.000000
237.390000 42.727100 -3.887 -2.543 0.205 0.253 0.151122 20000 1.000000
240.341000 42.546100 -3.885 -3.306 0.168 0.226 0.023031 20000 1.000000
242.275000 42.020200 -5.721 -5.21 0.17 0.224 0.034329 20000 1.000000
243.404000 33.598200 -10.84 1.011 0.248 0.301 -0.062505 20000 1.000000
243.397000 33.495500 -9.781 2.789 0.177 0.212 0.052153 20000 1.000000
244.492000 32.829400 -6.099 1.861 0.174 0.204 0.039511 20000 1.000000
239.784000 35.693800 -9.266 2.198 0.189 0.226 0.084949 20000 1.000000
237.579000 41.830800 -1.176 -1.288 0.18 0.238 0.079824 20000 1.000000
236.019000 41.845500 -3.466 -1.4 0.187 0.275 -0.046477 20000 1.000000
238.521000 36.744300 -11.013 7.51 0.186 0.225 0.090788 20000 1.000000
239.528000 35.946600 -8.172 2.105 0.187 0.226 0.095087 20000 1.000000
239.485000 35.929100 -10.606 5.059 0.239 0.319 0.056484 20000 1.000000
236.427000 40.478800 -5.448 -2.012 0.229 0.298 0.244137 20000 1.000000
237.036000 39.845700 -8.308 -3.004 0.165 0.216 0.006748 20000 1.000000
243.852000 34.508100 -3.89 -3.122 0.168 0.204 0.045627 20000 1.000000
245.241000 32.497900 -3.32 -4.218 0.178 0.206 0.047720 20000 1.000000
243.407000 33.537300 -9.806 1.661 0.181 0.219 0.093968 20000 1.000000
241.651000 34.021700 -11.161 4.041 0.179 0.221 0.065776 20000 1.000000
241.379000 34.836000 -7.817 0.66 0.173 0.21 0.033139 20000 1.000000
241.983000 35.152400 -6.25 1.182 0.172 0.211 0.038514 20000 1.000000
241.983000 35.152500 -6.747 0.352 0.173 0.211 0.041510 20000 1.000000
243.936000 31.559100 -12.619 5.763 0.178 0.204 0.112539 20000 1.000000
238.728000 35.709000 -13.641 6.616 0.191 0.235 0.029158 20000 1.000000
242.077000 34.508200 -8.791 2.239 0.178 0.214 0.052291 20000 1.000000
244.450000 32.490100 -8.963 4.133 0.175 0.213 0.005025 20000 1.000000
242.305000 34.925400 -5.925 -0.163 0.176 0.212 -0.010676 20000 1.000000
244.116000 32.417000 -12.841 4.658 0.17 0.2 0.045036 20000 1.000000
243.076000 33.687100 -10.179 1.66 0.166 0.198 0.039957 20000 1.000000
239.522000 35.919900 -17.211 -3.191 0.177 0.218 0.083465 20000 1.000000
242.818000 33.835700 -10.504 3.476 0.194 0.22 0.043476 20000 1.000000
243.506000 33.819200 -6.973 0.478 0.188 0.221 0.035254 20000 1.000000
242.193000 34.091800 -9.78 2.822 0.176 0.222 0.032600 20000 1.000000
244.165000 31.313100 -13.245 5.889 0.171 0.2 0.035446 20000 1.000000
244.543000 32.377900 -7.885 2.803 0.188 0.219 0.036064 20000 1.000000
241.596000 33.743300 -12.569 4.338 0.171 0.202 0.038635 20000 1.000000
238.863000 36.161100 -12.638 6.715 0.176 0.214 0.060131 20000 1.000000
241.755000 34.628700 -8.881 0.604 0.188 0.229 -0.007210 20000 1.000000
239.056000 39.974600 -6.049 -1.321 0.185 0.237 -0.014394 20000 1.000000
242.317000 35.338700 -5.047 -0.623 0.17 0.207 0.046287 20000 1.000000
240.280000 34.500000 -13.11 3.834 0.173 0.211 0.033667 20000 1.000000
243.375000 34.643900 -5.291 -1.323 0.172 0.206 0.028418 20000 1.000000
241.974000 34.019100 -11.61 2.888 0.195 0.233 -0.021185 20000 1.000000
242.445000 33.485800 -11.678 4.492 0.176 0.208 0.064660 20000 1.000000
239.475000 35.900000 -20.251 7.663 0.182 0.227 0.008776 20000 1.000000
241.807000 34.875100 -6.781 0.484 0.183 0.219 0.073458 20000 1.000000
240.816000 34.541500 -11.667 2.228 0.195 0.231 0.114484 20000 1.000000
244.877000 40.617200 -4.633 -3.739 0.171 0.228 0.055022 20000 1.000000
243.350000 36.316300 -4.076 -2.48 0.243 0.301 0.065293 20000 1.000000
238.442000 37.666500 -7.015 -2 0.17 0.213 0.019823 20000 1.000000
241.245000 34.459800 -10.931 3.069 0.191 0.238 0.046465 20000 1.000000
242.138000 34.205600 -10.348 2.247 0.219 0.228 -0.039929 20000 1.000000
244.274000 32.649300 -9.869 2.436 0.211 0.249 0.021118 20000 1.000000
239.775000 40.591700 -6.156 -2.734 0.175 0.231 0.018972 20000 1.000000
240.984000 41.868400 -4.124 -3.08 0.183 0.239 0.122079 20000 1.000000
243.701000 35.971300 -3.925 -3.822 0.18 0.215 -0.002534 20000 1.000000
241.521000 34.438600 -10.181 3.769 0.207 0.249 0.017359 20000 1.000000
243.746000 33.192600 -9.774 2.449 0.171 0.203 0.037054 20000 1.000000
240.116000 39.314300 -5.308 -3.785 0.17 0.222 0.007452 20000 1.000000
244.022000 33.292200 -7.078 0.462 0.178 0.209 0.054728 20000 1.000000
240.476000 33.247900 -13.154 6.905 0.175 0.217 0.006123 20000 1.000000
240.936000 34.319900 -11.875 4.479 0.169 0.204 0.036518 20000 1.000000
241.354000 34.059300 -12.903 3.712 0.174 0.206 -0.001646 20000 1.000000
242.151000 33.992700 -11.13 3.321 0.183 0.217 0.068053 20000 1.000000
239.935000 34.004300 -13.258 6.783 0.178 0.211 0.027654 20000 1.000000
239.640000 35.917400 -9.919 -1.845 0.202 0.236 0.116866 20000 1.000000
241.585000 35.158200 -6.032 -0.503 0.169 0.208 0.038215 20000 1.000000
243.923000 33.650600 -5.835 -0.609 0.178 0.212 0.082762 20000 1.000000
242.233000 33.549600 -12.332 4.357 0.195 0.218 0.033858 20000 1.000000
243.770000 36.934800 -3.491 -2.935 0.167 0.208 0.058521 20000 1.000000
239.867000 34.483500 -13.043 5.189 0.177 0.217 0.030876 20000 1.000000
243.839000 33.641200 -8.309 1.381 0.199 0.23 0.064255 20000 1.000000
246.368000 31.335500 -3.446 -4.641 0.202 0.231 0.023823 20000 1.000000
242.951000 39.542200 -4.42 -3.409 0.176 0.22 0.122253 20000 1.000000
242.816000 38.097200 -4.284 -3.529 0.168 0.212 0.032775 20000 1.000000
241.669000 33.797800 -12.573 4.593 0.176 0.21 0.030143 20000 1.000000
241.163000 34.248000 -12.022 4.437 0.177 0.211 0.099789 20000 1.000000
235.849000 41.053900 -3.196 0.212 0.181 0.235 -0.002541 20000 1.000000
241.558000 34.069100 -12.423 3.529 0.191 0.217 0.076801 20000 1.000000
240.156000 34.413300 -14.319 4.715 0.175 0.213 -0.013250 20000 1.000000
241.198000 39.627100 -5.278 -3.706 0.175 0.225 0.048766 20000 1.000000
241.715000 34.024000 -13.907 4.818 0.338 0.326 -0.010113 20000 1.000000
243.915000 33.030100 -10.269 3.384 0.173 0.206 0.052582 20000 1.000000
240.516000 34.851500 -10.298 2.903 0.186 0.223 0.043842 20000 1.000000
238.053000 38.394500 -5.712 -2.68 0.201 0.258 0.025168 20000 1.000000
241.780000 34.178600 -11.211 3.168 0.224 0.238 0.142420 20000 1.000000
241.486000 34.126400 -17.125 3.085 0.17 0.206 0.061814 20000 1.000000
241.516000 34.293200 -10.717 3.32 0.176 0.209 0.039306 20000 1.000000
239.384000 34.556300 -13.538 4.38 0.312 0.356 0.057595 20000 1.000000
241.879000 34.501500 -10.711 2.575 0.185 0.219 0.061457 20000 1.000000
241.706000 33.712600 -12.084 5.092 0.173 0.208 0.021264 20000 1.000000
242.807000 33.225000 -11.758 4.52 0.171 0.204 0.061653 20000 1.000000
241.346000 37.664300 -3.397 -2.061 0.232 0.293 0.042596 20000 1.000000
241.016000 35.010800 -8.788 2.8 0.198 0.233 0.027681 20000 1.000000
243.608000 33.934800 -6.616 -1.371 0.186 0.22 0.037349 20000 1.000000
241.258000 34.568500 -9.94 1.304 0.188 0.223 0.171785 20000 1.000000
241.586000 34.259400 -11.242 2.825 0.203 0.247 0.030130 20000 1.000000
244.418000 33.038300 -6.841 -1.755 0.172 0.204 0.040459 20000 1.000000
243.068000 34.669000 -6.104 -0.663 0.188 0.225 -0.061592 20000 1.000000
241.572000 33.958200 -12.16 4.096 0.24 0.258 -0.284948 20000 1.000000
244.421000 33.278800 -4.864 -4.221 0.175 0.207 0.032716 20000 1.000000
243.346000 33.955300 -7.279 1.545 0.193 0.227 0.031475 20000 1.000000
243.111000 35.425200 -4.886 -2.854 0.187 0.223 0.035071 20000 1.000000
243.920000 35.287000 -3.734 -2.92 0.174 0.212 0.047701 20000 1.000000
