242.907000 34.116400 -10.798 1.144 0.182 0.222 -0.039355 20000 1.000000
242.555000 33.274300 -13.124 6.446 0.171 0.195 -0.012790 20000 1.000000
242.555000 33.274300 -13.258 6.464 0.169 0.193 -0.009955 20000 1.000000
243.571000 34.594300 -7.364 -0.406 0.166 0.195 -0.010650 20000 1.000000
241.305000 34.824500 -9.087 4.069 0.182 0.212 -0.036018 20000 1.000000
242.675000 33.341900 -13.106 6.463 0.168 0.194 -0.004098 20000 1.000000
242.524000 33.381100 -13.155 6.593 0.174 0.198 -0.014417 20000 1.000000
242.103000 34.126000 -11.559 5.145 0.228 0.244 -0.047309 20000 1.000000
242.795000 40.412800 -6.149 -1.816 0.165 0.208 -0.027528 20000 1.000000
240.970000 33.480500 -17.761 8.887 0.188 0.208 -0.056946 20000 1.000000
243.116000 34.264300 -8.467 1.119 0.19 0.224 0.036507 20000 1.000000
240.594000 34.920500 -10.802 5.132 0.169 0.197 -0.023945 20000 1.000000
243.379000 37.039900 -6.488 -2.382 0.175 0.212 0.014998 20000 1.000000
244.002000 34.000500 -6.555 -1.398 0.17 0.196 -0.034981 20000 1.000000
242.935000 33.578200 -12.036 5.685 0.177 0.202 -0.019880 20000 1.000000
243.920000 35.287000 -6.117 -1.692 0.171 0.201 -0.016695 20000 1.000000
245.285000 33.610400 -5.3 -3.026 0.17 0.196 -0.032810 20000 1.000000
243.947000 34.251400 -6.172 -1.268 0.169 0.196 -0.018533 20000 1.000000
242.988000 34.918600 -7.604 0.646 0.169 0.198 -0.007879 20000 1.000000
241.812000 34.292800 -12.606 5.841 0.262 0.264 -0.325130 20000 1.000000
242.156000 42.779500 -5.83 -0.977 0.168 0.221 -0.015357 20000 1.000000
240.653000 35.157300 -11.235 2.437 0.17 0.203 0.000974 20000 1.000000
235.437000 42.836100 0.707 1.591 0.23 0.292 -0.025451 20000 1.000000
244.010000 33.655100 -7.606 0.737 0.175 0.204 0.020363 20000 1.000000
239.566000 35.939400 -8.591 1.847 0.167 0.199 -0.026021 20000 1.000000
239.569000 35.888400 -11.223 4.169 0.189 0.217 -0.005076 20000 1.000000
241.666000 33.311600 -14.509 8.453 0.166 0.192 -0.005970 20000 1.000000
241.517000 33.445800 -13.908 3.671 0.18 0.208 -0.033330 20000 1.000000
241.370000 34.138600 -14.148 6.556 0.208 0.219 0.075150 20000 1.000000
242.329000 35.565300 -8.348 0.97 0.173 0.208 -0.016136 20000 1.000000
240.987000 34.806400 -11.93 2.925 0.183 0.235 -0.107579 20000 1.000000
243.664000 34.829500 -6.401 -1.46 0.182 0.206 -0.031050 20000 1.000000
242.035000 34.244000 -8.847 8.613 0.196 0.241 -0.129731 20000 1.000000
242.172000 34.640500 -9.62 2.715 0.176 0.211 0.037602 20000 1.000000
241.063000 34.109600 -12.853 8.422 0.183 0.218 -0.012060 20000 1.000000
241.873000 34.136700 -14.969 3.438 0.207 0.226 -0.000789 20000 1.000000
242.576000 34.271200 -3.299 2.623 0.175 0.2 -0.016446 20000 1.000000
242.521000 34.313800 -9.531 3.989 0.185 0.209 0.082424 20000 1.000000
241.856000 34.530300 -7.319 6.725 0.189 0.209 -0.151295 20000 1.000000
242.291000 34.109900 -11.844 4.553 0.179 0.206 -0.044366 20000 1.000000
245.126000 40.558400 -6.172 -1.864 0.178 0.21 0.020150 20000 1.000000
244.877000 32.863500 -5.081 -2.247 0.172 0.194 -0.022190 20000 1.000000
244.272000 32.850500 -11.231 4.589 0.173 0.196 -0.036250 20000 1.000000
240.120000 34.414900 -12.513 9.887 0.175 0.201 -0.049415 20000 1.000000
242.427000 35.071700 -8.361 1.842 0.174 0.202 0.026992 20000 1.000000
239.249000 35.791600 -13.101 9.58 0.173 0.203 -0.026396 20000 1.000000
240.275000 35.242100 -9.778 4.695 0.168 0.197 -0.008390 20000 1.000000
244.265000 33.069800 -9.726 2.751 0.177 0.201 -0.007274 20000 1.000000
240.961000 34.168400 -11.206 7.138 0.17 0.197 0.002902 20000 1.000000
241.743000 33.861500 -13.457 7.257 0.173 0.203 -0.022877 20000 1.000000
241.476000 34.253600 -12.512 6.826 0.177 0.205 0.020249 20000 1.000000
240.629000 34.408100 -11.983 7.582 0.192 0.228 -0.031487 20000 1.000000
241.387000 34.516500 -10.538 5.115 0.175 0.201 -0.032645 20000 1.000000
243.630000 34.124100 -7.73 -0.031 0.191 0.217 -0.070830 20000 1.000000
242.098000 34.082000 -10.579 5.302 0.183 0.211 -0.076073 20000 1.000000
241.603000 34.334800 -21.313 4.947 0.352 0.331 -0.080704 20000 1.000000
241.603000 34.334000 -11.165 5.248 0.259 0.252 -0.173328 20000 1.000000
244.212000 33.389800 -9.21 0.052 0.185 0.211 -0.020731 20000 1.000000
242.140000 34.413400 -11.027 3.876 0.17 0.211 -0.002728 20000 1.000000
241.873000 33.938300 -13.337 7.863 0.181 0.21 -0.019645 20000 1.000000
242.588000 33.647700 -13.93 5.951 0.165 0.191 -0.013544 20000 1.000000
241.170000 34.946200 -10.534 1.934 0.175 0.209 -0.011501 20000 1.000000
245.061000 39.345200 -4.485 -1.884 0.171 0.211 -0.035028 20000 1.000000
244.183000 40.914700 -6.688 -1.939 0.164 0.209 -0.019034 20000 1.000000
241.871000 33.583500 -13.125 8.015 0.181 0.207 0.018676 20000 1.000000
242.574000 33.649100 -9.742 8.309 0.172 0.199 -0.055072 20000 1.000000
241.574000 34.703100 -7.619 12.172 0.17 0.198 -0.008249 20000 1.000000
242.474000 34.104200 -11.687 4.671 0.195 0.227 -0.033629 20000 1.000000
239.991000 34.733000 -13.686 8.529 0.17 0.197 0.011901 20000 1.000000
243.064000 34.093600 -10.144 0.268 0.19 0.268 0.061315 20000 1.000000
241.116000 34.356300 -12.745 8.018 0.171 0.196 -0.018103 20000 1.000000
246.195000 39.369400 -6.045 -2.003 0.173 0.21 -0.032755 20000 1.000000
241.760000 34.733900 -9.828 4.272 0.17 0.199 -0.017846 20000 1.000000
244.200000 32.945000 -12.446 4.491 0.192 0.208 -0.010440 20000 1.000000
241.107000 34.800200 -11.219 4.078 0.177 0.207 -0.005582 20000 1.000000
240.644000 40.416500 -6.59 -1.559 0.168 0.214 -0.053916 20000 1.000000
240.136000 35.189400 -11.87 6.59 0.172 0.205 -0.012373 20000 1.000000
244.479000 33.274800 -6.892 -2.663 0.174 0.197 -0.026827 20000 1.000000
243.617000 34.291400 -6.434 1.069 0.17 0.199 -0.041826 20000 1.000000
245.173000 33.051100 -6.834 -4.173 0.248 0.269 -0.115164 20000 1.000000
244.340000 34.784000 -5.522 -2.183 0.191 0.226 -0.073779 20000 1.000000
245.810000 34.308600 -4.951 -1.935 0.171 0.197 -0.024367 20000 1.000000
243.111000 35.425200 -5.519 0.859 0.171 0.201 -0.034917 20000 1.000000
245.820000 40.640200 -6.437 -2.723 0.222 0.28 -0.006122 20000 1.000000
239.584000 36.399000 -9.654 0.027 0.202 0.235 -0.047399 20000 1.000000
241.887000 34.047400 -13.123 5.385 0.176 0.205 0.026376 20000 1.000000
242.701000 35.011500 -8.835 0.477 0.169 0.197 -0.015196 20000 1.000000
241.714000 33.783600 -15.212 2.871 0.235 0.273 -0.106272 20000 1.000000
243.570000 34.754800 -7.109 -1.537 0.169 0.198 -0.000610 20000 1.000000
238.530000 40.815900 -5.551 -1.161 0.165 0.211 -0.018639 20000 1.000000
242.999000 33.708100 -11.269 4.34 0.17 0.198 -0.017047 20000 1.000000
244.365000 33.705000 -7.317 -2.089 0.222 0.266 -0.047252 20000 1.000000
239.520000 35.866700 -12.346 7.348 0.205 0.258 0.022163 20000 1.000000
242.155000 34.458200 -10.468 3.653 0.176 0.206 -0.049809 20000 1.000000
239.598000 35.880800 -9.149 3.584 0.178 0.21 0.049184 20000 1.000000
240.812000 34.441200 -12.424 7.944 0.181 0.213 -0.016698 20000 1.000000
244.089000 34.727300 -5.925 -1.996 0.173 0.202 -0.003207 20000 1.000000
243.779000 33.796800 -9.229 2.679 0.173 0.201 0.008944 20000 1.000000
244.855000 34.157600 -5.9 -2.405 0.168 0.197 0.005170 20000 1.000000
241.526000 35.662300 -8.297 0.359 0.177 0.209 -0.086452 20000 1.000000
242.045000 34.449100 -9.309 4.589 0.166 0.201 -0.025035 20000 1.000000
240.992000 34.398500 -11.255 5.114 0.173 0.203 -0.018343 20000 1.000000
243.827000 33.925400 -6.982 0.159 0.178 0.201 -0.012814 20000 1.000000
243.241000 33.236000 -20.615 1.535 0.186 0.212 0.044764 20000 1.000000
242.165000 34.485500 -9.79 3.82 0.167 0.195 -0.015864 20000 1.000000
242.609000 33.744200 -12.318 5.55 0.187 0.209 0.058780 20000 1.000000
242.555000 33.817400 -11.838 5.819 0.169 0.196 -0.010764 20000 1.000000
243.060000 35.090200 -7.195 -0.26 0.173 0.2 -0.015231 20000 1.000000
239.553000 34.691000 0.586 26.507 0.171 0.198 -0.018559 20000 1.000000
242.246000 34.133300 -11.927 4.926 0.186 0.214 0.004998 20000 1.000000
239.406000 35.828700 -12.18 10.798 0.175 0.207 0.003971 20000 1.000000
242.454000 34.314900 -8.989 3.507 0.204 0.231 0.029544 20000 1.000000
241.970000 34.527100 -10.246 3.761 0.175 0.209 -0.052984 20000 1.000000
240.896000 34.733600 -11.707 4.696 0.172 0.205 0.002953 20000 1.000000
239.557000 35.832600 -10.877 8.233 0.169 0.2 -0.014621 20000 1.000000
242.563000 33.856800 -11.91 5.621 0.171 0.194 -0.025722 20000 1.000000
238.778000 42.418300 -4.976 -0.886 0.235 0.315 -0.037542 20000 1.000000
244.021000 36.632500 -6.024 -2.023 0.167 0.201 0.013109 20000 1.000000
239.649000 34.038300 -14.127 10.309 0.173 0.202 -0.058542 20000 1.000000
241.874000 34.136800 -12.575 5.895 0.17 0.195 0.011317 20000 1.000000
243.904000 40.148400 -5.858 -1.999 0.171 0.217 -0.087825 20000 1.000000
242.682000 33.918400 -11.656 5.312 0.17 0.195 -0.004724 20000 1.000000
239.566000 35.969500 -8.108 1.573 0.175 0.199 -0.054551 20000 1.000000
244.588000 40.710700 -6.204 -2.514 0.168 0.222 -0.028263 20000 1.000000
241.122000 34.295500 -12.836 7.617 0.189 0.214 -0.003072 20000 1.000000
242.118000 34.175200 -11.232 6.252 0.226 0.251 -0.288384 20000 1.000000
243.352000 34.038500 -8.575 3.255 0.185 0.217 0.088422 20000 1.000000
242.790000 34.230800 -12.386 -1.899 0.262 0.267 0.200890 20000 1.000000
245.381000 34.767700 -5.486 -2.081 0.182 0.212 -0.019997 20000 1.000000
240.859000 34.498700 -13.182 4.429 0.167 0.195 -0.019696 20000 1.000000
243.932000 34.141000 -6.584 -1.571 0.168 0.195 -0.005150 20000 1.000000
242.653000 33.240700 -14.032 10.745 0.189 0.205 -0.138246 20000 1.000000
244.082000 34.369900 -6.505 -1.509 0.17 0.2 -0.045367 20000 1.000000
243.695000 34.427700 -6.804 -0.811 0.172 0.205 -0.043471 20000 1.000000
243.708000 34.533000 -6.48 -1.279 0.181 0.203 -0.033429 20000 1.000000
243.185000 34.674900 -7.618 0.104 0.179 0.207 0.060562 20000 1.000000
241.793000 34.128800 -12.148 6.037 0.168 0.195 -0.021001 20000 1.000000
240.647000 34.683400 -13.126 5.607 0.179 0.21 -0.030073 20000 1.000000
242.814000 39.521100 -6.021 -2.372 0.169 0.208 -0.023366 20000 1.000000
245.995000 32.722500 -5.413 -2.02 0.176 0.199 0.025439 20000 1.000000
244.721000 39.910200 -6.173 -1.976 0.182 0.214 -0.010572 20000 1.000000
245.543000 36.154200 -5.307 -2.377 0.168 0.198 -0.021518 20000 1.000000
245.180000 41.724200 -6.004 -2.374 0.174 0.218 -0.077091 20000 1.000000
242.670000 41.428700 -5.687 -2.039 0.188 0.237 0.000983 20000 1.000000
242.935000 42.981700 -5.41 -1.863 0.162 0.213 -0.019212 20000 1.000000
235.925000 40.876300 -2.017 3.641 0.214 0.267 0.034891 20000 1.000000
236.274000 38.928300 -11.815 10.326 0.164 0.202 -0.019800 20000 1.000000
237.585000 40.997600 -4.699 -0.287 0.19 0.25 -0.105173 20000 1.000000
243.830000 32.616500 -15.003 6.099 0.169 0.193 -0.028721 20000 1.000000
238.997000 35.551800 -13.248 10.618 0.17 0.202 -0.009730 20000 1.000000
242.015000 39.305600 -6.742 -2.253 0.171 0.215 -0.050556 20000 1.000000
242.395000 39.287900 -6.954 -2.22 0.169 0.207 -0.031882 20000 1.000000
243.576000 39.500500 -6.137 -2.061 0.163 0.21 0.000126 20000 1.000000
243.950000 39.546400 -6.036 -2.284 0.168 0.205 0.001485 20000 1.000000
244.111000 39.374200 -6.068 -2.04 0.165 0.205 -0.001357 20000 1.000000
244.487000 39.536100 -6.508 -2.733 0.198 0.25 -0.022495 20000 1.000000
244.568000 39.388600 -5.005 -1.791 0.16 0.201 -0.018267 20000 1.000000
242.120000 40.433400 -6.438 -1.618 0.167 0.21 0.010947 20000 1.000000
245.308000 39.255200 -5.678 -2.383 0.17 0.206 0.026426 20000 1.000000
245.723000 39.119400 -7.29 -2.603 0.166 0.211 -0.014228 20000 1.000000
246.129000 39.067300 -5.943 -2.002 0.167 0.207 -0.038160 20000 1.000000
242.532000 40.320600 -7.153 -1.514 0.171 0.212 -0.063020 20000 1.000000
246.946000 40.494000 -5.404 -1.776 0.163 0.207 -0.000197 20000 1.000000
243.264000 40.495500 -5.847 -2.149 0.177 0.22 -0.057935 20000 1.000000
240.200000 39.572800 -7.878 -2.393 0.167 0.209 -0.028791 20000 1.000000
242.469000 36.614300 -7.295 -0.688 0.167 0.199 -0.022920 20000 1.000000
242.593000 36.804200 -7.481 -1.994 0.162 0.195 -0.016326 20000 1.000000
242.006000 36.606000 -8.722 0.061 0.174 0.203 0.064307 20000 1.000000
242.296000 37.200800 -6.98 -2.171 0.167 0.202 -0.015921 20000 1.000000
240.463000 39.698400 -8.675 -1.569 0.174 0.215 -0.020991 20000 1.000000
240.694000 39.795600 -8.046 -2.114 0.173 0.22 0.021817 20000 1.000000
241.316000 39.888900 -7.435 -1.866 0.169 0.212 -0.030593 20000 1.000000
241.841000 39.212300 -6.312 -1.889 0.161 0.201 -0.016741 20000 1.000000
246.706000 41.856800 -7.109 -3.408 0.173 0.223 0.008554 20000 1.000000
246.958000 39.345100 -5.501 -2.364 0.168 0.207 -0.022686 20000 1.000000
246.988000 41.817300 -5.372 -2.383 0.165 0.211 -0.030138 20000 1.000000
246.722000 40.671300 -5.655 -2.169 0.169 0.214 -0.028538 20000 1.000000
240.400000 39.499200 -9.861 -2.978 0.199 0.236 0.026408 20000 1.000000
241.550000 39.133900 -7.603 -2.49 0.165 0.205 -0.006193 20000 1.000000
241.062000 39.268000 -8.844 -2.01 0.233 0.295 -0.024245 20000 1.000000
241.649000 39.454700 -7.053 -1.998 0.167 0.207 0.028350 20000 1.000000
241.995000 38.728800 -6.482 -1.946 0.167 0.204 -0.009734 20000 1.000000
241.070000 38.980900 -7.907 -2.629 0.163 0.206 -0.005263 20000 1.000000
240.985000 38.704600 -6.612 -5.468 0.187 0.222 -0.031196 20000 1.000000
240.541000 38.761400 -10.999 1.031 0.18 0.213 -0.102544 20000 1.000000
240.523000 40.779800 -6.719 -1.922 0.183 0.22 0.057195 20000 1.000000
240.990000 40.242200 -7.5 -2.114 0.187 0.217 -0.093186 20000 1.000000
240.278000 39.908200 -8.099 -2.108 0.167 0.21 0.021487 20000 1.000000
239.307000 38.829200 -7.57 -0.578 0.203 0.226 0.081678 20000 1.000000
239.614000 39.046600 -7.515 -0.961 0.186 0.225 -0.063121 20000 1.000000
240.189000 39.123500 -10.012 -0.846 0.17 0.211 -0.079404 20000 1.000000
239.107000 39.466700 -7.743 -1.089 0.19 0.224 0.074487 20000 1.000000
240.376000 41.357700 -6.1 -1.594 0.165 0.212 -0.010605 20000 1.000000
239.716000 39.937400 -7.771 -1.731 0.161 0.202 -0.018738 20000 1.000000
239.194000 40.418600 -7.113 -2.076 0.199 0.241 0.009724 20000 1.000000
239.923000 40.288900 -7.41 -1.573 0.167 0.21 -0.006702 20000 1.000000
235.692000 40.247500 -9.351 9.082 0.163 0.206 -0.012663 20000 1.000000
235.867000 40.551300 -2.978 4.596 0.17 0.213 -0.024883 20000 1.000000
235.787000 40.637400 -3.389 3.554 0.193 0.241 0.003610 20000 1.000000
235.943000 40.219600 -8.399 5.828 0.17 0.214 0.000473 20000 1.000000
236.307000 40.119300 -8.663 2.141 0.177 0.226 0.025147 20000 1.000000
238.207000 36.485500 -13.538 13.45 0.163 0.196 -0.019109 20000 1.000000
238.710000 35.945700 -13.569 9.992 0.171 0.203 0.036748 20000 1.000000
238.949000 36.302100 -12.771 10.354 0.167 0.2 -0.011415 20000 1.000000
238.865000 36.425900 -12.605 9.605 0.17 0.203 0.011078 20000 1.000000
237.668000 37.534500 -10.357 6.721 0.205 0.216 -0.107854 20000 1.000000
237.623000 37.914500 -9.618 5.512 0.173 0.211 -0.014767 20000 1.000000
236.819000 38.495000 -9.968 8.59 0.169 0.21 -0.078186 20000 1.000000
236.652000 38.987400 -12.935 7.56 0.178 0.213 0.062939 20000 1.000000
236.796000 39.242000 -8.099 2.776 0.167 0.207 -0.007183 20000 1.000000
236.368000 42.275400 -0.648 1.106 0.269 0.343 -0.006090 20000 1.000000
236.895000 39.319700 -9.176 2.707 0.169 0.208 0.012131 20000 1.000000
237.041000 38.664700 -9.087 7.694 0.202 0.258 0.072507 20000 1.000000
237.233000 38.428600 -7.061 7.347 0.167 0.208 -0.002368 20000 1.000000
237.548000 38.239800 -8.29 5.195 0.169 0.208 -0.017237 20000 1.000000
237.083000 38.866100 -14.37 7.116 0.162 0.202 -0.018219 20000 1.000000
237.037000 39.398100 -6.729 0.113 0.249 0.299 -0.079732 20000 1.000000
237.424000 38.777800 -6.367 3.195 0.171 0.221 -0.054956 20000 1.000000
237.281000 39.260000 -9.412 3.68 0.167 0.205 0.022682 20000 1.000000
237.696000 39.109300 -6.64 -0.176 0.173 0.211 -0.024730 20000 1.000000
237.873000 37.069200 -12.736 9.814 0.202 0.235 0.169521 20000 1.000000
238.137000 36.962000 -11.922 8.643 0.194 0.217 -0.050433 20000 1.000000
238.009000 37.201700 -9.927 7.63 0.196 0.227 -0.082233 20000 1.000000
238.203000 37.001000 -10.46 8.685 0.253 0.273 0.062484 20000 1.000000
238.274000 37.002400 -10.905 6.376 0.18 0.221 0.005681 20000 1.000000
238.349000 37.104500 -9.751 4.664 0.205 0.224 -0.135915 20000 1.000000
238.286000 37.203500 -11.508 4.712 0.173 0.205 0.030761 20000 1.000000
237.786000 37.329900 -10.869 11.139 0.166 0.2 0.000146 20000 1.000000
237.901000 37.336900 -10.637 7.288 0.171 0.214 -0.028707 20000 1.000000
237.900000 37.722000 -9.145 4.658 0.166 0.2 -0.020798 20000 1.000000
237.781000 37.863900 -7.97 3.545 0.172 0.214 -0.019416 20000 1.000000
237.942000 37.713900 -9.801 6.276 0.187 0.222 -0.089958 20000 1.000000
238.174000 37.336800 -6.734 6.79 0.168 0.206 -0.012949 20000 1.000000
238.210000 37.533000 -7.316 1.976 0.166 0.201 -0.006459 20000 1.000000
238.313000 37.601800 -6.36 0.101 0.171 0.205 0.032008 20000 1.000000
238.022000 37.749400 -6.412 3.875 0.168 0.204 -0.023112 20000 1.000000
238.214000 37.819000 -3.273 1.983 0.171 0.205 -0.013182 20000 1.000000
238.095000 36.621700 -11.373 4.772 0.168 0.202 -0.030590 20000 1.000000
238.421000 36.724000 -12.338 9.44 0.167 0.2 -0.023050 20000 1.000000
238.580000 36.800400 -7.855 6.203 0.166 0.199 -0.023364 20000 1.000000
238.409000 36.858500 -12.023 8.351 0.166 0.201 -0.032444 20000 1.000000
238.459000 36.814300 -12.697 10.04 0.169 0.201 -0.009820 20000 1.000000
238.445000 36.903500 -9.334 7.046 0.17 0.201 -0.032181 20000 1.000000
238.613000 36.637000 -12.017 9.489 0.177 0.21 -0.077534 20000 1.000000
238.458000 37.007800 -11.71 2.638 0.197 0.242 0.007574 20000 1.000000
238.426000 37.213000 -9.124 1.062 0.167 0.2 -0.014991 20000 1.000000
238.665000 36.918200 -6.993 1.727 0.164 0.198 -0.015692 20000 1.000000
238.645000 37.010800 -5.882 0.631 0.175 0.213 -0.052744 20000 1.000000
240.294000 37.713100 -6.864 1.935 0.172 0.21 -0.035277 20000 1.000000
238.812000 36.559500 -14.243 6.081 0.164 0.197 -0.023540 20000 1.000000
238.131000 37.975600 -6.283 1.328 0.166 0.202 -0.006906 20000 1.000000
238.936000 36.611600 -15.808 -2.351 0.163 0.196 -0.019134 20000 1.000000
238.732000 36.950000 -7.005 1.041 0.166 0.2 0.002185 20000 1.000000
238.652000 36.811400 -6.629 2.859 0.166 0.2 -0.026354 20000 1.000000
238.942000 37.169600 -9.043 -0.154 0.17 0.205 -0.007991 20000 1.000000
238.347000 37.478400 -7.486 1.512 0.183 0.22 -0.012810 20000 1.000000
238.531000 37.489600 -5.883 -2.011 0.163 0.199 -0.022545 20000 1.000000
238.675000 37.581900 -7.692 -0.033 0.17 0.208 -0.029066 20000 1.000000
238.395000 37.932000 -6.497 0.883 0.166 0.203 -0.020156 20000 1.000000
238.536000 37.755300 -8.748 2.047 0.166 0.202 -0.022003 20000 1.000000
238.717000 37.385400 -4.581 -1.29 0.17 0.21 -0.020512 20000 1.000000
237.782000 38.153000 -4.69 -1.048 0.165 0.202 -0.037990 20000 1.000000
237.904000 38.025100 -3.349 7.51 0.17 0.21 -0.072055 20000 1.000000
237.805000 38.444200 -7.25 2.446 0.175 0.226 -0.009644 20000 1.000000
237.645000 38.999500 -5.13 0.345 0.2 0.219 0.061223 20000 1.000000
238.905000 38.645300 -7.157 0.368 0.165 0.203 -0.011931 20000 1.000000
239.652000 35.544100 -11.943 7.711 0.17 0.201 -0.022816 20000 1.000000
239.611000 35.841100 -12.709 5.994 0.176 0.206 -0.047908 20000 1.000000
239.655000 35.837800 -8.506 5.252 0.17 0.206 -0.020719 20000 1.000000
239.715000 35.806700 -9.007 3.27 0.178 0.209 -0.026812 20000 1.000000
239.093000 35.933300 -10.254 13.284 0.165 0.197 -0.016171 20000 1.000000
239.019000 36.417200 -7.943 2.07 0.166 0.2 -0.014974 20000 1.000000
239.147000 36.515900 -7.638 1.661 0.172 0.208 -0.025455 20000 1.000000
239.302000 36.024800 -14.704 10.167 0.166 0.205 -0.021524 20000 1.000000
239.121000 36.140200 -12.99 8.806 0.166 0.198 -0.019418 20000 1.000000
239.251000 36.106800 -15.262 9.486 0.163 0.195 -0.016500 20000 1.000000
239.272000 36.178900 -7.636 0.214 0.163 0.195 -0.019061 20000 1.000000
239.355000 35.922800 -12.111 10.72 0.165 0.197 -0.029704 20000 1.000000
239.525000 36.007500 -12.282 -2.566 0.192 0.214 -0.020935 20000 1.000000
239.457000 36.089400 -6.08 0.936 0.165 0.197 -0.014753 20000 1.000000
239.560000 36.123200 -6.768 2.475 0.164 0.196 -0.017777 20000 1.000000
239.158000 35.697100 -11.958 10.104 0.171 0.197 0.022440 20000 1.000000
239.637000 36.051700 -6.384 3.407 0.168 0.197 -0.018891 20000 1.000000
239.448000 35.974100 -12.162 9.997 0.181 0.206 -0.055720 20000 1.000000
239.706000 36.015800 -6.22 2.85 0.166 0.197 -0.024340 20000 1.000000
239.723000 36.304400 -12.408 -0.847 0.168 0.2 -0.019622 20000 1.000000
239.257000 36.806300 -8.32 1.619 0.166 0.201 -0.015855 20000 1.000000
239.803000 37.352200 -7.945 1.769 0.176 0.215 -0.039772 20000 1.000000
239.356000 37.795200 -7.162 1.218 0.174 0.206 -0.020741 20000 1.000000
240.160000 37.901100 -8.721 0.016 0.187 0.212 -0.114979 20000 1.000000
239.049000 38.090000 -6.736 0.72 0.168 0.206 -0.020392 20000 1.000000
239.666000 38.735600 -8.09 0.345 0.187 0.213 0.027519 20000 1.000000
241.480000 37.177600 -10.061 -1.251 0.164 0.198 -0.008393 20000 1.000000
236.283000 39.863600 -10.594 4.751 0.203 0.25 -0.110958 20000 1.000000
236.448000 39.905700 -6.945 3.57 0.193 0.249 -0.054776 20000 1.000000
236.628000 39.452400 -9.345 3.377 0.167 0.21 -0.002346 20000 1.000000
236.705000 39.707100 -8.97 0.849 0.178 0.22 -0.070666 20000 1.000000
236.813000 39.492800 -9.323 3.36 0.23 0.336 0.030528 20000 1.000000
236.817000 39.962100 -6.567 0.384 0.167 0.211 -0.060213 20000 1.000000
236.344000 40.256800 -6.918 2.722 0.167 0.212 -0.002989 20000 1.000000
236.117000 41.151700 -1.359 1.424 0.169 0.214 0.004649 20000 1.000000
236.301000 40.575300 -4.576 0.137 0.175 0.22 0.059925 20000 1.000000
236.427000 40.478900 -5.213 1.46 0.201 0.251 0.185293 20000 1.000000
236.548000 40.082200 -7.854 1.603 0.163 0.205 -0.011260 20000 1.000000
236.864000 40.324100 -5.372 1.056 0.162 0.206 -0.023605 20000 1.000000
236.676000 40.732900 -2.806 0.508 0.163 0.207 -0.040948 20000 1.000000
236.826000 40.546700 -4.615 1.025 0.166 0.213 -0.032429 20000 1.000000
237.024000 39.621400 -7.76 0.808 0.177 0.209 0.037307 20000 1.000000
237.264000 39.493600 -7.247 1.125 0.164 0.203 -0.029670 20000 1.000000
237.126000 39.726200 -6.119 1.591 0.194 0.242 0.030942 20000 1.000000
237.077000 40.747600 -3.869 0.793 0.189 0.238 -0.028884 20000 1.000000
237.332000 40.034100 -6.795 0.454 0.168 0.209 -0.028745 20000 1.000000
237.393000 40.650700 -5.278 -0.24 0.172 0.22 -0.060222 20000 1.000000
236.666000 40.887100 -4 0.473 0.161 0.205 -0.016047 20000 1.000000
237.729000 40.271200 -5.027 -0.066 0.177 0.218 -0.084139 20000 1.000000
239.132000 39.794700 -9.726 -2.84 0.165 0.211 -0.050605 20000 1.000000
239.052000 41.183300 -7.282 -1.538 0.253 0.328 -0.040287 20000 1.000000
237.681000 40.731100 -5.818 0.435 0.196 0.226 0.025448 20000 1.000000
235.774000 42.209100 -0.345 1.122 0.171 0.212 -0.007130 20000 1.000000
235.946000 42.860100 -1.619 1.847 0.192 0.244 0.050750 20000 1.000000
236.617000 42.503500 -3.358 0.67 0.167 0.216 -0.009986 20000 1.000000
237.344000 42.191000 -3.029 0.693 0.17 0.221 -0.045424 20000 1.000000
238.220000 42.259700 -6.121 -0.954 0.165 0.209 -0.026857 20000 1.000000
239.622000 42.468800 -7.368 -2.209 0.168 0.221 -0.056612 20000 1.000000
241.588000 42.254600 -5.323 -1.527 0.161 0.21 -0.023755 20000 1.000000
243.371000 36.071300 -6.574 -2.81 0.175 0.211 0.037225 20000 1.000000
242.835000 36.022500 -7.081 -0.146 0.174 0.2 -0.026704 20000 1.000000
242.590000 36.159000 -6.288 -0.971 0.2 0.232 0.013424 20000 1.000000
241.868000 36.466800 -10.657 1.113 0.191 0.233 -0.214781 20000 1.000000
242.211000 36.531200 -7.787 -0.996 0.162 0.197 -0.019288 20000 1.000000
241.909000 36.570200 -9.667 0.462 0.188 0.211 -0.080861 20000 1.000000
241.882000 36.975700 -9.742 -0.784 0.163 0.198 -0.012997 20000 1.000000
242.064000 37.231400 -8.317 -1.221 0.17 0.202 0.027393 20000 1.000000
242.606000 34.462400 -9.165 2.026 0.179 0.203 -0.016081 20000 1.000000
242.459000 33.562100 -12.469 6.379 0.177 0.202 0.003228 20000 1.000000
242.895000 32.889200 -13.816 5.839 0.171 0.194 -0.026919 20000 1.000000
243.050000 32.733800 -12.49 7.174 0.165 0.188 -0.019343 20000 1.000000
242.756000 32.666400 -13.491 6.788 0.183 0.199 0.068390 20000 1.000000
242.810000 33.439600 -12.681 6.171 0.166 0.192 -0.009152 20000 1.000000
242.928000 33.235700 -12.584 5.668 0.175 0.195 0.023483 20000 1.000000
243.217000 33.493300 -12.003 5.419 0.167 0.192 -0.014992 20000 1.000000
243.651000 32.976000 -12.885 6.242 0.171 0.195 -0.016793 20000 1.000000
243.989000 32.822200 -12.95 4.923 0.171 0.193 -0.055960 20000 1.000000
243.329000 33.240200 -12.813 5.755 0.176 0.199 -0.018942 20000 1.000000
243.431000 33.059200 -12.606 5.892 0.167 0.19 -0.020150 20000 1.000000
243.379000 33.375600 -12.11 5.023 0.171 0.196 0.014171 20000 1.000000
243.591000 33.210200 -13.02 3.544 0.182 0.209 -0.007858 20000 1.000000
243.817000 33.213500 -12.022 3.636 0.17 0.195 -0.022537 20000 1.000000
243.888000 33.296200 -10.72 1.711 0.172 0.197 -0.072743 20000 1.000000
243.574000 33.523500 -11.155 2.344 0.179 0.199 0.048299 20000 1.000000
243.773000 33.574700 -9.95 1.937 0.175 0.208 0.005799 20000 1.000000
244.031000 32.887000 -12.899 5.169 0.17 0.194 -0.018757 20000 1.000000
244.175000 32.954700 -9.883 2.892 0.2 0.219 -0.015511 20000 1.000000
244.268000 32.759700 -12.409 4.787 0.174 0.2 -0.008489 20000 1.000000
244.423000 32.834700 -9.562 3.942 0.175 0.198 -0.018403 20000 1.000000
244.430000 32.898400 -9.197 3.54 0.179 0.203 -0.001636 20000 1.000000
244.700000 32.690000 -6.271 -0.572 0.168 0.192 -0.027046 20000 1.000000
244.602000 32.875800 -6.34 -2.122 0.175 0.2 -0.002107 20000 1.000000
244.578000 32.982500 -6.123 -2.477 0.175 0.202 0.000766 20000 1.000000
244.280000 32.948900 -10.424 3.206 0.173 0.196 -0.017287 20000 1.000000
244.234000 33.516400 -7.949 -1.74 0.176 0.2 0.037532 20000 1.000000
244.313000 33.423900 -7.36 -2.292 0.194 0.222 0.023070 20000 1.000000
244.571000 33.247800 -5.97 -2.167 0.172 0.197 -0.025876 20000 1.000000
244.657000 33.143600 -5.405 -2.667 0.176 0.201 -0.077679 20000 1.000000
244.704000 33.886900 -6.055 -2.289 0.176 0.198 -0.010333 20000 1.000000
240.305000 37.562600 -8.777 -0.403 0.184 0.206 0.083720 20000 1.000000
239.350000 34.907300 -13.013 10.326 0.198 0.224 -0.012470 20000 1.000000
239.590000 35.010700 -13.566 8.491 0.169 0.197 -0.009154 20000 1.000000
239.760000 34.870600 -12.805 8.606 0.167 0.194 0.000494 20000 1.000000
239.617000 35.106200 -11.969 10.693 0.176 0.203 0.056869 20000 1.000000
241.822000 34.376400 -12.245 4.754 0.169 0.197 -0.012370 20000 1.000000
239.925000 35.020000 -15.561 5.422 0.164 0.192 -0.016430 20000 1.000000
240.208000 34.507800 -16.545 6.82 0.17 0.193 -0.010543 20000 1.000000
240.384000 34.630500 -11.853 5.978 0.164 0.192 -0.014769 20000 1.000000
240.185000 34.888600 -16.814 5.782 0.163 0.192 -0.012422 20000 1.000000
240.464000 35.086600 -10.634 4.349 0.164 0.193 -0.016018 20000 1.000000
239.192000 35.425800 -10.39 9.398 0.168 0.197 -0.033234 20000 1.000000
239.455000 35.327800 -11.883 9.648 0.17 0.202 0.038433 20000 1.000000
239.646000 35.440500 -11.967 8.279 0.174 0.204 -0.033680 20000 1.000000
239.520000 35.624800 -13.774 6.938 0.166 0.198 -0.007658 20000 1.000000
239.463000 35.792700 -11.761 10.059 0.184 0.218 0.033157 20000 1.000000
239.733000 35.633800 -11.172 6.856 0.17 0.197 0.011470 20000 1.000000
239.629000 35.747900 -10.694 7.413 0.171 0.202 -0.003181 20000 1.000000
237.762000 37.061200 -11.992 9.358 0.19 0.221 -0.013814 20000 1.000000
239.899000 35.235100 -12.361 7.158 0.192 0.214 0.028728 20000 1.000000
239.975000 35.279800 -12.162 7.173 0.17 0.204 -0.041316 20000 1.000000
240.065000 35.316800 -11.532 5.778 0.168 0.198 -0.015085 20000 1.000000
239.887000 35.534200 -11.586 5.6 0.167 0.199 -0.019383 20000 1.000000
239.818000 35.702700 -9.212 4.533 0.165 0.195 -0.013244 20000 1.000000
239.869000 35.801300 -8.291 3.429 0.174 0.2 -0.002838 20000 1.000000
239.999000 35.686700 -8.476 3.177 0.172 0.2 -0.062961 20000 1.000000
239.707000 35.688900 -11.257 6.53 0.166 0.196 -0.025896 20000 1.000000
240.287000 35.319000 -9.81 3.334 0.176 0.207 -0.024050 20000 1.000000
240.091000 35.934700 -7.52 2.138 0.167 0.197 -0.009059 20000 1.000000
240.496000 34.466800 -12.036 10.248 0.165 0.191 -0.014832 20000 1.000000
240.674000 34.599600 -13.793 6.33 0.173 0.206 0.058436 20000 1.000000
240.885000 34.660100 -12.753 5.365 0.174 0.199 0.046936 20000 1.000000
240.845000 34.856200 -10.373 4.813 0.248 0.328 -0.120154 20000 1.000000
239.755000 35.686700 -10.683 6.653 0.168 0.196 -0.023742 20000 1.000000
241.121000 34.835100 -10.422 3.882 0.168 0.195 -0.003305 20000 1.000000
241.152000 34.792300 -10.608 3.796 0.172 0.205 -0.013523 20000 1.000000
241.331000 34.695000 -10.469 3.106 0.181 0.214 0.042392 20000 1.000000
241.454000 34.771100 -9.983 4.547 0.169 0.199 -0.012305 20000 1.000000
241.344000 34.944400 -7.529 3.357 0.174 0.205 -0.068228 20000 1.000000
241.388000 35.138600 -8.2 2.562 0.166 0.195 -0.035050 20000 1.000000
241.459000 34.821800 -9.428 3.878 0.176 0.202 -0.024988 20000 1.000000
241.811000 34.982100 -8.404 2.409 0.167 0.195 -0.016772 20000 1.000000
241.876000 35.378000 -9.458 1.813 0.168 0.196 -0.028599 20000 1.000000
241.740000 35.667300 -9.346 1.35 0.174 0.2 -0.009358 20000 1.000000
241.233000 36.231400 -8.274 2.626 0.172 0.199 0.043196 20000 1.000000
241.045000 36.585500 -7.208 2.209 0.164 0.198 -0.017108 20000 1.000000
241.740000 36.093100 -9.466 1.057 0.169 0.198 -0.022947 20000 1.000000
241.994000 35.038800 -7.881 2.312 0.168 0.196 -0.006873 20000 1.000000
242.271000 34.509700 -9.655 2.825 0.169 0.196 -0.019398 20000 1.000000
242.451000 34.634300 -8.909 2.195 0.167 0.195 -0.025323 20000 1.000000
242.457000 34.987000 -8.072 1.716 0.17 0.199 0.018747 20000 1.000000
243.048000 33.892600 -10.359 3.199 0.165 0.191 -0.017607 20000 1.000000
243.454000 34.019300 -9.072 0.009 0.167 0.193 -0.024333 20000 1.000000
242.719000 34.534800 -8.112 1.026 0.194 0.206 -0.128100 20000 1.000000
241.969000 34.332200 -12.914 5.247 0.219 0.256 -0.002869 20000 1.000000
242.635000 35.116800 -7.578 1.181 0.177 0.204 -0.039646 20000 1.000000
241.983000 35.152400 -8.292 2.239 0.168 0.197 -0.020523 20000 1.000000
242.697000 35.238500 -7.42 0.892 0.169 0.197 -0.007514 20000 1.000000
242.795000 35.387900 -7.074 0.351 0.163 0.194 -0.008711 20000 1.000000
242.610000 35.896700 -7.639 -0.759 0.182 0.214 -0.050769 20000 1.000000
242.597000 35.697600 -8.109 0.501 0.167 0.196 -0.016212 20000 1.000000
243.111000 35.998200 -7.275 -0.706 0.176 0.2 -0.023761 20000 1.000000
243.112000 35.710600 -6.489 -1.408 0.165 0.197 -0.008201 20000 1.000000
243.290000 34.192500 -6.801 1.165 0.171 0.196 -0.024448 20000 1.000000
243.463000 34.217200 -8.076 1.666 0.17 0.195 -0.000985 20000 1.000000
243.788000 33.865800 -8.425 0.418 0.166 0.193 -0.004852 20000 1.000000
243.920000 33.959300 -7.166 -0.711 0.168 0.193 -0.013444 20000 1.000000
239.772000 35.729200 -9.58 4.458 0.167 0.197 -0.007320 20000 1.000000
243.971000 34.716900 -6.437 -2.206 0.175 0.2 -0.052248 20000 1.000000
243.329000 34.936800 -7.076 -0.872 0.17 0.2 -0.004502 20000 1.000000
242.063000 34.341100 -12.405 4.789 0.181 0.216 -0.020421 20000 1.000000
243.120000 34.462100 -8.643 0.95 0.167 0.194 -0.017319 20000 1.000000
244.179000 33.741000 -7.277 -1.203 0.18 0.206 -0.016050 20000 1.000000
244.236000 34.425700 -5.749 -2.387 0.204 0.215 0.020663 20000 1.000000
244.350000 35.204800 -5.447 -2.083 0.173 0.201 -0.051865 20000 1.000000
242.685000 34.187400 -10.231 0.499 0.17 0.198 0.020637 20000 1.000000
242.950000 34.196200 -10.575 1.123 0.2 0.202 0.065574 20000 1.000000
244.750000 34.731800 -5.68 -1.766 0.211 0.245 -0.021910 20000 1.000000
243.237000 35.204600 -7.664 -0.179 0.166 0.194 -0.008239 20000 1.000000
242.107000 35.424600 -8.764 1.931 0.165 0.195 -0.016359 20000 1.000000
243.428000 35.320600 -6.475 -1.2 0.168 0.2 -0.021773 20000 1.000000
243.896000 35.141900 -6.212 -2.089 0.178 0.2 -0.050828 20000 1.000000
243.878000 35.526000 -6.628 -2.611 0.168 0.199 -0.025591 20000 1.000000
243.855000 35.785400 -5.663 -1.807 0.166 0.198 -0.030227 20000 1.000000
244.456000 35.472800 -5.737 -1.943 0.167 0.2 -0.005299 20000 1.000000
244.634000 35.163000 -5.613 -1.957 0.184 0.216 -0.025892 20000 1.000000
245.401000 34.188900 -5.503 -2.032 0.172 0.2 -0.014018 20000 1.000000
245.035000 34.844400 -5.392 -2.45 0.174 0.202 -0.024122 20000 1.000000
244.762000 35.291100 -5.189 -2.659 0.169 0.201 -0.015554 20000 1.000000
241.621000 37.973100 -9.156 -2.644 0.169 0.208 -0.043099 20000 1.000000
241.000000 37.613000 -9.654 -0.965 0.169 0.203 -0.048453 20000 1.000000
241.084000 37.605300 -11.068 -3.026 0.174 0.22 -0.032555 20000 1.000000
240.914000 37.785700 -8.811 0.136 0.204 0.229 -0.139523 20000 1.000000
240.967000 37.913500 -10.521 1.263 0.163 0.199 -0.012563 20000 1.000000
240.862000 37.839300 -10.866 -0.044 0.182 0.212 0.004627 20000 1.000000
240.853000 37.962800 -10.426 0.478 0.167 0.201 -0.026036 20000 1.000000
240.916000 37.914100 -9.845 0.682 0.17 0.205 -0.016587 20000 1.000000
241.056000 37.734300 -10.023 1.411 0.166 0.202 -0.016826 20000 1.000000
241.131000 37.654600 -8.929 -0.716 0.167 0.205 -0.025200 20000 1.000000
241.040000 37.891700 -9.857 1.02 0.175 0.206 -0.019107 20000 1.000000
241.148000 37.878200 -9.682 0.953 0.168 0.203 -0.029661 20000 1.000000
241.183000 37.591400 -10.799 -1.861 0.172 0.219 0.060792 20000 1.000000
241.302000 37.561600 -6.865 -1.071 0.18 0.236 -0.020806 20000 1.000000
241.316000 37.495400 -11.428 -0.687 0.162 0.197 -0.014353 20000 1.000000
241.406000 37.541300 -9.369 -1.032 0.168 0.203 -0.012734 20000 1.000000
241.180000 37.677000 -8.709 0.403 0.227 0.277 -0.006543 20000 1.000000
241.232000 37.754400 -8.978 0.4 0.174 0.216 0.022842 20000 1.000000
241.264000 37.903500 -8.134 -0.334 0.17 0.207 -0.029147 20000 1.000000
241.762000 37.589200 -8.372 -1.256 0.164 0.2 -0.013697 20000 1.000000
241.528000 37.737500 -8.458 -1.651 0.337 0.363 -0.032432 20000 1.000000
240.850000 38.057900 -12.657 0.567 0.18 0.214 -0.013883 20000 1.000000
237.804000 41.344800 31.597 -333.141 0.381 0.456 0.069669 20000 1.000000
237.706000 41.381200 -3.511 -1.074 0.176 0.215 0.041360 20000 1.000000
237.809000 41.479200 -3.711 -1.676 0.165 0.223 -0.057284 20000 1.000000
237.687000 41.463600 -3.966 -0.43 0.167 0.224 -0.053872 20000 1.000000
237.847000 41.531900 -3.346 -1.064 0.266 0.305 0.058727 20000 1.000000
238.493000 41.711600 -5.932 -1.763 0.164 0.211 -0.019141 20000 1.000000
246.132000 42.878900 -6.291 -1.76 0.163 0.215 -0.033758 20000 1.000000
241.439000 37.439500 -10.083 -0.655 0.178 0.21 -0.018177 20000 1.000000
240.254000 37.088900 -7.812 1.261 0.167 0.202 0.023261 20000 1.000000
241.853000 37.280500 -9.438 -1.383 0.171 0.207 -0.006827 20000 1.000000
239.172000 41.359200 -6.181 -1.457 0.199 0.249 -0.071450 20000 1.000000
239.527000 41.332500 -6.455 -1.534 0.169 0.213 -0.012057 20000 1.000000
235.587000 42.442000 -1.267 2.419 0.168 0.219 -0.070516 20000 1.000000
235.707000 42.076600 -1.448 1.394 0.171 0.214 -0.000810 20000 1.000000
238.120000 42.579800 -4.054 -0.36 0.167 0.214 -0.027993 20000 1.000000
242.275000 42.020200 -5.002 -1.356 0.167 0.214 -0.019175 20000 1.000000
243.404000 33.598200 -7.969 2.044 0.243 0.278 -0.146720 20000 1.000000
243.397000 33.495500 -9.74 3.183 0.173 0.2 -0.007633 20000 1.000000
244.492000 32.829400 -8.309 3.923 0.172 0.194 -0.018408 20000 1.000000
239.784000 35.693800 -10.571 5.647 0.185 0.213 0.029167 20000 1.000000
237.579000 41.830800 -5.83 -1.097 0.174 0.222 0.012348 20000 1.000000
236.019000 41.845500 -1.082 1.719 0.186 0.265 -0.085703 20000 1.000000
238.521000 36.744300 -14.929 9.09 0.185 0.214 0.049540 20000 1.000000
239.528000 35.946600 -8.056 2.983 0.188 0.215 0.048289 20000 1.000000
239.485000 35.929100 -11.205 10.647 0.219 0.271 -0.000623 20000 1.000000
237.036000 39.845700 -10.828 -2.537 0.164 0.207 -0.043134 20000 1.000000
243.852000 34.508100 -6.032 -1.919 0.165 0.192 -0.014084 20000 1.000000
245.241000 32.497900 -5.355 -1.665 0.176 0.195 -0.018306 20000 1.000000
243.407000 33.537300 -9.763 4.897 0.18 0.21 0.046565 20000 1.000000
241.651000 34.021700 -13.813 13.579 0.178 0.215 -0.024153 20000 1.000000
241.379000 34.836000 -8.908 3.157 0.17 0.199 -0.015316 20000 1.000000
241.983000 35.152400 -8.304 1.691 0.17 0.2 -0.018469 20000 1.000000
241.983000 35.152500 -7.469 2.924 0.17 0.2 -0.010693 20000 1.000000
242.968000 33.389000 -11.01 7.655 0.175 0.202 0.020203 20000 1.000000
243.936000 31.559100 -12.18 8.04 0.174 0.192 0.046669 20000 1.000000
238.728000 35.709000 -12.257 10.78 0.187 0.22 -0.033553 20000 1.000000
242.077000 34.508200 -10.543 2.957 0.173 0.2 -0.009770 20000 1.000000
239.241000 36.186900 -4.72 4.037 0.216 0.254 0.032903 20000 1.000000
239.233000 36.180500 -12.596 8.387 0.222 0.259 -0.009034 20000 1.000000
244.450000 32.490100 -11.321 5.7 0.171 0.201 -0.048899 20000 1.000000
242.305000 34.925400 -7.607 1.867 0.171 0.199 -0.042916 20000 1.000000
243.076000 33.687100 -16.059 4.552 0.165 0.191 -0.019075 20000 1.000000
239.522000 35.919900 -12.639 4.994 0.172 0.204 0.009163 20000 1.000000
242.818000 33.835700 -11.046 4.979 0.187 0.206 -0.022461 20000 1.000000
242.193000 34.091800 -12.352 4.799 0.17 0.209 -0.018327 20000 1.000000
244.543000 32.377900 -10.848 6.147 0.17 0.193 -0.024057 20000 1.000000
241.596000 33.743300 -13.465 8.068 0.173 0.202 -0.032433 20000 1.000000
241.628000 33.779500 -12.503 8.012 0.178 0.2 0.046226 20000 1.000000
238.863000 36.161100 -13.3 11.194 0.174 0.203 0.010576 20000 1.000000
241.755000 34.628700 -10.147 4.313 0.192 0.224 -0.046289 20000 1.000000
239.056000 39.974600 -9.495 -1.617 0.18 0.222 -0.056175 20000 1.000000
243.849000 34.683200 -6.112 -2.704 0.165 0.194 -0.015211 20000 1.000000
242.317000 35.338700 -7.58 1.695 0.168 0.197 -0.010483 20000 1.000000
240.280000 34.500000 -12.975 10.613 0.171 0.199 -0.022423 20000 1.000000
243.375000 34.643900 -7.422 -0.124 0.172 0.196 -0.046722 20000 1.000000
241.974000 34.019100 -12.411 7.983 0.188 0.217 -0.054108 20000 1.000000
242.391000 33.674100 2.391 -0.71 0.176 0.203 0.012355 20000 1.000000
242.445000 33.485800 -13.153 6.991 0.177 0.201 0.022136 20000 1.000000
239.475000 35.900000 -11.503 12.073 0.175 0.21 -0.038488 20000 1.000000
241.807000 34.875100 -9.04 2.962 0.177 0.205 -0.002696 20000 1.000000
240.816000 34.541500 -14.624 9.018 0.187 0.216 0.054255 20000 1.000000
244.877000 40.617200 -6.077 -1.519 0.167 0.217 -0.005878 20000 1.000000
243.350000 36.316300 -6.888 -1.913 0.168 0.201 -0.000719 20000 1.000000
238.442000 37.666500 -6.559 1.123 0.167 0.202 -0.024923 20000 1.000000
241.245000 34.459800 -12.662 4.833 0.187 0.221 -0.032439 20000 1.000000
242.138000 34.205600 -10.194 2.859 0.217 0.216 -0.097448 20000 1.000000
239.775000 40.591700 -6.723 -2.121 0.171 0.218 -0.044333 20000 1.000000
240.984000 41.868400 -5.667 -2.076 0.179 0.229 0.054225 20000 1.000000
243.701000 35.971300 -5.767 -1.859 0.176 0.204 -0.059970 20000 1.000000
241.521000 34.438600 -12.749 4.913 0.204 0.229 -0.070684 20000 1.000000
243.746000 33.192600 -12.01 4.454 0.168 0.193 -0.018370 20000 1.000000
244.022000 33.292200 -8.719 2.382 0.171 0.195 -0.013645 20000 1.000000
240.476000 33.247900 -12.764 8.463 0.177 0.214 -0.057700 20000 1.000000
240.936000 34.319900 -13.484 7.487 0.167 0.194 -0.015337 20000 1.000000
241.354000 34.059300 -13.182 8.164 0.173 0.197 -0.060727 20000 1.000000
242.151000 33.992700 -12.289 5.691 0.178 0.203 -0.005203 20000 1.000000
239.935000 34.004300 -14.032 10.082 0.177 0.2 -0.026728 20000 1.000000
239.930000 34.607300 -22.321 -15.13 0.174 0.215 -0.043717 20000 1.000000
239.640000 35.917400 -6.702 3.067 0.194 0.214 0.066081 20000 1.000000
241.585000 35.158200 -8.987 1.997 0.166 0.196 -0.015103 20000 1.000000
243.923000 33.650600 -8.002 1.323 0.17 0.198 0.015270 20000 1.000000
242.233000 33.549600 -11.02 6.812 0.193 0.207 -0.032612 20000 1.000000
243.770000 36.934800 -5.557 -2.271 0.163 0.197 -0.000099 20000 1.000000
239.867000 34.483500 -13.409 7.707 0.174 0.205 -0.029434 20000 1.000000
243.839000 33.641200 -8.608 1.224 0.178 0.203 -0.009223 20000 1.000000
246.368000 31.335500 -4.645 -2.232 0.17 0.188 -0.031855 20000 1.000000
242.951000 39.542200 -5.855 -2.126 0.172 0.207 0.058477 20000 1.000000
242.816000 38.097200 -6.243 -2.462 0.164 0.201 -0.025588 20000 1.000000
241.669000 33.797800 -13.251 7.64 0.176 0.202 -0.025192 20000 1.000000
241.163000 34.248000 -12.83 7.979 0.173 0.199 0.034225 20000 1.000000
241.771000 34.878900 -9.504 1.92 0.177 0.21 -0.083506 20000 1.000000
235.849000 41.053900 -1.1 3.269 0.171 0.215 -0.032758 20000 1.000000
241.198000 39.627100 -7.621 -2.159 0.168 0.209 -0.008124 20000 1.000000
241.723000 34.019500 -13.559 6.831 0.167 0.194 -0.018979 20000 1.000000
243.915000 33.030100 -12.851 4.808 0.168 0.192 -0.016963 20000 1.000000
240.516000 34.851500 -12.798 5.603 0.181 0.209 -0.005729 20000 1.000000
238.053000 38.394500 -7.912 1.72 0.168 0.207 -0.024689 20000 1.000000
241.780000 34.178600 -14.367 5.64 0.214 0.224 0.053146 20000 1.000000
241.486000 34.126400 -13.429 8.11 0.167 0.194 0.001499 20000 1.000000
241.516000 34.293200 -13.021 5.733 0.171 0.196 -0.014846 20000 1.000000
239.384000 34.556300 -12.448 10.934 0.168 0.196 -0.016725 20000 1.000000
241.879000 34.501500 -12.084 5.112 0.184 0.207 0.002107 20000 1.000000
241.706000 33.712600 -13.474 7.249 0.173 0.2 -0.031741 20000 1.000000
242.807000 33.225000 -13.15 5.771 0.167 0.191 -0.004688 20000 1.000000
241.346000 37.664300 -9.135 -2.139 0.182 0.224 -0.005374 20000 1.000000
241.016000 35.010800 -8.819 2.063 0.183 0.218 -0.053636 20000 1.000000
241.648000 35.695000 -8.367 1.06 0.182 0.214 -0.055743 20000 1.000000
243.608000 33.934800 -9.459 1.883 0.18 0.207 -0.016001 20000 1.000000
241.258000 34.568500 -11.349 5.116 0.182 0.208 0.101149 20000 1.000000
241.586000 34.259400 -12.752 6.27 0.202 0.236 -0.034089 20000 1.000000
244.418000 33.038300 -12.136 2.541 0.171 0.195 -0.021232 20000 1.000000
243.068000 34.669000 -7.651 2.725 0.186 0.216 -0.128424 20000 1.000000
241.758000 35.695600 -7.928 1.363 0.258 0.302 0.135361 20000 1.000000
241.572000 33.958200 -12.759 7.502 0.242 0.255 -0.302230 20000 1.000000
244.421000 33.278800 -5.843 0.551 0.178 0.2 -0.002428 20000 1.000000
243.346000 33.955300 -9.372 1.494 0.171 0.196 -0.018590 20000 1.000000
243.111000 35.425200 -5.452 0.972 0.182 0.214 -0.023386 20000 1.000000
243.920000 35.287000 -6.117 -1.692 0.171 0.201 -0.016695 20000 1.000000
