242.907000 34.116400 -9.063 2.617 0.24 0.267 -0.090369 20000 1.000000
243.571000 34.594300 -5.23 0.194 0.18 0.213 -0.016875 20000 1.000000
241.305000 34.824500 -8.635 3.387 0.18 0.214 0.021785 20000 1.000000
242.103000 34.126000 -11.615 4.536 0.25 0.28 -0.054121 20000 1.000000
242.795000 40.412800 -4.27 -2.47 0.173 0.221 -0.002435 20000 1.000000
240.970000 33.480500 -12.308 8.664 0.204 0.227 -0.043985 20000 1.000000
243.116000 34.264300 -6.318 2.611 0.2 0.238 0.046397 20000 1.000000
240.594000 34.920500 -10.624 4.575 0.18 0.213 0.000511 20000 1.000000
243.379000 37.039900 -4.347 -1.425 0.179 0.219 0.020064 20000 1.000000
244.002000 34.000500 -4.696 -0.401 0.177 0.207 -0.012597 20000 1.000000
242.935000 33.578200 -11.031 5.962 0.19 0.22 -0.031049 20000 1.000000
243.920000 35.287000 -4.638 -1.622 0.274 0.31 -0.023262 20000 1.000000
245.285000 33.610400 -3.125 -0.966 0.176 0.205 0.021109 20000 1.000000
243.947000 34.251400 -3.851 -1.748 0.182 0.212 -0.016897 20000 1.000000
243.015000 33.962700 -8.16 3.626 0.188 0.215 0.023530 20000 1.000000
241.723000 34.184900 -12.006 5.82 0.221 0.254 -0.005272 20000 1.000000
242.988000 34.918600 -5.954 0.95 0.181 0.215 -0.008552 20000 1.000000
241.812000 34.292800 -11.005 4.694 0.257 0.267 -0.326491 20000 1.000000
243.128000 36.917600 -4.459 -2.035 0.206 0.241 0.015988 20000 1.000000
242.156000 42.779500 -4.124 -2.881 0.175 0.234 0.010638 20000 1.000000
240.653000 35.157300 -9.103 1.854 0.179 0.215 0.004940 20000 1.000000
235.437000 42.836100 -0.988 2.434 0.177 0.233 -0.022218 20000 1.000000
244.010000 33.655100 -5.793 -0.177 0.183 0.213 0.035616 20000 1.000000
239.566000 35.939400 -6.43 2.207 0.24 0.282 -0.099035 20000 1.000000
239.569000 35.888400 -10.621 7.62 0.19 0.223 -0.025608 20000 1.000000
241.666000 33.311600 -12.71 8.415 0.175 0.206 -0.003585 20000 1.000000
241.517000 33.445800 -12.909 8.757 0.179 0.211 -0.031817 20000 1.000000
241.370000 34.138600 -11.904 7.161 0.201 0.233 0.084486 20000 1.000000
242.329000 35.565300 -5.348 1.25 0.182 0.218 -0.003070 20000 1.000000
241.789000 33.876300 -11.836 7.127 0.19 0.224 0.070000 20000 1.000000
240.987000 34.806400 -9.646 4.612 0.236 0.306 -0.102834 20000 1.000000
243.664000 34.829500 -5.386 -1.59 0.19 0.218 -0.009635 20000 1.000000
242.035000 34.244000 -12.518 3.355 0.209 0.257 -0.119627 20000 1.000000
237.881000 37.724100 -8.433 3.212 0.196 0.24 -0.001380 20000 1.000000
243.234000 36.746500 -4.093 -1.363 0.197 0.232 0.065748 20000 1.000000
242.172000 34.640500 -10.91 4.827 0.226 0.252 -0.156298 20000 1.000000
241.063000 34.109600 -12.697 7.061 0.193 0.237 0.012697 20000 1.000000
241.873000 34.136700 -11.466 5.677 0.173 0.202 0.028255 20000 1.000000
242.521000 34.313800 -8.722 4.169 0.2 0.229 0.135769 20000 1.000000
242.291000 34.109900 -11.59 4.478 0.196 0.226 -0.012627 20000 1.000000
245.126000 40.558400 -4.653 -2.001 0.188 0.226 0.049583 20000 1.000000
240.120000 34.414900 -13.426 7.892 0.18 0.213 -0.040741 20000 1.000000
242.427000 35.071700 -5.778 1.649 0.182 0.215 0.028728 20000 1.000000
243.431000 36.807700 -4.328 -1.015 0.239 0.272 0.074347 20000 1.000000
239.249000 35.791600 -12.115 8.751 0.185 0.22 -0.052588 20000 1.000000
242.900000 34.039100 -8.811 6.044 0.18 0.208 0.050939 20000 1.000000
244.265000 33.069800 -7.403 2.889 0.186 0.214 0.007684 20000 1.000000
240.961000 34.168400 -13.949 8.036 0.176 0.208 -0.006469 20000 1.000000
241.743000 33.861500 -12.969 7.365 0.18 0.213 0.019263 20000 1.000000
241.476000 34.253600 -11.969 6.363 0.183 0.215 0.055040 20000 1.000000
240.629000 34.408100 -13.259 6.518 0.197 0.237 -0.029445 20000 1.000000
241.387000 34.516500 -11.341 4.649 0.182 0.213 -0.033996 20000 1.000000
243.630000 34.124100 -5.126 1.594 0.189 0.218 -0.025163 20000 1.000000
242.098000 34.082000 -12.127 5.671 0.191 0.225 -0.051228 20000 1.000000
244.212000 33.389800 -6.435 0.881 0.191 0.221 0.022296 20000 1.000000
242.140000 34.413400 -9.991 4.427 0.182 0.229 0.019068 20000 1.000000
241.874000 33.938000 -12.228 7.484 0.216 0.276 0.001822 20000 1.000000
242.588000 33.647700 -12.303 6.909 0.175 0.206 -0.004406 20000 1.000000
241.170000 34.946200 -9.365 2.511 0.183 0.22 -0.021654 20000 1.000000
245.061000 39.345200 -4.264 -2.685 0.184 0.227 0.004543 20000 1.000000
244.183000 40.914700 -4.878 -2.161 0.173 0.222 0.013257 20000 1.000000
242.474000 34.104200 -10.314 4.737 0.2 0.238 -0.018229 20000 1.000000
239.991000 34.733000 -12.656 8.152 0.178 0.209 0.015890 20000 1.000000
241.116000 34.356300 -12.349 7.03 0.177 0.208 -0.004658 20000 1.000000
246.195000 39.369400 -4.907 -1.984 0.179 0.221 0.005396 20000 1.000000
244.200000 32.945000 -9.403 5.451 0.224 0.228 0.046794 20000 1.000000
241.641000 34.080600 -12.78 6.002 0.228 0.266 -0.024446 20000 1.000000
241.107000 34.800200 -10.217 3.796 0.196 0.229 0.034728 20000 1.000000
240.644000 40.416500 -2.381 -0.478 0.191 0.246 -0.026994 20000 1.000000
240.136000 35.189400 -10.155 8.256 0.18 0.221 0.009722 20000 1.000000
244.479000 33.274800 -4.887 -1.248 0.186 0.213 -0.002847 20000 1.000000
245.173000 33.051100 -4.483 -2.949 0.214 0.237 -0.093351 20000 1.000000
244.340000 34.784000 -3.822 -2.01 0.199 0.242 -0.024397 20000 1.000000
245.810000 34.308600 -3.653 -1.37 0.194 0.223 0.005487 20000 1.000000
243.111000 35.425200 -4.532 1.139 0.184 0.219 0.013200 20000 1.000000
245.820000 40.640200 -4.561 -1.689 0.175 0.222 0.013476 20000 1.000000
239.584000 36.399000 -6.82 0.436 0.203 0.237 -0.051886 20000 1.000000
241.887000 34.047400 -11.848 6.173 0.181 0.213 0.036789 20000 1.000000
239.318000 34.469400 -13.882 8.719 0.175 0.207 0.027811 20000 1.000000
241.714000 33.783600 -13.545 8.524 0.188 0.215 0.017813 20000 1.000000
243.570000 34.754800 -5.394 -0.366 0.178 0.211 0.002019 20000 1.000000
238.530000 40.815900 -5.574 -1.096 0.172 0.222 -0.007706 20000 1.000000
244.365000 33.705000 -4.299 -0.789 0.193 0.231 -0.031224 20000 1.000000
239.520000 35.866700 -12.036 7.922 0.19 0.227 -0.000099 20000 1.000000
242.155000 34.458200 -8.764 4.101 0.18 0.213 0.006915 20000 1.000000
239.598000 35.880800 -7.753 3.585 0.185 0.222 0.071571 20000 1.000000
240.812000 34.441200 -12.699 5.642 0.185 0.22 -0.002320 20000 1.000000
244.089000 34.727300 -4.33 -1.972 0.18 0.214 0.004437 20000 1.000000
244.855000 34.157600 -4.589 -2.486 0.18 0.214 0.033092 20000 1.000000
241.526000 35.662300 -5.342 0.254 0.193 0.233 -0.070024 20000 1.000000
243.901000 36.458800 -3.844 -1.108 0.201 0.241 0.109371 20000 1.000000
240.992000 34.398500 -12.475 6.123 0.183 0.218 -0.015375 20000 1.000000
243.827000 33.925400 -6.26 -0.308 0.195 0.226 0.033457 20000 1.000000
243.692000 36.745900 -4.102 -1.953 0.202 0.238 0.032634 20000 1.000000
242.165000 34.485500 -8.697 3.712 0.18 0.213 0.011892 20000 1.000000
243.060000 35.090200 -5.683 0.124 0.178 0.211 -0.008138 20000 1.000000
242.246000 34.133300 -11.129 4.926 0.18 0.211 0.022887 20000 1.000000
239.406000 35.828700 -11.817 8.096 0.178 0.216 0.001915 20000 1.000000
240.896000 34.733600 -10.834 4.702 0.182 0.221 0.001203 20000 1.000000
239.557000 35.832600 -11.366 7.61 0.175 0.211 -0.010206 20000 1.000000
242.563000 33.856800 -10.8 5.874 0.178 0.207 -0.013326 20000 1.000000
238.778000 42.418300 -4.203 -1.532 0.231 0.311 -0.065901 20000 1.000000
239.241000 36.186900 -7.339 1.207 0.18 0.215 0.046554 20000 1.000000
239.233000 36.180500 -12.608 8.778 0.177 0.213 0.007725 20000 1.000000
244.021000 36.632500 -4.096 -2.511 0.19 0.232 0.075762 20000 1.000000
239.649000 34.038300 -14.059 9.115 0.182 0.215 -0.052921 20000 1.000000
243.904000 40.148400 -4.753 -2.572 0.183 0.23 -0.065660 20000 1.000000
242.682000 33.918400 -10.201 5.707 0.181 0.21 -0.001701 20000 1.000000
239.566000 35.969500 -6.334 1.863 0.183 0.213 -0.056730 20000 1.000000
244.588000 40.710700 -4.834 -2.597 0.178 0.237 0.013175 20000 1.000000
241.122000 34.295500 -12.83 7.376 0.194 0.224 -0.054715 20000 1.000000
243.352000 34.038500 -6.529 2.678 0.194 0.23 0.138983 20000 1.000000
242.790000 34.230800 -7.336 4.183 0.221 0.239 0.147108 20000 1.000000
245.381000 34.767700 -4.104 -1.795 0.185 0.218 -0.007446 20000 1.000000
242.491000 39.685600 -4.42 -2.525 0.179 0.224 0.000912 20000 1.000000
240.859000 34.498700 -12.347 5.512 0.174 0.206 -0.014829 20000 1.000000
243.932000 34.141000 -3.883 -0.347 0.18 0.212 0.021632 20000 1.000000
244.082000 34.369900 -4.112 -1.699 0.187 0.219 -0.053122 20000 1.000000
243.695000 34.427700 -3.99 0.242 0.183 0.216 -0.046899 20000 1.000000
243.708000 34.533000 -4.226 -0.552 0.184 0.214 -0.016782 20000 1.000000
243.185000 34.674900 -6.813 1.353 0.176 0.209 -0.007956 20000 1.000000
241.793000 34.128800 -12.05 5.014 0.18 0.213 0.002146 20000 1.000000
240.647000 34.683400 -12.533 5.14 0.201 0.239 -0.035220 20000 1.000000
242.814000 39.521100 -4.341 -2.49 0.177 0.222 -0.002115 20000 1.000000
245.995000 32.722500 -4.405 -2.344 0.193 0.221 0.044119 20000 1.000000
244.721000 39.910200 -4.427 -1.957 0.195 0.232 0.011945 20000 1.000000
245.543000 36.154200 -4.518 -1.585 0.18 0.214 -0.001091 20000 1.000000
245.180000 41.724200 -4.234 -2.196 0.174 0.225 -0.012032 20000 1.000000
242.670000 41.428700 -4.634 -2.151 0.174 0.226 0.013902 20000 1.000000
242.935000 42.981700 -4.581 -2.667 0.186 0.247 0.000973 20000 1.000000
235.925000 40.876300 -3.184 2.85 0.22 0.269 0.014156 20000 1.000000
236.274000 38.928300 -11.567 8.81 0.17 0.214 -0.017006 20000 1.000000
237.585000 40.997600 -6.361 -0.86 0.2 0.266 -0.101324 20000 1.000000
235.986000 42.967400 -2.106 0.585 0.176 0.239 0.015227 20000 1.000000
243.830000 32.616500 -12.289 6.753 0.179 0.205 -0.012356 20000 1.000000
238.997000 35.551800 -12.074 10.415 0.176 0.212 0.007831 20000 1.000000
242.015000 39.305600 -4.526 -2.062 0.179 0.228 -0.032704 20000 1.000000
242.395000 39.287900 -5.046 -2.172 0.178 0.222 0.001753 20000 1.000000
243.576000 39.500500 -4.505 -2.053 0.173 0.226 0.030470 20000 1.000000
243.950000 39.546400 -5.085 -2.203 0.177 0.221 0.028039 20000 1.000000
244.111000 39.374200 -4.809 -2.147 0.175 0.22 0.011631 20000 1.000000
244.487000 39.536100 -4.174 -2.421 0.178 0.225 0.006043 20000 1.000000
244.568000 39.388600 -4.227 -1.374 0.244 0.312 0.011220 20000 1.000000
242.120000 40.433400 -4.881 -1.608 0.176 0.224 0.027523 20000 1.000000
245.308000 39.255200 -4.696 -1.837 0.18 0.221 0.054957 20000 1.000000
245.723000 39.119400 -4.96 -2.325 0.179 0.226 0.004152 20000 1.000000
246.129000 39.067300 -4.364 -2.043 0.177 0.221 -0.002563 20000 1.000000
246.495000 39.268900 -4.958 -2.138 0.175 0.223 0.018674 20000 1.000000
242.532000 40.320600 -4.689 -2.063 0.181 0.227 -0.044429 20000 1.000000
246.946000 40.494000 -5.124 -1.925 0.174 0.222 0.032819 20000 1.000000
243.264000 40.495500 -4.783 -2.44 0.182 0.228 -0.015470 20000 1.000000
243.721000 40.363200 -5.108 -2.262 0.172 0.221 0.021336 20000 1.000000
240.200000 39.572800 -5.519 -0.065 0.175 0.223 0.006374 20000 1.000000
242.469000 36.614300 -5.488 -1.096 0.174 0.211 -0.001336 20000 1.000000
242.593000 36.804200 -5.112 -1.956 0.171 0.21 -0.001023 20000 1.000000
242.006000 36.606000 -4.626 0.056 0.185 0.219 0.085083 20000 1.000000
242.296000 37.200800 -4.494 -1.11 0.175 0.215 0.003150 20000 1.000000
240.463000 39.698400 -5.231 -1 0.182 0.231 0.001188 20000 1.000000
240.694000 39.795600 -4.697 -1.438 0.183 0.233 0.056868 20000 1.000000
241.126000 39.838800 -4.961 -1.703 0.184 0.229 -0.036250 20000 1.000000
241.316000 39.888900 -4.923 -1.64 0.177 0.225 -0.000863 20000 1.000000
241.841000 39.212300 -4.891 -1.743 0.17 0.215 0.007288 20000 1.000000
246.706000 41.856800 -4.171 -2.271 0.182 0.237 0.046036 20000 1.000000
246.958000 39.345100 -4.752 -2.005 0.181 0.225 0.002768 20000 1.000000
246.988000 41.817300 -3.8 -1.918 0.175 0.225 0.005293 20000 1.000000
246.722000 40.671300 -4.927 -2.174 0.178 0.227 -0.010273 20000 1.000000
240.400000 39.499200 -5.032 -0.553 0.19 0.23 0.040431 20000 1.000000
240.931000 39.486100 -5.365 -1.048 0.178 0.224 -0.004939 20000 1.000000
241.550000 39.133900 -5.151 -1.036 0.174 0.22 0.013036 20000 1.000000
241.062000 39.268000 -5.332 -1.121 0.181 0.226 -0.020337 20000 1.000000
241.649000 39.454700 -5.03 -1.369 0.176 0.222 0.045769 20000 1.000000
241.995000 38.728800 -4.289 -1.869 0.176 0.219 0.011411 20000 1.000000
241.540000 38.724600 -5.153 -1.54 0.175 0.22 0.000789 20000 1.000000
241.070000 38.980900 -5.2 -1.401 0.171 0.22 0.004062 20000 1.000000
240.985000 38.704600 -5.381 -0.887 0.178 0.224 -0.033472 20000 1.000000
240.541000 38.761400 -6.154 -0.243 0.184 0.225 -0.078182 20000 1.000000
240.523000 40.779800 -4.946 -1.524 0.19 0.233 0.075348 20000 1.000000
240.990000 40.242200 -5.708 -2 0.197 0.232 -0.072408 20000 1.000000
240.278000 39.908200 -5.87 -1.185 0.178 0.225 0.047294 20000 1.000000
239.307000 38.829200 -6.415 -0.326 0.199 0.225 0.093175 20000 1.000000
239.614000 39.046600 -6.14 -0.503 0.198 0.241 -0.086701 20000 1.000000
240.189000 39.123500 -6.063 -0.602 0.181 0.228 -0.068282 20000 1.000000
239.107000 39.466700 -5.844 0.424 0.188 0.23 0.091835 20000 1.000000
240.376000 41.357700 -4.71 -1.426 0.174 0.226 0.003379 20000 1.000000
239.716000 39.937400 -5.375 -0.189 0.169 0.216 -0.001863 20000 1.000000
239.194000 40.418600 -5.931 -1.571 0.179 0.222 -0.015799 20000 1.000000
239.923000 40.288900 -5 -1.172 0.176 0.224 0.020540 20000 1.000000
235.692000 40.247500 -10.06 8.302 0.17 0.218 -0.005492 20000 1.000000
235.867000 40.551300 -4.389 4.072 0.173 0.222 -0.020521 20000 1.000000
235.787000 40.637400 -3.186 5.246 0.189 0.241 -0.037075 20000 1.000000
235.943000 40.219600 -8.54 5.379 0.173 0.223 0.016610 20000 1.000000
236.307000 40.119300 -7.855 1.784 0.182 0.241 0.030618 20000 1.000000
238.207000 36.485500 -12.415 8.51 0.171 0.208 -0.003363 20000 1.000000
238.710000 35.945700 -12.924 9.408 0.179 0.216 0.045204 20000 1.000000
238.949000 36.302100 -12.841 9.05 0.174 0.212 -0.001747 20000 1.000000
238.865000 36.425900 -12.621 9.029 0.177 0.215 0.011204 20000 1.000000
237.668000 37.534500 -10.715 6.584 0.197 0.224 -0.072976 20000 1.000000
237.623000 37.914500 -9.732 4.052 0.179 0.222 -0.005771 20000 1.000000
236.819000 38.495000 -10.053 8.175 0.177 0.222 -0.076256 20000 1.000000
236.291000 39.117200 -11.122 7.793 0.184 0.232 -0.030057 20000 1.000000
236.652000 38.987400 -10.221 5.565 0.181 0.224 0.062992 20000 1.000000
236.796000 39.242000 -9.276 3.435 0.174 0.221 0.006458 20000 1.000000
236.368000 42.275400 -3.274 0.272 0.181 0.236 -0.005869 20000 1.000000
236.895000 39.319700 -8.423 1.893 0.179 0.225 0.016697 20000 1.000000
237.041000 38.664700 -8.646 5.531 0.188 0.257 -0.015336 20000 1.000000
237.233000 38.428600 -8.044 6.422 0.174 0.219 0.001886 20000 1.000000
237.548000 38.239800 -8.542 3.985 0.177 0.22 -0.011919 20000 1.000000
237.083000 38.866100 -8.103 1.466 0.169 0.213 -0.012113 20000 1.000000
237.037000 39.398100 -9.562 2.724 0.197 0.24 -0.044376 20000 1.000000
237.424000 38.777800 -7.617 2.203 0.183 0.238 -0.021071 20000 1.000000
237.281000 39.260000 -5.182 -0.529 0.172 0.217 0.018336 20000 1.000000
237.696000 39.109300 -7.405 -0.942 0.179 0.224 -0.015320 20000 1.000000
237.873000 37.069200 -11.74 8.274 0.199 0.243 0.146686 20000 1.000000
238.137000 36.962000 -12.28 7.852 0.196 0.228 -0.055883 20000 1.000000
238.009000 37.201700 -11.132 7.161 0.202 0.241 -0.085434 20000 1.000000
238.203000 37.001000 -10.938 7.114 0.258 0.282 0.103500 20000 1.000000
238.274000 37.002400 -10.511 6.743 0.186 0.237 0.000528 20000 1.000000
238.349000 37.104500 -9.75 4.637 0.202 0.235 -0.096422 20000 1.000000
238.286000 37.203500 -8.353 6.139 0.18 0.218 0.044790 20000 1.000000
237.786000 37.329900 -11.268 6.404 0.172 0.212 0.005072 20000 1.000000
237.901000 37.336900 -10.095 6.474 0.177 0.227 -0.008524 20000 1.000000
237.900000 37.722000 -8.433 3.751 0.182 0.222 -0.016615 20000 1.000000
237.781000 37.863900 -8.414 3.791 0.177 0.22 -0.053790 20000 1.000000
237.942000 37.713900 -8.588 2.366 0.184 0.224 -0.037701 20000 1.000000
238.174000 37.336800 -9.187 5.693 0.199 0.249 0.017280 20000 1.000000
238.210000 37.533000 -7.516 0.703 0.173 0.214 0.007311 20000 1.000000
238.313000 37.601800 -7.262 0.743 0.181 0.219 0.044480 20000 1.000000
238.022000 37.749400 -7.758 2.084 0.173 0.214 -0.009927 20000 1.000000
238.214000 37.819000 -7.13 0.598 0.176 0.217 -0.007185 20000 1.000000
238.095000 36.621700 -12.535 6.891 0.176 0.215 -0.006601 20000 1.000000
238.421000 36.724000 -11.796 9.688 0.174 0.213 -0.015925 20000 1.000000
238.580000 36.800400 -9.209 5.654 0.173 0.212 -0.017690 20000 1.000000
238.409000 36.858500 -11.397 8.037 0.175 0.215 -0.024244 20000 1.000000
238.459000 36.814300 -11.492 6.954 0.176 0.213 0.001921 20000 1.000000
238.445000 36.903500 -10.471 5.513 0.176 0.213 -0.020851 20000 1.000000
238.613000 36.637000 -12.44 8.218 0.185 0.224 -0.065830 20000 1.000000
238.458000 37.007800 -10.195 5.055 0.172 0.211 -0.004032 20000 1.000000
238.426000 37.213000 -6.433 1.529 0.173 0.212 -0.005224 20000 1.000000
238.665000 36.918200 -7.338 1.081 0.173 0.212 -0.004567 20000 1.000000
238.645000 37.010800 -7.69 0.591 0.183 0.225 -0.038405 20000 1.000000
240.294000 37.713100 -6.013 2.315 0.182 0.224 -0.018745 20000 1.000000
238.812000 36.559500 -12.701 8.193 0.172 0.209 -0.013916 20000 1.000000
238.131000 37.975600 -7.494 1.149 0.174 0.216 0.006638 20000 1.000000
238.936000 36.611600 -6.031 1.109 0.17 0.208 -0.009740 20000 1.000000
238.732000 36.950000 -7.447 0.72 0.179 0.218 0.024321 20000 1.000000
238.652000 36.811400 -7.625 1.763 0.176 0.215 -0.009069 20000 1.000000
238.942000 37.169600 -6.906 0.081 0.18 0.221 0.008579 20000 1.000000
238.347000 37.478400 -7.223 0.781 0.186 0.23 -0.034367 20000 1.000000
238.531000 37.489600 -7.596 0.542 0.171 0.212 -0.012829 20000 1.000000
238.675000 37.581900 -8.084 -0.078 0.176 0.22 -0.016834 20000 1.000000
238.395000 37.932000 -6.331 -0.649 0.174 0.215 -0.002010 20000 1.000000
238.536000 37.755300 -7.859 1.215 0.178 0.22 0.006132 20000 1.000000
238.717000 37.385400 -6.812 -0.375 0.178 0.224 -0.004490 20000 1.000000
237.782000 38.153000 -8.319 2.419 0.172 0.215 -0.025446 20000 1.000000
237.904000 38.025100 -8.292 1.415 0.177 0.22 -0.058002 20000 1.000000
237.805000 38.444200 -6.884 0.429 0.181 0.236 -0.011134 20000 1.000000
237.645000 38.999500 -6.705 -0.174 0.21 0.233 0.083748 20000 1.000000
238.905000 38.645300 -6.521 -0.877 0.173 0.216 -0.002621 20000 1.000000
239.652000 35.544100 -12.737 7.82 0.179 0.215 -0.006867 20000 1.000000
239.611000 35.841100 -9.407 7.826 0.18 0.216 -0.031349 20000 1.000000
239.655000 35.837800 -7.921 3.721 0.179 0.217 -0.018502 20000 1.000000
239.715000 35.806700 -7.907 3.523 0.185 0.221 -0.014654 20000 1.000000
239.093000 35.933300 -12.755 7.989 0.174 0.211 -0.015299 20000 1.000000
239.019000 36.417200 -7.488 1.924 0.175 0.215 0.006061 20000 1.000000
239.147000 36.515900 -6.25 1.12 0.179 0.221 -0.016287 20000 1.000000
239.302000 36.024800 -12.795 8.392 0.175 0.216 -0.015255 20000 1.000000
239.121000 36.140200 -12.892 8.616 0.176 0.211 -0.013618 20000 1.000000
239.251000 36.106800 -12.485 8.582 0.171 0.208 -0.002835 20000 1.000000
239.272000 36.178900 -6.478 1.249 0.171 0.208 -0.008696 20000 1.000000
239.355000 35.922800 -12.176 7.772 0.174 0.21 -0.016718 20000 1.000000
239.525000 36.007500 -7.21 2.027 0.189 0.221 0.008522 20000 1.000000
239.457000 36.089400 -6.081 1.682 0.172 0.209 -0.007929 20000 1.000000
239.560000 36.123200 -6.327 1.017 0.205 0.247 -0.010774 20000 1.000000
239.158000 35.697100 -12.276 8.292 0.177 0.21 0.031418 20000 1.000000
239.637000 36.051700 -6.383 1.181 0.175 0.209 -0.008882 20000 1.000000
239.448000 35.974100 -12.39 6.802 0.202 0.235 -0.062032 20000 1.000000
239.706000 36.015800 -6.726 1.559 0.174 0.211 -0.016682 20000 1.000000
239.723000 36.304400 -5.189 2.327 0.192 0.233 -0.025469 20000 1.000000
239.257000 36.806300 -6.951 -0.389 0.174 0.214 -0.007097 20000 1.000000
239.803000 37.352200 -6.912 -0.272 0.183 0.227 -0.014055 20000 1.000000
239.356000 37.795200 -7.214 -0.319 0.18 0.219 -0.000005 20000 1.000000
240.160000 37.901100 -7.581 -1.741 0.195 0.229 -0.105852 20000 1.000000
239.049000 38.090000 -7.25 -0.645 0.178 0.221 -0.010005 20000 1.000000
239.666000 38.735600 -5.796 -1.118 0.181 0.218 0.015256 20000 1.000000
241.480000 37.177600 -6.211 0.71 0.171 0.211 -0.002380 20000 1.000000
236.283000 39.863600 -10.597 4.066 0.209 0.262 -0.074193 20000 1.000000
236.448000 39.905700 -10.543 1.784 0.194 0.254 -0.024377 20000 1.000000
236.628000 39.452400 -9.261 1.613 0.172 0.218 -0.011697 20000 1.000000
236.705000 39.707100 -9.142 -0.553 0.183 0.229 -0.071068 20000 1.000000
236.813000 39.492800 -9.586 1.29 0.188 0.258 0.028769 20000 1.000000
236.817000 39.962100 -7.442 0.482 0.173 0.222 -0.054937 20000 1.000000
236.344000 40.256800 -7.384 1.709 0.173 0.224 0.003064 20000 1.000000
236.117000 41.151700 -4.582 1.081 0.171 0.222 -0.002318 20000 1.000000
236.301000 40.575300 -5.657 1.213 0.179 0.229 0.052231 20000 1.000000
236.427000 40.478900 -5.881 -0.152 0.211 0.275 0.195305 20000 1.000000
236.548000 40.082200 -8.062 1.473 0.17 0.218 -0.003909 20000 1.000000
236.864000 40.324100 -5.486 -0.62 0.17 0.219 -0.011355 20000 1.000000
236.676000 40.732900 -6.715 -0.636 0.171 0.22 -0.034121 20000 1.000000
236.826000 40.546700 -6.047 -1.721 0.174 0.226 -0.023672 20000 1.000000
237.024000 39.621400 -6.47 -0.032 0.179 0.221 0.024620 20000 1.000000
237.264000 39.493600 -6.177 0.394 0.17 0.215 -0.013134 20000 1.000000
237.126000 39.726200 -4.811 -1.008 0.177 0.226 0.056973 20000 1.000000
237.077000 40.747600 -6.458 -1.082 0.179 0.229 -0.025544 20000 1.000000
237.332000 40.034100 -6.839 -0.774 0.174 0.221 -0.022041 20000 1.000000
237.393000 40.650700 -6.986 -2.151 0.183 0.237 -0.055752 20000 1.000000
236.666000 40.887100 -6.416 -1.235 0.169 0.219 -0.011347 20000 1.000000
237.729000 40.271200 -6.73 0.048 0.201 0.255 -0.059475 20000 1.000000
239.132000 39.794700 -4.465 -0.058 0.173 0.224 -0.033241 20000 1.000000
239.052000 41.183300 -4.539 -0.509 0.174 0.227 -0.012942 20000 1.000000
237.681000 40.731100 -6.331 -1.031 0.204 0.243 -0.003632 20000 1.000000
235.774000 42.209100 -2.347 1.528 0.174 0.223 -0.017219 20000 1.000000
235.946000 42.860100 -3.142 -0.176 0.195 0.252 0.060656 20000 1.000000
236.617000 42.503500 -2.415 0.014 0.181 0.238 0.007640 20000 1.000000
237.344000 42.191000 -4.568 -1.367 0.177 0.234 -0.036195 20000 1.000000
238.220000 42.259700 -2.76 -2.143 0.173 0.224 -0.006357 20000 1.000000
239.622000 42.468800 -5.094 -2.943 0.175 0.231 -0.018264 20000 1.000000
241.588000 42.254600 -3.196 -1.108 0.205 0.272 0.000580 20000 1.000000
243.371000 36.071300 -4.465 -1.701 0.187 0.228 0.059310 20000 1.000000
242.835000 36.022500 -3.339 -0.465 0.186 0.216 -0.007302 20000 1.000000
242.590000 36.159000 -5.04 -0.754 0.188 0.225 0.043584 20000 1.000000
241.868000 36.466800 -7.336 0.249 0.198 0.243 -0.193288 20000 1.000000
242.211000 36.531200 -6.487 -3.093 0.207 0.248 -0.050406 20000 1.000000
241.909000 36.570200 -5.653 -0.037 0.197 0.226 -0.068988 20000 1.000000
241.882000 36.975700 -4.827 -0.203 0.172 0.211 -0.004057 20000 1.000000
242.064000 37.231400 -5.019 -1.388 0.179 0.217 0.034721 20000 1.000000
242.606000 34.462400 -7.848 2.911 0.187 0.216 -0.020930 20000 1.000000
242.459000 33.562100 -11.381 6.71 0.178 0.208 0.018096 20000 1.000000
242.895000 32.889200 -12.079 7.392 0.179 0.206 -0.009832 20000 1.000000
243.050000 32.733800 -12.807 7.08 0.175 0.202 -0.009733 20000 1.000000
242.756000 32.666400 -12.941 7.72 0.202 0.224 0.074148 20000 1.000000
242.810000 33.439600 -10.742 6.23 0.176 0.206 -0.008753 20000 1.000000
242.928000 33.235700 -11.877 7.121 0.186 0.21 0.031567 20000 1.000000
243.217000 33.493300 -10.784 5.543 0.177 0.206 -0.003341 20000 1.000000
243.651000 32.976000 -11.444 5.722 0.18 0.208 0.001687 20000 1.000000
243.989000 32.822200 -11.115 5.861 0.18 0.207 -0.039955 20000 1.000000
243.329000 33.240200 -11.727 6.034 0.185 0.213 -0.000322 20000 1.000000
243.431000 33.059200 -12.122 6.607 0.175 0.203 -0.009315 20000 1.000000
243.379000 33.375600 -10.871 5.405 0.181 0.21 0.037889 20000 1.000000
243.591000 33.210200 -11.641 5.269 0.192 0.223 0.011790 20000 1.000000
243.817000 33.213500 -10.095 5.121 0.178 0.206 -0.004098 20000 1.000000
243.921000 33.201000 -8.966 3.956 0.177 0.206 0.002466 20000 1.000000
243.888000 33.296200 -8.8 3.395 0.183 0.211 -0.060452 20000 1.000000
243.574000 33.523500 -8.905 4.519 0.186 0.21 0.063577 20000 1.000000
243.773000 33.574700 -7.827 2.216 0.184 0.222 0.023681 20000 1.000000
244.031000 32.887000 -10.911 5.298 0.221 0.245 -0.035977 20000 1.000000
244.175000 32.954700 -9.568 5.117 0.178 0.205 -0.001575 20000 1.000000
244.268000 32.759700 -10.949 6.451 0.19 0.217 0.019098 20000 1.000000
244.404000 32.750600 -11.671 7.575 0.185 0.21 -0.007995 20000 1.000000
244.423000 32.834700 -8.959 5.229 0.184 0.212 -0.002988 20000 1.000000
244.430000 32.898400 -6.603 4.717 0.187 0.212 0.018383 20000 1.000000
244.700000 32.690000 -4.629 0.197 0.179 0.207 0.000724 20000 1.000000
244.602000 32.875800 -3.968 -0.522 0.185 0.213 0.012055 20000 1.000000
244.578000 32.982500 -4.223 -0.426 0.186 0.218 0.037665 20000 1.000000
244.280000 32.948900 -10.006 5.362 0.331 0.383 0.011214 20000 1.000000
244.234000 33.516400 -5.338 0.407 0.185 0.216 0.051370 20000 1.000000
244.313000 33.423900 -4.236 -0.066 0.186 0.215 0.042031 20000 1.000000
244.571000 33.247800 -3.812 -1.403 0.184 0.212 -0.010547 20000 1.000000
244.657000 33.143600 -3.833 -1.398 0.187 0.215 -0.063349 20000 1.000000
244.704000 33.886900 -3.626 -1.684 0.187 0.213 0.001022 20000 1.000000
240.305000 37.562600 -6.463 -0.391 0.189 0.221 0.092886 20000 1.000000
239.350000 34.907300 -13.139 8.844 0.172 0.206 -0.007608 20000 1.000000
239.590000 35.010700 -11.546 9.857 0.179 0.213 -0.010403 20000 1.000000
239.760000 34.870600 -13.256 8.326 0.176 0.209 0.009196 20000 1.000000
239.617000 35.106200 -12.265 9.337 0.184 0.218 0.064695 20000 1.000000
241.822000 34.376400 -10.487 5.085 0.176 0.209 -0.005361 20000 1.000000
239.925000 35.020000 -11.961 8.081 0.173 0.207 -0.011585 20000 1.000000
240.208000 34.507800 -12.896 7.054 0.18 0.207 -0.018697 20000 1.000000
240.384000 34.630500 -13.837 6.567 0.172 0.205 -0.008323 20000 1.000000
240.185000 34.888600 -11.857 6.843 0.172 0.206 -0.004377 20000 1.000000
240.464000 35.086600 -9.606 4.172 0.173 0.207 -0.004305 20000 1.000000
239.192000 35.425800 -10.683 10.492 0.174 0.209 -0.020748 20000 1.000000
239.455000 35.327800 -12.236 8.826 0.179 0.217 0.048088 20000 1.000000
239.646000 35.440500 -11.489 7.875 0.176 0.211 -0.018037 20000 1.000000
239.520000 35.624800 -12.359 5.583 0.175 0.212 0.004902 20000 1.000000
239.463000 35.792700 -11.52 8.205 0.176 0.214 0.008945 20000 1.000000
239.733000 35.633800 -10.361 6.399 0.179 0.212 0.022409 20000 1.000000
239.629000 35.747900 -11.838 7.248 0.176 0.212 -0.000681 20000 1.000000
237.762000 37.061200 -12.198 8.879 0.174 0.215 0.006497 20000 1.000000
239.899000 35.235100 -12.268 7.244 0.196 0.225 0.035874 20000 1.000000
239.975000 35.279800 -11.21 6.826 0.181 0.219 -0.038264 20000 1.000000
240.065000 35.316800 -10.429 6.01 0.179 0.216 -0.003212 20000 1.000000
239.887000 35.534200 -10.841 5.328 0.183 0.22 -0.016476 20000 1.000000
239.818000 35.702700 -8.658 3.912 0.175 0.21 -0.004051 20000 1.000000
239.869000 35.801300 -8.063 2.566 0.183 0.214 -0.006875 20000 1.000000
239.999000 35.686700 -7.244 2.799 0.178 0.212 -0.044905 20000 1.000000
239.707000 35.688900 -11.009 6.401 0.175 0.21 -0.018283 20000 1.000000
240.287000 35.319000 -8.881 3.278 0.187 0.225 -0.008937 20000 1.000000
240.091000 35.934700 -6.125 1.544 0.175 0.211 -0.004718 20000 1.000000
240.496000 34.466800 -12.67 7.406 0.173 0.205 -0.006994 20000 1.000000
240.674000 34.599600 -12.124 5.978 0.183 0.222 0.082838 20000 1.000000
240.885000 34.660100 -11.444 5.119 0.18 0.214 0.044993 20000 1.000000
240.845000 34.856200 -10.981 2.583 0.242 0.354 -0.078505 20000 1.000000
239.755000 35.686700 -9.42 6.245 0.175 0.21 -0.017980 20000 1.000000
241.121000 34.835100 -9.351 4.175 0.175 0.209 0.003653 20000 1.000000
241.152000 34.792300 -10.885 2.997 0.181 0.22 0.000030 20000 1.000000
241.331000 34.695000 -9.954 6.261 0.183 0.218 0.062603 20000 1.000000
241.454000 34.771100 -8.147 3.929 0.177 0.211 -0.013923 20000 1.000000
241.344000 34.944400 -7.568 2.053 0.182 0.216 -0.054633 20000 1.000000
241.388000 35.138600 -7.302 1.554 0.175 0.21 -0.028775 20000 1.000000
241.382000 34.838900 -7.321 2.888 0.182 0.217 -0.005809 20000 1.000000
241.459000 34.821800 -8.3 3.804 0.182 0.216 -0.006061 20000 1.000000
241.811000 34.982100 -6.833 2.471 0.174 0.208 -0.010742 20000 1.000000
241.876000 35.378000 -5.686 1.53 0.176 0.21 -0.019692 20000 1.000000
241.740000 35.667300 -5.765 1.002 0.183 0.215 0.005985 20000 1.000000
241.233000 36.231400 -6.344 1.148 0.18 0.214 0.053102 20000 1.000000
241.045000 36.585500 -5.969 0.416 0.174 0.212 -0.009941 20000 1.000000
241.740000 36.093100 -6.173 0.709 0.176 0.211 -0.006555 20000 1.000000
241.994000 35.038800 -6.13 2.182 0.175 0.209 0.000265 20000 1.000000
242.271000 34.509700 -8.09 3.828 0.176 0.209 -0.010041 20000 1.000000
242.451000 34.634300 -6.863 3.349 0.176 0.209 -0.006709 20000 1.000000
242.457000 34.987000 -5.779 2.246 0.178 0.212 0.027260 20000 1.000000
243.048000 33.892600 -8.84 4.473 0.175 0.206 -0.005854 20000 1.000000
243.454000 34.019300 -6.686 3.536 0.177 0.208 -0.010409 20000 1.000000
242.719000 34.534800 -6.401 2.337 0.202 0.219 -0.104249 20000 1.000000
241.969000 34.332200 -10.256 4.936 0.177 0.21 0.020098 20000 1.000000
242.635000 35.116800 -5.9 1.701 0.177 0.211 -0.012096 20000 1.000000
241.983000 35.152400 -5.987 2.172 0.177 0.212 -0.005892 20000 1.000000
242.697000 35.238500 -4.929 1.262 0.177 0.21 -0.000318 20000 1.000000
242.795000 35.387900 -4.84 0.611 0.172 0.207 0.002338 20000 1.000000
242.610000 35.896700 -5.865 -0.073 0.191 0.23 -0.019838 20000 1.000000
242.597000 35.697600 -5.551 0.151 0.176 0.21 -0.002249 20000 1.000000
243.111000 35.998200 -4.47 -1.47 0.185 0.215 -0.012113 20000 1.000000
243.112000 35.710600 -4.174 1.034 0.254 0.297 -0.008347 20000 1.000000
243.290000 34.192500 -6.863 3.466 0.181 0.21 -0.021789 20000 1.000000
243.463000 34.217200 -6.038 2.95 0.179 0.209 -0.000228 20000 1.000000
243.788000 33.865800 -5.63 1.792 0.176 0.207 0.007478 20000 1.000000
243.920000 33.959300 -5.563 -0.107 0.178 0.207 -0.004138 20000 1.000000
239.772000 35.729200 -9.011 3.28 0.194 0.228 -0.015593 20000 1.000000
243.971000 34.716900 -4.376 -1.963 0.18 0.211 -0.017940 20000 1.000000
243.329000 34.936800 -4.615 0.202 0.176 0.211 0.005279 20000 1.000000
242.063000 34.341100 -10.352 5.625 0.187 0.224 -0.030566 20000 1.000000
243.120000 34.462100 -6.402 2.192 0.176 0.208 -0.003915 20000 1.000000
244.179000 33.741000 -4.419 -1.023 0.181 0.212 -0.007576 20000 1.000000
243.107000 34.062700 -6.932 4.063 0.192 0.227 -0.050242 20000 1.000000
244.236000 34.425700 -3.977 -1.899 0.22 0.232 0.052583 20000 1.000000
244.350000 35.204800 -4.233 -1.96 0.181 0.213 -0.025372 20000 1.000000
242.685000 34.187400 -8.902 5.382 0.18 0.213 0.042649 20000 1.000000
242.950000 34.196200 -7.52 3.876 0.211 0.218 0.075921 20000 1.000000
244.750000 34.731800 -3.776 -2.66 0.211 0.259 0.035511 20000 1.000000
243.237000 35.204600 -4.781 -0.153 0.175 0.209 0.003311 20000 1.000000
242.107000 35.424600 -6.193 1.17 0.181 0.215 -0.015546 20000 1.000000
243.428000 35.320600 -4.087 -1.333 0.176 0.212 -0.015637 20000 1.000000
243.896000 35.141900 -4.523 -1.927 0.187 0.214 -0.025843 20000 1.000000
243.878000 35.526000 -4.531 -1.862 0.178 0.213 -0.009498 20000 1.000000
243.855000 35.785400 -4.22 -1.574 0.176 0.212 -0.014666 20000 1.000000
244.456000 35.472800 -3.774 -1.998 0.178 0.215 0.012248 20000 1.000000
244.634000 35.163000 -4.643 -1.849 0.183 0.217 -0.037986 20000 1.000000
245.401000 34.188900 -3.673 -2.65 0.209 0.238 -0.001836 20000 1.000000
245.035000 34.844400 -3.997 -1.833 0.183 0.214 -0.006384 20000 1.000000
244.762000 35.291100 -4.899 -1.6 0.178 0.214 0.001037 20000 1.000000
241.621000 37.973100 -5.325 -1.037 0.174 0.217 -0.030481 20000 1.000000
241.000000 37.613000 -7.21 -3.744 0.179 0.218 -0.042939 20000 1.000000
241.084000 37.605300 -5.992 -0.513 0.181 0.234 -0.016244 20000 1.000000
240.914000 37.785700 -6.289 -0.013 0.212 0.241 -0.114903 20000 1.000000
240.967000 37.913500 -5.929 -0.109 0.171 0.213 -0.000862 20000 1.000000
240.974000 37.696600 -6.071 -0.131 0.196 0.233 0.088181 20000 1.000000
240.862000 37.839300 -6.586 1 0.188 0.223 0.010033 20000 1.000000
240.853000 37.962800 -6.735 -0.503 0.173 0.213 -0.002752 20000 1.000000
240.916000 37.914100 -7.223 0.436 0.175 0.215 0.000287 20000 1.000000
241.056000 37.734300 -5.872 -1.359 0.173 0.215 0.002423 20000 1.000000
241.131000 37.654600 -6.309 -0.457 0.175 0.218 -0.009275 20000 1.000000
241.040000 37.891700 -5.476 0.105 0.184 0.22 -0.002737 20000 1.000000
241.148000 37.878200 -5.292 0.346 0.173 0.213 -0.009231 20000 1.000000
241.183000 37.591400 -7.246 -1.176 0.177 0.23 0.058592 20000 1.000000
241.302000 37.561600 -4.381 -0.491 0.179 0.241 -0.017700 20000 1.000000
241.316000 37.495400 -6.513 -0.334 0.171 0.211 -0.004566 20000 1.000000
241.406000 37.541300 -6.17 0.442 0.175 0.216 -0.003730 20000 1.000000
241.180000 37.677000 -6.314 -0.61 0.174 0.216 0.001005 20000 1.000000
241.232000 37.754400 -4.803 -0.406 0.183 0.234 0.044692 20000 1.000000
240.981000 37.800000 -6.11 0.179 0.176 0.215 0.024060 20000 1.000000
241.264000 37.903500 -4.955 -0.439 0.177 0.219 -0.011982 20000 1.000000
241.445000 37.891300 -4.976 -0.768 0.179 0.22 0.039277 20000 1.000000
241.762000 37.589200 -2.501 1.043 0.188 0.232 -0.001503 20000 1.000000
241.528000 37.737500 -5.556 0.246 0.181 0.22 0.020416 20000 1.000000
240.850000 38.057900 -6.097 0.611 0.182 0.22 -0.000378 20000 1.000000
237.804000 41.344800 -5.786 0.252 0.257 0.345 0.010803 20000 1.000000
237.706000 41.381200 -5.215 -0.574 0.18 0.227 0.046064 20000 1.000000
237.809000 41.479200 -4.195 -4.102 0.172 0.236 -0.035863 20000 1.000000
237.687000 41.463600 -5.595 -0.322 0.176 0.239 -0.039668 20000 1.000000
237.847000 41.531900 -5.084 -0.851 0.206 0.245 0.034977 20000 1.000000
238.493000 41.711600 -4.921 -1.673 0.171 0.224 -0.000873 20000 1.000000
246.132000 42.878900 -4.837 -3.125 0.171 0.227 0.012296 20000 1.000000
241.275000 37.380400 -6.227 -0.308 0.232 0.267 0.125837 20000 1.000000
241.439000 37.439500 -5.848 0.069 0.187 0.224 0.004907 20000 1.000000
240.254000 37.088900 -6.363 1.163 0.179 0.217 0.050909 20000 1.000000
241.853000 37.280500 -4.987 -1.046 0.175 0.216 0.002620 20000 1.000000
239.172000 41.359200 -4.375 -1.152 0.179 0.231 -0.077037 20000 1.000000
239.527000 41.332500 -4.922 -0.953 0.176 0.227 0.005733 20000 1.000000
235.587000 42.442000 -1.632 1.281 0.174 0.231 -0.057312 20000 1.000000
235.707000 42.076600 -1.945 1.546 0.181 0.228 0.014470 20000 1.000000
238.120000 42.579800 -4.084 -0.692 0.176 0.227 -0.009428 20000 1.000000
237.390000 42.727100 -3.685 0.331 0.19 0.237 0.099163 20000 1.000000
240.341000 42.546100 -5.573 -1.825 0.173 0.228 -0.003318 20000 1.000000
242.275000 42.020200 -4.922 -2.41 0.175 0.227 0.001020 20000 1.000000
243.404000 33.598200 -8.666 4.509 0.24 0.287 -0.102871 20000 1.000000
243.397000 33.495500 -11.011 5.417 0.181 0.214 0.006056 20000 1.000000
244.492000 32.829400 -6.851 4.798 0.18 0.207 -0.005121 20000 1.000000
238.928000 37.699000 -7.987 -0.252 0.179 0.221 -0.011325 20000 1.000000
239.784000 35.693800 -9.709 5.029 0.19 0.225 -0.017285 20000 1.000000
237.579000 41.830800 -3.548 -0.629 0.184 0.245 0.051980 20000 1.000000
236.019000 41.845500 -2.186 1.25 0.193 0.287 -0.084313 20000 1.000000
238.521000 36.744300 -11.167 4.721 0.244 0.28 0.054903 20000 1.000000
239.528000 35.946600 -6.298 2.663 0.194 0.227 0.059449 20000 1.000000
239.485000 35.929100 -10.87 7.191 0.246 0.306 -0.075617 20000 1.000000
236.427000 40.478800 -5.56 -1.013 0.207 0.267 0.200429 20000 1.000000
242.077000 34.508200 -8.374 3.666 0.179 0.211 -0.004230 20000 1.000000
243.314000 36.901800 -3.893 -1.862 0.189 0.223 0.038510 20000 1.000000
242.305000 34.925400 -6.137 2.74 0.182 0.215 -0.011817 20000 1.000000
243.880000 36.579600 -3.821 -2.03 0.201 0.237 0.019801 20000 1.000000
239.522000 35.919900 -11.142 6.098 0.193 0.234 0.031532 20000 1.000000
242.818000 33.835700 -10.25 5.667 0.199 0.22 -0.012196 20000 1.000000
243.506000 33.819200 -7.726 3.62 0.197 0.228 0.020751 20000 1.000000
242.193000 34.091800 -12.11 4.472 0.239 0.284 -0.044882 20000 1.000000
241.596000 33.743300 -12.44 8.595 0.176 0.205 0.036680 20000 1.000000
241.628000 33.779500 -4.745 6.736 0.23 0.278 0.017193 20000 1.000000
238.863000 36.161100 -12.708 8.469 0.181 0.216 0.020126 20000 1.000000
239.056000 39.974600 -5.666 -0.652 0.176 0.227 -0.018350 20000 1.000000
242.317000 35.338700 -5.274 1.943 0.175 0.209 0.004246 20000 1.000000
240.280000 34.500000 -13.662 6.872 0.178 0.211 -0.032418 20000 1.000000
243.375000 34.643900 -6.03 0.345 0.18 0.21 -0.026521 20000 1.000000
243.446000 36.715400 -4.391 -1.54 0.191 0.229 0.078469 20000 1.000000
241.974000 34.019100 -12.141 6.008 0.196 0.231 -0.051636 20000 1.000000
239.475000 35.900000 -2.477 6.848 0.181 0.222 -0.034950 20000 1.000000
241.807000 34.875100 -6.884 2.807 0.243 0.277 -0.029598 20000 1.000000
240.816000 34.541500 -11.554 5.342 0.2 0.235 0.077313 20000 1.000000
244.877000 40.617200 -4.914 -2.258 0.176 0.23 0.000119 20000 1.000000
243.350000 36.316300 -3.667 -2.064 0.177 0.214 -0.000455 20000 1.000000
238.442000 37.666500 -7.148 -0.439 0.175 0.215 -0.012930 20000 1.000000
241.245000 34.459800 -11.451 6.548 0.195 0.238 -0.019883 20000 1.000000
242.138000 34.205600 -11.437 5.891 0.279 0.28 -0.070878 20000 1.000000
239.775000 40.591700 -5.132 -1.542 0.178 0.231 -0.009442 20000 1.000000
240.984000 41.868400 -4.748 -1.563 0.18 0.234 0.060686 20000 1.000000
243.701000 35.971300 -4.199 -1.753 0.185 0.217 -0.031039 20000 1.000000
243.789000 36.730500 -3.67 -1.443 0.194 0.232 0.061133 20000 1.000000
241.521000 34.438600 -9.228 3.966 0.196 0.229 -0.071023 20000 1.000000
240.116000 39.314300 -5.651 0.158 0.181 0.231 -0.025940 20000 1.000000
244.022000 33.292200 -6.43 3.051 0.181 0.209 -0.009426 20000 1.000000
244.412000 36.319600 -4.889 -1.734 0.195 0.228 0.006030 20000 1.000000
240.476000 33.247900 -13.743 9.283 0.177 0.209 0.036513 20000 1.000000
240.936000 34.319900 -12.101 6.614 0.175 0.207 -0.008044 20000 1.000000
241.354000 34.059300 -12.514 8.688 0.18 0.209 -0.015696 20000 1.000000
242.151000 33.992700 -11.251 5.394 0.189 0.22 -0.015368 20000 1.000000
239.935000 34.004300 -13.389 9.339 0.186 0.215 -0.025788 20000 1.000000
243.662000 36.644600 -4.241 -1.624 0.19 0.228 0.044968 20000 1.000000
243.426000 36.931600 -4.639 -1.909 0.207 0.248 0.054019 20000 1.000000
239.640000 35.917400 -4.778 4.987 0.194 0.235 -0.006901 20000 1.000000
241.585000 35.158200 -7.14 1.988 0.173 0.208 -0.010212 20000 1.000000
243.923000 33.650600 -5.463 -0.078 0.18 0.211 0.060885 20000 1.000000
243.770000 36.934800 -4.566 -2.04 0.185 0.22 0.074109 20000 1.000000
239.867000 34.483500 -12.798 8.854 0.183 0.218 -0.052924 20000 1.000000
243.839000 33.641200 -7.447 2.044 0.193 0.221 0.036392 20000 1.000000
242.951000 39.542200 -5.069 -2.27 0.183 0.223 0.085423 20000 1.000000
242.816000 38.097200 -4.74 -2.026 0.196 0.243 -0.016984 20000 1.000000
241.669000 33.797800 -12.646 7.715 0.186 0.215 0.020396 20000 1.000000
241.163000 34.248000 -12.604 6.356 0.178 0.21 0.028690 20000 1.000000
235.849000 41.053900 -2.166 2.358 0.173 0.224 -0.044000 20000 1.000000
243.470000 34.840000 -4.578 0.009 0.189 0.233 0.026151 20000 1.000000
241.558000 34.069100 -11.499 7.799 0.195 0.222 0.034981 20000 1.000000
240.156000 34.413300 -13.95 7.31 0.221 0.239 -0.077025 20000 1.000000
241.198000 39.627100 -5.11 -1.061 0.174 0.22 0.012619 20000 1.000000
241.715000 34.024000 -12.762 5.33 0.246 0.287 0.106508 20000 1.000000
243.915000 33.030100 -10.743 5.366 0.177 0.205 -0.011248 20000 1.000000
240.516000 34.851500 -10.358 3.66 0.227 0.267 0.020262 20000 1.000000
241.780000 34.178600 -10.945 6.411 0.229 0.239 0.072909 20000 1.000000
241.486000 34.126400 -11.642 6.171 0.177 0.208 -0.000224 20000 1.000000
241.516000 34.293200 -11.799 6.454 0.183 0.213 0.007443 20000 1.000000
239.384000 34.556300 -13.285 9.126 0.229 0.26 -0.030686 20000 1.000000
241.879000 34.501500 -9.221 2.991 0.197 0.223 -0.001836 20000 1.000000
241.706000 33.712600 -12.991 8.315 0.178 0.212 0.007343 20000 1.000000
242.010000 34.030000 -12.126 6.056 0.201 0.238 -0.007848 20000 1.000000
241.346000 37.664300 -4.176 0.764 0.227 0.279 0.025062 20000 1.000000
241.016000 35.010800 -8.989 2.895 0.198 0.23 -0.043524 20000 1.000000
243.608000 33.934800 -5.967 2.129 0.203 0.234 0.002868 20000 1.000000
241.258000 34.568500 -12.002 4.541 0.19 0.226 0.124360 20000 1.000000
241.586000 34.259400 -11.632 6.041 0.203 0.238 -0.000452 20000 1.000000
243.068000 34.669000 -6.247 1.685 0.194 0.224 -0.114249 20000 1.000000
241.572000 33.958200 -12.652 7.425 0.256 0.271 -0.325274 20000 1.000000
243.346000 33.955300 -7.789 2.443 0.192 0.219 -0.003920 20000 1.000000
243.111000 35.425200 -4.546 0.957 0.19 0.223 -0.010695 20000 1.000000
243.532000 36.840400 -3.962 -1.75 0.187 0.227 0.072933 20000 1.000000
