242.907000 34.116400 -6.173 2.736 0.183 0.235 0.007540 20000 1.000000
243.571000 34.594300 -2.982 -0.351 0.163 0.2 0.056053 20000 1.000000
241.305000 34.824500 -7.276 3.796 0.17 0.209 0.043925 20000 1.000000
242.103000 34.126000 -9.632 5.138 0.255 0.285 0.171904 20000 1.000000
242.795000 40.412800 -3.76 -2.362 0.16 0.209 0.043658 20000 1.000000
243.116000 34.264300 -5.823 2.157 0.184 0.231 0.120630 20000 1.000000
240.594000 34.920500 -6.816 4.12 0.166 0.204 0.023305 20000 1.000000
244.002000 34.000500 -3.367 -1.217 0.166 0.201 0.038823 20000 1.000000
242.935000 33.578200 -10.524 2.927 0.178 0.212 0.036683 20000 1.000000
243.920000 35.287000 -3.809 -4.154 0.167 0.206 0.060939 20000 1.000000
245.285000 33.610400 -3.454 -3.538 0.166 0.201 0.044691 20000 1.000000
243.947000 34.251400 -2.744 -2.162 0.167 0.202 0.054411 20000 1.000000
241.723000 34.184900 -9.534 5.634 0.192 0.234 0.081172 20000 1.000000
242.988000 34.918600 -4.402 0.547 0.173 0.214 0.060954 20000 1.000000
241.812000 34.292800 -8.17 3.927 0.244 0.258 -0.276133 20000 1.000000
242.156000 42.779500 -1.834 -2.331 0.162 0.223 0.046585 20000 1.000000
240.653000 35.157300 -7.387 2.802 0.167 0.209 0.064989 20000 1.000000
235.437000 42.836100 0.248 0.618 0.17 0.23 0.028674 20000 1.000000
244.010000 33.655100 -3.003 -2.137 0.211 0.251 0.068415 20000 1.000000
239.566000 35.939400 -4.492 4.012 0.162 0.203 0.021038 20000 1.000000
239.569000 35.888400 -9.46 8.374 0.187 0.227 0.034786 20000 1.000000
241.666000 33.311600 -12.025 8.533 0.166 0.202 0.054407 20000 1.000000
241.517000 33.445800 -11.335 8.447 0.166 0.203 0.023746 20000 1.000000
241.370000 34.138600 -10.719 7.156 0.203 0.228 0.142579 20000 1.000000
242.329000 35.565300 -3.526 0.448 0.168 0.21 0.050258 20000 1.000000
241.789000 33.876300 -12.03 4.211 0.176 0.215 0.099699 20000 1.000000
240.987000 34.806400 -8.938 3.992 0.18 0.239 -0.069777 20000 1.000000
243.664000 34.829500 -2.945 -1.057 0.179 0.211 0.053153 20000 1.000000
242.035000 34.244000 -10.664 3.918 0.191 0.242 -0.061146 20000 1.000000
237.881000 37.724100 -6.894 3.574 0.207 0.258 0.024162 20000 1.000000
241.974000 34.333400 -9.579 5.648 0.182 0.215 0.127276 20000 1.000000
242.172000 34.640500 -5.936 2.825 0.171 0.214 0.082291 20000 1.000000
241.063000 34.109600 -10.509 7.665 0.177 0.225 0.083410 20000 1.000000
241.873000 34.136700 -9.945 3.445 0.163 0.198 0.054417 20000 1.000000
242.521000 34.313800 -7.684 3.216 0.182 0.22 0.164597 20000 1.000000
242.291000 34.109900 -9.726 6.156 0.172 0.207 0.011096 20000 1.000000
245.126000 40.558400 -2.984 -2.096 0.175 0.216 0.096080 20000 1.000000
240.120000 34.414900 -11.735 7.414 0.168 0.205 0.007037 20000 1.000000
242.427000 35.071700 -4.73 1.269 0.169 0.207 0.099746 20000 1.000000
239.249000 35.791600 -10.316 8.597 0.169 0.209 0.024273 20000 1.000000
242.900000 34.039100 -7.083 5.694 0.202 0.244 0.063654 20000 1.000000
244.265000 33.069800 -12.535 4.772 0.177 0.211 0.055093 20000 1.000000
240.961000 34.168400 -11.871 7.706 0.164 0.2 0.061295 20000 1.000000
241.743000 33.861500 -10.66 4.222 0.166 0.203 0.044901 20000 1.000000
241.476000 34.253600 -11.468 5.302 0.172 0.212 0.091135 20000 1.000000
240.629000 34.408100 -10.983 6.663 0.186 0.23 0.033972 20000 1.000000
241.387000 34.516500 -10.015 3.99 0.169 0.205 0.032317 20000 1.000000
243.630000 34.124100 -3.869 0.651 0.178 0.214 0.009189 20000 1.000000
242.098000 34.082000 -8.312 6.352 0.175 0.212 -0.001071 20000 1.000000
244.212000 33.389800 -4.706 -0.651 0.181 0.217 0.046891 20000 1.000000
242.140000 34.413400 -8.128 2.777 0.168 0.218 0.050319 20000 1.000000
241.873000 33.938300 -10.726 6.418 0.165 0.201 0.049382 20000 1.000000
242.588000 33.647700 -10.495 6.748 0.161 0.196 0.054308 20000 1.000000
241.170000 34.946200 -6.523 6.69 0.172 0.214 0.049676 20000 1.000000
245.061000 39.345200 -2.421 -2.134 0.171 0.217 0.049564 20000 1.000000
244.183000 40.914700 -3.778 -2.08 0.159 0.21 0.047538 20000 1.000000
241.574000 34.703100 -4.155 1.296 0.17 0.209 0.060531 20000 1.000000
242.474000 34.104200 -9.187 4.735 0.185 0.232 0.067118 20000 1.000000
239.991000 34.733000 -10.734 8.397 0.165 0.201 0.071258 20000 1.000000
243.064000 34.093600 -4.626 2.627 0.191 0.287 0.141755 20000 1.000000
241.116000 34.356300 -10.298 6.675 0.167 0.202 0.045511 20000 1.000000
246.195000 39.369400 -3.473 -2.372 0.166 0.211 0.048465 20000 1.000000
244.200000 32.945000 -11.475 2.739 0.188 0.214 0.054234 20000 1.000000
241.107000 34.800200 -9.826 3.387 0.187 0.228 0.049750 20000 1.000000
240.644000 40.416500 -3.696 -1.565 0.163 0.216 0.005588 20000 1.000000
240.136000 35.189400 -9.655 5.465 0.166 0.21 0.034214 20000 1.000000
244.479000 33.274800 -3.779 -4.018 0.172 0.204 0.060940 20000 1.000000
245.173000 33.051100 -1.669 -2.451 0.225 0.257 -0.027027 20000 1.000000
244.340000 34.784000 -2.544 -2.821 0.187 0.233 0.036196 20000 1.000000
245.810000 34.308600 -2.313 -1.365 0.17 0.205 0.071157 20000 1.000000
243.111000 35.425200 -3.087 2.764 0.167 0.207 0.034779 20000 1.000000
245.820000 40.640200 -4.029 -1.485 0.162 0.211 0.057737 20000 1.000000
239.584000 36.399000 -4.398 1.035 0.203 0.25 0.033498 20000 1.000000
241.887000 34.047400 -10.555 2.944 0.169 0.207 0.059181 20000 1.000000
239.318000 34.469400 -11.422 10.341 0.162 0.198 0.043199 20000 1.000000
241.714000 33.783600 -8.874 7.946 0.188 0.234 -0.011062 20000 1.000000
243.570000 34.754800 -3.94 -1.124 0.167 0.204 0.076971 20000 1.000000
238.530000 40.815900 -6.801 -2.795 0.163 0.217 0.033841 20000 1.000000
244.365000 33.705000 -2.479 -1.892 0.184 0.234 0.035242 20000 1.000000
239.520000 35.866700 -9.662 7.91 0.192 0.254 0.068441 20000 1.000000
242.155000 34.458200 -7.496 3.388 0.175 0.215 0.028729 20000 1.000000
239.598000 35.880800 -6.19 3.43 0.175 0.217 0.142265 20000 1.000000
240.812000 34.441200 -10.754 5.438 0.178 0.22 0.063500 20000 1.000000
244.089000 34.727300 -2.99 -2.302 0.168 0.207 0.065616 20000 1.000000
243.779000 33.796800 -4.386 0.452 0.172 0.21 0.103640 20000 1.000000
244.855000 34.157600 -3.221 -2.611 0.168 0.205 0.091650 20000 1.000000
241.526000 35.662300 -4.509 0.081 0.183 0.233 0.022099 20000 1.000000
240.992000 34.398500 -10.779 7.95 0.175 0.215 0.059191 20000 1.000000
243.827000 33.925400 -3.825 -0.818 0.174 0.209 0.049742 20000 1.000000
242.165000 34.485500 -7.087 4.063 0.164 0.203 0.047065 20000 1.000000
243.060000 35.090200 -3.914 -0.859 0.167 0.204 0.056243 20000 1.000000
242.246000 34.133300 -9.927 4.648 0.169 0.206 0.070106 20000 1.000000
239.406000 35.828700 -9.654 8.188 0.169 0.212 0.073732 20000 1.000000
242.454000 34.314900 -8.477 0.951 0.185 0.229 0.130733 20000 1.000000
240.896000 34.733600 -8.288 4.515 0.166 0.209 0.046831 20000 1.000000
239.557000 35.832600 -9.346 7.16 0.165 0.206 0.055327 20000 1.000000
242.563000 33.856800 -9.347 5.945 0.166 0.2 0.052411 20000 1.000000
238.778000 42.418300 -2.962 -3.053 0.234 0.316 0.000819 20000 1.000000
239.241000 36.186900 -9.01 -4.224 0.167 0.205 0.098033 20000 1.000000
239.233000 36.180500 -11.372 9.021 0.166 0.205 0.043144 20000 1.000000
239.649000 34.038300 -11.817 9.328 0.166 0.203 0.002901 20000 1.000000
243.904000 40.148400 -3.489 -3.604 0.168 0.219 -0.024098 20000 1.000000
242.682000 33.918400 -8.733 5.3 0.167 0.2 0.063825 20000 1.000000
239.566000 35.969500 -4.717 2.977 0.169 0.203 -0.000145 20000 1.000000
244.588000 40.710700 -3.413 -3.015 0.165 0.226 0.036689 20000 1.000000
241.122000 34.295500 -10.902 7.052 0.182 0.219 0.025194 20000 1.000000
242.118000 34.175200 -8.165 6.457 0.224 0.252 -0.244128 20000 1.000000
243.352000 34.038500 -5.453 2.653 0.186 0.229 0.169841 20000 1.000000
242.790000 34.230800 -6.799 4.297 0.222 0.243 0.216378 20000 1.000000
245.381000 34.767700 -2.444 -2.457 0.18 0.22 0.061856 20000 1.000000
242.491000 39.685600 -3.203 -2.43 0.166 0.216 0.042050 20000 1.000000
240.859000 34.498700 -10.748 5.011 0.161 0.198 0.044011 20000 1.000000
243.932000 34.141000 -2.708 -1.23 0.167 0.203 0.085335 20000 1.000000
242.653000 33.240700 -10.362 6.808 0.173 0.204 -0.003761 20000 1.000000
244.082000 34.369900 -2.862 -2.395 0.168 0.205 0.012112 20000 1.000000
243.695000 34.427700 -2.1 -0.81 0.171 0.211 0.025636 20000 1.000000
243.708000 34.533000 -1.927 0.555 0.175 0.207 0.042938 20000 1.000000
243.185000 34.674900 -4.199 0.73 0.165 0.202 0.069174 20000 1.000000
241.793000 34.128800 -7.456 4.078 0.164 0.202 0.044243 20000 1.000000
240.647000 34.683400 -11.31 4.868 0.188 0.234 -0.002212 20000 1.000000
242.814000 39.521100 -3.06 -2.574 0.164 0.211 0.053590 20000 1.000000
245.995000 32.722500 -2.827 -2.631 0.173 0.205 0.111163 20000 1.000000
244.721000 39.910200 -3.32 -1.788 0.18 0.221 0.050825 20000 1.000000
245.543000 36.154200 -3.24 -1.942 0.167 0.204 0.057856 20000 1.000000
245.180000 41.724200 -3.425 -1.827 0.163 0.214 0.019312 20000 1.000000
242.670000 41.428700 -3.618 -2.819 0.161 0.215 0.065652 20000 1.000000
242.935000 42.981700 -3.231 -2.091 0.159 0.218 0.026793 20000 1.000000
235.925000 40.876300 -1.202 1.735 0.213 0.268 0.070753 20000 1.000000
236.274000 38.928300 -8.743 10.181 0.158 0.204 0.023592 20000 1.000000
237.585000 40.997600 -6.061 -2.869 0.186 0.26 -0.052205 20000 1.000000
235.986000 42.967400 -4.444 -2.258 0.163 0.228 0.062086 20000 1.000000
243.830000 32.616500 -11.436 6.551 0.165 0.197 0.039352 20000 1.000000
238.997000 35.551800 -10.775 10.305 0.163 0.204 0.050928 20000 1.000000
242.015000 39.305600 -3.855 -1.816 0.166 0.219 0.022867 20000 1.000000
242.395000 39.287900 -3.863 -2.108 0.165 0.21 0.049262 20000 1.000000
243.576000 39.500500 -3.472 -2.642 0.16 0.213 0.064796 20000 1.000000
243.950000 39.546400 -3.981 -2.799 0.165 0.21 0.077626 20000 1.000000
244.111000 39.374200 -4.264 -1.659 0.161 0.208 0.069264 20000 1.000000
244.487000 39.536100 -2.905 -2.319 0.161 0.211 0.050977 20000 1.000000
244.568000 39.388600 -2.212 -2.059 0.157 0.205 0.052690 20000 1.000000
242.120000 40.433400 -3.896 -1.572 0.163 0.214 0.082742 20000 1.000000
245.308000 39.255200 -2.924 -2.277 0.165 0.21 0.104461 20000 1.000000
245.723000 39.119400 -4.049 -2.714 0.166 0.217 0.065664 20000 1.000000
246.129000 39.067300 -2.877 -2.212 0.163 0.212 0.046389 20000 1.000000
246.495000 39.268900 -3.029 -1.521 0.161 0.212 0.065478 20000 1.000000
242.532000 40.320600 -4.095 -2.019 0.167 0.216 0.011702 20000 1.000000
246.946000 40.494000 -3.306 -2.165 0.161 0.211 0.070492 20000 1.000000
243.264000 40.495500 -3.667 -2.915 0.169 0.219 0.016502 20000 1.000000
243.721000 40.363200 -3.352 -3.816 0.159 0.21 0.070008 20000 1.000000
240.200000 39.572800 -6.662 -0.437 0.162 0.211 0.038677 20000 1.000000
242.593000 36.804200 -3.826 -2.541 0.158 0.2 0.050999 20000 1.000000
242.006000 36.606000 -2.266 -0.044 0.271 0.32 0.092564 20000 1.000000
242.296000 37.200800 -2.825 -1.647 0.163 0.206 0.056614 20000 1.000000
240.463000 39.698400 -5.319 -1.801 0.169 0.22 0.051568 20000 1.000000
240.694000 39.795600 -4.872 -2.112 0.177 0.241 0.117564 20000 1.000000
241.126000 39.838800 -4.211 -2.22 0.211 0.262 0.022028 20000 1.000000
241.316000 39.888900 -4.275 -1.797 0.164 0.216 0.031213 20000 1.000000
241.841000 39.212300 -3.48 -2.559 0.183 0.238 0.059229 20000 1.000000
246.706000 41.856800 -3.55 -1.52 0.169 0.225 0.086247 20000 1.000000
246.958000 39.345100 -2.793 -1.975 0.164 0.209 0.059912 20000 1.000000
246.988000 41.817300 -1.726 -2.303 0.161 0.213 0.045409 20000 1.000000
246.722000 40.671300 -3.196 -2.13 0.165 0.216 0.053054 20000 1.000000
240.400000 39.499200 -5.656 -1.828 0.177 0.221 0.097198 20000 1.000000
240.931000 39.486100 -5.417 -1.982 0.165 0.214 0.052434 20000 1.000000
241.550000 39.133900 -3.83 -1.709 0.162 0.21 0.061378 20000 1.000000
241.062000 39.268000 -5.326 -2.74 0.191 0.246 0.039340 20000 1.000000
241.649000 39.454700 -4.365 -1.809 0.163 0.212 0.100342 20000 1.000000
241.995000 38.728800 -3.094 -2.556 0.167 0.214 0.069804 20000 1.000000
241.540000 38.724600 -4.366 -2.125 0.163 0.211 0.051276 20000 1.000000
241.070000 38.980900 -4.677 -1.227 0.158 0.209 0.051019 20000 1.000000
240.985000 38.704600 -5.504 -1.622 0.167 0.215 -0.004246 20000 1.000000
240.541000 38.761400 -5.053 -0.326 0.172 0.215 -0.025236 20000 1.000000
240.523000 40.779800 -5.043 -2.597 0.176 0.223 0.131950 20000 1.000000
240.990000 40.242200 -4.832 -2.428 0.181 0.22 -0.009751 20000 1.000000
240.278000 39.908200 -5.835 -1.86 0.165 0.217 0.099581 20000 1.000000
239.307000 38.829200 -4.9 0.538 0.185 0.216 0.149861 20000 1.000000
239.614000 39.046600 -5.704 0.376 0.184 0.23 -0.040369 20000 1.000000
240.189000 39.123500 -7.544 -1.268 0.165 0.216 -0.012082 20000 1.000000
239.107000 39.466700 -6.216 -0.392 0.2 0.248 0.143591 20000 1.000000
240.376000 41.357700 -3.949 -1.692 0.16 0.216 0.042818 20000 1.000000
239.716000 39.937400 -6.286 -0.867 0.156 0.205 0.040456 20000 1.000000
239.194000 40.418600 -6.069 -2.705 0.172 0.218 0.031209 20000 1.000000
239.923000 40.288900 -5.073 -1.8 0.163 0.215 0.062676 20000 1.000000
235.692000 40.247500 -8.125 9.206 0.158 0.209 0.037962 20000 1.000000
235.867000 40.551300 -2.021 3.161 0.161 0.213 0.025029 20000 1.000000
235.787000 40.637400 -0.417 4.974 0.18 0.237 0.021201 20000 1.000000
235.943000 40.219600 -7.406 2.998 0.164 0.217 0.046810 20000 1.000000
236.307000 40.119300 -7.639 0.983 0.172 0.232 0.086572 20000 1.000000
238.207000 36.485500 -11.559 6.978 0.158 0.199 0.036881 20000 1.000000
238.710000 35.945700 -11.773 9.108 0.165 0.207 0.091600 20000 1.000000
238.949000 36.302100 -12.25 9.681 0.16 0.202 0.036118 20000 1.000000
238.865000 36.425900 -12.262 9.566 0.165 0.207 0.074430 20000 1.000000
237.668000 37.534500 -9.735 6.738 0.188 0.215 -0.037970 20000 1.000000
237.623000 37.914500 -7.87 4.685 0.168 0.215 0.048032 20000 1.000000
236.819000 38.495000 -7.482 8.319 0.162 0.212 -0.028841 20000 1.000000
236.291000 39.117200 -8.129 7.157 0.184 0.239 0.020195 20000 1.000000
236.652000 38.987400 -6.828 5.991 0.172 0.217 0.119149 20000 1.000000
236.796000 39.242000 -5.042 1.42 0.162 0.212 0.056925 20000 1.000000
236.368000 42.275400 -1.947 -0.602 0.191 0.255 0.042513 20000 1.000000
236.895000 39.319700 -6.91 1.185 0.166 0.214 0.059469 20000 1.000000
237.041000 38.664700 -6.935 6.777 0.183 0.255 0.087549 20000 1.000000
237.233000 38.428600 -4.936 6.945 0.164 0.213 0.060360 20000 1.000000
237.548000 38.239800 -5.919 4.216 0.164 0.211 0.037786 20000 1.000000
237.083000 38.866100 -8.625 2.921 0.157 0.203 0.030671 20000 1.000000
237.037000 39.398100 -7.022 -2.977 0.188 0.24 -0.010962 20000 1.000000
237.424000 38.777800 -5.85 2.363 0.17 0.23 0.031223 20000 1.000000
237.281000 39.260000 -4.869 0.818 0.161 0.208 0.072580 20000 1.000000
237.696000 39.109300 -5.905 -1.103 0.166 0.215 0.030490 20000 1.000000
237.873000 37.069200 -10.527 10.131 0.191 0.237 0.213726 20000 1.000000
238.137000 36.962000 -9.814 8.155 0.18 0.216 0.009397 20000 1.000000
238.009000 37.201700 -9.503 6.81 0.189 0.232 -0.026937 20000 1.000000
238.203000 37.001000 -8.81 7.336 0.244 0.277 0.117696 20000 1.000000
238.274000 37.002400 -8.043 7.238 0.173 0.229 0.065355 20000 1.000000
238.349000 37.104500 -8.012 5.661 0.193 0.233 -0.063534 20000 1.000000
238.286000 37.203500 -6.519 7.417 0.169 0.21 0.090960 20000 1.000000
237.786000 37.329900 -9.449 6.872 0.16 0.203 0.050633 20000 1.000000
237.901000 37.336900 -9.537 5.875 0.164 0.216 0.028438 20000 1.000000
237.900000 37.722000 -6.933 4.005 0.159 0.202 0.031352 20000 1.000000
237.781000 37.863900 -6.818 5.177 0.163 0.209 -0.016751 20000 1.000000
237.942000 37.713900 -6.239 3.069 0.173 0.218 -0.010794 20000 1.000000
238.174000 37.336800 -7.549 5.48 0.167 0.215 0.053119 20000 1.000000
238.210000 37.533000 -5.385 1.768 0.161 0.204 0.047108 20000 1.000000
238.313000 37.601800 -5.564 0.795 0.169 0.211 0.095967 20000 1.000000
238.022000 37.749400 -6.302 2.775 0.162 0.205 0.033384 20000 1.000000
238.214000 37.819000 -4.144 1.428 0.165 0.208 0.040414 20000 1.000000
238.095000 36.621700 -10.938 8.521 0.162 0.205 0.031591 20000 1.000000
238.421000 36.724000 -10.236 9.595 0.163 0.205 0.021947 20000 1.000000
238.580000 36.800400 -8.264 5.462 0.161 0.203 0.022790 20000 1.000000
238.409000 36.858500 -10.139 8.325 0.162 0.205 0.025452 20000 1.000000
238.459000 36.814300 -10.128 7.733 0.167 0.205 0.049618 20000 1.000000
238.445000 36.903500 -8.797 6.019 0.165 0.205 0.014882 20000 1.000000
238.613000 36.637000 -9.999 9.378 0.169 0.215 -0.006221 20000 1.000000
238.458000 37.007800 -9.348 4.821 0.16 0.205 0.041773 20000 1.000000
238.426000 37.213000 -5.143 2.051 0.162 0.203 0.038750 20000 1.000000
238.665000 36.918200 -5.545 1.373 0.16 0.202 0.043657 20000 1.000000
238.645000 37.010800 -6.452 1.462 0.176 0.221 -0.001387 20000 1.000000
240.294000 37.713100 -4.589 3.934 0.169 0.215 0.029760 20000 1.000000
238.812000 36.559500 -12.244 8.62 0.161 0.203 0.030597 20000 1.000000
238.131000 37.975600 -5.83 0.866 0.162 0.207 0.054253 20000 1.000000
238.936000 36.611600 -4.428 0.778 0.158 0.199 0.036651 20000 1.000000
238.732000 36.950000 -5.408 0.873 0.171 0.215 0.059873 20000 1.000000
238.652000 36.811400 -5.646 2.09 0.163 0.206 0.030012 20000 1.000000
238.942000 37.169600 -5.794 0.575 0.168 0.212 0.053169 20000 1.000000
238.347000 37.478400 -5.218 0.738 0.174 0.223 0.042834 20000 1.000000
238.531000 37.489600 -5.915 0.14 0.159 0.202 0.031168 20000 1.000000
238.675000 37.581900 -6.033 -0.666 0.163 0.209 0.022854 20000 1.000000
238.395000 37.932000 -4.761 0 0.16 0.205 0.038506 20000 1.000000
238.536000 37.755300 -6.751 2.373 0.162 0.206 0.033333 20000 1.000000
238.717000 37.385400 -5.093 0.462 0.165 0.216 0.047863 20000 1.000000
237.782000 38.153000 -5.965 1.434 0.159 0.205 0.017459 20000 1.000000
237.904000 38.025100 -6.409 2.095 0.164 0.212 -0.017448 20000 1.000000
237.805000 38.444200 -6.291 1.796 0.171 0.231 0.055663 20000 1.000000
237.645000 38.999500 -5.513 -0.034 0.198 0.225 0.135914 20000 1.000000
238.905000 38.645300 -5.606 -0.481 0.16 0.206 0.043063 20000 1.000000
239.652000 35.544100 -10.978 7.176 0.166 0.206 0.036001 20000 1.000000
239.611000 35.841100 -8.149 7.082 0.167 0.208 0.016753 20000 1.000000
239.655000 35.837800 -6.746 3.495 0.165 0.209 0.028148 20000 1.000000
239.715000 35.806700 -6.257 3.127 0.175 0.219 0.028884 20000 1.000000
239.093000 35.933300 -10.81 8.965 0.161 0.202 0.035908 20000 1.000000
239.019000 36.417200 -6.327 1.674 0.161 0.205 0.049200 20000 1.000000
239.147000 36.515900 -5.173 -1.669 0.167 0.213 0.021119 20000 1.000000
239.302000 36.024800 -10.588 8.482 0.161 0.208 0.039080 20000 1.000000
239.121000 36.140200 -10.953 11.006 0.162 0.202 0.034135 20000 1.000000
239.251000 36.106800 -11.082 8.987 0.158 0.198 0.041885 20000 1.000000
239.272000 36.178900 -8.429 -6.548 0.158 0.199 0.037486 20000 1.000000
239.355000 35.922800 -9.914 7.987 0.16 0.201 0.027766 20000 1.000000
239.525000 36.007500 -6.851 4.546 0.176 0.212 0.047462 20000 1.000000
239.457000 36.089400 -1.695 2.153 0.159 0.2 0.039842 20000 1.000000
239.560000 36.123200 -4.99 2.025 0.16 0.2 0.040630 20000 1.000000
239.158000 35.697100 -10.282 8.825 0.165 0.201 0.082762 20000 1.000000
239.637000 36.051700 -4.652 0.511 0.162 0.2 0.038568 20000 1.000000
239.448000 35.974100 -9.766 7.359 0.177 0.212 -0.012381 20000 1.000000
239.706000 36.015800 -5.339 0.613 0.162 0.203 0.032367 20000 1.000000
239.723000 36.304400 -4.364 2.384 0.164 0.206 0.037690 20000 1.000000
239.257000 36.806300 -6.153 0.374 0.161 0.205 0.040698 20000 1.000000
239.803000 37.352200 -5.118 0.712 0.172 0.222 0.044372 20000 1.000000
239.356000 37.795200 -6.015 0.271 0.176 0.217 0.062027 20000 1.000000
240.160000 37.901100 -7.121 -1.291 0.18 0.218 -0.044183 20000 1.000000
239.049000 38.090000 -6.165 0.103 0.165 0.212 0.025666 20000 1.000000
239.666000 38.735600 -5.284 -1.025 0.175 0.212 0.060580 20000 1.000000
241.480000 37.177600 -6.107 -2.025 0.159 0.201 0.053125 20000 1.000000
236.283000 39.863600 -8.052 3.686 0.194 0.249 -0.069775 20000 1.000000
236.448000 39.905700 -7.835 0.936 0.183 0.25 -0.007543 20000 1.000000
236.628000 39.452400 -6.584 1.758 0.16 0.211 0.039603 20000 1.000000
236.705000 39.707100 -7.442 0.011 0.17 0.221 -0.047317 20000 1.000000
236.813000 39.492800 -7.385 0.936 0.175 0.249 0.072364 20000 1.000000
236.817000 39.962100 -6.356 -2.362 0.159 0.211 -0.010704 20000 1.000000
236.344000 40.256800 -6.887 0.995 0.16 0.214 0.053483 20000 1.000000
236.117000 41.151700 -3.628 -0.046 0.162 0.214 0.052921 20000 1.000000
236.301000 40.575300 -4.9 0.012 0.17 0.223 0.084592 20000 1.000000
236.427000 40.478900 -5.112 -0.498 0.198 0.258 0.259677 20000 1.000000
236.548000 40.082200 -7.271 -0.211 0.158 0.208 0.041209 20000 1.000000
236.864000 40.324100 -6.643 -2.031 0.157 0.208 0.028169 20000 1.000000
236.676000 40.732900 -7.128 -1.766 0.159 0.21 0.006098 20000 1.000000
236.826000 40.546700 -6.391 -2.936 0.161 0.216 0.015399 20000 1.000000
237.024000 39.621400 -3.051 -0.049 0.171 0.213 0.086861 20000 1.000000
237.264000 39.493600 -2.602 0.366 0.159 0.206 0.028004 20000 1.000000
237.126000 39.726200 3.362 -8.222 0.163 0.215 0.090599 20000 1.000000
237.077000 40.747600 -5.493 -2.205 0.166 0.218 0.018277 20000 1.000000
237.332000 40.034100 -6.567 -2.729 0.163 0.211 0.024809 20000 1.000000
237.393000 40.650700 -6.991 -3.646 0.166 0.224 -0.005683 20000 1.000000
236.666000 40.887100 -6.942 -2.215 0.157 0.208 0.030781 20000 1.000000
237.729000 40.271200 -6.502 -1.166 0.168 0.22 -0.029993 20000 1.000000
239.132000 39.794700 -5.023 -1.879 0.159 0.213 0.008909 20000 1.000000
239.052000 41.183300 -4.8 -2.208 0.16 0.217 0.024200 20000 1.000000
237.681000 40.731100 -7.033 -1.577 0.198 0.241 0.056656 20000 1.000000
235.774000 42.209100 3.34 -0.602 0.164 0.213 0.021087 20000 1.000000
235.946000 42.860100 -3.627 -3.149 0.183 0.244 0.107647 20000 1.000000
236.617000 42.503500 -2.004 -2.698 0.162 0.218 0.036611 20000 1.000000
237.344000 42.191000 -5.01 -4.123 0.165 0.223 0.000610 20000 1.000000
238.220000 42.259700 -4.579 -2.325 0.16 0.212 0.034346 20000 1.000000
239.622000 42.468800 -4.954 -2.689 0.163 0.222 0.000378 20000 1.000000
241.588000 42.254600 -2.744 -1.885 0.157 0.212 0.037940 20000 1.000000
243.371000 36.071300 -3.641 -1.242 0.173 0.219 0.122627 20000 1.000000
242.835000 36.022500 -2.312 -0.747 0.171 0.206 0.037299 20000 1.000000
242.590000 36.159000 -4.966 -1.217 0.173 0.215 0.106035 20000 1.000000
241.868000 36.466800 -6.74 1.026 0.181 0.232 -0.147383 20000 1.000000
242.211000 36.531200 -3.987 -1.387 0.158 0.201 0.047828 20000 1.000000
241.909000 36.570200 -4.96 -0.534 0.182 0.215 -0.003670 20000 1.000000
241.882000 36.975700 -3.984 -1.107 0.159 0.201 0.048188 20000 1.000000
242.064000 37.231400 -4.274 -2.132 0.166 0.207 0.093577 20000 1.000000
242.606000 34.462400 -5.96 2.143 0.172 0.206 0.034222 20000 1.000000
242.459000 33.562100 -10.445 6.975 0.164 0.199 0.083383 20000 1.000000
242.895000 32.889200 -10.939 7.092 0.166 0.198 0.045334 20000 1.000000
243.050000 32.733800 -11.369 7.212 0.161 0.193 0.050285 20000 1.000000
242.756000 32.666400 -11.785 7.39 0.178 0.204 0.146524 20000 1.000000
242.810000 33.439600 -10.394 6.487 0.162 0.197 0.054136 20000 1.000000
242.928000 33.235700 -10.058 6.255 0.174 0.202 0.102794 20000 1.000000
243.217000 33.493300 -9.709 5.028 0.163 0.198 0.051952 20000 1.000000
243.651000 32.976000 -10.842 5.956 0.167 0.201 0.061366 20000 1.000000
243.989000 32.822200 -10.124 5.667 0.166 0.199 0.017524 20000 1.000000
243.329000 33.240200 -10.6 5.892 0.175 0.209 0.055450 20000 1.000000
243.431000 33.059200 -9.808 7.075 0.162 0.195 0.046848 20000 1.000000
243.379000 33.375600 -9.32 5.127 0.167 0.202 0.097951 20000 1.000000
243.591000 33.210200 -9.756 3.844 0.177 0.213 0.060342 20000 1.000000
243.817000 33.213500 -9.302 4.607 0.165 0.198 0.057301 20000 1.000000
243.921000 33.201000 -8.64 3.697 0.164 0.198 0.059827 20000 1.000000
243.888000 33.296200 -7.796 2.95 0.168 0.202 -0.000772 20000 1.000000
243.574000 33.523500 -7.579 3.814 0.176 0.203 0.141170 20000 1.000000
243.773000 33.574700 -6.609 1.822 0.172 0.214 0.078262 20000 1.000000
244.031000 32.887000 -10.859 5.149 0.168 0.201 0.053364 20000 1.000000
244.175000 32.954700 -10.899 4.509 0.165 0.197 0.049705 20000 1.000000
244.268000 32.759700 -8.913 4.707 0.174 0.212 0.069382 20000 1.000000
244.404000 32.750600 -6.961 5.497 0.174 0.205 0.042817 20000 1.000000
244.423000 32.834700 -5.717 9.518 0.169 0.202 0.053856 20000 1.000000
244.430000 32.898400 -3.128 19.527 0.178 0.212 0.083751 20000 1.000000
244.700000 32.690000 -1.914 -1.077 0.165 0.197 0.047899 20000 1.000000
244.602000 32.875800 1.556 -4.259 0.176 0.211 0.073403 20000 1.000000
244.578000 32.982500 12.956 -5.757 0.172 0.21 0.092781 20000 1.000000
244.280000 32.948900 -13.697 3.967 0.17 0.202 0.052061 20000 1.000000
244.234000 33.516400 -4.276 -0.895 0.173 0.207 0.118426 20000 1.000000
244.313000 33.423900 -3.983 -1.863 0.172 0.206 0.099956 20000 1.000000
244.571000 33.247800 -2.994 -4.043 0.169 0.203 0.045394 20000 1.000000
244.657000 33.143600 -0.778 -3.91 0.171 0.205 0.004511 20000 1.000000
244.704000 33.886900 -2.495 -2.372 0.174 0.204 0.065125 20000 1.000000
240.305000 37.562600 -6.867 -1.614 0.179 0.212 0.155578 20000 1.000000
239.350000 34.907300 -11.596 9.463 0.159 0.197 0.040406 20000 1.000000
239.590000 35.010700 -10.008 9.268 0.166 0.205 0.037064 20000 1.000000
239.760000 34.870600 -11.919 8.186 0.162 0.199 0.058800 20000 1.000000
239.617000 35.106200 -11.199 8.51 0.171 0.209 0.123195 20000 1.000000
241.822000 34.376400 -8.961 4.203 0.163 0.201 0.057305 20000 1.000000
239.925000 35.020000 -10.351 7.242 0.16 0.197 0.037735 20000 1.000000
240.208000 34.507800 -11.319 6.985 0.179 0.213 0.027928 20000 1.000000
240.384000 34.630500 -12.375 5.156 0.158 0.195 0.044713 20000 1.000000
240.185000 34.888600 -9.738 7.544 0.159 0.196 0.047808 20000 1.000000
240.464000 35.086600 -8.028 4.427 0.161 0.199 0.051478 20000 1.000000
239.192000 35.425800 -9.831 9.587 0.161 0.2 0.022794 20000 1.000000
239.455000 35.327800 -11.174 8.223 0.165 0.206 0.095844 20000 1.000000
239.646000 35.440500 -10.98 6.891 0.162 0.201 0.036096 20000 1.000000
239.520000 35.624800 -10.257 6.549 0.162 0.202 0.051269 20000 1.000000
239.463000 35.792700 -10.063 7.968 0.163 0.206 0.065071 20000 1.000000
239.733000 35.633800 -8.729 6.346 0.167 0.203 0.075458 20000 1.000000
239.629000 35.747900 -10.808 7.281 0.165 0.205 0.048337 20000 1.000000
237.762000 37.061200 -10.768 9.136 0.162 0.206 0.054123 20000 1.000000
239.899000 35.235100 -11.739 5.721 0.184 0.216 0.092477 20000 1.000000
239.975000 35.279800 -9.599 6.313 0.169 0.212 0.008799 20000 1.000000
240.065000 35.316800 -9.157 5.323 0.172 0.216 0.043888 20000 1.000000
239.887000 35.534200 -8.562 4.936 0.212 0.257 0.055981 20000 1.000000
239.818000 35.702700 -6.743 4.067 0.161 0.2 0.045472 20000 1.000000
239.869000 35.801300 -5.81 2.499 0.169 0.205 0.056995 20000 1.000000
239.999000 35.686700 -5.482 2.922 0.166 0.204 -0.001917 20000 1.000000
239.707000 35.688900 -8.584 6.122 0.162 0.202 0.035060 20000 1.000000
240.287000 35.319000 -8.206 1.904 0.178 0.223 0.035394 20000 1.000000
240.091000 35.934700 -4.913 1.366 0.161 0.201 0.048937 20000 1.000000
240.496000 34.466800 -11.412 5.875 0.159 0.195 0.044712 20000 1.000000
240.674000 34.599600 -10.631 6.598 0.169 0.212 0.130571 20000 1.000000
240.885000 34.660100 -10.459 5.111 0.17 0.206 0.118212 20000 1.000000
240.845000 34.856200 -8.943 2.341 0.232 0.339 -0.041650 20000 1.000000
239.755000 35.686700 -7.875 5.884 0.164 0.201 0.030254 20000 1.000000
241.121000 34.835100 -8.162 3.967 0.162 0.199 0.056698 20000 1.000000
241.152000 34.792300 -8.93 2.443 0.167 0.211 0.052211 20000 1.000000
241.331000 34.695000 -8.286 6.4 0.169 0.209 0.120378 20000 1.000000
241.454000 34.771100 -6.522 3.26 0.163 0.202 0.045728 20000 1.000000
241.344000 34.944400 -6.677 1.42 0.168 0.209 0.013593 20000 1.000000
241.388000 35.138600 -6.052 1.388 0.162 0.2 0.027657 20000 1.000000
241.382000 34.838900 -6.927 3.468 0.167 0.207 0.051147 20000 1.000000
241.459000 34.821800 -6.178 2.322 0.172 0.21 0.077558 20000 1.000000
241.811000 34.982100 -5.074 1.945 0.162 0.199 0.050939 20000 1.000000
241.876000 35.378000 -4.322 1.177 0.163 0.2 0.039563 20000 1.000000
241.740000 35.667300 -5.265 0.685 0.169 0.204 0.048538 20000 1.000000
241.233000 36.231400 -5.589 1.169 0.168 0.205 0.111524 20000 1.000000
241.045000 36.585500 -4.633 0.077 0.159 0.201 0.044128 20000 1.000000
241.740000 36.093100 -5.059 0.174 0.163 0.202 0.050680 20000 1.000000
241.994000 35.038800 -4.748 2.036 0.162 0.2 0.054760 20000 1.000000
242.271000 34.509700 -6.895 3.231 0.163 0.199 0.044995 20000 1.000000
242.451000 34.634300 -5.062 2.177 0.165 0.203 0.050278 20000 1.000000
242.457000 34.987000 -5.009 1.819 0.166 0.204 0.089644 20000 1.000000
243.048000 33.892600 -7.557 3.937 0.161 0.196 0.052487 20000 1.000000
243.454000 34.019300 -4.785 2.663 0.163 0.198 0.046327 20000 1.000000
242.719000 34.534800 -5.407 2.731 0.188 0.209 -0.038773 20000 1.000000
241.969000 34.332200 -9.33 4.99 0.165 0.204 0.066382 20000 1.000000
242.635000 35.116800 -4.76 1.528 0.165 0.202 0.040711 20000 1.000000
241.983000 35.152400 -4.464 1.586 0.165 0.204 0.050435 20000 1.000000
242.697000 35.238500 -3.494 0.419 0.164 0.201 0.058866 20000 1.000000
242.795000 35.387900 -2.801 0.817 0.16 0.198 0.056894 20000 1.000000
242.610000 35.896700 -5.674 -0.767 0.177 0.222 0.036167 20000 1.000000
242.597000 35.697600 -4.638 0.528 0.164 0.203 0.048204 20000 1.000000
243.111000 35.998200 -3.244 -2.334 0.171 0.206 0.048393 20000 1.000000
243.112000 35.710600 -3.503 -1.606 0.161 0.202 0.055354 20000 1.000000
243.290000 34.192500 -5.779 2.568 0.167 0.2 0.037309 20000 1.000000
243.463000 34.217200 -4.006 1.836 0.166 0.2 0.064580 20000 1.000000
243.788000 33.865800 -4.752 0.76 0.162 0.198 0.069819 20000 1.000000
243.920000 33.959300 -4.345 -0.744 0.164 0.198 0.055278 20000 1.000000
239.772000 35.729200 -5.477 3.758 0.165 0.203 0.061771 20000 1.000000
243.971000 34.716900 -3.118 -2.3 0.169 0.205 0.027633 20000 1.000000
243.329000 34.936800 -3.531 -0.672 0.165 0.204 0.061833 20000 1.000000
242.063000 34.341100 -8.849 4.531 0.175 0.217 0.027099 20000 1.000000
243.120000 34.462100 -5.93 1.354 0.163 0.199 0.052246 20000 1.000000
244.179000 33.741000 -3.058 -1.703 0.173 0.209 0.056495 20000 1.000000
243.107000 34.062700 -0.672 4.627 0.179 0.218 0.019894 20000 1.000000
244.236000 34.425700 -2.363 -2.38 0.206 0.221 0.095584 20000 1.000000
244.350000 35.204800 -2.85 -2.027 0.169 0.205 0.030135 20000 1.000000
242.685000 34.187400 -6.906 3.831 0.166 0.203 0.097548 20000 1.000000
242.950000 34.196200 -4.438 5.013 0.197 0.208 0.133474 20000 1.000000
244.750000 34.731800 -2.304 -2.794 0.199 0.252 0.090749 20000 1.000000
243.237000 35.204600 -3.86 -0.484 0.163 0.2 0.060069 20000 1.000000
242.107000 35.424600 -3.718 0.465 0.163 0.202 0.049878 20000 1.000000
243.428000 35.320600 -2.265 -0.761 0.162 0.202 0.043708 20000 1.000000
243.896000 35.141900 -3.075 -2.523 0.174 0.205 0.031343 20000 1.000000
243.878000 35.526000 -3.395 -2.728 0.166 0.206 0.042052 20000 1.000000
243.855000 35.785400 -2.317 -2.296 0.163 0.203 0.046787 20000 1.000000
244.456000 35.472800 -1.567 -1.723 0.164 0.206 0.065518 20000 1.000000
244.634000 35.163000 -3.532 -1.087 0.17 0.21 0.032455 20000 1.000000
245.401000 34.188900 -2.5 -2.685 0.169 0.205 0.068446 20000 1.000000
245.035000 34.844400 -2.522 -2.011 0.168 0.204 0.049853 20000 1.000000
244.762000 35.291100 -2.754 -1.934 0.164 0.203 0.061048 20000 1.000000
241.621000 37.973100 -4.691 -1.298 0.161 0.207 0.017827 20000 1.000000
241.000000 37.613000 -7.048 -3.916 0.165 0.207 0.005980 20000 1.000000
241.084000 37.605300 -6.058 -5.218 0.169 0.224 0.012800 20000 1.000000
240.914000 37.785700 -9.507 1.684 0.217 0.26 -0.034801 20000 1.000000
240.967000 37.913500 -6.454 2.354 0.159 0.203 0.045992 20000 1.000000
240.974000 37.696600 -7.403 0.031 0.191 0.226 0.174120 20000 1.000000
240.862000 37.839300 -10.743 3.088 0.175 0.215 0.074026 20000 1.000000
240.853000 37.962800 -9.024 1.35 0.16 0.203 0.045338 20000 1.000000
240.916000 37.914100 -9.329 1.472 0.162 0.205 0.049669 20000 1.000000
241.056000 37.734300 -8.4 -0.243 0.161 0.206 0.050361 20000 1.000000
241.131000 37.654600 -4.909 -2.941 0.162 0.208 0.044998 20000 1.000000
241.040000 37.891700 -4.673 2.393 0.17 0.211 0.028198 20000 1.000000
241.148000 37.878200 -3.811 1.239 0.161 0.205 0.038406 20000 1.000000
241.183000 37.591400 -6.646 -6.802 0.164 0.219 0.098154 20000 1.000000
241.302000 37.561600 -3.137 -2.92 0.166 0.227 0.019799 20000 1.000000
241.316000 37.495400 -5.591 -3.711 0.158 0.201 0.048324 20000 1.000000
241.406000 37.541300 -4.521 -1.477 0.161 0.205 0.052010 20000 1.000000
241.180000 37.677000 -3.405 -0.87 0.16 0.205 0.048937 20000 1.000000
241.232000 37.754400 -3.536 0.401 0.183 0.242 0.097751 20000 1.000000
240.981000 37.800000 -8.449 0.131 0.163 0.206 0.077929 20000 1.000000
241.264000 37.903500 -4.473 -0.003 0.164 0.209 0.038026 20000 1.000000
241.445000 37.891300 -3.615 -0.678 0.171 0.212 0.112475 20000 1.000000
241.762000 37.589200 -2.258 -1.428 0.161 0.205 0.047282 20000 1.000000
241.528000 37.737500 -4.432 -0.567 0.167 0.209 0.071071 20000 1.000000
240.850000 38.057900 -9.393 0.933 0.168 0.211 0.055418 20000 1.000000
237.706000 41.381200 -5.412 -2.731 0.183 0.237 0.092819 20000 1.000000
237.809000 41.479200 -3.134 -5.474 0.16 0.224 -0.004822 20000 1.000000
237.687000 41.463600 -6.471 -1.574 0.163 0.226 -0.009912 20000 1.000000
237.847000 41.531900 -4.289 -2.973 0.198 0.236 0.090448 20000 1.000000
238.493000 41.711600 -4.901 -4.227 0.159 0.214 0.040641 20000 1.000000
246.132000 42.878900 -3.756 -2.56 0.159 0.216 0.037352 20000 1.000000
241.275000 37.380400 -5.264 -2.926 0.222 0.259 0.205967 20000 1.000000
241.439000 37.439500 -4.724 -1.871 0.173 0.215 0.064002 20000 1.000000
240.254000 37.088900 -5.039 1.277 0.174 0.219 0.106278 20000 1.000000
241.853000 37.280500 -3.32 -0.981 0.163 0.206 0.060711 20000 1.000000
239.172000 41.359200 -4.178 -2.05 0.167 0.222 -0.027711 20000 1.000000
239.527000 41.332500 -4.13 -1.406 0.163 0.216 0.048042 20000 1.000000
235.587000 42.442000 0.054 1.475 0.162 0.221 -0.027239 20000 1.000000
235.707000 42.076600 -3.273 1.078 0.272 0.357 0.044151 20000 1.000000
238.120000 42.579800 -3.891 -1.796 0.163 0.217 0.025596 20000 1.000000
237.390000 42.727100 -4.393 -0.846 0.208 0.259 0.163372 20000 1.000000
240.341000 42.546100 -3.741 -2.639 0.159 0.217 0.031712 20000 1.000000
242.275000 42.020200 -2.984 -1.676 0.162 0.216 0.045421 20000 1.000000
243.404000 33.598200 -7.811 4.463 0.276 0.347 -0.070515 20000 1.000000
243.397000 33.495500 -8.243 4.046 0.17 0.207 0.062079 20000 1.000000
244.492000 32.829400 -4.251 5.805 0.167 0.198 0.051346 20000 1.000000
238.928000 37.699000 -6.032 -0.466 0.166 0.21 0.021045 20000 1.000000
239.784000 35.693800 -6.99 7.023 0.181 0.219 0.092336 20000 1.000000
237.579000 41.830800 -7.176 -2.982 0.173 0.235 0.089861 20000 1.000000
236.019000 41.845500 -1.968 0.829 0.178 0.267 -0.050738 20000 1.000000
238.521000 36.744300 -13.991 7.631 0.253 0.311 0.091377 20000 1.000000
239.528000 35.946600 -5.616 2.217 0.181 0.222 0.107357 20000 1.000000
239.485000 35.929100 -9.308 8.786 0.237 0.312 0.021701 20000 1.000000
236.427000 40.478800 -5.46 -1.249 0.195 0.258 0.243434 20000 1.000000
237.036000 39.845700 -3.938 -2.828 0.159 0.21 0.000669 20000 1.000000
243.852000 34.508100 -2.817 -1.753 0.162 0.198 0.055394 20000 1.000000
245.241000 32.497900 -0.52 -0.819 0.169 0.199 0.054970 20000 1.000000
243.407000 33.537300 -7.551 4.374 0.175 0.213 0.104852 20000 1.000000
241.651000 34.021700 -9.753 6.452 0.169 0.213 0.075485 20000 1.000000
243.936000 31.559100 -11.639 8.53 0.171 0.199 0.121402 20000 1.000000
238.728000 35.709000 -11.23 9.441 0.185 0.229 0.009349 20000 1.000000
242.077000 34.508200 -6.927 3.124 0.17 0.206 0.054677 20000 1.000000
244.450000 32.490100 -8.034 5.433 0.169 0.206 0.013530 20000 1.000000
242.305000 34.925400 -3.972 2.666 0.17 0.209 0.014978 20000 1.000000
244.116000 32.417000 -12.739 7.639 0.164 0.195 0.052120 20000 1.000000
239.522000 35.919900 -8.973 5.166 0.169 0.212 0.085107 20000 1.000000
242.818000 33.835700 -8.674 5.451 0.184 0.213 0.057358 20000 1.000000
243.506000 33.819200 -6.655 1.107 0.172 0.207 0.057703 20000 1.000000
242.193000 34.091800 -9.627 5.549 0.169 0.215 0.030678 20000 1.000000
244.165000 31.313100 -12 8.036 0.163 0.193 0.040490 20000 1.000000
244.543000 32.377900 -8.994 7.306 0.163 0.194 0.049435 20000 1.000000
241.596000 33.743300 -8.583 6.656 0.163 0.198 0.048171 20000 1.000000
241.628000 33.779500 -10.349 6.064 0.232 0.288 0.053651 20000 1.000000
238.863000 36.161100 -11.065 8.935 0.168 0.207 0.067802 20000 1.000000
241.755000 34.628700 -7.247 3.028 0.181 0.225 0.010770 20000 1.000000
239.056000 39.974600 -8.298 -4.587 0.182 0.24 -0.009650 20000 1.000000
242.317000 35.338700 -3.706 1.433 0.162 0.201 0.056835 20000 1.000000
240.280000 34.500000 -11.689 6.147 0.164 0.203 0.028841 20000 1.000000
243.375000 34.643900 -3.711 0.488 0.165 0.199 0.041345 20000 1.000000
241.974000 34.019100 -10.312 5.793 0.184 0.222 -0.004443 20000 1.000000
239.475000 35.900000 4.78 5.984 0.172 0.217 0.014610 20000 1.000000
241.807000 34.875100 -5.831 2.225 0.172 0.211 0.062991 20000 1.000000
240.816000 34.541500 -10.063 5.182 0.185 0.223 0.126468 20000 1.000000
244.877000 40.617200 -3.322 -2.504 0.162 0.219 0.057625 20000 1.000000
238.442000 37.666500 -6.077 1.115 0.161 0.205 0.023655 20000 1.000000
241.245000 34.459800 -10.385 7.119 0.181 0.23 0.055475 20000 1.000000
242.138000 34.205600 -10.245 4.934 0.208 0.22 -0.025804 20000 1.000000
239.775000 40.591700 -4.702 -1.832 0.166 0.223 0.029963 20000 1.000000
240.984000 41.868400 -4.402 -2.55 0.169 0.227 0.109259 20000 1.000000
243.701000 35.971300 -2.633 -1.789 0.173 0.208 0.010206 20000 1.000000
241.521000 34.438600 -8.234 2.682 0.19 0.234 0.014584 20000 1.000000
240.116000 39.314300 -5.653 -0.119 0.161 0.212 0.018189 20000 1.000000
244.022000 33.292200 -6.258 1.978 0.169 0.203 0.063537 20000 1.000000
240.476000 33.247900 -15.604 7.098 0.189 0.237 0.027415 20000 1.000000
240.936000 34.319900 -10.883 7.44 0.161 0.197 0.050521 20000 1.000000
241.354000 34.059300 -11.012 8.077 0.167 0.202 0.013479 20000 1.000000
242.151000 33.992700 -9.968 4.34 0.181 0.217 0.043786 20000 1.000000
239.935000 34.004300 -11.42 8.898 0.168 0.203 0.036696 20000 1.000000
239.640000 35.917400 -1.063 6.654 0.191 0.24 0.114240 20000 1.000000
241.585000 35.158200 -5.52 1.356 0.16 0.2 0.046372 20000 1.000000
243.923000 33.650600 -5.407 0.496 0.171 0.207 0.080313 20000 1.000000
239.867000 34.483500 -11.391 10.701 0.169 0.212 0.031867 20000 1.000000
243.839000 33.641200 -4.776 0.74 0.232 0.279 0.050970 20000 1.000000
242.951000 39.542200 -3.132 -2.808 0.169 0.214 0.135622 20000 1.000000
242.816000 38.097200 -3.464 -2.78 0.16 0.205 0.040730 20000 1.000000
241.669000 33.797800 -10.212 6.64 0.17 0.205 0.041427 20000 1.000000
241.163000 34.248000 -11.098 6.629 0.168 0.204 0.105567 20000 1.000000
235.849000 41.053900 -1.108 1.757 0.164 0.215 -0.001146 20000 1.000000
241.558000 34.069100 -7.063 4.849 0.182 0.213 0.086795 20000 1.000000
240.156000 34.413300 -9.308 6.744 0.189 0.213 -0.055360 20000 1.000000
241.198000 39.627100 -4.455 -1.174 0.16 0.209 0.060455 20000 1.000000
241.715000 34.024000 -12.026 3.678 0.237 0.284 0.195548 20000 1.000000
243.915000 33.030100 -10.178 4.832 0.166 0.2 0.054110 20000 1.000000
240.516000 34.851500 -10.707 4.792 0.178 0.217 0.050230 20000 1.000000
238.053000 38.394500 -6.306 2.305 0.167 0.217 -0.025050 20000 1.000000
241.780000 34.178600 -9.202 5.514 0.216 0.233 0.150467 20000 1.000000
241.486000 34.126400 -10.531 6.069 0.162 0.199 0.064593 20000 1.000000
241.516000 34.293200 -10.766 6.454 0.174 0.209 0.050652 20000 1.000000
239.384000 34.556300 -10.76 9.161 0.161 0.198 0.041617 20000 1.000000
241.879000 34.501500 -5.869 3.458 0.184 0.221 0.046155 20000 1.000000
241.706000 33.712600 -11.512 7.584 0.166 0.203 0.040933 20000 1.000000
242.807000 33.225000 -10.414 6.511 0.163 0.197 0.073768 20000 1.000000
241.346000 37.664300 -2.264 -2.21 0.173 0.222 0.070252 20000 1.000000
241.016000 35.010800 -7.084 1.745 0.183 0.224 0.036696 20000 1.000000
243.608000 33.934800 -4.54 1.306 0.203 0.243 0.021462 20000 1.000000
241.258000 34.568500 -11.882 4.937 0.178 0.217 0.181954 20000 1.000000
241.586000 34.259400 -10.035 5.51 0.19 0.236 0.025420 20000 1.000000
243.068000 34.669000 -3.881 1.184 0.182 0.219 -0.066008 20000 1.000000
241.572000 33.958200 -10.688 4.943 0.227 0.248 -0.265467 20000 1.000000
243.346000 33.955300 -6.739 1.817 0.17 0.205 0.029849 20000 1.000000
243.111000 35.425200 -3.27 2.618 0.178 0.218 0.031797 20000 1.000000
243.920000 35.287000 -3.809 -4.154 0.167 0.206 0.060939 20000 1.000000
