242.907000 34.116400 -6.918 3.367 0.182 0.228 0.033368 20000 1.000000
242.555000 33.274300 -10.953 6.914 0.17 0.203 0.063168 20000 1.000000
243.571000 34.594300 -5.008 -0.201 0.166 0.203 0.062430 20000 1.000000
241.305000 34.824500 -7.121 1.731 0.179 0.22 0.054143 20000 1.000000
242.675000 33.341900 -11.087 6.726 0.168 0.203 0.069141 20000 1.000000
242.524000 33.381100 -10.89 6.951 0.169 0.202 0.064170 20000 1.000000
242.103000 34.126000 -10.22 5.227 0.247 0.276 0.168543 20000 1.000000
242.795000 40.412800 -3.351 -2.323 0.165 0.216 0.045700 20000 1.000000
240.970000 33.480500 -11.282 8.478 0.187 0.219 0.030717 20000 1.000000
243.116000 34.264300 -5.685 2.609 0.195 0.235 0.137741 20000 1.000000
240.594000 34.920500 -9.483 3.812 0.169 0.207 0.035654 20000 1.000000
243.379000 37.039900 -3.284 -2.302 0.172 0.215 0.056484 20000 1.000000
244.002000 34.000500 -3.699 -0.852 0.169 0.205 0.043569 20000 1.000000
242.935000 33.578200 -10.182 5.672 0.181 0.214 0.042827 20000 1.000000
243.920000 35.287000 -3.426 -2.241 0.171 0.21 0.062622 20000 1.000000
245.285000 33.610400 -2.915 -3.441 0.17 0.203 0.053292 20000 1.000000
243.947000 34.251400 -3.592 -1.208 0.172 0.206 0.060412 20000 1.000000
241.723000 34.184900 -9.831 6.001 0.193 0.233 0.094731 20000 1.000000
242.988000 34.918600 -4.341 0.677 0.17 0.209 0.065803 20000 1.000000
241.812000 34.292800 -9.15 4.22 0.254 0.269 -0.277690 20000 1.000000
242.156000 42.779500 -3.867 -4.014 0.167 0.228 0.050654 20000 1.000000
240.653000 35.157300 -8.08 1.384 0.172 0.214 0.074147 20000 1.000000
235.437000 42.836100 -1.328 0.772 0.175 0.238 0.031580 20000 1.000000
244.010000 33.655100 -6.607 0.478 0.188 0.23 0.088987 20000 1.000000
239.566000 35.939400 -5.126 3.528 0.167 0.209 0.028835 20000 1.000000
239.569000 35.888400 -10.176 6.874 0.193 0.234 0.054454 20000 1.000000
241.666000 33.311600 -11.933 7.831 0.166 0.201 0.065644 20000 1.000000
241.517000 33.445800 -12.14 7.83 0.17 0.206 0.033345 20000 1.000000
241.370000 34.138600 -10.755 6.96 0.206 0.232 0.146126 20000 1.000000
242.329000 35.565300 -4.412 1.013 0.174 0.216 0.050346 20000 1.000000
240.987000 34.806400 -9.242 5.426 0.184 0.243 -0.065389 20000 1.000000
243.664000 34.829500 -3.987 -1.762 0.182 0.214 0.050891 20000 1.000000
242.035000 34.244000 -9.386 2.492 0.198 0.248 -0.059396 20000 1.000000
241.974000 34.333400 -9.751 4.791 0.187 0.218 0.126719 20000 1.000000
242.172000 34.640500 -6.469 2.463 0.175 0.218 0.097853 20000 1.000000
241.063000 34.109600 -11.604 7.022 0.182 0.23 0.092405 20000 1.000000
241.873000 34.136700 -11.245 4.876 0.17 0.207 0.083811 20000 1.000000
242.576000 34.271200 -6.926 3.363 0.167 0.2 0.052019 20000 1.000000
242.521000 34.313800 -8.039 3.819 0.183 0.219 0.162986 20000 1.000000
241.856000 34.530300 -10.475 5.333 0.216 0.243 -0.082448 20000 1.000000
242.291000 34.109900 -10.414 5.951 0.177 0.214 0.043946 20000 1.000000
245.126000 40.558400 -4.439 -2.182 0.181 0.22 0.098615 20000 1.000000
244.272000 32.850500 -10.881 3.809 0.171 0.203 0.060107 20000 1.000000
240.120000 34.414900 -12.68 7.165 0.172 0.21 0.021769 20000 1.000000
242.427000 35.071700 -3.955 1.208 0.174 0.212 0.100577 20000 1.000000
239.249000 35.791600 -11.155 7.977 0.175 0.216 0.037359 20000 1.000000
242.900000 34.039100 -7.945 4.526 0.168 0.202 0.086497 20000 1.000000
244.265000 33.069800 -6.35 2.854 0.179 0.213 0.066910 20000 1.000000
240.961000 34.168400 -12.326 7.358 0.171 0.207 0.070043 20000 1.000000
241.743000 33.861500 -11.35 6.754 0.175 0.215 0.054383 20000 1.000000
241.476000 34.253600 -10.602 6.152 0.177 0.216 0.114119 20000 1.000000
240.629000 34.408100 -11.485 6.108 0.193 0.238 0.028185 20000 1.000000
241.387000 34.516500 -10.386 4.415 0.174 0.21 0.038493 20000 1.000000
243.630000 34.124100 -4.14 1.064 0.184 0.219 0.023612 20000 1.000000
242.098000 34.082000 -11.372 4.68 0.183 0.22 -0.007584 20000 1.000000
241.603000 34.334800 -7.655 6.682 0.324 0.318 -0.006487 20000 1.000000
241.603000 34.334000 -11.688 4.574 0.267 0.264 -0.109759 20000 1.000000
244.212000 33.389800 -5.671 1.383 0.176 0.21 0.046844 20000 1.000000
242.140000 34.413400 -8.854 3.439 0.169 0.219 0.049692 20000 1.000000
241.873000 33.938300 -12.585 2.975 0.168 0.204 0.073241 20000 1.000000
242.588000 33.647700 -10.139 6.862 0.166 0.201 0.058607 20000 1.000000
241.170000 34.946200 -7.475 3.351 0.178 0.221 0.051664 20000 1.000000
245.061000 39.345200 -4.119 -2.354 0.17 0.216 0.053420 20000 1.000000
244.183000 40.914700 -3.732 -2.357 0.163 0.215 0.051984 20000 1.000000
241.871000 33.583500 -10.604 7.729 0.18 0.216 0.075487 20000 1.000000
241.574000 34.703100 -8.049 2.327 0.168 0.206 0.061537 20000 1.000000
242.474000 34.104200 -9.282 5.358 0.193 0.238 0.089986 20000 1.000000
239.991000 34.733000 -12.357 7.589 0.17 0.207 0.074837 20000 1.000000
243.064000 34.093600 -5.821 3.657 0.191 0.286 0.155396 20000 1.000000
241.116000 34.356300 -11.254 6.998 0.171 0.205 0.054178 20000 1.000000
246.195000 39.369400 -4.251 -2.529 0.171 0.216 0.047317 20000 1.000000
244.200000 32.945000 -7.89 5.235 0.197 0.22 0.087042 20000 1.000000
241.107000 34.800200 -8.423 4.65 0.174 0.215 0.056397 20000 1.000000
240.644000 40.416500 -4.133 -1.575 0.168 0.222 0.013029 20000 1.000000
240.136000 35.189400 -9.828 5.984 0.18 0.224 0.055007 20000 1.000000
244.479000 33.274800 -4.067 -1.592 0.179 0.212 0.055726 20000 1.000000
245.173000 33.051100 -3.146 -2.009 0.206 0.238 -0.006270 20000 1.000000
244.340000 34.784000 -2.96 -2.359 0.194 0.239 0.054149 20000 1.000000
245.810000 34.308600 -2.797 -1.26 0.175 0.209 0.065792 20000 1.000000
243.111000 35.425200 -3.974 -1.908 0.172 0.21 0.039543 20000 1.000000
245.820000 40.640200 -3.96 -2.233 0.166 0.215 0.063294 20000 1.000000
239.584000 36.399000 -4.738 1.407 0.201 0.248 0.035915 20000 1.000000
241.887000 34.047400 -10.77 5.415 0.168 0.207 0.091911 20000 1.000000
241.714000 33.783600 -10.36 7.267 0.197 0.237 -0.005598 20000 1.000000
243.570000 34.754800 -4.217 -1.053 0.17 0.207 0.076916 20000 1.000000
238.530000 40.815900 -4.758 -2.261 0.167 0.222 0.044133 20000 1.000000
244.365000 33.705000 -3.785 -1.33 0.189 0.238 0.051533 20000 1.000000
239.520000 35.866700 -9.977 6.957 0.19 0.249 0.062209 20000 1.000000
242.155000 34.458200 -7.932 3.743 0.177 0.216 0.042183 20000 1.000000
239.598000 35.880800 -6.536 3.717 0.18 0.223 0.135391 20000 1.000000
240.812000 34.441200 -11.197 5.201 0.183 0.226 0.060020 20000 1.000000
244.089000 34.727300 -3.048 -2.194 0.173 0.212 0.085739 20000 1.000000
243.779000 33.796800 -5.723 0.817 0.181 0.219 0.105878 20000 1.000000
244.855000 34.157600 -2.854 -2.159 0.168 0.205 0.088019 20000 1.000000
241.526000 35.662300 -4.289 0.522 0.178 0.223 0.015177 20000 1.000000
242.045000 34.449100 -10.129 4.258 0.164 0.207 0.042469 20000 1.000000
240.992000 34.398500 -10.315 4.992 0.174 0.213 0.048976 20000 1.000000
243.827000 33.925400 -5.214 -0.064 0.179 0.215 0.075411 20000 1.000000
242.165000 34.485500 -7.349 2.997 0.166 0.203 0.054869 20000 1.000000
243.060000 35.090200 -4.329 0.133 0.171 0.207 0.066072 20000 1.000000
242.246000 34.133300 -9.773 4.723 0.176 0.212 0.082651 20000 1.000000
239.406000 35.828700 -10.405 7.601 0.174 0.218 0.067719 20000 1.000000
242.454000 34.314900 -8.297 3.945 0.196 0.239 0.151489 20000 1.000000
240.896000 34.733600 -9.431 5.034 0.171 0.213 0.050684 20000 1.000000
239.557000 35.832600 -9.673 6.567 0.17 0.211 0.057912 20000 1.000000
242.563000 33.856800 -9.783 4.982 0.171 0.204 0.056185 20000 1.000000
238.778000 42.418300 -3.427 -2.232 0.24 0.327 0.029570 20000 1.000000
239.241000 36.186900 -6.825 -0.581 0.173 0.212 0.098560 20000 1.000000
239.233000 36.180500 -12.32 7.211 0.171 0.211 0.057348 20000 1.000000
239.649000 34.038300 -12.072 8.688 0.171 0.21 0.010143 20000 1.000000
241.874000 34.136800 -9.906 6.361 0.17 0.206 0.077275 20000 1.000000
243.904000 40.148400 -3.902 -3.206 0.171 0.224 -0.015709 20000 1.000000
242.682000 33.918400 -9.799 5.158 0.172 0.206 0.069883 20000 1.000000
239.566000 35.969500 -4.667 2.743 0.175 0.209 -0.000680 20000 1.000000
244.588000 40.710700 -4.133 -2.106 0.169 0.228 0.039796 20000 1.000000
241.122000 34.295500 -11.722 7.188 0.191 0.226 0.056518 20000 1.000000
242.118000 34.175200 -11.33 5.052 0.237 0.261 -0.224716 20000 1.000000
243.352000 34.038500 -5.993 2.327 0.186 0.229 0.182948 20000 1.000000
242.790000 34.230800 -7.837 3.203 0.246 0.258 0.262212 20000 1.000000
241.755000 34.055200 -11.623 6.07 0.225 0.231 0.216527 20000 1.000000
245.381000 34.767700 -3.116 -1.848 0.184 0.223 0.068118 20000 1.000000
242.491000 39.685600 -3.821 -2.839 0.173 0.222 0.055278 20000 1.000000
240.859000 34.498700 -10.109 4.704 0.167 0.204 0.046585 20000 1.000000
243.932000 34.141000 -3.491 -0.919 0.172 0.207 0.092103 20000 1.000000
242.653000 33.240700 -10.516 6.823 0.183 0.209 -0.025817 20000 1.000000
244.082000 34.369900 -3.499 -1.88 0.17 0.209 0.019787 20000 1.000000
243.695000 34.427700 -3.264 0.409 0.174 0.214 0.029414 20000 1.000000
243.708000 34.533000 -2.957 2.544 0.179 0.211 0.046598 20000 1.000000
243.185000 34.674900 -5.815 0.799 0.169 0.206 0.073336 20000 1.000000
241.793000 34.128800 -11.014 4.885 0.168 0.205 0.051290 20000 1.000000
240.647000 34.683400 -11.218 4.802 0.204 0.253 0.001685 20000 1.000000
242.814000 39.521100 -3.491 -2.321 0.169 0.217 0.058209 20000 1.000000
245.995000 32.722500 -2.379 -1.572 0.178 0.209 0.116839 20000 1.000000
244.721000 39.910200 -3.598 -2.002 0.265 0.317 0.054324 20000 1.000000
245.543000 36.154200 -2.872 -1.847 0.172 0.209 0.060070 20000 1.000000
245.180000 41.724200 -4.175 -2.57 0.166 0.219 0.028811 20000 1.000000
242.670000 41.428700 -3.892 -2.606 0.167 0.222 0.071473 20000 1.000000
242.935000 42.981700 -4.015 -2.629 0.164 0.221 0.023265 20000 1.000000
235.925000 40.876300 -2.768 2.31 0.22 0.28 0.101932 20000 1.000000
236.274000 38.928300 -11.416 8.378 0.163 0.211 0.031189 20000 1.000000
237.585000 40.997600 -5.394 -1.676 0.193 0.265 -0.036756 20000 1.000000
235.986000 42.967400 -1.609 0.761 0.169 0.236 0.079705 20000 1.000000
243.830000 32.616500 -11.597 6.462 0.168 0.2 0.048454 20000 1.000000
238.997000 35.551800 -11.415 9.073 0.169 0.212 0.053846 20000 1.000000
242.015000 39.305600 -3.438 -2.015 0.179 0.235 0.027022 20000 1.000000
242.395000 39.287900 -3.839 -1.911 0.17 0.216 0.047691 20000 1.000000
243.576000 39.500500 -4.009 -2.509 0.164 0.218 0.068378 20000 1.000000
243.950000 39.546400 -3.997 -2.978 0.169 0.214 0.080831 20000 1.000000
244.111000 39.374200 -4.509 -2.632 0.165 0.213 0.068140 20000 1.000000
244.487000 39.536100 -3.728 -2.509 0.165 0.215 0.056789 20000 1.000000
244.568000 39.388600 -4.569 -2.429 0.161 0.209 0.054783 20000 1.000000
242.120000 40.433400 -4.475 -2.335 0.168 0.219 0.083306 20000 1.000000
245.308000 39.255200 -3.648 -1.898 0.17 0.215 0.111986 20000 1.000000
245.723000 39.119400 -3.672 -2.836 0.169 0.221 0.065731 20000 1.000000
246.129000 39.067300 -3.855 -2.26 0.172 0.221 0.049438 20000 1.000000
246.495000 39.268900 -3.865 -2.173 0.165 0.216 0.064641 20000 1.000000
242.532000 40.320600 -3.983 -2.505 0.172 0.221 0.005542 20000 1.000000
246.946000 40.494000 -4.275 -2.055 0.165 0.215 0.071404 20000 1.000000
243.264000 40.495500 -4.198 -2.391 0.173 0.223 0.022815 20000 1.000000
243.721000 40.363200 -4.023 -2.484 0.164 0.215 0.069870 20000 1.000000
240.200000 39.572800 -4.563 -0.419 0.167 0.217 0.042939 20000 1.000000
242.469000 36.614300 -4.112 -1.638 0.165 0.206 0.048315 20000 1.000000
242.593000 36.804200 -3.822 -0.84 0.162 0.204 0.053500 20000 1.000000
242.006000 36.606000 -2.234 0.518 0.191 0.235 0.133510 20000 1.000000
242.296000 37.200800 -4.137 -1.21 0.167 0.21 0.058199 20000 1.000000
240.463000 39.698400 -3.885 -1.581 0.175 0.226 0.056220 20000 1.000000
240.694000 39.795600 -3.88 -1.163 0.182 0.243 0.115055 20000 1.000000
241.126000 39.838800 -4.446 -1.519 0.175 0.223 0.008405 20000 1.000000
241.316000 39.888900 -4.329 -1.592 0.17 0.222 0.033757 20000 1.000000
241.841000 39.212300 -4.293 -1.981 0.16 0.208 0.054094 20000 1.000000
246.706000 41.856800 -3.805 -1.986 0.175 0.231 0.104183 20000 1.000000
246.958000 39.345100 -3.648 -2.308 0.169 0.214 0.061379 20000 1.000000
246.988000 41.817300 -3.717 -2.147 0.166 0.218 0.052236 20000 1.000000
246.722000 40.671300 -4.127 -2.893 0.169 0.22 0.061308 20000 1.000000
240.400000 39.499200 -4.214 -1.223 0.183 0.227 0.095989 20000 1.000000
240.931000 39.486100 -4.309 -1.015 0.17 0.22 0.050439 20000 1.000000
241.550000 39.133900 -3.633 -1.169 0.166 0.215 0.060121 20000 1.000000
241.062000 39.268000 -4.246 -0.829 0.206 0.259 0.037842 20000 1.000000
241.649000 39.454700 -4.314 -1.672 0.169 0.217 0.101424 20000 1.000000
241.995000 38.728800 -3.613 -2.289 0.166 0.212 0.058120 20000 1.000000
241.540000 38.724600 -4.273 -1.886 0.168 0.217 0.052750 20000 1.000000
241.070000 38.980900 -4.197 -1.642 0.163 0.215 0.060308 20000 1.000000
240.985000 38.704600 -4.153 -1.181 0.186 0.236 -0.003725 20000 1.000000
240.541000 38.761400 -4.44 -0.972 0.178 0.221 -0.028404 20000 1.000000
240.523000 40.779800 -4.334 -1.906 0.181 0.23 0.133366 20000 1.000000
240.990000 40.242200 -4.064 -1.727 0.186 0.226 -0.022181 20000 1.000000
240.278000 39.908200 -4.298 -0.999 0.175 0.229 0.108269 20000 1.000000
239.307000 38.829200 -3.534 1.3 0.275 0.342 0.177924 20000 1.000000
239.614000 39.046600 -5.214 -1.107 0.189 0.236 -0.034393 20000 1.000000
240.189000 39.123500 -5.149 -1.361 0.201 0.258 -0.019286 20000 1.000000
239.107000 39.466700 -5.043 -0.55 0.183 0.227 0.145812 20000 1.000000
240.376000 41.357700 -4.09 -1.804 0.166 0.222 0.048229 20000 1.000000
239.716000 39.937400 -4.182 -1.005 0.168 0.221 0.044443 20000 1.000000
239.194000 40.418600 -5.509 -1.555 0.188 0.23 0.103958 20000 1.000000
239.923000 40.288900 -4.421 -1.176 0.168 0.221 0.064038 20000 1.000000
235.692000 40.247500 -8.979 8.645 0.167 0.221 0.046986 20000 1.000000
235.867000 40.551300 -3.982 3.286 0.166 0.218 0.030003 20000 1.000000
235.787000 40.637400 -3.062 3.755 0.185 0.245 0.029348 20000 1.000000
235.943000 40.219600 -7.269 4.394 0.167 0.221 0.054915 20000 1.000000
236.307000 40.119300 -6.658 1.8 0.231 0.309 0.085808 20000 1.000000
238.207000 36.485500 -10.461 6.829 0.162 0.204 0.040039 20000 1.000000
238.710000 35.945700 -11.579 8.8 0.171 0.214 0.097393 20000 1.000000
238.865000 36.425900 -11.487 8.515 0.171 0.214 0.083966 20000 1.000000
237.668000 37.534500 -9.522 6.722 0.199 0.227 -0.026920 20000 1.000000
237.623000 37.914500 -7.107 9.001 0.173 0.223 0.063394 20000 1.000000
236.819000 38.495000 -11.018 8.259 0.167 0.218 -0.013068 20000 1.000000
236.291000 39.117200 -10.298 7.461 0.166 0.217 0.047643 20000 1.000000
236.652000 38.987400 -10.183 4.967 0.176 0.223 0.118670 20000 1.000000
236.796000 39.242000 -8.76 3.342 0.166 0.216 0.048661 20000 1.000000
236.368000 42.275400 -5.816 -1.558 0.171 0.229 0.035630 20000 1.000000
236.895000 39.319700 -8.004 1.616 0.171 0.221 0.063004 20000 1.000000
237.041000 38.664700 -10.3 6.694 0.193 0.268 0.119419 20000 1.000000
237.233000 38.428600 -16.798 5.943 0.168 0.22 0.063923 20000 1.000000
237.548000 38.239800 -28.332 23.838 0.168 0.218 0.038107 20000 1.000000
237.083000 38.866100 -9.843 3.25 0.162 0.21 0.033826 20000 1.000000
237.037000 39.398100 -8.261 0.587 0.196 0.248 0.004559 20000 1.000000
237.424000 38.777800 -6.828 1.011 0.174 0.234 0.035991 20000 1.000000
237.281000 39.260000 -5.29 -1.889 0.165 0.216 0.076457 20000 1.000000
237.696000 39.109300 -6.752 -1.89 0.171 0.223 0.036094 20000 1.000000
237.873000 37.069200 -10.009 7.65 0.195 0.242 0.206606 20000 1.000000
238.137000 36.962000 -10.711 7.255 0.189 0.226 0.013781 20000 1.000000
238.009000 37.201700 -10.079 6.582 0.193 0.237 -0.020198 20000 1.000000
238.203000 37.001000 -10.104 7.31 0.253 0.29 0.123883 20000 1.000000
238.274000 37.002400 -10.964 6.673 0.178 0.233 0.066184 20000 1.000000
238.349000 37.104500 -8.65 4.178 0.202 0.242 -0.059261 20000 1.000000
238.286000 37.203500 -11.027 4.472 0.173 0.215 0.091105 20000 1.000000
237.786000 37.329900 -9.688 5.07 0.164 0.209 0.050741 20000 1.000000
237.901000 37.336900 -9.506 6.183 0.17 0.221 0.032799 20000 1.000000
237.900000 37.722000 -7.394 3.777 0.164 0.209 0.034496 20000 1.000000
237.781000 37.863900 -7.201 4.069 0.165 0.214 0.006973 20000 1.000000
237.942000 37.713900 -6.551 1.84 0.181 0.23 -0.013370 20000 1.000000
238.174000 37.336800 -10.602 4.684 0.17 0.221 0.059279 20000 1.000000
238.210000 37.533000 -6.314 1.257 0.166 0.21 0.051983 20000 1.000000
238.313000 37.601800 -5.945 1.106 0.175 0.218 0.098895 20000 1.000000
238.022000 37.749400 -6.764 2.192 0.167 0.212 0.035944 20000 1.000000
238.214000 37.819000 -5.309 0.775 0.169 0.214 0.040245 20000 1.000000
238.095000 36.621700 -11.936 8.578 0.167 0.211 0.034529 20000 1.000000
238.421000 36.724000 -11.433 9.028 0.167 0.211 0.025922 20000 1.000000
238.580000 36.800400 -8.764 6.176 0.166 0.209 0.027098 20000 1.000000
238.409000 36.858500 -10.425 7.62 0.17 0.215 0.024504 20000 1.000000
238.459000 36.814300 -11.348 8.083 0.169 0.209 0.052672 20000 1.000000
238.445000 36.903500 -9.893 5.172 0.17 0.211 0.017443 20000 1.000000
238.613000 36.637000 -12.541 8.496 0.177 0.223 -0.006077 20000 1.000000
238.458000 37.007800 -9.483 5.167 0.167 0.215 0.051348 20000 1.000000
238.426000 37.213000 -4.697 2.223 0.167 0.209 0.043307 20000 1.000000
238.665000 36.918200 -6.623 0.535 0.165 0.208 0.044930 20000 1.000000
238.645000 37.010800 -8.177 0.217 0.186 0.23 0.002525 20000 1.000000
240.294000 37.713100 -5.834 0.387 0.173 0.22 0.029518 20000 1.000000
238.812000 36.559500 -11.235 8.754 0.188 0.233 0.042322 20000 1.000000
238.131000 37.975600 -3.767 -1.278 0.169 0.214 0.066145 20000 1.000000
238.936000 36.611600 -4.111 1.337 0.163 0.205 0.035622 20000 1.000000
238.732000 36.950000 -7.043 0.154 0.178 0.222 0.068712 20000 1.000000
238.652000 36.811400 -6.865 1.448 0.169 0.213 0.035397 20000 1.000000
238.942000 37.169600 -5.432 -0.394 0.173 0.218 0.058965 20000 1.000000
238.347000 37.478400 -6.377 1.455 0.179 0.228 0.041264 20000 1.000000
238.531000 37.489600 -7.384 2.235 0.163 0.208 0.031252 20000 1.000000
238.675000 37.581900 -5.115 -0.466 0.169 0.217 0.029088 20000 1.000000
238.395000 37.932000 -4.613 -0.776 0.168 0.218 0.032733 20000 1.000000
238.536000 37.755300 -5.161 -0.434 0.168 0.214 0.028275 20000 1.000000
238.717000 37.385400 -6.992 0.15 0.17 0.221 0.051040 20000 1.000000
237.782000 38.153000 26.473 -16.179 0.164 0.211 0.020144 20000 1.000000
237.904000 38.025100 -2.624 -2.386 0.212 0.274 -0.020325 20000 1.000000
237.805000 38.444200 -17.504 -20.154 0.174 0.234 0.054416 20000 1.000000
237.645000 38.999500 -7.077 -0.962 0.203 0.232 0.133530 20000 1.000000
238.905000 38.645300 -5.944 -1.37 0.164 0.212 0.043050 20000 1.000000
239.652000 35.544100 -11.186 7.228 0.171 0.212 0.047902 20000 1.000000
239.611000 35.841100 -7.696 4.876 0.176 0.217 0.026094 20000 1.000000
239.655000 35.837800 -7.165 3.406 0.171 0.216 0.043998 20000 1.000000
239.715000 35.806700 -6.991 3.463 0.18 0.223 0.046754 20000 1.000000
239.093000 35.933300 -11.104 7.909 0.166 0.208 0.038669 20000 1.000000
239.019000 36.417200 -6.073 1.396 0.167 0.212 0.055107 20000 1.000000
239.147000 36.515900 -5.536 -0.078 0.173 0.219 0.027855 20000 1.000000
239.302000 36.024800 -11.911 7.427 0.167 0.214 0.043811 20000 1.000000
239.121000 36.140200 -12.53 8.464 0.167 0.208 0.038874 20000 1.000000
239.251000 36.106800 -11.952 8.184 0.163 0.204 0.044663 20000 1.000000
239.272000 36.178900 -5.516 0.787 0.164 0.204 0.041051 20000 1.000000
239.355000 35.922800 -10.604 7.823 0.166 0.206 0.034686 20000 1.000000
239.525000 36.007500 -1.977 6.542 0.182 0.218 0.048292 20000 1.000000
239.457000 36.089400 -7.918 2.393 0.164 0.206 0.042346 20000 1.000000
239.560000 36.123200 -5.815 1.134 0.165 0.206 0.042036 20000 1.000000
239.158000 35.697100 -11.36 7.935 0.169 0.207 0.078766 20000 1.000000
239.637000 36.051700 -5.298 2.125 0.168 0.206 0.039003 20000 1.000000
239.448000 35.974100 -10.52 7.873 0.182 0.219 0.005169 20000 1.000000
239.706000 36.015800 -5.227 1.604 0.167 0.208 0.035966 20000 1.000000
239.723000 36.304400 -0.721 3.301 0.169 0.212 0.039153 20000 1.000000
239.257000 36.806300 -5.168 -0.413 0.167 0.211 0.041626 20000 1.000000
239.803000 37.352200 -5.809 -0.396 0.179 0.228 0.038988 20000 1.000000
239.356000 37.795200 -5.719 -0.588 0.182 0.222 0.053765 20000 1.000000
240.160000 37.901100 -5.524 -1.571 0.184 0.222 -0.042275 20000 1.000000
239.049000 38.090000 -6.425 -0.958 0.17 0.217 0.039875 20000 1.000000
239.666000 38.735600 -5.218 -1.292 0.181 0.219 0.056812 20000 1.000000
241.480000 37.177600 -4.31 0.982 0.164 0.206 0.054370 20000 1.000000
236.283000 39.863600 -9.647 3.608 0.202 0.261 -0.046618 20000 1.000000
236.448000 39.905700 -10.476 1.367 0.194 0.263 -0.023654 20000 1.000000
236.628000 39.452400 -9.591 0.916 0.166 0.218 0.046311 20000 1.000000
236.705000 39.707100 -9.421 -0.394 0.177 0.227 -0.046270 20000 1.000000
236.813000 39.492800 -9.144 1.107 0.18 0.252 0.075290 20000 1.000000
236.817000 39.962100 -7.125 -2.109 0.188 0.247 -0.011884 20000 1.000000
236.344000 40.256800 -7.072 1.882 0.165 0.221 0.057022 20000 1.000000
236.117000 41.151700 -4.366 -0.216 0.165 0.22 0.051430 20000 1.000000
236.301000 40.575300 -4.955 1.466 0.174 0.228 0.091085 20000 1.000000
236.427000 40.478900 -5.446 -1.941 0.202 0.265 0.251354 20000 1.000000
236.548000 40.082200 -8.268 0.716 0.162 0.214 0.042187 20000 1.000000
236.864000 40.324100 -6.444 -1.317 0.161 0.214 0.034314 20000 1.000000
236.676000 40.732900 -6.522 -1.881 0.163 0.217 0.011439 20000 1.000000
236.826000 40.546700 -6.946 -2.468 0.166 0.222 0.023622 20000 1.000000
237.024000 39.621400 -6.02 -1.827 0.174 0.219 0.090347 20000 1.000000
237.264000 39.493600 -6.332 -2.312 0.163 0.211 0.030589 20000 1.000000
237.126000 39.726200 -4.686 -2.261 0.167 0.221 0.085422 20000 1.000000
237.077000 40.747600 -5.795 -1.824 0.171 0.225 0.020979 20000 1.000000
237.332000 40.034100 -6.204 -1.821 0.169 0.219 0.032091 20000 1.000000
237.393000 40.650700 -6.31 -2.955 0.171 0.232 0.000471 20000 1.000000
236.666000 40.887100 -4.918 -1.485 0.161 0.215 0.032262 20000 1.000000
237.729000 40.271200 -7.089 -2.046 0.175 0.229 -0.019033 20000 1.000000
239.132000 39.794700 -4.018 -0.353 0.164 0.219 0.008747 20000 1.000000
239.052000 41.183300 -4.34 -1.384 0.166 0.222 0.020452 20000 1.000000
237.681000 40.731100 -6.011 -1.929 0.198 0.239 0.096905 20000 1.000000
235.774000 42.209100 -5.357 1.041 0.169 0.22 0.034947 20000 1.000000
235.946000 42.860100 -3.098 0.226 0.187 0.25 0.117049 20000 1.000000
236.617000 42.503500 -4.447 -2.116 0.167 0.225 0.050492 20000 1.000000
237.344000 42.191000 -6.426 -2.766 0.169 0.23 0.008652 20000 1.000000
238.220000 42.259700 -3.235 -2.372 0.165 0.218 0.041159 20000 1.000000
239.622000 42.468800 -4.117 -3.056 0.168 0.228 0.008278 20000 1.000000
241.588000 42.254600 -3.803 -2.791 0.162 0.218 0.040425 20000 1.000000
243.371000 36.071300 -3.261 -1.177 0.18 0.227 0.124401 20000 1.000000
242.835000 36.022500 -3.642 -0.81 0.176 0.21 0.038680 20000 1.000000
242.590000 36.159000 -3.744 -0.566 0.177 0.218 0.100909 20000 1.000000
241.868000 36.466800 -4.372 -0.202 0.188 0.239 -0.145275 20000 1.000000
242.211000 36.531200 -3.685 -0.975 0.162 0.206 0.048718 20000 1.000000
241.909000 36.570200 -3.797 -1.256 0.185 0.219 -0.003703 20000 1.000000
241.882000 36.975700 -3.847 -0.602 0.162 0.205 0.052987 20000 1.000000
242.064000 37.231400 -4.181 -1.48 0.17 0.211 0.094419 20000 1.000000
242.606000 34.462400 -6.71 2.603 0.178 0.211 0.043484 20000 1.000000
242.459000 33.562100 -10.8 6.587 0.169 0.204 0.086514 20000 1.000000
242.895000 32.889200 -11.458 6.685 0.169 0.201 0.046687 20000 1.000000
243.050000 32.733800 -11.803 6.528 0.165 0.198 0.052580 20000 1.000000
242.756000 32.666400 -11.83 7.362 0.184 0.209 0.149352 20000 1.000000
242.810000 33.439600 -9.962 6.389 0.166 0.201 0.056188 20000 1.000000
242.928000 33.235700 -11.422 6.95 0.18 0.206 0.107800 20000 1.000000
243.217000 33.493300 -9.957 5.191 0.168 0.201 0.057090 20000 1.000000
243.651000 32.976000 -11.07 4.431 0.17 0.204 0.065876 20000 1.000000
243.989000 32.822200 -10.766 5.719 0.171 0.202 0.024779 20000 1.000000
243.329000 33.240200 -10.009 5.406 0.177 0.209 0.065261 20000 1.000000
243.431000 33.059200 -10.561 6.411 0.166 0.198 0.049648 20000 1.000000
243.379000 33.375600 -10.214 5.15 0.172 0.205 0.104727 20000 1.000000
243.591000 33.210200 -10.569 5.555 0.181 0.217 0.061496 20000 1.000000
243.817000 33.213500 -9.572 4.446 0.168 0.2 0.062041 20000 1.000000
243.921000 33.201000 -8.203 3.685 0.167 0.2 0.065916 20000 1.000000
243.888000 33.296200 -7.952 2.969 0.172 0.206 0.010474 20000 1.000000
243.574000 33.523500 -7.541 3.829 0.18 0.207 0.139800 20000 1.000000
243.773000 33.574700 -7.374 2.458 0.176 0.217 0.077678 20000 1.000000
244.031000 32.887000 -10.315 5.322 0.171 0.203 0.059883 20000 1.000000
244.175000 32.954700 -8.459 4.101 0.17 0.202 0.059218 20000 1.000000
244.268000 32.759700 -8.729 4.845 0.177 0.213 0.079461 20000 1.000000
244.404000 32.750600 -8.403 3.998 0.177 0.209 0.065771 20000 1.000000
244.423000 32.834700 -7.235 3.519 0.178 0.209 0.065043 20000 1.000000
244.430000 32.898400 -5.858 2.757 0.179 0.21 0.082049 20000 1.000000
244.700000 32.690000 -3.468 -1.07 0.169 0.201 0.054577 20000 1.000000
244.602000 32.875800 -2.868 -1.182 0.178 0.212 0.078719 20000 1.000000
244.578000 32.982500 -3.263 -1.827 0.174 0.21 0.078516 20000 1.000000
244.280000 32.948900 -8.27 3.722 0.173 0.205 0.056582 20000 1.000000
244.234000 33.516400 -4.73 -1.185 0.178 0.211 0.125695 20000 1.000000
244.313000 33.423900 -2.698 -0.779 0.18 0.214 0.109858 20000 1.000000
244.571000 33.247800 -3.564 -2.09 0.174 0.207 0.055210 20000 1.000000
244.657000 33.143600 -3.241 -2.309 0.175 0.208 0.011759 20000 1.000000
244.704000 33.886900 -3.518 -1.96 0.177 0.207 0.066103 20000 1.000000
240.305000 37.562600 -3.64 0.746 0.185 0.218 0.156978 20000 1.000000
239.350000 34.907300 -12.161 8.677 0.164 0.202 0.046524 20000 1.000000
239.590000 35.010700 -11.217 8.637 0.171 0.211 0.040129 20000 1.000000
239.760000 34.870600 -12.041 8.103 0.168 0.205 0.066403 20000 1.000000
239.617000 35.106200 -11.65 8.384 0.175 0.215 0.126181 20000 1.000000
241.822000 34.376400 -9.758 4.945 0.169 0.207 0.065019 20000 1.000000
239.925000 35.020000 -10.197 6.836 0.164 0.202 0.043770 20000 1.000000
240.208000 34.507800 -11.667 7.541 0.172 0.204 0.042211 20000 1.000000
240.384000 34.630500 -12.431 7.028 0.164 0.201 0.048919 20000 1.000000
240.185000 34.888600 -11.162 5.759 0.163 0.201 0.051662 20000 1.000000
240.464000 35.086600 -8.088 3.423 0.167 0.206 0.076257 20000 1.000000
239.192000 35.425800 -11.342 9.695 0.166 0.205 0.028615 20000 1.000000
239.455000 35.327800 -11.297 8.321 0.171 0.213 0.106169 20000 1.000000
239.646000 35.440500 -10.418 7.395 0.168 0.207 0.037407 20000 1.000000
239.520000 35.624800 -9.915 8.618 0.167 0.208 0.055301 20000 1.000000
239.463000 35.792700 -10.669 7.463 0.168 0.212 0.072394 20000 1.000000
239.733000 35.633800 -9.415 5.762 0.172 0.209 0.082828 20000 1.000000
239.629000 35.747900 -9.574 5.853 0.17 0.212 0.057854 20000 1.000000
237.762000 37.061200 -11.989 8.963 0.167 0.212 0.058305 20000 1.000000
239.899000 35.235100 -11.76 6.4 0.19 0.221 0.093276 20000 1.000000
239.975000 35.279800 -10.385 5.983 0.173 0.216 0.018649 20000 1.000000
240.065000 35.316800 -9.358 5.128 0.17 0.214 0.057132 20000 1.000000
239.887000 35.534200 -10.102 4.864 0.172 0.215 0.041739 20000 1.000000
239.818000 35.702700 -7.962 3.206 0.166 0.206 0.051063 20000 1.000000
239.869000 35.801300 -6.41 2.19 0.174 0.211 0.064245 20000 1.000000
239.999000 35.686700 -6.801 2.208 0.17 0.209 0.004043 20000 1.000000
239.707000 35.688900 -10.14 5.354 0.167 0.207 0.038107 20000 1.000000
240.287000 35.319000 -7.304 3.576 0.189 0.233 0.047294 20000 1.000000
240.091000 35.934700 -5.429 1.282 0.166 0.206 0.048967 20000 1.000000
240.496000 34.466800 -12.742 6.603 0.164 0.2 0.051453 20000 1.000000
240.674000 34.599600 -11.643 3.723 0.173 0.216 0.127844 20000 1.000000
240.885000 34.660100 -9.705 4.692 0.174 0.21 0.115856 20000 1.000000
240.845000 34.856200 -10.354 3.651 0.23 0.34 -0.019322 20000 1.000000
239.755000 35.686700 -9.223 5.166 0.168 0.206 0.038668 20000 1.000000
241.121000 34.835100 -7.764 2.824 0.167 0.204 0.059494 20000 1.000000
241.152000 34.792300 -9.263 4.289 0.173 0.216 0.065928 20000 1.000000
241.331000 34.695000 -10.112 4.941 0.174 0.215 0.125526 20000 1.000000
241.454000 34.771100 -7.944 4.231 0.168 0.208 0.051999 20000 1.000000
241.344000 34.944400 -6.194 1.918 0.173 0.214 0.018782 20000 1.000000
241.388000 35.138600 -6.387 1.304 0.166 0.205 0.031027 20000 1.000000
241.459000 34.821800 -6.866 2.748 0.176 0.211 0.039770 20000 1.000000
241.811000 34.982100 -5.307 2.124 0.167 0.203 0.051498 20000 1.000000
241.876000 35.378000 -5.535 1.822 0.168 0.206 0.040210 20000 1.000000
241.740000 35.667300 -5.034 1.108 0.174 0.209 0.052758 20000 1.000000
241.233000 36.231400 -4.549 0.073 0.172 0.21 0.115405 20000 1.000000
241.045000 36.585500 -4.82 0.043 0.164 0.207 0.048423 20000 1.000000
241.740000 36.093100 -5.097 -0.012 0.168 0.206 0.046418 20000 1.000000
241.994000 35.038800 -5.123 2.016 0.167 0.205 0.061866 20000 1.000000
242.271000 34.509700 -6.813 3.203 0.168 0.204 0.051216 20000 1.000000
242.451000 34.634300 -8.891 5.923 0.177 0.216 0.043859 20000 1.000000
242.457000 34.987000 -4.772 1.229 0.17 0.207 0.091713 20000 1.000000
243.048000 33.892600 -7.949 4.318 0.165 0.2 0.059131 20000 1.000000
243.454000 34.019300 -5.757 2.685 0.168 0.203 0.052452 20000 1.000000
242.719000 34.534800 -6.04 1.916 0.191 0.214 -0.040535 20000 1.000000
241.969000 34.332200 -9.587 4.701 0.172 0.209 0.068872 20000 1.000000
242.635000 35.116800 -4.609 0.849 0.169 0.207 0.044282 20000 1.000000
241.983000 35.152400 -4.75 1.772 0.167 0.205 0.049574 20000 1.000000
242.697000 35.238500 -4.344 0.881 0.169 0.205 0.069144 20000 1.000000
242.795000 35.387900 -4.517 0.269 0.164 0.202 0.063115 20000 1.000000
242.610000 35.896700 -3.409 -0.338 0.181 0.225 0.045629 20000 1.000000
242.597000 35.697600 -4.362 -0.559 0.166 0.205 0.054558 20000 1.000000
243.111000 35.998200 -3.565 -1.564 0.174 0.209 0.048208 20000 1.000000
243.112000 35.710600 -4.391 -0.289 0.165 0.205 0.059501 20000 1.000000
243.290000 34.192500 -5.873 2.261 0.171 0.204 0.038543 20000 1.000000
243.463000 34.217200 -5.249 1.785 0.171 0.205 0.074111 20000 1.000000
243.788000 33.865800 -5.052 1.263 0.166 0.202 0.073981 20000 1.000000
243.920000 33.959300 -4.211 -0.343 0.169 0.202 0.060501 20000 1.000000
239.772000 35.729200 -8.052 3.866 0.168 0.207 0.068507 20000 1.000000
243.971000 34.716900 -3.264 -1.929 0.172 0.207 0.034967 20000 1.000000
243.329000 34.936800 -4.667 -0.147 0.169 0.207 0.069116 20000 1.000000
242.063000 34.341100 -9.54 4.804 0.181 0.221 0.034398 20000 1.000000
243.120000 34.462100 -6.233 1.58 0.167 0.203 0.058053 20000 1.000000
244.179000 33.741000 -3.916 -0.897 0.178 0.213 0.070011 20000 1.000000
243.107000 34.062700 -5.696 3.067 0.186 0.224 0.024030 20000 1.000000
244.236000 34.425700 -3.1 -1.32 0.208 0.225 0.093608 20000 1.000000
244.350000 35.204800 -3.347 -1.851 0.172 0.208 0.039771 20000 1.000000
242.685000 34.187400 -7.461 4.58 0.171 0.208 0.107884 20000 1.000000
242.950000 34.196200 -6.066 4.748 0.202 0.212 0.137083 20000 1.000000
244.750000 34.731800 -2.715 -1.987 0.213 0.263 0.131754 20000 1.000000
243.237000 35.204600 -3.284 -0.446 0.166 0.204 0.063306 20000 1.000000
242.107000 35.424600 -4.81 1.207 0.168 0.207 0.051528 20000 1.000000
243.428000 35.320600 -4.02 -1.367 0.166 0.206 0.051868 20000 1.000000
243.896000 35.141900 -4.166 -2.16 0.178 0.209 0.035566 20000 1.000000
243.878000 35.526000 -2.92 -1.693 0.174 0.213 0.046039 20000 1.000000
243.855000 35.785400 -3.228 -2.359 0.167 0.206 0.048293 20000 1.000000
244.456000 35.472800 -3.541 -1.904 0.167 0.208 0.066930 20000 1.000000
244.634000 35.163000 -3.294 -2.1 0.176 0.216 0.054738 20000 1.000000
245.401000 34.188900 -3.231 -2.46 0.173 0.209 0.072067 20000 1.000000
245.035000 34.844400 -2.998 -2.021 0.172 0.208 0.058749 20000 1.000000
244.762000 35.291100 -3.189 -1.849 0.168 0.206 0.059433 20000 1.000000
241.621000 37.973100 -4.004 -0.646 0.165 0.212 0.023495 20000 1.000000
241.000000 37.613000 -7.725 -2.893 0.169 0.212 0.005806 20000 1.000000
241.084000 37.605300 -5.491 -1.711 0.175 0.228 0.012686 20000 1.000000
240.914000 37.785700 -4.76 0.614 0.202 0.239 -0.046832 20000 1.000000
240.967000 37.913500 -5.233 0.575 0.163 0.207 0.048758 20000 1.000000
240.974000 37.696600 -6.562 1.392 0.195 0.234 0.170716 20000 1.000000
240.862000 37.839300 -4.253 1.003 0.178 0.218 0.067111 20000 1.000000
240.853000 37.962800 -4.972 -0.239 0.165 0.207 0.048729 20000 1.000000
240.916000 37.914100 -4.673 -0.324 0.166 0.209 0.048966 20000 1.000000
241.056000 37.734300 -6.182 3.117 0.166 0.211 0.052838 20000 1.000000
241.131000 37.654600 -2.127 -2.449 0.166 0.213 0.049008 20000 1.000000
241.040000 37.891700 -4.894 1.108 0.188 0.233 0.041526 20000 1.000000
241.148000 37.878200 -3.828 1.282 0.165 0.21 0.039806 20000 1.000000
241.183000 37.591400 -4.611 -1.881 0.168 0.222 0.098268 20000 1.000000
241.302000 37.561600 -4.314 -0.44 0.171 0.232 0.021127 20000 1.000000
241.316000 37.495400 -4.036 -0.995 0.162 0.206 0.049918 20000 1.000000
241.406000 37.541300 -4.06 -0.18 0.166 0.21 0.053965 20000 1.000000
241.180000 37.677000 -0.82 0.478 0.165 0.211 0.050038 20000 1.000000
241.232000 37.754400 -0.92 0.272 0.188 0.247 0.107778 20000 1.000000
240.981000 37.800000 -6.177 1.643 0.168 0.212 0.083388 20000 1.000000
241.264000 37.903500 -3.649 0.691 0.168 0.214 0.034731 20000 1.000000
241.445000 37.891300 -3.494 -0.089 0.175 0.216 0.111163 20000 1.000000
241.762000 37.589200 -3.025 -5.739 0.165 0.209 0.051817 20000 1.000000
241.528000 37.737500 -3.79 -0.404 0.172 0.215 0.073480 20000 1.000000
240.850000 38.057900 -4.051 0.464 0.186 0.233 0.045276 20000 1.000000
237.706000 41.381200 -6.53 -0.5 0.174 0.223 0.097420 20000 1.000000
237.809000 41.479200 -4.963 -4.733 0.164 0.23 0.003536 20000 1.000000
237.687000 41.463600 -5.252 -0.813 0.168 0.231 -0.005368 20000 1.000000
237.847000 41.531900 -5.794 -1.306 0.203 0.243 0.096786 20000 1.000000
238.493000 41.711600 -5.184 -3.192 0.163 0.219 0.040983 20000 1.000000
246.132000 42.878900 -4.166 -3.084 0.163 0.22 0.039469 20000 1.000000
241.275000 37.380400 -1.815 1.673 0.23 0.266 0.218479 20000 1.000000
241.439000 37.439500 -3.909 -0.106 0.178 0.22 0.061437 20000 1.000000
240.254000 37.088900 -5.179 0.854 0.172 0.215 0.106468 20000 1.000000
241.853000 37.280500 -3.546 -0.712 0.167 0.211 0.070325 20000 1.000000
239.172000 41.359200 -4.095 -2.123 0.186 0.242 -0.033927 20000 1.000000
239.527000 41.332500 -4.616 -0.896 0.168 0.222 0.050976 20000 1.000000
235.587000 42.442000 -2.897 0.683 0.168 0.229 -0.022354 20000 1.000000
235.707000 42.076600 -4.036 -0.087 0.172 0.225 0.064215 20000 1.000000
238.120000 42.579800 -3.13 -2.276 0.169 0.225 0.027987 20000 1.000000
237.390000 42.727100 -4.299 -1.59 0.185 0.234 0.160240 20000 1.000000
240.341000 42.546100 -4.321 -2.576 0.165 0.223 0.035688 20000 1.000000
242.275000 42.020200 -4.126 -2.561 0.167 0.222 0.050446 20000 1.000000
243.404000 33.598200 -8.535 2.558 0.247 0.304 -0.099790 20000 1.000000
243.397000 33.495500 -9.71 4.887 0.173 0.208 0.069503 20000 1.000000
244.492000 32.829400 -5.346 4.83 0.172 0.203 0.046933 20000 1.000000
239.784000 35.693800 -8.306 4.745 0.189 0.226 0.098025 20000 1.000000
237.579000 41.830800 -5.469 -2.379 0.178 0.241 0.090103 20000 1.000000
236.019000 41.845500 -5.101 -0.505 0.185 0.273 -0.051888 20000 1.000000
238.521000 36.744300 -10.835 7.382 0.18 0.222 0.100143 20000 1.000000
239.528000 35.946600 -5.888 1.973 0.185 0.224 0.103455 20000 1.000000
239.485000 35.929100 -11.683 5.884 0.227 0.306 0.045657 20000 1.000000
236.427000 40.478800 -6.293 -2.411 0.199 0.263 0.246113 20000 1.000000
243.852000 34.508100 -3.495 -0.913 0.165 0.202 0.060727 20000 1.000000
245.241000 32.497900 -2.513 -0.933 0.175 0.204 0.064550 20000 1.000000
243.407000 33.537300 -8.472 4.686 0.205 0.248 0.106349 20000 1.000000
241.651000 34.021700 -10.901 6.28 0.175 0.218 0.078058 20000 1.000000
241.379000 34.836000 -7.623 3.339 0.17 0.208 0.050163 20000 1.000000
241.983000 35.152400 -5.268 1.691 0.169 0.208 0.051914 20000 1.000000
241.983000 35.152500 -4.72 1.591 0.169 0.207 0.055202 20000 1.000000
243.936000 31.559100 -13.072 7.327 0.175 0.202 0.128915 20000 1.000000
238.728000 35.709000 -11.496 9.924 0.186 0.232 0.027512 20000 1.000000
242.077000 34.508200 -7.073 3.826 0.174 0.211 0.067514 20000 1.000000
244.450000 32.490100 -8.691 5.715 0.172 0.21 0.013241 20000 1.000000
242.305000 34.925400 -5.613 1.836 0.173 0.21 0.019033 20000 1.000000
244.116000 32.417000 -11.991 7.118 0.167 0.198 0.059113 20000 1.000000
239.522000 35.919900 -14.323 -0.551 0.172 0.216 0.086889 20000 1.000000
242.818000 33.835700 -9.96 5.432 0.198 0.228 0.054072 20000 1.000000
243.506000 33.819200 -6.912 3.805 0.187 0.223 0.045201 20000 1.000000
242.193000 34.091800 -10.004 5.345 0.174 0.219 0.040780 20000 1.000000
244.165000 31.313100 -12.488 8.031 0.167 0.198 0.048139 20000 1.000000
244.543000 32.377900 -8.766 6.632 0.209 0.247 0.063623 20000 1.000000
241.596000 33.743300 -11.194 7.152 0.168 0.202 0.055756 20000 1.000000
238.863000 36.161100 -12.169 8.066 0.185 0.224 0.079396 20000 1.000000
241.755000 34.628700 -7.189 4.124 0.186 0.228 0.024560 20000 1.000000
239.056000 39.974600 -2.624 -0.009 0.178 0.233 0.016915 20000 1.000000
242.317000 35.338700 -5.046 1.482 0.167 0.206 0.061399 20000 1.000000
240.280000 34.500000 -12.268 6.26 0.169 0.208 0.048168 20000 1.000000
243.375000 34.643900 -5.372 0.386 0.169 0.203 0.047893 20000 1.000000
241.974000 34.019100 -11.094 6.704 0.189 0.228 -0.002938 20000 1.000000
242.445000 33.485800 -10.878 6.944 0.172 0.204 0.094107 20000 1.000000
239.475000 35.900000 -5.991 6.09 0.179 0.227 0.005313 20000 1.000000
241.807000 34.875100 -5.811 2.465 0.178 0.215 0.071927 20000 1.000000
240.816000 34.541500 -10.224 4.133 0.188 0.228 0.125943 20000 1.000000
244.877000 40.617200 -4.387 -2.95 0.168 0.225 0.069992 20000 1.000000
243.350000 36.316300 -2.776 -2.226 0.237 0.292 0.070843 20000 1.000000
238.442000 37.666500 -5.779 -0.637 0.167 0.212 0.031331 20000 1.000000
241.245000 34.459800 -10.4 4.805 0.187 0.234 0.065722 20000 1.000000
242.138000 34.205600 -11.111 5.448 0.258 0.272 -0.026437 20000 1.000000
239.775000 40.591700 -4.42 -0.976 0.172 0.23 0.030811 20000 1.000000
240.984000 41.868400 -3.121 -1.321 0.242 0.32 0.133197 20000 1.000000
243.701000 35.971300 -3.627 -2.141 0.177 0.212 0.005480 20000 1.000000
241.521000 34.438600 -10.184 5.221 0.202 0.245 0.020646 20000 1.000000
240.116000 39.314300 -4.871 -0.347 0.166 0.218 0.019606 20000 1.000000
244.022000 33.292200 -6.656 1.2 0.175 0.206 0.071827 20000 1.000000
240.476000 33.247900 -15.243 11.255 0.173 0.217 0.014059 20000 1.000000
240.936000 34.319900 -10.741 6.761 0.166 0.203 0.060609 20000 1.000000
241.354000 34.059300 -11.69 6.835 0.17 0.205 0.022606 20000 1.000000
242.151000 33.992700 -10.222 5.039 0.179 0.213 0.063462 20000 1.000000
239.935000 34.004300 -12.131 8.437 0.174 0.21 0.046686 20000 1.000000
239.640000 35.917400 -5.112 3.997 0.197 0.234 0.128028 20000 1.000000
241.585000 35.158200 -5.43 1.622 0.166 0.205 0.049771 20000 1.000000
243.923000 33.650600 -5.502 1.546 0.173 0.209 0.106246 20000 1.000000
242.233000 33.549600 -10.875 6.723 0.188 0.213 0.048453 20000 1.000000
243.770000 36.934800 -3.714 -2.166 0.164 0.205 0.077233 20000 1.000000
239.867000 34.483500 -11.773 8.557 0.173 0.215 0.035229 20000 1.000000
243.839000 33.641200 -6.543 2.516 0.204 0.234 0.069915 20000 1.000000
242.951000 39.542200 -4.079 -2.498 0.173 0.219 0.135491 20000 1.000000
242.816000 38.097200 -3.685 -2.417 0.164 0.21 0.049522 20000 1.000000
241.669000 33.797800 -11.782 6.921 0.174 0.21 0.053900 20000 1.000000
241.163000 34.248000 -11.487 7.117 0.174 0.209 0.111328 20000 1.000000
235.849000 41.053900 -1.164 -0.232 0.174 0.224 0.004969 20000 1.000000
241.558000 34.069100 -11.774 6.382 0.187 0.214 0.106463 20000 1.000000
240.156000 34.413300 -13.382 6.378 0.17 0.213 0.023242 20000 1.000000
241.198000 39.627100 -4.106 -1.329 0.176 0.227 0.055522 20000 1.000000
241.715000 34.024000 -10.431 4.673 0.234 0.269 0.155680 20000 1.000000
243.915000 33.030100 -10.17 5.461 0.17 0.203 0.066114 20000 1.000000
240.516000 34.851500 -9.476 4.938 0.18 0.219 0.056431 20000 1.000000
238.053000 38.394500 -5.475 -3.641 0.167 0.216 0.034819 20000 1.000000
241.780000 34.178600 -8.934 5.534 0.22 0.237 0.161446 20000 1.000000
241.486000 34.126400 -11.068 5.784 0.167 0.203 0.072112 20000 1.000000
241.516000 34.293200 -10.096 5.102 0.173 0.207 0.056704 20000 1.000000
239.384000 34.556300 -12.711 7.374 0.166 0.203 0.054364 20000 1.000000
241.879000 34.501500 -7.728 3.705 0.181 0.217 0.082862 20000 1.000000
241.706000 33.712600 -11.215 7.982 0.171 0.207 0.039215 20000 1.000000
242.807000 33.225000 -11.095 6.867 0.166 0.199 0.072338 20000 1.000000
241.346000 37.664300 -2.022 0.721 0.176 0.229 0.083077 20000 1.000000
241.016000 35.010800 -8.015 3.68 0.192 0.23 0.046623 20000 1.000000
243.608000 33.934800 -4.85 1.699 0.18 0.216 0.059248 20000 1.000000
241.258000 34.568500 -11.046 4.041 0.183 0.221 0.189213 20000 1.000000
241.586000 34.259400 -10.646 4.546 0.199 0.244 0.035700 20000 1.000000
243.068000 34.669000 -5.921 1.462 0.184 0.221 -0.050247 20000 1.000000
241.572000 33.958200 -10.884 7.179 0.237 0.256 -0.261879 20000 1.000000
244.421000 33.278800 -2.999 -2.237 0.243 0.292 0.053801 20000 1.000000
243.346000 33.955300 -6.612 2.016 0.172 0.205 0.052382 20000 1.000000
243.111000 35.425200 -3.88 -1.999 0.183 0.224 0.052596 20000 1.000000
243.920000 35.287000 -3.426 -2.241 0.171 0.21 0.062622 20000 1.000000
